0 0.166015625 0.8359375 0.130859375 0.1201171875
0 0.603515625 0.599609375 0.1435546875 0.1123046875
0 0.4541015625 0.5009765625 0.138671875 0.1015625
0 0.1650390625 0.2392578125 0.1279296875 0.111328125
0 0.1748046875 0.3544921875 0.1220703125 0.09375
0 0.17578125 0.470703125 0.1201171875 0.107421875
0 0.18359375 0.5966796875 0.115234375 0.1015625
0 0.5986328125 0.2294921875 0.1376953125 0.115234375
0 0.587890625 0.361328125 0.134765625 0.09375
0 0.599609375 0.478515625 0.1376953125 0.0966796875
0 0.89453125 0.599609375 0.1298828125 0.1064453125
0 0.453125 0.34765625 0.123046875 0.099609375
0 0.46484375 0.2255859375 0.119140625 0.099609375
0 0.603515625 0.107421875 0.1220703125 0.099609375
0 0.908203125 0.224609375 0.130859375 0.1064453125
0 0.8974609375 0.36328125 0.1298828125 0.09375
0 0.904296875 0.482421875 0.1142578125 0.1064453125
0 0.904296875 0.1005859375 0.1298828125 0.1064453125
0 0.169921875 0.7138671875 0.103515625 0.080078125
0 0.603515625 0.720703125 0.103515625 0.080078125
0 0.4599609375 0.9541015625 0.103515625 0.080078125
0 0.458984375 0.841796875 0.103515625 0.080078125
0 0.455078125 0.724609375 0.103515625 0.080078125
0 0.453125 0.6103515625 0.103515625 0.080078125
0 0.8828125 0.845703125 0.103515625 0.080078125
0 0.8876953125 0.7177734375 0.103515625 0.080078125
0 0.5947265625 0.9521484375 0.103515625 0.080078125
0 0.6015625 0.830078125 0.103515625 0.080078125