0 0.3291015625 0.9248046875 0.1796875 0.150390625
0 0.3662109375 0.4462890625 0.173828125 0.1875
0 0.517578125 0.5419921875 0.1611328125 0.1611328125
0 0.875 0.7001953125 0.158203125 0.166015625
0 0.7646484375 0.7373046875 0.146484375 0.1591796875
0 0.6591796875 0.7841796875 0.162109375 0.1669921875
0 0.5400390625 0.828125 0.1455078125 0.1455078125
0 0.70703125 0.2998046875 0.1845703125 0.1845703125
0 0.591796875 0.3623046875 0.1611328125 0.1611328125
0 0.4794921875 0.400390625 0.1591796875 0.1767578125
0 0.2490234375 0.1796875 0.1611328125 0.171875
0 0.658203125 0.48046875 0.1484375 0.1591796875
0 0.7646484375 0.419921875 0.146484375 0.15625
0 0.81640625 0.24609375 0.140625 0.1513671875
0 0.5849609375 0.05078125 0.173828125 0.1015625
0 0.462890625 0.0830078125 0.1513671875 0.166015625
0 0.3515625 0.1240234375 0.1455078125 0.1455078125
0 0.7001953125 0.025390625 0.166015625 0.05078125
0 0.4384765625 0.888671875 0.119140625 0.130859375
0 0.2568359375 0.4951171875 0.123046875 0.134765625
0 0.1015625 0.720703125 0.115234375 0.126953125
0 0.2041015625 0.677734375 0.1220703125 0.1220703125
0 0.3134765625 0.6318359375 0.115234375 0.126953125
0 0.4189453125 0.587890625 0.125 0.1357421875
0 0.044921875 0.291015625 0.0888671875 0.1220703125
0 0.142578125 0.234375 0.125 0.1357421875
0 0.0546875 0.59765625 0.109375 0.123046875
0 0.158203125 0.541015625 0.119140625 0.130859375