0 0.54664346875 0.00164152734375 0.374385623046875 0.00164152734375 0.37333107421875 0.009145044921875 0.435155232421875 0.704171892578125 0.674977388671875 0.476284861328125 0.674977390625 0.47560594140625 0.65264925390625 0.248282048828125 0.63416236328125 0.01394150390625 0.54664346875 0.00164152734375
0 0.418658154296875 0.539880064453125 0.417796849609375 0.54600856640625 0.750070677734375 0.63115309765625 0.7386211328125 0.5815718046875 0.454893455078125 0.48938309375 0.418658154296875 0.539880064453125
0 0.73611464453125 0.63459823828125 0.448020525390625 0.567342080078125 0.447540861328125 0.569419732421875 0.4803689765625 0.63098571484375 0.709088208984375 0.678546267578125 0.73611464453125 0.63459823828125
0 0.755390267578125 0.740996697265625 0.7245040546875 0.748328064453125 0.69751155859375 0.76132486328125 0.69326162890625 0.78522541796875 0.691819341796875 0.81274590234375 0.693490115234375 0.824112513671875 0.737413150390625 0.836708291015625 0.79883184765625 0.83622131640625 0.804903078125 0.84947358203125 0.8155696640625 0.753924099609375 0.80476848046875 0.743584498046875 0.755390267578125 0.740996697265625
0 0.64636699609375 0.7284276875 0.63458394921875 0.711196185546875 0.6336095 0.710802482421875 0.59642347265625 0.79066259765625 0.5958278046875 0.7949009921875 0.664908384765625 0.82032769921875 0.70709357421875 0.82411083203125 0.72422930078125 0.781698421875 0.698671169921875 0.7645051484375 0.64636699609375 0.7284276875
0 0.792313615234375 0.857757580078125 0.7981878984375 0.866466576171875 0.92359448828125 0.882470376953125 0.920521046875 0.76070175390625 0.914107912109375 0.749730658203125 0.911984166015625 0.749730658203125 0.854655501953125 0.7606853828125 0.803730724609375 0.782349060546875 0.792313615234375 0.852367208984375 0.792313615234375 0.857757580078125
0 0.57378169921875 0.671816275390625 0.57447375390625 0.7571328515625 0.59509826953125 0.72847967578125 0.59412273828125 0.672591501953125 0.585867427734375 0.67143129296875 0.577715830078125 0.67157358203125 0.57378169921875 0.671816275390625
0 0.54275394140625 0.72375274609375 0.543598900390625 0.705904162109375 0.48449515625 0.68209698046875 0.478386826171875 0.67999371484375 0.476131912109375 0.679676806640625 0.4917182578125 0.702165392578125 0.54063451171875 0.72345487890625 0.54275394140625 0.72375274609375
0 0.230047353515625 0.602958853515625 0.22918655078125 0.60285316015625 0.208408015625 0.626297189453125 0.19410269140625 0.71494021484375 0.1921886875 0.73052850390625 0.262375970703125 0.7557507578125 0.2987193046875 0.757633845703125 0.326605783203125 0.72314721484375 0.341354162109375 0.6390017109375 0.319531853515625 0.633607857421875 0.262712240234375 0.61894044140625 0.230047353515625 0.602958853515625
0 0.23789166796875 0.6572393125 0.263786525390625 0.643444439453125 0.271598560546875 0.54679305078125 0.271178744140625 0.546734048828125 0.2396143125 0.624549470703125 0.23821417578125 0.64457233984375 0.23765211328125 0.65720564453125 0.23789166796875 0.6572393125
0 0 0.705700392578125 0.056449240234375 0.72910808984375 0.14606091796875 0.725029734375 0.2300193359375 0.720629658203125 0.22449766796875 0.610159154296875 0.16759758984375 0.547295482421875 0.11077406640625 0.535508076171875 0.02068131640625 0.5360200625 0.008094474609375 0.5366797109375 0 0.561674482421875 0 0.705700392578125