0 0.896090630859375 0.77831902734375 0.66814564453125 0.538435876953125 0.440200787109375 0.56082500390625 0.19693938671875 0.58001565234375 0.1050406328125 0.848684654296875 0.896090630859375 0.77831902734375
0 0.548053802734375 0.41331096484375 0.25029216015625 0.412036533203125 0.22897026953125 0.47899922265625 0.574369990234375 0.45710313671875 0.548053802734375 0.41331096484375
0 0.26597737890625 0.3636798203125 0.24952978515625 0.412581087890625 0.5472313828125 0.41331096484375 0.499533349609375 0.358570763671875 0.26597737890625 0.3636798203125
0 0.19689744140625 0.183595072265625 0.17510437109375 0.1879742890625 0.16482461328125 0.23249633984375 0.16852532421875 0.293805380859375 0.15560896484375 0.300561859375 0.25158574609375 0.30621315234375 0.262276669921875 0.293805380859375 0.26268787890625 0.25001320703125 0.252408107421875 0.21497947265625 0.238016443359375 0.18870416796875 0.19689744140625 0.183595072265625
0 0.252079041015625 0.30579363671875 0.344922189453125 0.31060823828125 0.342580169921875 0.235779998046875 0.330284568359375 0.19524803515625 0.284615193359375 0.19490161328125 0.278174640625 0.225387185546875 0.264317689453125 0.287397623046875 0.252079041015625 0.30579363671875
0 0.15744806640625 0.29997050390625 0.168784203125 0.293343982421875 0.15746443359375 0.23410495703125 0.135800755859375 0.18318018359375 0.061441646484375 0.17105523828125 0.0516832421875 0.17763735546875 0.03567944140625 0.303043943359375 0.15744806640625 0.29997050390625
0 0.344405279296875 0.30946372265625 0.429720939453125 0.31026075390625 0.40143207421875 0.289139310546875 0.343507208984375 0.289139310546875 0.344405279296875 0.30946372265625
0 0.42929191796875 0.309668240234375 0.50291279296875 0.31344890625 0.47956325390625 0.2963126328125 0.424108072265625 0.29192894140625 0.42929191796875 0.309668240234375
0 0.647863080078125 0.218699794921875 0.631248978515625 0.292027076171875 0.63380906640625 0.32832900390625 0.671437146484375 0.351804755859375 0.75675281640625 0.356188447265625 0.759446994140625 0.333871451171875 0.76708051171875 0.27568785546875 0.77920430078125 0.240618271484375 0.75316058203125 0.22268496875 0.647863080078125 0.218699794921875
0 0.67234128125 0.352731541015625 0.75495670703125 0.37970099609375 0.78638878515625 0.37890396484375 0.77067274609375 0.35379733984375 0.67234128125 0.352731541015625
0 0.76797856640625 0.27050711328125 0.76034506640625 0.325901099609375 0.7526391875 0.37856951953125 0.825956572265625 0.41357503515625 0.999731123046875 0.414770587890625 1 0.30358408984375 0.946467931640625 0.237828650390625 0.890339189453125 0.223083482421875 0.787960384765625 0.21830126953125 0.76797856640625 0.27050711328125