0 0.25376605859375 0.88697219140625 0.904152900390625 0.712810447265625 0.67768779296875 0.5492142109375 0.24845755859375 0.6228325234375 0.25376605859375 0.88697219140625
0 0.52556749609375 0.43708984765625 0.24152074609375 0.46480364453125 0.246405693359375 0.52527508203125 0.57119321484375 0.47428361328125 0.52556749609375 0.43708984765625
0 0.46222668359375 0.38798915625 0.235332125 0.41141130078125 0.240519474609375 0.46357648828125 0.5240748828125 0.4359811015625 0.46222668359375 0.38798915625
0 0.10260859765625 0.347236212890625 0.08281923828125 0.365313998046875 0.189466458984375 0.36403338671875 0.19622580859375 0.3376378125 0.194197998046875 0.269849169921875 0.17391992578125 0.23805448046875 0.107002203125 0.2392543046875 0.09720111328125 0.27644805859375 0.10260859765625 0.347236212890625
0 0.102270638671875 0.34843600390625 0.079288787109375 0.28544655078125 0.059010689453125 0.239854177734375 0.000880150390625 0.232655384765625 0.00020421875 0.36943248046875 0.0836304765625 0.3667545390625 0.102270638671875 0.34843600390625
0 0.290518962890625 0.359234197265625 0.28308364453125 0.279447548828125 0.27260666015625 0.2404540859375 0.22427718359375 0.241653876953125 0.19622580859375 0.33583811328125 0.189466458984375 0.3664329921875 0.290518962890625 0.359234197265625
0 0.28716771484375 0.33174746875 0.2888738828125 0.35162886328125 0.36692823828125 0.344345359375 0.35138170703125 0.32934786328125 0.28716771484375 0.33174746875
0 0.44905453515625 0.34614505859375 0.41988894140625 0.32930048046875 0.351719666015625 0.32934786328125 0.36828010546875 0.34554515234375 0.44905453515625 0.34614505859375
0 0.49468025390625 0.326348373046875 0.42110580078125 0.32930048046875 0.446350779296875 0.34614505859375 0.521717701171875 0.34194575390625 0.49468025390625 0.326348373046875
0 0.921593646484375 0.39644555078125 0.7695079140625 0.41264283984375 0.91618613671875 0.463034447265625 0.99966432421875 0.430639826171875 1 0.41684214453125 0.921593646484375 0.39644555078125
0 0.7296276640625 0.38384766015625 0.71475705078125 0.36345108984375 0.64750135546875 0.3688501875 0.69854945703125 0.38764237890625 0.699548478515625 0.386847173828125 0.7296276640625 0.38384766015625
0 0.70799541796875 0.29566242578125 0.69954621875 0.38684715234375 0.76919262890625 0.412011185546875 0.9202395234375 0.39584564453125 0.9307165078125 0.359851671875 0.92902668359375 0.308260318359375 0.892526107421875 0.284864236328125 0.861771 0.24467095703125 0.72556978515625 0.235072568359375 0.70799541796875 0.29566242578125