0 0.542114578125 0.90003626171875 0.73531000390625 0.907293759765625 0.806390388671875 0.90853447265625 0.887219572265625 0.482073783203125 0.72760061328125 0.25278801953125 0.542114578125 0.90003626171875
0 0.638996970703125 0.463357751953125 0.646178390625 0.420981345703125 0.647679533203125 0.403823203125 0.371561607421875 0.352285888671875 0.3680956484375 0.35198265625 0.31979880859375 0.38478873828125 0.63651525 0.463300564453125 0.636713263671875 0.463317888671875 0.638996970703125 0.463357751953125
0 0.57109482421875 0.366265107421875 0.34610165625 0.339062958984375 0.2834253046875 0.385968193359375 0.548653806640625 0.41646140234375 0.56665878515625 0.416775681640625 0.57083579296875 0.381104982421875 0.57109482421875 0.366265107421875
0 0.273721083984375 0.188587064453125 0.31571327734375 0.1920493515625 0.34892745703125 0.19262910546875 0.3680238515625 0.188791228515625 0.3742986953125 0.09144084765625 0.37444977734375 0.08278540234375 0.35579548828125 0.10117330859375 0.285387353515625 0.09206846875 0.24773162109375 0.099909552734375 0.24303123828125 0.166672775390625 0.273721083984375 0.188587064453125
0 0.25757754296875 0 0.260177345703125 0.11606854296875 0.26401341015625 0.116135501953125 0.265134990234375 0.11611592578125 0.31819012890625 0.10860333984375 0.33766944140625 0.06266401171875 0.35862423828125 0.001960462890625 0.35859001953125 0 0.25757754296875 0
0 0.286018365234375 0.285833248046875 0.372247271484375 0.238848259765625 0.3621236328125 0.19122028125 0.323117904296875 0.18914920703125 0.24352889453125 0.1984649453125 0.25749740625 0.298805919921875 0.286018365234375 0.285833248046875
0 0.335097810546875 0.34911208203125 0.3507907421875 0.361833486328125 0.35184869140625 0.361703587890625 0.35006272265625 0.30040905859375 0.348098232421875 0.284409564453125 0.329653810546875 0.28508429296875 0.335097810546875 0.34911208203125
0 0.348145330078125 0.40625649609375 0.36958798828125 0.40987342578125 0.38770958984375 0.39748162890625 0.387724568359375 0.396623529296875 0.3215840625 0.384913765625 0.290843818359375 0.39610750390625 0.290843033203125 0.396152552734375 0.348145330078125 0.40625649609375
0 0.34809489453125 0.44424671484375 0.33601586328125 0.41831930859375 0.32526387890625 0.493033443359375 0.3378015625 0.515921671875 0.3403160078125 0.515965560546875 0.345064017578125 0.47888978515625 0.34809489453125 0.44424671484375
0 0.42496531640625 0.998766427734375 0.43400704296875 0.99797537890625 0.458536943359375 0.91359396484375 0.458256216796875 0.910385251953125 0.39600612890625 0.77030790625 0.39319266015625 0.919667806640625 0.393627427734375 0.924637255859375 0.4199659296875 0.9986791640625 0.42496531640625 0.998766427734375
0 0.381473216796875 0.673499958984375 0.332669083984375 0.69752518359375 0.38894348828125 0.69613974609375 0.400675890625 0.69490662109375 0.411698447265625 0.675887759765625 0.41150341015625 0.674032123046875 0.382549890625 0.674186380859375 0.381473216796875 0.673499958984375
0 0.379431107421875 0.87941883984375 0.40115748828125 0.83370953515625 0.43199612109375 0.80323581640625 0.422922572265625 0.752420521484375 0.40519096875 0.719391392578125 0.254083802734375 0.734983521484375 0.19150675390625 0.773881833984375 0.192316994140625 0.777693716796875 0.21841416796875 0.8615133984375 0.248019294921875 0.916784517578125 0.253278166015625 0.915666708984375 0.379431107421875 0.87941883984375