0 0.234375 0.0771484375 0.216796875 0.134765625
0 0.0830078125 0.8740234375 0.166015625 0.1611328125
0 0.099609375 0.7890625 0.19921875 0.12109375
0 0.115234375 0.685546875 0.162109375 0.1640625
0 0.177734375 0.4267578125 0.2158203125 0.111328125
0 0.220703125 0.197265625 0.232421875 0.1455078125
0 0.4423828125 0.271484375 0.1279296875 0.1845703125
0 0.685546875 0.484375 0.162109375 0.162109375
0 0.5546875 0.478515625 0.1328125 0.185546875
0 0.4189453125 0.4521484375 0.154296875 0.1533203125
0 0.724609375 0.30078125 0.119140625 0.1796875
0 0.587890625 0.28125 0.1591796875 0.1591796875
0 0.52734375 0.658203125 0.162109375 0.162109375
0 0.388671875 0.6376953125 0.1220703125 0.181640625
0 0.291015625 0.6181640625 0.1591796875 0.1591796875
0 0.4853515625 0.8671875 0.150390625 0.1513671875
0 0.90625 0.27734375 0.1533203125 0.1533203125
0 0.65625 0.689453125 0.126953125 0.1826171875