0 0.119140625 0.177734375 0.095703125 0.2001953125
0 0.9375 0.13671875 0.083984375 0.193359375
0 0.8447265625 0.134765625 0.0830078125 0.2080078125
0 0.736328125 0.1455078125 0.0908203125 0.193359375
0 0.4716796875 0.169921875 0.0732421875 0.205078125
0 0.2392578125 0.181640625 0.0908203125 0.2109375
0 0.28125 0.4111328125 0.166015625 0.09375
0 0.458984375 0.681640625 0.166015625 0.09375
0 0.470703125 0.55078125 0.166015625 0.09375
0 0.4638671875 0.4130859375 0.166015625 0.09375
0 0.271484375 0.6953125 0.166015625 0.09375
0 0.271484375 0.556640625 0.166015625 0.09375
0 0.6533203125 0.548828125 0.166015625 0.09375
0 0.6513671875 0.4091796875 0.166015625 0.09375
0 0.646484375 0.3095703125 0.166015625 0.09375
0 0.865234375 0.537109375 0.166015625 0.09375
0 0.22265625 0.87109375 0.166015625 0.09375
0 0.666015625 0.681640625 0.166015625 0.09375