0 0.740234375 0.7177734375 0.306640625 0.1220703125
0 0.751953125 0.251953125 0.306640625 0.126953125
0 0.7392578125 0.595703125 0.310546875 0.1328125
0 0.720703125 0.9462890625 0.220703125 0.09375
0 0.142578125 0.580078125 0.087890625 0.0703125
0 0.75 0.3642578125 0.1533203125 0.154296875
0 0.755859375 0.486328125 0.1611328125 0.1611328125
0 0.7333984375 0.8310546875 0.2236328125 0.109375
0 0.1591796875 0.3515625 0.0810546875 0.0810546875
0 0.1376953125 0.4609375 0.091796875 0.0732421875
0 0.111328125 0.693359375 0.087890625 0.087890625
0 0.119140625 0.791015625 0.091796875 0.0732421875
0 0.1123046875 0.9150390625 0.080078125 0.078125