0 0.291015625 0.251953125 0.1015625 0.2998046875
0 0.755859375 0.255859375 0.1015625 0.2998046875
0 0.4130859375 0.2578125 0.1015625 0.2998046875
0 0.0615234375 0.263671875 0.0751953125 0.2138671875
0 0.408203125 0.8544921875 0.0673828125 0.0859375
0 0.64453125 0.2548828125 0.0751953125 0.2138671875
0 0.5224609375 0.2451171875 0.0751953125 0.2138671875
0 0.177734375 0.2548828125 0.0751953125 0.2138671875
0 0.63671875 0.845703125 0.0673828125 0.0859375
0 0.5263671875 0.86328125 0.0673828125 0.0859375
0 0.2939453125 0.880859375 0.0673828125 0.0859375
0 0.1953125 0.87109375 0.0673828125 0.0859375
0 0.072265625 0.873046875 0.0673828125 0.0859375