0 0.1806640625 0.7314453125 0.0498046875 0.162109375
0 0.7275390625 0.353515625 0.0517578125 0.142578125
0 0.7197265625 0.7421875 0.0595703125 0.15625
0 0.611328125 0.732421875 0.0546875 0.158203125
0 0.501953125 0.7314453125 0.0498046875 0.162109375
0 0.3369140625 0.16796875 0.052734375 0.1796875
0 0.2822265625 0.3525390625 0.046875 0.146484375
0 0.4462890625 0.740234375 0.052734375 0.1689453125
0 0.341796875 0.70703125 0.046875 0.138671875
0 0.232421875 0.7314453125 0.0498046875 0.162109375
0 0.185546875 0.3544921875 0.0498046875 0.162109375
0 0.125 0.1669921875 0.052734375 0.154296875
0 0.603515625 0.1650390625 0.0517578125 0.142578125
0 0.6591796875 0.166015625 0.0498046875 0.1611328125
0 0.392578125 0.345703125 0.0361328125 0.109375
0 0.3349609375 0.3466796875 0.0361328125 0.111328125
0 0.5537109375 0.9169921875 0.0361328125 0.111328125
0 0.6025390625 0.3349609375 0.0361328125 0.109375
0 0.5478515625 0.3408203125 0.0361328125 0.109375
0 0.287109375 0.72265625 0.0361328125 0.111328125
0 0.3876953125 0.1572265625 0.0361328125 0.111328125
0 0.49609375 0.345703125 0.0361328125 0.109375
0 0.4423828125 0.3427734375 0.0361328125 0.109375
0 0.50390625 0.9091796875 0.0361328125 0.111328125
0 0.6591796875 0.9072265625 0.0361328125 0.111328125
0 0.6044921875 0.9091796875 0.0361328125 0.111328125
0 0.447265625 0.9130859375 0.0361328125 0.111328125
0 0.12890625 0.9208984375 0.0361328125 0.111328125