0 0.126953125 0.626953125 0.1357421875 0.1357421875
0 0.759765625 0.42578125 0.1298828125 0.1298828125
0 0.638671875 0.7958984375 0.1220703125 0.1767578125
0 0.5390625 0.755859375 0.1064453125 0.171875
0 0.4345703125 0.7216796875 0.1123046875 0.177734375
0 0.4404296875 0.134765625 0.150390625 0.150390625
0 0.333984375 0.294921875 0.1328125 0.1328125
0 0.3779296875 0.712890625 0.1513671875 0.1513671875
0 0.287109375 0.6513671875 0.0966796875 0.1513671875
0 0.17578125 0.642578125 0.1357421875 0.1357421875
0 0.2412109375 0.2685546875 0.1142578125 0.177734375
0 0.2392578125 0.0791015625 0.115234375 0.158203125
0 0.697265625 0.208984375 0.1328125 0.1328125
0 0.75 0.2265625 0.1435546875 0.1435546875
0 0.4423828125 0.3203125 0.0654296875 0.115234375
0 0.3876953125 0.3056640625 0.095703125 0.0966796875
0 0.4296875 0.9150390625 0.0751953125 0.119140625
0 0.646484375 0.373046875 0.072265625 0.1171875
0 0.591796875 0.361328125 0.09375 0.091796875
0 0.232421875 0.650390625 0.1015625 0.099609375
0 0.4931640625 0.138671875 0.080078125 0.1220703125
0 0.541015625 0.3505859375 0.0673828125 0.115234375
0 0.490234375 0.3330078125 0.09375 0.09375
0 0.384765625 0.892578125 0.099609375 0.099609375
0 0.533203125 0.935546875 0.0810546875 0.1220703125
0 0.48046875 0.921875 0.095703125 0.09375
0 0.3291015625 0.8798828125 0.078125 0.1220703125
0 0.0283203125 0.794921875 0.056640625 0.1171875