0 0.615234375 0.3349609375 0.1357421875 0.1357421875
0 0.2431640625 0.3740234375 0.1357421875 0.111328125
0 0.4677734375 0.0712890625 0.15625 0.1279296875
0 0.55078125 0.2060546875 0.15625 0.1220703125
0 0.5859375 0.291015625 0.150390625 0.150390625
0 0.173828125 0.591796875 0.1611328125 0.126953125
0 0.123046875 0.5048828125 0.1484375 0.1484375
0 0.2158203125 0.330078125 0.126953125 0.126953125
0 0.236328125 0.734375 0.1376953125 0.1123046875
0 0.3310546875 0.4990234375 0.0908203125 0.0908203125
0 0.275390625 0.4140625 0.09375 0.09375
0 0.431640625 0.6640625 0.0986328125 0.0986328125
0 0.3798828125 0.58203125 0.0986328125 0.0986328125
0 0.361328125 0.5400390625 0.0986328125 0.099609375
0 0.3193359375 0.849609375 0.109375 0.087890625
0 0.4833984375 0.7529296875 0.109375 0.087890625
0 0.3017578125 0.806640625 0.1044921875 0.0810546875
0 0.4619140625 0.7041015625 0.1064453125 0.0859375
0 0.3515625 0.888671875 0.091796875 0.09375
0 0.5078125 0.798828125 0.0986328125 0.0986328125
0 0.376953125 0.9296875 0.095703125 0.095703125
0 0.80078125 0.630859375 0.09375 0.09375
0 0.7431640625 0.5478515625 0.095703125 0.095703125
0 0.689453125 0.4619140625 0.1015625 0.078125
0 0.6435546875 0.3779296875 0.091796875 0.091796875