0 0.4150390625 0.3173828125 0.0498046875 0.146484375
0 0.2626953125 0.6591796875 0.0546875 0.125
0 0.1123046875 0.3134765625 0.0546875 0.138671875
0 0.271484375 0.3095703125 0.0498046875 0.146484375
0 0.3623046875 0.3212890625 0.0498046875 0.146484375
0 0.4169921875 0.828125 0.0546875 0.1484375
0 0.3154296875 0.8291015625 0.0576171875 0.142578125
0 0.2099609375 0.6611328125 0.0546875 0.125
0 0.5712890625 0.845703125 0.046875 0.1220703125
0 0.4150390625 0.6455078125 0.033203125 0.0986328125
0 0.3134765625 0.650390625 0.033203125 0.0986328125
0 0.607421875 0.640625 0.033203125 0.0986328125
0 0.5107421875 0.6455078125 0.033203125 0.0986328125
0 0.46484375 0.640625 0.033203125 0.0986328125
0 0.712890625 0.8310546875 0.033203125 0.0986328125
0 0.7109375 0.640625 0.033203125 0.0986328125
0 0.666015625 0.8251953125 0.033203125 0.0986328125
0 0.658203125 0.634765625 0.033203125 0.0986328125
0 0.7626953125 0.822265625 0.033203125 0.0986328125
0 0.763671875 0.642578125 0.033203125 0.0986328125
0 0.810546875 0.8212890625 0.033203125 0.0986328125
0 0.763671875 0.3046875 0.033203125 0.0986328125
0 0.6630859375 0.3134765625 0.033203125 0.0986328125
0 0.560546875 0.3173828125 0.033203125 0.0986328125
0 0.466796875 0.314453125 0.033203125 0.0986328125