0 0.1962890625 0.5419921875 0.052734375 0.091796875
0 0.6884765625 0.6396484375 0.0546875 0.091796875
0 0.25390625 0.822265625 0.0546875 0.091796875
0 0.1416015625 0.6298828125 0.052734375 0.091796875
0 0.3203125 0.6318359375 0.0546875 0.091796875
0 0.3154296875 0.5361328125 0.0546875 0.091796875
0 0.3837890625 0.6357421875 0.0361328125 0.064453125
0 0.380859375 0.8203125 0.0361328125 0.064453125
0 0.2646484375 0.6357421875 0.0361328125 0.064453125
0 0.4404296875 0.6318359375 0.0361328125 0.064453125
0 0.3232421875 0.814453125 0.0361328125 0.064453125
0 0.5625 0.8203125 0.0361328125 0.064453125
0 0.4375 0.822265625 0.0361328125 0.064453125