0 0.6630859375 0.240234375 0.111328125 0.111328125
0 0.271484375 0.5546875 0.1064453125 0.1064453125
0 0.412109375 0.1044921875 0.1044921875 0.1044921875
0 0.630859375 0.142578125 0.1064453125 0.1064453125
0 0.513671875 0.27734375 0.109375 0.1044921875
0 0.5908203125 0.3359375 0.115234375 0.1123046875
0 0.470703125 0.3232421875 0.076171875 0.076171875
0 0.3310546875 0.2021484375 0.0732421875 0.0732421875
0 0.546875 0.232421875 0.0751953125 0.0703125
0 0.4365234375 0.369140625 0.0732421875 0.0732421875
0 0.373046875 0.162109375 0.0751953125 0.072265625
0 0.2138671875 0.341796875 0.078125 0.0751953125
0 0.2939453125 0.2451171875 0.0732421875 0.072265625