0 0.5869140625 0.076171875 0.2451171875 0.138671875
0 0.3828125 0.517578125 0.2109375 0.2109375
0 0.34375 0.322265625 0.212890625 0.2109375
0 0.611328125 0.2744140625 0.2705078125 0.158203125
0 0.3408203125 0.2197265625 0.2734375 0.142578125
0 0.60546875 0.1728515625 0.1982421875 0.197265625
0 0.6396484375 0.3623046875 0.2080078125 0.2080078125
0 0.689453125 0.6572265625 0.2705078125 0.1591796875
0 0.6806640625 0.55859375 0.216796875 0.216796875
0 0.6552734375 0.4599609375 0.2685546875 0.150390625
0 0.7255859375 0.7529296875 0.21875 0.21875
0 0.443359375 0.80859375 0.2626953125 0.140625
0 0.3984375 0.609375 0.271484375 0.1591796875
0 0.4619140625 0.8994140625 0.205078125 0.201171875
0 0.744140625 0.8388671875 0.2763671875 0.1591796875
0 0.3154296875 0.12890625 0.1953125 0.107421875
0 0.43359375 0.7021484375 0.154296875 0.154296875
0 0.376953125 0.427734375 0.1484375 0.1484375