0 0.103515625 0.3271484375 0.0908203125 0.2294921875
0 0.4931640625 0.6181640625 0.0859375 0.248046875
0 0.2939453125 0.615234375 0.09375 0.263671875
0 0.302734375 0.34375 0.095703125 0.248046875
0 0.1923828125 0.59765625 0.091796875 0.2607421875
0 0.201171875 0.3291015625 0.0908203125 0.2294921875
0 0.39453125 0.333984375 0.0859375 0.248046875
0 0.693359375 0.34765625 0.0859375 0.248046875
0 0.5947265625 0.3359375 0.0859375 0.248046875
0 0.4931640625 0.33984375 0.0859375 0.248046875
0 0.794921875 0.33203125 0.0859375 0.263671875
0 0.7900390625 0.6201171875 0.0859375 0.248046875
0 0.5859375 0.6220703125 0.0859375 0.248046875
0 0.8876953125 0.6201171875 0.0830078125 0.2392578125
0 0.8818359375 0.33203125 0.083984375 0.2529296875
0 0.0986328125 0.603515625 0.060546875 0.1826171875
0 0.6845703125 0.607421875 0.0595703125 0.1826171875
0 0.4033203125 0.6044921875 0.060546875 0.1826171875