0 0.666015625 0.888671875 0.2451171875 0.2216796875
0 0.6650390625 0.89453125 0.232421875 0.2109375
0 0.1787109375 0.4140625 0.2578125 0.2578125
0 0.2529296875 0.4794921875 0.244140625 0.244140625
0 0.3173828125 0.5576171875 0.2529296875 0.255859375
0 0.392578125 0.6240234375 0.251953125 0.251953125
0 0.4658203125 0.6953125 0.2373046875 0.2373046875
0 0.533203125 0.759765625 0.2548828125 0.2548828125
0 0.5947265625 0.8330078125 0.240234375 0.240234375
0 0.115234375 0.349609375 0.2294921875 0.244140625
0 0.8701171875 0.7001953125 0.1796875 0.1796875
0 0.375 0.2275390625 0.1875 0.1904296875
0 0.4375 0.2939453125 0.1748046875 0.1748046875
0 0.5029296875 0.365234375 0.1904296875 0.1904296875
0 0.576171875 0.435546875 0.185546875 0.185546875
0 0.6533203125 0.494140625 0.1923828125 0.1953125
0 0.71875 0.5732421875 0.185546875 0.189453125
0 0.794921875 0.62109375 0.189453125 0.1904296875
0 0.302734375 0.158203125 0.177734375 0.1796875