0 0.1005859375 0.326171875 0.083984375 0.232421875
0 0.09765625 0.322265625 0.083984375 0.232421875
0 0.791015625 0.3388671875 0.087890625 0.2705078125
0 0.69140625 0.3427734375 0.0859375 0.2392578125
0 0.591796875 0.3310546875 0.0888671875 0.2421875
0 0.4912109375 0.3359375 0.091796875 0.240234375
0 0.388671875 0.3349609375 0.087890625 0.2470703125
0 0.2958984375 0.3369140625 0.087890625 0.2421875
0 0.201171875 0.326171875 0.083984375 0.232421875
0 0.8857421875 0.3349609375 0.0859375 0.2470703125
0 0.0947265625 0.61328125 0.0625 0.1826171875
0 0.779296875 0.609375 0.0625 0.1826171875
0 0.6884765625 0.6044921875 0.0625 0.1826171875
0 0.591796875 0.599609375 0.0625 0.1826171875
0 0.490234375 0.599609375 0.0625 0.1826171875
0 0.39453125 0.611328125 0.0625 0.1826171875
0 0.291015625 0.599609375 0.0625 0.1826171875
0 0.2041015625 0.6171875 0.0625 0.1826171875
0 0.8798828125 0.609375 0.0625 0.1826171875