0 0.5556640625 0.8974609375 0.2294921875 0.205078125
0 0.244140625 0.1884765625 0.2841796875 0.201171875
0 0.28125 0.271484375 0.275390625 0.1845703125
0 0.3251953125 0.365234375 0.2470703125 0.2470703125
0 0.3486328125 0.4599609375 0.2373046875 0.2373046875
0 0.388671875 0.546875 0.275390625 0.1845703125
0 0.4169921875 0.640625 0.2265625 0.2265625
0 0.462890625 0.740234375 0.28125 0.197265625
0 0.513671875 0.822265625 0.279296875 0.189453125
0 0.814453125 0.802734375 0.162109375 0.162109375
0 0.65234375 0.341796875 0.1875 0.130859375
0 0.673828125 0.44140625 0.169921875 0.169921875
0 0.70703125 0.529296875 0.1845703125 0.125
0 0.740234375 0.615234375 0.1640625 0.1640625
0 0.7880859375 0.7119140625 0.169921875 0.169921875
0 0.5478515625 0.080078125 0.189453125 0.1328125
0 0.5732421875 0.1708984375 0.154296875 0.154296875
0 0.623046875 0.248046875 0.1669921875 0.1669921875