0 0.0966796875 0.595703125 0.091796875 0.2548828125
0 0.8828125 0.626953125 0.091796875 0.2548828125
0 0.791015625 0.623046875 0.091796875 0.2548828125
0 0.6884765625 0.615234375 0.0908203125 0.2548828125
0 0.591796875 0.626953125 0.0908203125 0.2548828125
0 0.49609375 0.62109375 0.091796875 0.2548828125
0 0.3984375 0.626953125 0.091796875 0.2548828125
0 0.2900390625 0.62109375 0.091796875 0.2548828125
0 0.1943359375 0.603515625 0.091796875 0.2548828125
0 0.1044921875 0.314453125 0.0673828125 0.169921875
0 0.59375 0.30078125 0.0673828125 0.169921875
0 0.4921875 0.3173828125 0.0673828125 0.169921875
0 0.3994140625 0.3173828125 0.0673828125 0.169921875
0 0.306640625 0.3173828125 0.0673828125 0.169921875
0 0.19921875 0.306640625 0.0673828125 0.169921875
0 0.875 0.3046875 0.0673828125 0.169921875
0 0.7802734375 0.3134765625 0.0673828125 0.169921875
0 0.6904296875 0.294921875 0.0673828125 0.169921875