0 0.2333984375 0.4619140625 0.123046875 0.1220703125
0 0.4609375 0.5185546875 0.1357421875 0.1220703125
0 0.390625 0.6611328125 0.119140625 0.119140625
0 0.34375 0.755859375 0.1298828125 0.115234375
0 0.828125 0.7236328125 0.130859375 0.119140625
0 0.634765625 0.4345703125 0.126953125 0.1220703125
0 0.5224609375 0.640625 0.119140625 0.119140625
0 0.2236328125 0.287109375 0.125 0.119140625
0 0.6240234375 0.251953125 0.1123046875 0.1064453125
0 0.701171875 0.7392578125 0.115234375 0.115234375
0 0.783203125 0.6025390625 0.125 0.1171875
0 0.19140625 0.544921875 0.0986328125 0.09375
0 0.1416015625 0.6435546875 0.103515625 0.103515625
0 0.318359375 0.333984375 0.0888671875 0.0888671875
0 0.7060546875 0.916015625 0.099609375 0.0888671875
0 0.671875 0.9658203125 0.09375 0.068359375
0 0.4326171875 0.142578125 0.087890625 0.087890625
0 0.3935546875 0.205078125 0.09375 0.09375
0 0.353515625 0.271484375 0.095703125 0.083984375
0 0.5107421875 0.4453125 0.0986328125 0.087890625