0 0.25 0.599609375 0.1064453125 0.0673828125
0 0.4755859375 0.5361328125 0.1064453125 0.0673828125
0 0.486328125 0.693359375 0.1064453125 0.0673828125
0 0.4931640625 0.7998046875 0.1064453125 0.0673828125
0 0.896484375 0.529296875 0.1064453125 0.0673828125
0 0.583984375 0.3759765625 0.0908203125 0.076171875
0 0.58984375 0.6103515625 0.095703125 0.072265625
0 0.154296875 0.453125 0.095703125 0.078125
0 0.4833984375 0.22265625 0.083984375 0.0654296875
0 0.794921875 0.6064453125 0.0966796875 0.072265625
0 0.796875 0.447265625 0.0966796875 0.0751953125
0 0.2548828125 0.693359375 0.0732421875 0.0625
0 0.26171875 0.8037109375 0.0751953125 0.064453125
0 0.259765625 0.447265625 0.076171875 0.048828125
0 0.88671875 0.7568359375 0.080078125 0.046875
0 0.888671875 0.830078125 0.080078125 0.052734375
0 0.263671875 0.224609375 0.076171875 0.048828125
0 0.2607421875 0.2978515625 0.076171875 0.046875
0 0.2587890625 0.3759765625 0.078125 0.0439453125
0 0.482421875 0.447265625 0.076171875 0.048828125