0 0.595703125 0.259765625 0.1767578125 0.1767578125
0 0.4287109375 0.51953125 0.1953125 0.162109375
0 0.4560546875 0.447265625 0.2314453125 0.185546875
0 0.3310546875 0.2685546875 0.1845703125 0.1845703125
0 0.154296875 0.546875 0.1953125 0.15625
0 0.197265625 0.47265625 0.2451171875 0.205078125
0 0.37890625 0.5849609375 0.181640625 0.181640625
0 0.4248046875 0.1435546875 0.1357421875 0.109375
0 0.283203125 0.345703125 0.1328125 0.1328125
0 0.5517578125 0.3193359375 0.142578125 0.115234375
0 0.3720703125 0.2138671875 0.1298828125 0.1298828125
0 0.255859375 0.4111328125 0.125 0.125
0 0.341796875 0.642578125 0.1376953125 0.107421875