0 0.2451171875 0.546875 0.0625 0.1748046875
0 0.5546875 0.5498046875 0.0673828125 0.1767578125
0 0.478515625 0.564453125 0.064453125 0.21875
0 0.3935546875 0.765625 0.0673828125 0.1845703125
0 0.7236328125 0.7685546875 0.0673828125 0.185546875
0 0.6376953125 0.771484375 0.0751953125 0.21875
0 0.63671875 0.5576171875 0.0673828125 0.1767578125
0 0.2373046875 0.751953125 0.044921875 0.1328125
0 0.4833984375 0.765625 0.044921875 0.1328125
0 0.3193359375 0.552734375 0.044921875 0.1328125
0 0.3251953125 0.759765625 0.044921875 0.1328125
0 0.5537109375 0.75390625 0.0439453125 0.1328125
0 0.705078125 0.5576171875 0.0439453125 0.1328125