0 0.36328125 0.16796875 0.1953125 0.1953125
0 0.201171875 0.80078125 0.2705078125 0.162109375
0 0.236328125 0.689453125 0.177734375 0.177734375
0 0.2646484375 0.5986328125 0.1923828125 0.1923828125
0 0.2705078125 0.4892578125 0.1923828125 0.1923828125
0 0.31640625 0.2978515625 0.2236328125 0.1201171875
0 0.8564453125 0.35546875 0.2421875 0.1357421875
0 0.1513671875 0.8984375 0.234375 0.123046875
0 0.888671875 0.2578125 0.2216796875 0.130859375
0 0.80859375 0.462890625 0.1279296875 0.1279296875
0 0.73828125 0.771484375 0.1611328125 0.1015625
0 0.76953125 0.673828125 0.15625 0.091796875
0 0.7763671875 0.576171875 0.1611328125 0.0966796875
0 0.6806640625 0.9677734375 0.1611328125 0.064453125
0 0.7109375 0.8701171875 0.1611328125 0.0986328125