0 0.2001953125 0.697265625 0.0859375 0.228515625
0 0.8525390625 0.7353515625 0.0908203125 0.2470703125
0 0.736328125 0.72265625 0.083984375 0.2138671875
0 0.6416015625 0.7119140625 0.0859375 0.228515625
0 0.533203125 0.7275390625 0.0830078125 0.2294921875
0 0.3369140625 0.71875 0.078125 0.2109375
0 0.2900390625 0.177734375 0.0859375 0.224609375
0 0.9580078125 0.765625 0.0732421875 0.220703125
0 0.1875 0.15625 0.0859375 0.224609375
0 0.404296875 0.2041015625 0.064453125 0.146484375
0 0.720703125 0.2138671875 0.064453125 0.146484375
0 0.619140625 0.2021484375 0.064453125 0.146484375
0 0.521484375 0.2138671875 0.064453125 0.146484375
0 0.943359375 0.2294921875 0.064453125 0.146484375
0 0.8232421875 0.2216796875 0.064453125 0.146484375