0 0.525390625 0.6357421875 0.1689453125 0.1689453125
0 0.787109375 0.431640625 0.154296875 0.154296875
0 0.6279296875 0.8134765625 0.177734375 0.177734375
0 0.1201171875 0.5751953125 0.2060546875 0.138671875
0 0.728515625 0.630859375 0.205078125 0.138671875
0 0.4453125 0.8232421875 0.1611328125 0.1611328125
0 0.595703125 0.4423828125 0.158203125 0.158203125
0 0.236328125 0.2607421875 0.1796875 0.126953125
0 0.662109375 0.2451171875 0.158203125 0.158203125
0 0.826171875 0.298828125 0.177734375 0.1201171875
0 0.392578125 0.9404296875 0.1376953125 0.119140625
0 0.568359375 0.9736328125 0.201171875 0.052734375
0 0.705078125 0.6953125 0.130859375 0.087890625