0 0.3818359375 0.572265625 0.0732421875 0.1845703125
0 0.6669921875 0.7431640625 0.068359375 0.169921875
0 0.25390625 0.732421875 0.0732421875 0.1845703125
0 0.2939453125 0.1728515625 0.0673828125 0.1904296875
0 0.4599609375 0.759765625 0.072265625 0.189453125
0 0.177734375 0.564453125 0.064453125 0.166015625
0 0.587890625 0.568359375 0.0654296875 0.1748046875
0 0.62890625 0.1689453125 0.0654296875 0.162109375
0 0.7958984375 0.560546875 0.068359375 0.1689453125
0 0.8046875 0.732421875 0.064453125 0.166015625
0 0.037109375 0.560546875 0.0625 0.1533203125
0 0.0458984375 0.748046875 0.0673828125 0.189453125
0 0.3916015625 0.76171875 0.0439453125 0.1201171875