0 0.234375 0.763671875 0.060546875 0.1328125
0 0.376953125 0.8798828125 0.060546875 0.1328125
0 0.576171875 0.7705078125 0.0595703125 0.1328125
0 0.451171875 0.7744140625 0.0576171875 0.1328125
0 0.3740234375 0.7490234375 0.0576171875 0.1142578125
0 0.654296875 0.4638671875 0.0595703125 0.1328125
0 0.7138671875 0.7861328125 0.0595703125 0.1328125
0 0.23828125 0.4580078125 0.060546875 0.130859375
0 0.3115234375 0.7568359375 0.0390625 0.09375
0 0.646484375 0.9150390625 0.041015625 0.09375
0 0.5126953125 0.759765625 0.0390625 0.09375
0 0.30859375 0.896484375 0.041015625 0.09375
0 0.1123046875 0.9072265625 0.0390625 0.09375
0 0.908203125 0.45703125 0.041015625 0.09375
0 0.779296875 0.7646484375 0.041015625 0.09375
0 0.712890625 0.9169921875 0.041015625 0.09375