0 0.3076171875 0.6064453125 0.0625 0.1796875
0 0.37890625 0.2607421875 0.064453125 0.154296875
0 0.716796875 0.603515625 0.052734375 0.1640625
0 0.716796875 0.7841796875 0.052734375 0.1640625
0 0.642578125 0.7919921875 0.0595703125 0.1640625
0 0.171875 0.810546875 0.0625 0.1435546875
0 0.892578125 0.6064453125 0.0625 0.1435546875
0 0.177734375 0.265625 0.0625 0.1533203125
0 0.1689453125 0.6318359375 0.0625 0.15625
0 0.03125 0.640625 0.060546875 0.150390625
0 0.3095703125 0.7880859375 0.044921875 0.1044921875
0 0.572265625 0.6201171875 0.0439453125 0.1044921875
0 0.5107421875 0.6142578125 0.044921875 0.1044921875
0 0.2451171875 0.7880859375 0.044921875 0.1044921875
0 0.505859375 0.779296875 0.0439453125 0.1044921875
0 0.443359375 0.6357421875 0.044921875 0.1044921875
0 0.443359375 0.7783203125 0.044921875 0.1044921875
0 0.376953125 0.6259765625 0.044921875 0.1044921875
0 0.375 0.7744140625 0.044921875 0.1044921875
0 0.8349609375 0.271484375 0.044921875 0.103515625
0 0.833984375 0.7705078125 0.044921875 0.1044921875
0 0.8291015625 0.6103515625 0.044921875 0.1044921875
0 0.63671875 0.2705078125 0.044921875 0.1044921875
0 0.5712890625 0.08984375 0.0439453125 0.1044921875
0 0.5732421875 0.279296875 0.0439453125 0.103515625
0 0.509765625 0.267578125 0.044921875 0.103515625
0 0.447265625 0.265625 0.044921875 0.1044921875
0 0.634765625 0.611328125 0.0439453125 0.1044921875
0 0.572265625 0.775390625 0.0439453125 0.1044921875
0 0.4404296875 0.09375 0.0595703125 0.1640625
0 0.9052734375 0.091796875 0.0576171875 0.171875
0 0.708984375 0.0888671875 0.052734375 0.158203125
0 0.708984375 0.2646484375 0.0546875 0.1748046875