0 0.701171875 0.58984375 0.169921875 0.169921875
0 0.3818359375 0.740234375 0.1611328125 0.1611328125
0 0.453125 0.2646484375 0.166015625 0.1455078125
0 0.5966796875 0.15625 0.154296875 0.154296875
0 0.6474609375 0.2109375 0.166015625 0.166015625
0 0.9345703125 0.576171875 0.130859375 0.1513671875
0 0.349609375 0.123046875 0.1591796875 0.1591796875
0 0.5068359375 0.8984375 0.158203125 0.158203125
0 0.8046875 0.685546875 0.162109375 0.162109375
0 0.8876953125 0.78125 0.138671875 0.134765625
0 0.845703125 0.478515625 0.1171875 0.1064453125
0 0.552734375 0.3701171875 0.115234375 0.1142578125
0 0.583984375 0.4228515625 0.1142578125 0.1142578125
0 0.8837890625 0.529296875 0.111328125 0.111328125
0 0.7197265625 0.326171875 0.1123046875 0.099609375
0 0.642578125 0.462890625 0.1171875 0.107421875
0 0.755859375 0.376953125 0.107421875 0.107421875
0 0.6748046875 0.5224609375 0.115234375 0.1044921875
0 0.794921875 0.435546875 0.111328125 0.0986328125
0 0.1162109375 0.369140625 0.1142578125 0.1142578125
0 0.5146484375 0.0712890625 0.1142578125 0.103515625
0 0.3896484375 0.1708984375 0.115234375 0.115234375
0 0.234375 0.529296875 0.1142578125 0.1142578125
0 0.1298828125 0.689453125 0.115234375 0.1044921875
0 0.279296875 0.57421875 0.1171875 0.1064453125
0 0.3095703125 0.6318359375 0.1123046875 0.1123046875
0 0.3447265625 0.6826171875 0.111328125 0.111328125
0 0.5078125 0.3251953125 0.107421875 0.107421875
0 0.677734375 0.2763671875 0.111328125 0.0986328125
0 0.2109375 0.7919921875 0.158203125 0.158203125
0 0.060546875 0.5791015625 0.12109375 0.154296875
0 0.1865234375 0.474609375 0.181640625 0.1591796875