0 0.478515625 0.787109375 0.3935546875 0.349609375
0 0.49609375 0.1611328125 0.3544921875 0.322265625
0 0.3251953125 0.5908203125 0.400390625 0.3564453125
0 0.14453125 0.3193359375 0.2890625 0.3515625
0 0.412109375 0.1162109375 0.396484375 0.232421875
0 0.8095703125 0.5107421875 0.380859375 0.357421875
0 0.8564453125 0.6123046875 0.287109375 0.376953125
0 0.5634765625 0.8564453125 0.3984375 0.287109375
0 0.24609375 0.4990234375 0.3544921875 0.3544921875
0 0.6572265625 0.3408203125 0.3984375 0.3544921875
0 0.4052734375 0.6875 0.396484375 0.353515625