0 0.287109375 0.693359375 0.1064453125 0.388671875
0 0.78125 0.2841796875 0.1064453125 0.388671875
0 0.5361328125 0.693359375 0.1064453125 0.388671875
0 0.896484375 0.6962890625 0.1064453125 0.388671875
0 0.9033203125 0.2958984375 0.1064453125 0.388671875
0 0.29296875 0.25390625 0.1064453125 0.388671875
0 0.162109375 0.251953125 0.1064453125 0.388671875
0 0.1533203125 0.689453125 0.1064453125 0.388671875
0 0.6572265625 0.7001953125 0.1064453125 0.388671875
0 0.529296875 0.2783203125 0.1064453125 0.388671875
0 0.41015625 0.689453125 0.1064453125 0.388671875