0 0.212890625 0.736328125 0.0751953125 0.2060546875
0 0.7919921875 0.115234375 0.0751953125 0.2060546875
0 0.890625 0.7470703125 0.076171875 0.2060546875
0 0.50390625 0.12109375 0.076171875 0.2060546875
0 0.2099609375 0.5068359375 0.0751953125 0.1982421875
0 0.79296875 0.7431640625 0.078125 0.1982421875
0 0.7919921875 0.5068359375 0.0703125 0.193359375
0 0.4033203125 0.5 0.078125 0.2001953125
0 0.5966796875 0.734375 0.0751953125 0.197265625
0 0.5009765625 0.4931640625 0.076171875 0.2060546875
0 0.306640625 0.5107421875 0.076171875 0.2060546875
0 0.50390625 0.740234375 0.078125 0.193359375
0 0.306640625 0.734375 0.0703125 0.1796875
0 0.11328125 0.1181640625 0.0703125 0.1796875
0 0.876953125 0.50390625 0.0703125 0.1796875
0 0.6923828125 0.1025390625 0.0703125 0.1796875
0 0.404296875 0.1220703125 0.0703125 0.1796875
0 0.3125 0.1103515625 0.0703125 0.1796875
0 0.689453125 0.7421875 0.0703125 0.1796875
0 0.40234375 0.736328125 0.0703125 0.1796875