0 0.13671875 0.580078125 0.197265625 0.197265625
0 0.9365234375 0.505859375 0.126953125 0.21875
0 0.5458984375 0.0693359375 0.220703125 0.138671875
0 0.80078125 0.73046875 0.2109375 0.2109375
0 0.3154296875 0.724609375 0.2080078125 0.2080078125
0 0.4892578125 0.119140625 0.212890625 0.193359375
0 0.673828125 0.265625 0.201171875 0.201171875
0 0.4404296875 0.576171875 0.2060546875 0.2060546875
0 0.375 0.279296875 0.216796875 0.1982421875
0 0.505859375 0.50390625 0.2236328125 0.203125
0 0.3720703125 0.646484375 0.2158203125 0.193359375
0 0.3125 0.3486328125 0.21875 0.201171875
0 0.1962890625 0.5087890625 0.189453125 0.169921875
0 0.5625 0.974609375 0.197265625 0.0498046875
0 0.728515625 0.201171875 0.1904296875 0.171875
0 0.9169921875 0.5927734375 0.166015625 0.1953125
0 0.7392578125 0.80859375 0.193359375 0.193359375
0 0.69140625 0.8876953125 0.1982421875 0.1826171875
0 0.42578125 0.201171875 0.1875 0.169921875
0 0.25390625 0.431640625 0.1796875 0.1796875