0 0.376953125 0.736328125 0.1904296875 0.1904296875
0 0.126953125 0.4052734375 0.140625 0.1689453125
0 0.494140625 0.21484375 0.1591796875 0.2001953125
0 0.2587890625 0.8212890625 0.1533203125 0.2001953125
0 0.4140625 0.9306640625 0.16015625 0.138671875
0 0.615234375 0.15234375 0.162109375 0.162109375
0 0.7041015625 0.5791015625 0.2001953125 0.2001953125
0 0.845703125 0.533203125 0.1640625 0.2158203125
0 0.357421875 0.94921875 0.177734375 0.1015625
0 0.6787109375 0.814453125 0.173828125 0.173828125
0 0.5830078125 0.6328125 0.1611328125 0.212890625
0 0.5537109375 0.896484375 0.185546875 0.1845703125
0 0.4794921875 0.9189453125 0.203125 0.162109375
0 0.455078125 0.712890625 0.1923828125 0.1923828125
0 0.9775390625 0.6708984375 0.044921875 0.123046875
0 0.4150390625 0.0703125 0.1171875 0.140625
0 0.599609375 0.029296875 0.1298828125 0.0576171875
0 0.65234375 0.0166015625 0.1328125 0.033203125