0 0.275390625 0.6435546875 0.060546875 0.2080078125
0 0.224609375 0.232421875 0.0625 0.1484375
0 0.6376953125 0.25 0.0576171875 0.1845703125
0 0.130859375 0.6572265625 0.056640625 0.1904296875
0 0.19140625 0.8642578125 0.060546875 0.2080078125
0 0.7744140625 0.2568359375 0.060546875 0.162109375
0 0.6376953125 0.669921875 0.0673828125 0.197265625
0 0.783203125 0.7021484375 0.0595703125 0.2080078125
0 0.12109375 0.8720703125 0.0654296875 0.2080078125
0 0.498046875 0.861328125 0.0595703125 0.1923828125
0 0.505859375 0.65625 0.060546875 0.2080078125
0 0.3486328125 0.8701171875 0.060546875 0.2001953125
0 0.2626953125 0.8701171875 0.060546875 0.2080078125
0 0.353515625 0.662109375 0.060546875 0.2080078125
0 0.8623046875 0.908203125 0.048828125 0.1279296875
0 0.642578125 0.083984375 0.048828125 0.1279296875
0 0.83984375 0.111328125 0.048828125 0.1279296875
0 0.900390625 0.1142578125 0.048828125 0.1279296875