0 0.44921875 0.265625 0.056640625 0.224609375
0 0.5908203125 0.2783203125 0.0595703125 0.220703125
0 0.591796875 0.810546875 0.0625 0.2236328125
0 0.3095703125 0.267578125 0.0625 0.205078125
0 0.39453125 0.802734375 0.0546875 0.244140625
0 0.3173828125 0.818359375 0.0576171875 0.205078125
0 0.720703125 0.7900390625 0.0654296875 0.220703125
0 0.2529296875 0.8134765625 0.0625 0.2138671875
0 0.794921875 0.7890625 0.0625 0.21875
0 0.91796875 0.2470703125 0.0673828125 0.2216796875
0 0.72265625 0.2607421875 0.0576171875 0.201171875