0 0.474609375 0.26171875 0.1689453125 0.1689453125
0 0.61328125 0.2890625 0.158203125 0.1611328125
0 0.55859375 0.818359375 0.1591796875 0.1591796875
0 0.333984375 0.2490234375 0.1015625 0.2158203125
0 0.36328125 0.7900390625 0.087890625 0.25
0 0.28515625 0.796875 0.154296875 0.15625
0 0.689453125 0.8115234375 0.169921875 0.169921875
0 0.2216796875 0.7861328125 0.0859375 0.220703125
0 0.7626953125 0.818359375 0.1015625 0.228515625
0 0.927734375 0.291015625 0.1435546875 0.169921875
0 0.74609375 0.28515625 0.150390625 0.1484375