0 0.380859375 0.193359375 0.0654296875 0.234375
0 0.775390625 0.193359375 0.052734375 0.2392578125
0 0.896484375 0.7646484375 0.0654296875 0.234375
0 0.1708984375 0.794921875 0.076171875 0.2578125
0 0.7197265625 0.76171875 0.0625 0.2607421875
0 0.70703125 0.2099609375 0.0654296875 0.263671875
0 0.3076171875 0.75390625 0.0673828125 0.2841796875
0 0.509765625 0.21875 0.044921875 0.154296875
0 0.638671875 0.763671875 0.0439453125 0.1533203125
0 0.5751953125 0.7607421875 0.0439453125 0.1533203125
0 0.5107421875 0.7646484375 0.044921875 0.1533203125
0 0.4404296875 0.779296875 0.044921875 0.1533203125
0 0.6435546875 0.212890625 0.0439453125 0.1533203125
0 0.576171875 0.208984375 0.0439453125 0.1533203125
0 0.44921875 0.21484375 0.044921875 0.154296875
0 0.3779296875 0.771484375 0.044921875 0.1533203125
0 0.8349609375 0.759765625 0.044921875 0.1533203125