0 0.8095703125 0.61328125 0.2392578125 0.095703125
0 0.802734375 0.2197265625 0.158203125 0.1591796875
0 0.228515625 0.107421875 0.166015625 0.166015625
0 0.2099609375 0.833984375 0.177734375 0.1796875
0 0.234375 0.28515625 0.265625 0.0986328125
0 0.7861328125 0.2880859375 0.1845703125 0.1845703125
0 0.2490234375 0.697265625 0.287109375 0.080078125
0 0.78125 0.486328125 0.1591796875 0.060546875
0 0.234375 0.365234375 0.158203125 0.064453125
0 0.2373046875 0.4296875 0.107421875 0.107421875
0 0.2353515625 0.494140625 0.154296875 0.0517578125
0 0.2216796875 0.564453125 0.1015625 0.103515625
0 0.7841796875 0.3515625 0.1015625 0.1015625
0 0.7890625 0.4189453125 0.15625 0.056640625
0 0.7861328125 0.5458984375 0.158203125 0.052734375
0 0.2314453125 0.626953125 0.103515625 0.1044921875
0 0.2353515625 0.169921875 0.158203125 0.0625