0 0.3466796875 0.548828125 0.1171875 0.0859375
0 0.6953125 0.7099609375 0.107421875 0.072265625
0 0.8037109375 0.63671875 0.109375 0.0830078125
0 0.6875 0.55078125 0.115234375 0.078125
0 0.48046875 0.384765625 0.09375 0.0703125
0 0.4658203125 0.7138671875 0.1064453125 0.080078125
0 0.12890625 0.5439453125 0.099609375 0.0673828125
0 0.80859375 0.302734375 0.1123046875 0.0703125
0 0.712890625 0.13671875 0.1123046875 0.0751953125
0 0.3544921875 0.384765625 0.087890625 0.0576171875
0 0.6787109375 0.796875 0.087890625 0.0576171875
0 0.689453125 0.2314453125 0.087890625 0.0576171875
0 0.6875 0.388671875 0.087890625 0.0576171875
0 0.458984375 0.623046875 0.087890625 0.0576171875
0 0.466796875 0.46484375 0.087890625 0.0576171875