0 0.47265625 0.341796875 0.109375 0.1357421875
0 0.2646484375 0.6640625 0.0888671875 0.1201171875
0 0.322265625 0.7822265625 0.109375 0.109375
0 0.423828125 0.6787109375 0.1171875 0.1171875
0 0.6162109375 0.4970703125 0.083984375 0.103515625
0 0.29296875 0.435546875 0.109375 0.109375
0 0.5087890625 0.126953125 0.0986328125 0.0986328125
0 0.65234375 0.8330078125 0.09375 0.126953125
0 0.830078125 0.7607421875 0.099609375 0.1298828125
0 0.6337890625 0.3720703125 0.0830078125 0.0810546875
0 0.181640625 0.6357421875 0.0810546875 0.0810546875
0 0.740234375 0.724609375 0.0751953125 0.0986328125
0 0.583984375 0.701171875 0.076171875 0.0986328125
0 0.384765625 0.443359375 0.068359375 0.095703125
0 0.5400390625 0.4716796875 0.072265625 0.0966796875