0 0.4619140625 0.228515625 0.263671875 0.263671875
0 0.0859375 0.576171875 0.171875 0.2578125
0 0.126953125 0.4140625 0.2529296875 0.224609375
0 0.244140625 0.111328125 0.220703125 0.220703125
0 0.193359375 0.263671875 0.2236328125 0.2236328125
0 0.328125 0.5205078125 0.2607421875 0.234375
0 0.5400390625 0.087890625 0.236328125 0.17578125
0 0.8662109375 0.4697265625 0.2236328125 0.2236328125
0 0.7607421875 0.75 0.2392578125 0.2392578125
0 0.052734375 0.7177734375 0.1044921875 0.216796875
0 0.24609375 0.6689453125 0.255859375 0.228515625
0 0.1875 0.806640625 0.244140625 0.2373046875
0 0.6611328125 0.87890625 0.228515625 0.201171875
0 0.3916015625 0.3935546875 0.1875 0.189453125