0 0.658203125 0.275390625 0.232421875 0.146484375
0 0.8720703125 0.775390625 0.212890625 0.140625
0 0.873046875 0.59375 0.2001953125 0.125
0 0.904296875 0.2705078125 0.1845703125 0.1357421875
0 0.880859375 0.4287109375 0.203125 0.1220703125
0 0.6435546875 0.595703125 0.203125 0.1328125
0 0.6650390625 0.0888671875 0.2080078125 0.1220703125
0 0.1875 0.306640625 0.1904296875 0.1357421875
0 0.154296875 0.603515625 0.1875 0.1357421875
0 0.8623046875 0.931640625 0.1953125 0.134765625
0 0.6494140625 0.765625 0.201171875 0.1279296875
0 0.640625 0.9248046875 0.205078125 0.134765625
0 0.1845703125 0.7646484375 0.189453125 0.125
0 0.6455078125 0.455078125 0.169921875 0.1064453125