0 0.521484375 0.4638671875 0.072265625 0.1533203125
0 0.4306640625 0.298828125 0.0625 0.126953125
0 0.7392578125 0.33984375 0.0595703125 0.150390625
0 0.8974609375 0.537109375 0.0673828125 0.150390625
0 0.7431640625 0.5048828125 0.0595703125 0.154296875
0 0.736328125 0.1650390625 0.048828125 0.0908203125
0 0.6328125 0.15234375 0.044921875 0.099609375
0 0.68359375 0.15234375 0.048828125 0.0908203125
0 0.787109375 0.1650390625 0.048828125 0.0908203125
0 0.841796875 0.177734375 0.048828125 0.0908203125
0 0.5341796875 0.1376953125 0.046875 0.0888671875
0 0.5947265625 0.4853515625 0.0595703125 0.154296875
0 0.6630859375 0.4951171875 0.0595703125 0.154296875
0 0.8212890625 0.525390625 0.0654296875 0.1611328125
0 0.4384765625 0.1298828125 0.064453125 0.083984375
0 0.544921875 0.3271484375 0.0654296875 0.1044921875
0 0.44140625 0.4599609375 0.0654296875 0.150390625