0 0.5400390625 0.4892578125 0.150390625 0.150390625
0 0.6767578125 0.619140625 0.1455078125 0.099609375
0 0.716796875 0.310546875 0.1298828125 0.1298828125
0 0.56640625 0.1064453125 0.169921875 0.119140625
0 0.55859375 0.263671875 0.169921875 0.111328125
0 0.884765625 0.357421875 0.1044921875 0.078125
0 0.8701171875 0.4619140625 0.0986328125 0.0986328125
0 0.8837890625 0.412109375 0.1064453125 0.0810546875
0 0.8984375 0.3095703125 0.1044921875 0.0751953125
0 0.900390625 0.2529296875 0.087890625 0.087890625
0 0.859375 0.560546875 0.0888671875 0.0888671875
0 0.5390625 0.412109375 0.1689453125 0.1064453125
0 0.546875 0.34375 0.1328125 0.1328125
0 0.55859375 0.18359375 0.140625 0.140625
0 0.841796875 0.6552734375 0.0986328125 0.083984375
0 0.677734375 0.501953125 0.1044921875 0.1044921875
0 0.5234375 0.5673828125 0.1669921875 0.109375