0 0.59375 0.4853515625 0.0830078125 0.056640625
0 0.296875 0.3828125 0.0732421875 0.0732421875
0 0.345703125 0.478515625 0.0830078125 0.056640625
0 0.6953125 0.6630859375 0.0732421875 0.0732421875
0 0.6142578125 0.5087890625 0.0732421875 0.072265625
0 0.90234375 0.4189453125 0.0732421875 0.072265625
0 0.681640625 0.439453125 0.0859375 0.060546875
0 0.8662109375 0.3388671875 0.0830078125 0.0576171875
0 0.6513671875 0.392578125 0.087890625 0.0673828125
0 0.697265625 0.4931640625 0.078125 0.076171875
0 0.501953125 0.3037109375 0.0673828125 0.0673828125
0 0.6806640625 0.6396484375 0.072265625 0.072265625
0 0.625 0.533203125 0.068359375 0.0703125
0 0.65234375 0.578125 0.087890625 0.064453125
0 0.6689453125 0.416015625 0.076171875 0.076171875
0 0.5556640625 0.4140625 0.087890625 0.0625
0 0.583984375 0.4619140625 0.060546875 0.060546875
0 0.7578125 0.1416015625 0.0595703125 0.0595703125