0 0.46875 0.41015625 0.0205078125 0.0830078125
0 0.6982421875 0.6240234375 0.0205078125 0.0830078125
0 0.5908203125 0.6259765625 0.0205078125 0.0830078125
0 0.263671875 0.404296875 0.0205078125 0.0830078125
0 0.439453125 0.4033203125 0.0205078125 0.0830078125
0 0.3828125 0.1064453125 0.0205078125 0.0830078125
0 0.46875 0.3115234375 0.0205078125 0.0830078125
0 0.470703125 0.1005859375 0.0205078125 0.0830078125
0 0.5234375 0.3154296875 0.0205078125 0.0830078125
0 0.4140625 0.322265625 0.0205078125 0.0830078125
0 0.671875 0.40625 0.0205078125 0.0830078125
0 0.2919921875 0.40625 0.0205078125 0.0830078125
0 0.412109375 0.404296875 0.0205078125 0.0830078125
0 0.359375 0.40234375 0.0205078125 0.0830078125
0 0.4951171875 0.3115234375 0.0205078125 0.0830078125
0 0.5498046875 0.41015625 0.0205078125 0.0830078125
0 0.494140625 0.408203125 0.015625 0.0703125
0 0.6953125 0.103515625 0.015625 0.068359375