0 0.134765625 0.4072265625 0.021484375 0.0810546875
0 0.2109375 0.6181640625 0.021484375 0.0810546875
0 0.4375 0.310546875 0.021484375 0.080078125
0 0.357421875 0.404296875 0.021484375 0.080078125
0 0.4951171875 0.6181640625 0.021484375 0.0810546875
0 0.3857421875 0.625 0.021484375 0.0810546875
0 0.2392578125 0.6220703125 0.021484375 0.0810546875
0 0.15625 0.6162109375 0.021484375 0.0810546875
0 0.240234375 0.10546875 0.021484375 0.0810546875
0 0.185546875 0.4052734375 0.021484375 0.0810546875
0 0.4111328125 0.404296875 0.021484375 0.080078125
0 0.265625 0.619140625 0.021484375 0.0810546875
0 0.263671875 0.404296875 0.021484375 0.080078125
0 0.615234375 0.318359375 0.0126953125 0.056640625