0 0.822265625 0.6962890625 0.064453125 0.0654296875
0 0.810546875 0.4716796875 0.048828125 0.083984375
0 0.5048828125 0.69921875 0.0439453125 0.0810546875
0 0.607421875 0.6337890625 0.068359375 0.068359375
0 0.5390625 0.388671875 0.048828125 0.0859375
0 0.6455078125 0.4140625 0.046875 0.083984375
0 0.78515625 0.458984375 0.052734375 0.087890625
0 0.8623046875 0.4892578125 0.048828125 0.083984375
0 0.6328125 0.953125 0.044921875 0.083984375
0 0.7724609375 0.681640625 0.044921875 0.083984375
0 0.556640625 0.6181640625 0.0673828125 0.0673828125
0 0.759765625 0.4541015625 0.0703125 0.0703125
0 0.697265625 0.6611328125 0.064453125 0.064453125
0 0.3369140625 0.6396484375 0.0419921875 0.0419921875