0 0.5859375 0.3779296875 0.056640625 0.0546875
0 0.4501953125 0.591796875 0.033203125 0.080078125
0 0.5048828125 0.587890625 0.029296875 0.078125
0 0.244140625 0.2841796875 0.025390625 0.078125
0 0.2763671875 0.287109375 0.029296875 0.0810546875
0 0.328125 0.2900390625 0.03125 0.080078125
0 0.4482421875 0.2841796875 0.0341796875 0.0859375
0 0.453125 0.3779296875 0.0517578125 0.0517578125
0 0.5048828125 0.384765625 0.03125 0.0810546875
0 0.384765625 0.3701171875 0.0517578125 0.052734375
0 0.6826171875 0.2880859375 0.029296875 0.078125
0 0.6123046875 0.2900390625 0.052734375 0.052734375
0 0.5078125 0.2939453125 0.0283203125 0.078125
0 0.587890625 0.59765625 0.0341796875 0.0810546875
0 0.478515625 0.6796875 0.0517578125 0.052734375
0 0.2783203125 0.58984375 0.0341796875 0.0810546875
0 0.328125 0.59375 0.052734375 0.052734375
0 0.814453125 0.29296875 0.0439453125 0.0439453125