0 0.4140625 0.6220703125 0.025390625 0.078125
0 0.5498046875 0.408203125 0.0234375 0.078125
0 0.4951171875 0.412109375 0.025390625 0.078125
0 0.755859375 0.7158203125 0.025390625 0.078125
0 0.7236328125 0.712890625 0.0234375 0.080078125
0 0.671875 0.7099609375 0.025390625 0.078125
0 0.5517578125 0.7158203125 0.0263671875 0.083984375
0 0.546875 0.6220703125 0.025390625 0.078125
0 0.4951171875 0.615234375 0.025390625 0.080078125
0 0.615234375 0.6298828125 0.025390625 0.078125
0 0.3173828125 0.7119140625 0.0234375 0.078125
0 0.3876953125 0.7099609375 0.0234375 0.078125
0 0.4921875 0.7060546875 0.025390625 0.078125
0 0.412109375 0.40234375 0.025390625 0.080078125
0 0.521484375 0.3203125 0.025390625 0.080078125
0 0.7216796875 0.41015625 0.0234375 0.080078125
0 0.671875 0.40625 0.025390625 0.080078125
0 0.185546875 0.70703125 0.013671875 0.0673828125