0 0.423828125 0.60546875 0.060546875 0.060546875
0 0.5927734375 0.4912109375 0.0859375 0.060546875
0 0.3984375 0.5576171875 0.0751953125 0.0546875
0 0.3193359375 0.6005859375 0.0732421875 0.0732421875
0 0.3642578125 0.693359375 0.072265625 0.0732421875
0 0.4375 0.66015625 0.078125 0.056640625
0 0.22265625 0.419921875 0.0673828125 0.0673828125
0 0.3447265625 0.646484375 0.0751953125 0.0546875
0 0.3330078125 0.455078125 0.0732421875 0.0517578125
0 0.28515625 0.552734375 0.0888671875 0.060546875
0 0.3828125 0.533203125 0.0751953125 0.052734375
0 0.6748046875 0.642578125 0.0830078125 0.0576171875
0 0.572265625 0.4375 0.078125 0.078125
0 0.623046875 0.53515625 0.087890625 0.064453125
0 0.7763671875 0.171875 0.0546875 0.037109375
0 0.7646484375 0.1435546875 0.0595703125 0.044921875