0 0.4404296875 0.615234375 0.0205078125 0.072265625
0 0.4658203125 0.4130859375 0.0205078125 0.083984375
0 0.494140625 0.6162109375 0.0205078125 0.072265625
0 0.4921875 0.7060546875 0.0234375 0.0830078125
0 0.388671875 0.708984375 0.0234375 0.078125
0 0.3857421875 0.6279296875 0.0234375 0.0751953125
0 0.697265625 0.7109375 0.0205078125 0.072265625
0 0.439453125 0.705078125 0.0205078125 0.072265625
0 0.6162109375 0.6279296875 0.0205078125 0.072265625
0 0.5498046875 0.7158203125 0.0205078125 0.0888671875
0 0.5244140625 0.619140625 0.0185546875 0.0703125
0 0.29296875 0.4091796875 0.0234375 0.0830078125
0 0.5234375 0.408203125 0.0205078125 0.083984375
0 0.412109375 0.40625 0.0205078125 0.083984375
0 0.6669921875 0.1044921875 0.015625 0.0546875
0 0.697265625 0.1025390625 0.015625 0.0546875