0 0.4755859375 0.7763671875 0.0830078125 0.0859375
0 0.640625 0.9130859375 0.0751953125 0.076171875
0 0.685546875 0.873046875 0.072265625 0.0732421875
0 0.599609375 0.5322265625 0.0810546875 0.0810546875
0 0.5185546875 0.609375 0.078125 0.0810546875
0 0.5810546875 0.6767578125 0.0810546875 0.083984375
0 0.5380859375 0.7109375 0.083984375 0.083984375
0 0.427734375 0.802734375 0.076171875 0.076171875
0 0.458984375 0.6669921875 0.083984375 0.0859375
0 0.408203125 0.705078125 0.0859375 0.0888671875
0 0.3935546875 0.732421875 0.078125 0.078125
0 0.287109375 0.5322265625 0.080078125 0.080078125
0 0.267578125 0.5556640625 0.076171875 0.076171875
0 0.22265625 0.5849609375 0.072265625 0.0732421875
0 0.185546875 0.6259765625 0.078125 0.078125
0 0.212890625 0.611328125 0.0517578125 0.052734375
0 0.4912109375 0.751953125 0.0517578125 0.0498046875
0 0.2529296875 0.439453125 0.0546875 0.0546875
0 0.337890625 0.490234375 0.0517578125 0.052734375