0 0.2939453125 0.314453125 0.0234375 0.0859375
0 0.3212890625 0.1015625 0.0234375 0.0751953125
0 0.380859375 0.1015625 0.0234375 0.0751953125
0 0.5517578125 0.408203125 0.0234375 0.083984375
0 0.439453125 0.4072265625 0.021484375 0.0810546875
0 0.439453125 0.3154296875 0.0263671875 0.083984375
0 0.384765625 0.3193359375 0.0234375 0.0859375
0 0.240234375 0.328125 0.0185546875 0.078125
0 0.3564453125 0.4052734375 0.0234375 0.0859375
0 0.2939453125 0.412109375 0.0234375 0.0859375
0 0.263671875 0.4033203125 0.0234375 0.0859375
0 0.322265625 0.6220703125 0.0234375 0.0859375
0 0.2919921875 0.6181640625 0.0234375 0.0859375
0 0.2392578125 0.626953125 0.0185546875 0.076171875
0 0.1845703125 0.6220703125 0.021484375 0.0859375
0 0.2138671875 0.6142578125 0.015625 0.0546875
0 0.322265625 0.322265625 0.015625 0.0546875
0 0.361328125 0.712890625 0.015625 0.056640625
0 0.3876953125 0.6181640625 0.015625 0.0546875