0 0.5390625 0.759765625 0.1591796875 0.1591796875
0 0.552734375 0.140625 0.1533203125 0.1533203125
0 0.623046875 0.2109375 0.1591796875 0.1591796875
0 0.8369140625 0.431640625 0.166015625 0.154296875
0 0.9033203125 0.509765625 0.162109375 0.162109375
0 0.78515625 0.408203125 0.1513671875 0.1513671875
0 0.494140625 0.6611328125 0.1591796875 0.1484375
0 0.703125 0.896484375 0.1640625 0.1640625
0 0.6689453125 0.8515625 0.169921875 0.1611328125
0 0.365234375 0.587890625 0.1455078125 0.1357421875
0 0.30859375 0.7685546875 0.185546875 0.173828125
0 0.2314453125 0.7021484375 0.162109375 0.162109375
0 0.4765625 0.9306640625 0.166015625 0.138671875
0 0.458984375 0.6318359375 0.1591796875 0.146484375
0 0.615234375 0.8232421875 0.173828125 0.173828125
0 0.97265625 0.6005859375 0.0546875 0.1796875
0 0.517578125 0.0966796875 0.15625 0.15625
0 0.2021484375 0.3818359375 0.162109375 0.162109375
0 0.529296875 0.9736328125 0.13671875 0.052734375
0 0.501953125 0.716796875 0.171875 0.171875
0 0.373046875 0.837890625 0.166015625 0.166015625
0 0.2421875 0.4296875 0.173828125 0.162109375
0 0.322265625 0.490234375 0.162109375 0.162109375
0 0.12890625 0.5927734375 0.173828125 0.1611328125
0 0.4638671875 0.3408203125 0.1455078125 0.146484375
0 0.5771484375 0.7841796875 0.1015625 0.1015625
0 0.2646484375 0.7392578125 0.1064453125 0.099609375
0 0.3388671875 0.548828125 0.099609375 0.09375
0 0.4345703125 0.9091796875 0.0986328125 0.0986328125