0 0.279296875 0.359375 0.048828125 0.162109375
0 0.736328125 0.775390625 0.048828125 0.162109375
0 0.63671875 0.783203125 0.048828125 0.162109375
0 0.330078125 0.798828125 0.052734375 0.166015625
0 0.228515625 0.7978515625 0.048828125 0.162109375
0 0.3828125 0.775390625 0.048828125 0.162109375
0 0.3818359375 0.3896484375 0.048828125 0.162109375
0 0.068359375 0.3935546875 0.048828125 0.162109375
0 0.1240234375 0.396484375 0.048828125 0.162109375
0 0.521484375 0.3408203125 0.046875 0.1513671875
0 0.4228515625 0.1787109375 0.048828125 0.185546875
0 0.5234375 0.1640625 0.0498046875 0.1748046875
0 0.18359375 0.193359375 0.048828125 0.162109375
0 0.4267578125 0.3828125 0.0419921875 0.166015625
0 0.1806640625 0.3740234375 0.052734375 0.1767578125
0 0.072265625 0.837890625 0.0498046875 0.1904296875
0 0.7919921875 0.7783203125 0.048828125 0.1533203125
0 0.7841796875 0.353515625 0.048828125 0.162109375
0 0.0927734375 0.1875 0.046875 0.138671875
0 0.3349609375 0.359375 0.046875 0.171875
0 0.328125 0.1826171875 0.048828125 0.162109375
0 0.7216796875 0.3515625 0.0517578125 0.171875
0 0.623046875 0.373046875 0.048828125 0.162109375
0 0.673828125 0.158203125 0.0517578125 0.181640625
0 0.6435546875 0.5771484375 0.1064453125 0.0908203125
0 0.234375 0.3720703125 0.0263671875 0.1064453125
0 0.4736328125 0.166015625 0.0263671875 0.1064453125
0 0.568359375 0.345703125 0.0263671875 0.1064453125
0 0.234375 0.181640625 0.0263671875 0.1064453125