0 0.1923828125 0.630859375 0.1669921875 0.173828125
0 0.138671875 0.435546875 0.154296875 0.154296875
0 0.5087890625 0.330078125 0.150390625 0.154296875
0 0.751953125 0.646484375 0.154296875 0.154296875
0 0.2890625 0.515625 0.1513671875 0.158203125
0 0.0693359375 0.494140625 0.138671875 0.150390625
0 0.251953125 0.5546875 0.150390625 0.154296875
0 0.685546875 0.7275390625 0.15625 0.1611328125
0 0.6494140625 0.7607421875 0.173828125 0.1796875
0 0.607421875 0.791015625 0.154296875 0.154296875
0 0.580078125 0.8388671875 0.158203125 0.158203125
0 0.544921875 0.8681640625 0.154296875 0.154296875
0 0.2265625 0.591796875 0.107421875 0.1123046875
0 0.4482421875 0.3486328125 0.1044921875 0.1044921875
0 0.259765625 0.279296875 0.099609375 0.1044921875
0 0.09765625 0.455078125 0.111328125 0.1142578125