0 0.185546875 0.384765625 0.052734375 0.173828125
0 0.2802734375 0.2060546875 0.0498046875 0.154296875
0 0.623046875 0.380859375 0.0498046875 0.162109375
0 0.583984375 0.7783203125 0.041015625 0.1591796875
0 0.3349609375 0.3681640625 0.0439453125 0.171875
0 0.185546875 0.19921875 0.044921875 0.1513671875
0 0.28125 0.37109375 0.046875 0.1640625
0 0.48046875 0.79296875 0.048828125 0.1640625
0 0.431640625 0.7919921875 0.044921875 0.1875
0 0.3798828125 0.7861328125 0.048828125 0.1640625
0 0.3271484375 0.802734375 0.048828125 0.1640625
0 0.2822265625 0.7998046875 0.048828125 0.1640625
0 0.2373046875 0.380859375 0.0263671875 0.1171875
0 0.5654296875 0.353515625 0.0263671875 0.1171875
0 0.474609375 0.1748046875 0.0263671875 0.1171875
0 0.236328125 0.193359375 0.0263671875 0.1171875