0 0.291015625 0.3544921875 0.0439453125 0.162109375
0 0.287109375 0.197265625 0.0390625 0.142578125
0 0.1455078125 0.388671875 0.0498046875 0.171875
0 0.3408203125 0.771484375 0.0439453125 0.162109375
0 0.2001953125 0.3720703125 0.0439453125 0.162109375
0 0.525390625 0.3427734375 0.0419921875 0.146484375
0 0.4775390625 0.353515625 0.037109375 0.154296875
0 0.3876953125 0.3916015625 0.0439453125 0.1533203125
0 0.6357421875 0.767578125 0.0439453125 0.162109375
0 0.439453125 0.9404296875 0.0439453125 0.119140625
0 0.244140625 0.779296875 0.0439453125 0.162109375
0 0.4375 0.771484375 0.044921875 0.1748046875
0 0.486328125 0.767578125 0.0439453125 0.162109375