0 0.279296875 0.6279296875 0.1376953125 0.1376953125
0 0.134765625 0.564453125 0.146484375 0.0966796875
0 0.2490234375 0.7744140625 0.177734375 0.1201171875
0 0.6787109375 0.759765625 0.1455078125 0.1455078125
0 0.2568359375 0.7177734375 0.140625 0.140625
0 0.3681640625 0.4111328125 0.1279296875 0.126953125
0 0.357421875 0.458984375 0.1279296875 0.1279296875
0 0.353515625 0.556640625 0.1455078125 0.1455078125
0 0.798828125 0.490234375 0.140625 0.140625
0 0.8740234375 0.740234375 0.1142578125 0.1142578125
0 0.6455078125 0.8505859375 0.1513671875 0.1513671875
0 0.7197265625 0.6708984375 0.185546875 0.1298828125
0 0.736328125 0.6259765625 0.1376953125 0.1376953125