0 0.146484375 0.23046875 0.0625 0.2216796875
0 0.216796875 0.064453125 0.0673828125 0.126953125
0 0.3388671875 0.0673828125 0.068359375 0.130859375
0 0.609375 0.064453125 0.064453125 0.125
0 0.3359375 0.2490234375 0.0546875 0.197265625
0 0.810546875 0.263671875 0.0625 0.2216796875
0 0.876953125 0.2529296875 0.0625 0.2216796875
0 0.947265625 0.2529296875 0.0625 0.2216796875
0 0.681640625 0.2802734375 0.0625 0.2216796875
0 0.603515625 0.787109375 0.0625 0.2216796875
0 0.4716796875 0.2568359375 0.0625 0.2216796875
0 0.7373046875 0.791015625 0.0625 0.2216796875
0 0.8828125 0.7763671875 0.0703125 0.21875
0 0.6171875 0.2861328125 0.0625 0.2216796875
0 0.7470703125 0.2646484375 0.0576171875 0.205078125
0 0.3369140625 0.7958984375 0.0576171875 0.2001953125
0 0.673828125 0.783203125 0.0625 0.2216796875
0 0.5419921875 0.791015625 0.0625 0.2216796875
0 0.412109375 0.779296875 0.0625 0.2216796875
0 0.544921875 0.255859375 0.0625 0.2216796875
0 0.40625 0.248046875 0.0625 0.2216796875
0 0.1396484375 0.7822265625 0.0625 0.2392578125
0 0.2080078125 0.7646484375 0.0625 0.2373046875
0 0.2705078125 0.2353515625 0.0595703125 0.193359375