0 0.2998046875 0.109375 0.1591796875 0.21875
0 0.435546875 0.0283203125 0.119140625 0.056640625
0 0.5439453125 0.056640625 0.146484375 0.11328125
0 0.7890625 0.15625 0.1123046875 0.140625
0 0.462890625 0.2021484375 0.181640625 0.181640625
0 0.8828125 0.423828125 0.1767578125 0.240234375
0 0.9228515625 0.443359375 0.154296875 0.201171875
0 0.9658203125 0.4736328125 0.068359375 0.228515625
0 0.759765625 0.3818359375 0.1591796875 0.2314453125
0 0.466796875 0.8037109375 0.1591796875 0.2294921875
0 0.5810546875 0.26953125 0.1689453125 0.236328125
0 0.5859375 0.865234375 0.1689453125 0.236328125
0 0.7216796875 0.8984375 0.1748046875 0.203125
0 0.69921875 0.3583984375 0.166015625 0.234375
0 0.8251953125 0.396484375 0.1611328125 0.220703125
0 0.2236328125 0.6943359375 0.1513671875 0.212890625
0 0.53125 0.8310546875 0.1748046875 0.2392578125
0 0.41015625 0.7802734375 0.1748046875 0.2392578125
0 0.298828125 0.712890625 0.173828125 0.2392578125
0 0.6474609375 0.2998046875 0.1748046875 0.2392578125
0 0.525390625 0.232421875 0.173828125 0.2392578125
0 0.08203125 0.5947265625 0.1640625 0.2236328125
0 0.12109375 0.6103515625 0.216796875 0.216796875
0 0.4091796875 0.1611328125 0.1875 0.1875