0 0.2685546875 0.75390625 0.1298828125 0.1298828125
0 0.8125 0.2255859375 0.1435546875 0.1435546875
0 0.744140625 0.751953125 0.1376953125 0.1376953125
0 0.548828125 0.208984375 0.1591796875 0.1591796875
0 0.6142578125 0.21484375 0.0859375 0.234375
0 0.611328125 0.7255859375 0.078125 0.224609375
0 0.205078125 0.748046875 0.068359375 0.203125
0 0.5400390625 0.73828125 0.060546875 0.2138671875
0 0.416015625 0.224609375 0.080078125 0.2294921875
0 0.33984375 0.19140625 0.142578125 0.142578125
0 0.2763671875 0.2119140625 0.1279296875 0.1279296875
0 0.466796875 0.75390625 0.1328125 0.134765625
0 0.404296875 0.732421875 0.1435546875 0.1435546875
0 0.3310546875 0.748046875 0.1357421875 0.1357421875
0 0.1416015625 0.765625 0.072265625 0.212890625