0 0.2734375 0.2421875 0.0595703125 0.193359375
0 0.8076171875 0.779296875 0.0595703125 0.193359375
0 0.748046875 0.2529296875 0.0595703125 0.193359375
0 0.5439453125 0.791015625 0.0546875 0.2314453125
0 0.609375 0.787109375 0.060546875 0.2294921875
0 0.615234375 0.2763671875 0.0595703125 0.220703125
0 0.208984375 0.2470703125 0.0576171875 0.2001953125
0 0.5439453125 0.2626953125 0.0546875 0.2138671875
0 0.412109375 0.7734375 0.0595703125 0.224609375
0 0.333984375 0.8056640625 0.0595703125 0.2109375
0 0.271484375 0.7841796875 0.0595703125 0.1923828125
0 0.4716796875 0.2451171875 0.0595703125 0.193359375
0 0.408203125 0.2666015625 0.064453125 0.2109375
0 0.3359375 0.2490234375 0.0595703125 0.193359375
0 0.146484375 0.228515625 0.0595703125 0.208984375