0 0.2939453125 0.3603515625 0.046875 0.154296875
0 0.3388671875 0.181640625 0.046875 0.154296875
0 0.4814453125 0.349609375 0.048828125 0.154296875
0 0.201171875 0.19921875 0.048828125 0.154296875
0 0.529296875 0.341796875 0.044921875 0.1513671875
0 0.2021484375 0.375 0.0439453125 0.169921875
0 0.3896484375 0.388671875 0.052734375 0.146484375
0 0.2939453125 0.7734375 0.048828125 0.1591796875
0 0.2470703125 0.775390625 0.048828125 0.154296875
0 0.5400390625 0.919921875 0.048828125 0.1591796875
0 0.591796875 0.919921875 0.048828125 0.1591796875
0 0.63671875 0.7666015625 0.048828125 0.1591796875
0 0.486328125 0.763671875 0.048828125 0.1591796875
0 0.392578125 0.7626953125 0.048828125 0.1591796875
0 0.537109375 0.7626953125 0.048828125 0.1591796875
0 0.6884765625 0.763671875 0.048828125 0.1591796875
0 0.787109375 0.919921875 0.048828125 0.1591796875