0 0.6962890625 0.345703125 0.0576171875 0.158203125
0 0.638671875 0.1708984375 0.1171875 0.115234375
0 0.5078125 0.3486328125 0.1201171875 0.1201171875
0 0.7763671875 0.1787109375 0.1142578125 0.1123046875
0 0.4599609375 0.3447265625 0.060546875 0.15625
0 0.7880859375 0.3544921875 0.1171875 0.119140625
0 0.6025390625 0.3818359375 0.080078125 0.154296875
0 0.724609375 0.7587890625 0.1220703125 0.1220703125
0 0.771484375 0.7578125 0.1171875 0.119140625
0 0.490234375 0.921875 0.1142578125 0.1123046875
0 0.4384765625 0.92578125 0.1220703125 0.1220703125
0 0.3818359375 0.775390625 0.123046875 0.123046875
0 0.5322265625 0.7626953125 0.060546875 0.162109375
0 0.6259765625 0.7548828125 0.119140625 0.119140625
0 0.4814453125 0.7646484375 0.1220703125 0.123046875
0 0.330078125 0.7763671875 0.1142578125 0.1123046875
0 0.2431640625 0.9287109375 0.060546875 0.142578125