0 0.279296875 0.365234375 0.048828125 0.162109375
0 0.1845703125 0.3818359375 0.0546875 0.185546875
0 0.376953125 0.3994140625 0.048828125 0.162109375
0 0.3759765625 0.787109375 0.048828125 0.162109375
0 0.32421875 0.8046875 0.048828125 0.162109375
0 0.2265625 0.7939453125 0.048828125 0.162109375
0 0.5205078125 0.3505859375 0.044921875 0.1513671875
0 0.6845703125 0.787109375 0.0498046875 0.1591796875
0 0.4794921875 0.79296875 0.052734375 0.177734375
0 0.6201171875 0.3779296875 0.0439453125 0.166015625
0 0.6669921875 0.3740234375 0.0439453125 0.166015625
0 0.232421875 0.3671875 0.025390625 0.1123046875
0 0.236328125 0.173828125 0.025390625 0.1123046875
0 0.470703125 0.1650390625 0.025390625 0.1123046875