0 0.404296875 0.259765625 0.146484375 0.1689453125
0 0.318359375 0.2158203125 0.158203125 0.1826171875
0 0.4619140625 0.345703125 0.140625 0.162109375
0 0.228515625 0.654296875 0.1533203125 0.1533203125
0 0.1767578125 0.6376953125 0.150390625 0.169921875
0 0.1044921875 0.5703125 0.1455078125 0.1669921875
0 0.6064453125 0.392578125 0.140625 0.140625
0 0.474609375 0.8408203125 0.1533203125 0.1533203125
0 0.3076171875 0.7216796875 0.1748046875 0.1748046875
0 0.669921875 0.474609375 0.1376953125 0.1611328125
0 0.708984375 0.5 0.1455078125 0.1455078125
0 0.3662109375 0.232421875 0.099609375 0.099609375
0 0.4853515625 0.0810546875 0.103515625 0.103515625
0 0.677734375 0.21484375 0.103515625 0.103515625