0 0.4345703125 0.369140625 0.041015625 0.140625
0 0.4794921875 0.1650390625 0.048828125 0.158203125
0 0.388671875 0.38671875 0.041015625 0.140625
0 0.6689453125 0.3603515625 0.046875 0.1484375
0 0.5234375 0.330078125 0.041015625 0.140625
0 0.3427734375 0.35546875 0.046875 0.1669921875
0 0.623046875 0.173828125 0.044921875 0.140625
0 0.5751953125 0.1669921875 0.0439453125 0.154296875
0 0.685546875 0.765625 0.046875 0.1484375
0 0.779296875 0.35546875 0.0498046875 0.1669921875
0 0.6201171875 0.36328125 0.0498046875 0.1591796875
0 0.720703125 0.353515625 0.0517578125 0.1796875
0 0.248046875 0.185546875 0.029296875 0.1201171875
0 0.572265625 0.345703125 0.0283203125 0.1201171875