0 0.556640625 0.6357421875 0.1328125 0.123046875
0 0.740234375 0.7353515625 0.1533203125 0.1533203125
0 0.5126953125 0.658203125 0.146484375 0.1376953125
0 0.716796875 0.4638671875 0.150390625 0.140625
0 0.6435546875 0.59375 0.140625 0.130859375
0 0.505859375 0.712890625 0.1513671875 0.1513671875
0 0.826171875 0.62109375 0.140625 0.140625
0 0.7998046875 0.662109375 0.158203125 0.1484375
0 0.421875 0.185546875 0.1435546875 0.1435546875
0 0.7919921875 0.3837890625 0.1669921875 0.1669921875
0 0.681640625 0.4990234375 0.1533203125 0.1533203125
0 0.755859375 0.4306640625 0.1748046875 0.162109375
0 0.572265625 0.896484375 0.111328125 0.103515625
0 0.6630859375 0.546875 0.111328125 0.1015625