0 0.4384765625 0.3740234375 0.0439453125 0.1513671875
0 0.5380859375 0.7548828125 0.0439453125 0.1513671875
0 0.5888671875 0.7509765625 0.0439453125 0.1513671875
0 0.4873046875 0.76953125 0.0439453125 0.1669921875
0 0.5283203125 0.34375 0.0439453125 0.1513671875
0 0.478515625 0.3505859375 0.0439453125 0.1513671875
0 0.3369140625 0.767578125 0.046875 0.171875
0 0.388671875 0.7587890625 0.0439453125 0.15625
0 0.736328125 0.7646484375 0.0439453125 0.1513671875
0 0.6845703125 0.765625 0.0439453125 0.1513671875
0 0.6376953125 0.7646484375 0.0439453125 0.1513671875
0 0.15625 0.1904296875 0.0439453125 0.1513671875
0 0.2021484375 0.1865234375 0.0439453125 0.1513671875
0 0.294921875 0.1953125 0.0439453125 0.1513671875
0 0.341796875 0.1826171875 0.046875 0.173828125
0 0.2509765625 0.171875 0.0234375 0.109375
0 0.5791015625 0.361328125 0.0234375 0.109375