0 0.384765625 0.4208984375 0.1171875 0.1171875
0 0.7470703125 0.5732421875 0.119140625 0.1201171875
0 0.736328125 0.623046875 0.1591796875 0.080078125
0 0.7685546875 0.525390625 0.125 0.126953125
0 0.341796875 0.505859375 0.154296875 0.064453125
0 0.35546875 0.458984375 0.1123046875 0.1123046875
0 0.787109375 0.3759765625 0.181640625 0.0859375
0 0.771484375 0.42578125 0.162109375 0.072265625
0 0.7294921875 0.7705078125 0.15625 0.0673828125
0 0.7373046875 0.7197265625 0.158203125 0.0703125
0 0.7431640625 0.6728515625 0.119140625 0.119140625
0 0.2412109375 0.1162109375 0.1201171875 0.1201171875
0 0.2314453125 0.162109375 0.1123046875 0.1123046875
0 0.2265625 0.25390625 0.158203125 0.0673828125
0 0.2080078125 0.298828125 0.125 0.125
0 0.208984375 0.2080078125 0.1123046875 0.044921875
0 0.3515625 0.55859375 0.1123046875 0.044921875