0 0.572265625 0.3583984375 0.0234375 0.109375
0 0.244140625 0.203125 0.0234375 0.109375
0 0.23828125 0.3662109375 0.0234375 0.109375
0 0.474609375 0.361328125 0.0439453125 0.1591796875
0 0.287109375 0.373046875 0.0439453125 0.1591796875
0 0.384765625 0.400390625 0.046875 0.150390625
0 0.7216796875 0.36328125 0.046875 0.1767578125
0 0.568359375 0.1826171875 0.0439453125 0.1591796875
0 0.6171875 0.3798828125 0.0439453125 0.1591796875
0 0.583984375 0.7685546875 0.0439453125 0.1591796875
0 0.787109375 0.767578125 0.046875 0.150390625
0 0.669921875 0.181640625 0.046875 0.1767578125
0 0.720703125 0.181640625 0.046875 0.1767578125
0 0.771484375 0.173828125 0.046875 0.1767578125