0 0.466796875 0.6552734375 0.0830078125 0.083984375
0 0.82421875 0.720703125 0.0859375 0.087890625
0 0.787109375 0.560546875 0.0576171875 0.1142578125
0 0.560546875 0.626953125 0.1298828125 0.1298828125
0 0.73828125 0.568359375 0.091796875 0.1689453125
0 0.63671875 0.5673828125 0.126953125 0.126953125
0 0.3212890625 0.689453125 0.1376953125 0.1376953125
0 0.515625 0.82421875 0.1376953125 0.1376953125
0 0.41796875 0.646484375 0.0966796875 0.171875
0 0.349609375 0.2626953125 0.134765625 0.134765625
0 0.154296875 0.3154296875 0.099609375 0.1640625
0 0.41796875 0.8525390625 0.111328125 0.189453125
0 0.369140625 0.865234375 0.0908203125 0.181640625
0 0.322265625 0.884765625 0.146484375 0.1455078125