0 0.52734375 0.3828125 0.212890625 0.212890625
0 0.724609375 0.4150390625 0.2060546875 0.2060546875
0 0.931640625 0.427734375 0.1357421875 0.142578125
0 0.89453125 0.6953125 0.2109375 0.181640625
0 0.8203125 0.5888671875 0.1923828125 0.1923828125
0 0.626953125 0.2294921875 0.205078125 0.1591796875
0 0.2607421875 0.685546875 0.236328125 0.181640625
0 0.2314453125 0.630859375 0.2060546875 0.2060546875
0 0.3759765625 0.8515625 0.220703125 0.1669921875
0 0.6962890625 0.34765625 0.208984375 0.208984375
0 0.775390625 0.537109375 0.2060546875 0.2060546875
0 0.3046875 0.740234375 0.2138671875 0.171875
0 0.095703125 0.3349609375 0.1904296875 0.185546875
0 0.220703125 0.5625 0.212890625 0.162109375
0 0.1591796875 0.513671875 0.205078125 0.1591796875
0 0.138671875 0.4462890625 0.203125 0.166015625
0 0.60546875 0.169921875 0.203125 0.1611328125