0 0.4130859375 0.416015625 0.072265625 0.2158203125
0 0.5419921875 0.263671875 0.072265625 0.216796875
0 0.669921875 0.078125 0.064453125 0.1533203125
0 0.875 0.255859375 0.0673828125 0.2138671875
0 0.7412109375 0.271484375 0.056640625 0.203125
0 0.333984375 0.251953125 0.0546875 0.197265625
0 0.5361328125 0.80078125 0.0673828125 0.2294921875
0 0.4736328125 0.7978515625 0.0654296875 0.212890625
0 0.7373046875 0.787109375 0.0625 0.220703125
0 0.470703125 0.2529296875 0.0654296875 0.2158203125
0 0.673828125 0.283203125 0.064453125 0.208984375
0 0.60546875 0.791015625 0.0625 0.2001953125
0 0.138671875 0.78125 0.072265625 0.2236328125
0 0.4091796875 0.771484375 0.0595703125 0.208984375
0 0.3359375 0.798828125 0.0546875 0.197265625
0 0.267578125 0.7822265625 0.056640625 0.185546875
0 0.271484375 0.240234375 0.056640625 0.1904296875