0 0.4052734375 0.359375 0.0673828125 0.228515625
0 0.94140625 0.263671875 0.0673828125 0.228515625
0 0.7333984375 0.7890625 0.0673828125 0.228515625
0 0.46875 0.806640625 0.0595703125 0.2236328125
0 0.4013671875 0.7763671875 0.0673828125 0.228515625
0 0.33203125 0.796875 0.064453125 0.193359375
0 0.7421875 0.271484375 0.0576171875 0.208984375
0 0.6748046875 0.28125 0.060546875 0.1982421875
0 0.533203125 0.798828125 0.0673828125 0.228515625
0 0.201171875 0.767578125 0.068359375 0.2373046875
0 0.1416015625 0.234375 0.064453125 0.216796875
0 0.2705078125 0.2421875 0.0576171875 0.197265625
0 0.466796875 0.25390625 0.064453125 0.208984375