0 0.611328125 0.626953125 0.2470703125 0.146484375
0 0.841796875 0.134765625 0.2451171875 0.142578125
0 0.28125 0.19921875 0.193359375 0.193359375
0 0.1962890625 0.451171875 0.1748046875 0.1748046875
0 0.20703125 0.5234375 0.189453125 0.189453125
0 0.169921875 0.5849609375 0.208984375 0.1201171875
0 0.783203125 0.3251953125 0.21875 0.1123046875
0 0.755859375 0.3876953125 0.162109375 0.162109375
0 0.220703125 0.3916015625 0.2470703125 0.150390625
0 0.1650390625 0.7197265625 0.255859375 0.1484375
0 0.6640625 0.9150390625 0.2373046875 0.142578125
0 0.689453125 0.7880859375 0.2060546875 0.109375
0 0.728515625 0.595703125 0.224609375 0.1298828125