0 0.279296875 0.3720703125 0.1640625 0.166015625
0 0.361328125 0.59375 0.171875 0.1220703125
0 0.728515625 0.3798828125 0.193359375 0.138671875
0 0.6787109375 0.2939453125 0.177734375 0.125
0 0.6533203125 0.197265625 0.150390625 0.150390625
0 0.251953125 0.283203125 0.154296875 0.154296875
0 0.349609375 0.54296875 0.146484375 0.146484375
0 0.345703125 0.447265625 0.173828125 0.1298828125
0 0.8115234375 0.5576171875 0.1455078125 0.1455078125
0 0.7890625 0.517578125 0.1689453125 0.115234375
0 0.7578125 0.4755859375 0.1357421875 0.1357421875
0 0.4228515625 0.669921875 0.171875 0.1220703125
0 0.1259765625 0.443359375 0.1328125 0.1328125
0 0.171875 0.576171875 0.146484375 0.146484375
0 0.2470703125 0.7470703125 0.140625 0.140625
0 0.201171875 0.66796875 0.1435546875 0.1435546875