0 0.291015625 0.3544921875 0.0517578125 0.1767578125
0 0.5263671875 0.333984375 0.0439453125 0.1591796875
0 0.4873046875 0.7578125 0.0517578125 0.1767578125
0 0.388671875 0.7490234375 0.046875 0.166015625
0 0.291015625 0.7666015625 0.048828125 0.1669921875
0 0.1982421875 0.3662109375 0.052734375 0.1748046875
0 0.474609375 0.345703125 0.048828125 0.15625
0 0.3876953125 0.3818359375 0.0498046875 0.15625
0 0.6845703125 0.7578125 0.0439453125 0.1591796875
0 0.6376953125 0.7548828125 0.0439453125 0.1591796875
0 0.5869140625 0.744140625 0.041015625 0.1513671875
0 0.6220703125 0.357421875 0.0439453125 0.1591796875
0 0.2900390625 0.185546875 0.0439453125 0.146484375
0 0.4296875 0.169921875 0.044921875 0.171875
0 0.6171875 0.166015625 0.0390625 0.1533203125
0 0.525390625 0.158203125 0.0439453125 0.1640625