0 0.5888671875 0.78515625 0.166015625 0.1640625
0 0.2666015625 0.666015625 0.1767578125 0.1767578125
0 0.646484375 0.814453125 0.146484375 0.146484375
0 0.4755859375 0.189453125 0.1796875 0.181640625
0 0.6103515625 0.22265625 0.1826171875 0.1826171875
0 0.794921875 0.2919921875 0.166015625 0.1640625
0 0.658203125 0.2626953125 0.173828125 0.173828125
0 0.7392578125 0.2568359375 0.123046875 0.216796875
0 0.3916015625 0.720703125 0.140625 0.2314453125
0 0.4560546875 0.7509765625 0.125 0.2236328125
0 0.7080078125 0.81640625 0.134765625 0.2265625
0 0.5205078125 0.767578125 0.138671875 0.232421875
0 0.2109375 0.1240234375 0.130859375 0.2294921875
0 0.283203125 0.1435546875 0.169921875 0.169921875
0 0.1318359375 0.650390625 0.181640625 0.181640625
0 0.2001953125 0.65625 0.1357421875 0.216796875
0 0.791015625 0.544921875 0.162109375 0.162109375