0 0.3359375 0.2509765625 0.056640625 0.197265625
0 0.6787109375 0.275390625 0.0625 0.1982421875
0 0.2724609375 0.23828125 0.0546875 0.1796875
0 0.609375 0.7919921875 0.060546875 0.21875
0 0.470703125 0.796875 0.0595703125 0.220703125
0 0.2734375 0.78125 0.056640625 0.197265625
0 0.4140625 0.771484375 0.0595703125 0.2216796875
0 0.3369140625 0.798828125 0.052734375 0.205078125
0 0.5439453125 0.2587890625 0.0625 0.2109375
0 0.47265625 0.2470703125 0.0576171875 0.208984375
0 0.212890625 0.2529296875 0.056640625 0.208984375
0 0.4072265625 0.248046875 0.056640625 0.216796875
0 0.880859375 0.78125 0.068359375 0.2158203125
0 0.806640625 0.783203125 0.0625 0.1982421875
0 0.8125 0.25390625 0.068359375 0.2001953125
0 0.7451171875 0.267578125 0.0625 0.1982421875
0 0.2080078125 0.537109375 0.1298828125 0.115234375