0 0.1796875 0.3818359375 0.048828125 0.1748046875
0 0.6689453125 0.376953125 0.0439453125 0.162109375
0 0.4267578125 0.3837890625 0.044921875 0.1591796875
0 0.521484375 0.171875 0.048828125 0.1767578125
0 0.421875 0.1875 0.048828125 0.1748046875
0 0.6845703125 0.791015625 0.0419921875 0.169921875
0 0.4716796875 0.3642578125 0.0419921875 0.1640625
0 0.583984375 0.7822265625 0.0390625 0.15625
0 0.0673828125 0.8369140625 0.0498046875 0.193359375
0 0.068359375 0.400390625 0.044921875 0.1455078125
0 0.091796875 0.1923828125 0.0439453125 0.1533203125
0 0.275390625 0.369140625 0.0439453125 0.162109375
0 0.427734375 0.794921875 0.046875 0.1845703125
0 0.224609375 0.794921875 0.0439453125 0.1611328125
0 0.328125 0.798828125 0.048828125 0.1748046875
0 0.3310546875 0.3642578125 0.046875 0.1748046875
0 0.271484375 0.1962890625 0.044921875 0.154296875
0 0.2314453125 0.3720703125 0.0263671875 0.125
0 0.466796875 0.1708984375 0.0263671875 0.125