0 0.2080078125 0.6767578125 0.142578125 0.142578125
0 0.689453125 0.587890625 0.076171875 0.1689453125
0 0.4501953125 0.6279296875 0.134765625 0.134765625
0 0.583984375 0.818359375 0.091796875 0.185546875
0 0.482421875 0.822265625 0.138671875 0.138671875
0 0.625 0.1787109375 0.09375 0.181640625
0 0.498046875 0.638671875 0.087890625 0.1748046875
0 0.5283203125 0.20703125 0.0732421875 0.162109375
0 0.04296875 0.251953125 0.0859375 0.1513671875
0 0.095703125 0.6806640625 0.1201171875 0.1201171875
0 0.158203125 0.8798828125 0.1171875 0.1171875
0 0.3037109375 0.671875 0.091796875 0.173828125
0 0.373046875 0.2236328125 0.142578125 0.142578125
0 0.173828125 0.263671875 0.0859375 0.169921875
0 0.2744140625 0.240234375 0.142578125 0.142578125
0 0.3603515625 0.666015625 0.0888671875 0.1845703125
0 0.333984375 0.841796875 0.078125 0.162109375
0 0.2607421875 0.677734375 0.09375 0.091796875
0 0.5302734375 0.8291015625 0.0654296875 0.130859375