0 0.498046875 0.216796875 0.103515625 0.103515625
0 0.328125 0.1337890625 0.107421875 0.107421875
0 0.3525390625 0.50390625 0.1279296875 0.0859375
0 0.564453125 0.1298828125 0.189453125 0.138671875
0 0.2890625 0.2158203125 0.1513671875 0.150390625
0 0.767578125 0.6064453125 0.150390625 0.150390625
0 0.8017578125 0.51171875 0.171875 0.1123046875
0 0.2490234375 0.302734375 0.15625 0.15625
0 0.9443359375 0.2587890625 0.111328125 0.169921875
0 0.869140625 0.376953125 0.1767578125 0.126953125
0 0.451171875 0.2978515625 0.189453125 0.1376953125
0 0.28515625 0.64453125 0.154296875 0.154296875
0 0.3349609375 0.5537109375 0.185546875 0.130859375
0 0.6240234375 0.876953125 0.1533203125 0.1064453125
0 0.7138671875 0.693359375 0.173828125 0.1142578125
0 0.697265625 0.740234375 0.140625 0.140625