0 0.244140625 0.37890625 0.0263671875 0.125
0 0.240234375 0.189453125 0.0263671875 0.125
0 0.5654296875 0.3681640625 0.0263671875 0.125
0 0.1376953125 0.4013671875 0.052734375 0.171875
0 0.3310546875 0.1884765625 0.0517578125 0.1767578125
0 0.482421875 0.787109375 0.0517578125 0.171875
0 0.3828125 0.7783203125 0.0419921875 0.1689453125
0 0.4267578125 0.189453125 0.052734375 0.171875
0 0.080078125 0.828125 0.0498046875 0.1826171875
0 0.232421875 0.783203125 0.0498046875 0.162109375
0 0.337890625 0.369140625 0.052734375 0.171875
0 0.7216796875 0.3662109375 0.0517578125 0.171875
0 0.619140625 0.373046875 0.0517578125 0.171875
0 0.7890625 0.771484375 0.048828125 0.146484375
0 0.583984375 0.775390625 0.0419921875 0.1689453125
0 0.634765625 0.779296875 0.0498046875 0.162109375