0 0.666015625 0.119140625 0.103515625 0.103515625
0 0.3994140625 0.369140625 0.099609375 0.099609375
0 0.6201171875 0.3095703125 0.099609375 0.171875
0 0.5380859375 0.353515625 0.095703125 0.1591796875
0 0.5830078125 0.1435546875 0.0966796875 0.171875
0 0.490234375 0.1630859375 0.138671875 0.1376953125
0 0.349609375 0.39453125 0.1279296875 0.1279296875
0 0.4833984375 0.3466796875 0.1376953125 0.1376953125
0 0.95703125 0.6923828125 0.0859375 0.146484375
0 0.8291015625 0.6865234375 0.1376953125 0.1376953125
0 0.4931640625 0.7685546875 0.1044921875 0.173828125
0 0.5390625 0.7578125 0.1279296875 0.1279296875
0 0.58984375 0.751953125 0.09375 0.173828125
0 0.68359375 0.7216796875 0.134765625 0.134765625
0 0.7353515625 0.716796875 0.091796875 0.1689453125
0 0.6826171875 0.9013671875 0.078125 0.1376953125
0 0.5341796875 0.9306640625 0.0966796875 0.138671875