0 0.2412109375 0.17578125 0.03125 0.1220703125
0 0.5634765625 0.3466796875 0.03125 0.1220703125
0 0.333984375 0.3466796875 0.044921875 0.1591796875
0 0.4248046875 0.3681640625 0.046875 0.1455078125
0 0.328125 0.177734375 0.044921875 0.1591796875
0 0.421875 0.1728515625 0.046875 0.169921875
0 0.6181640625 0.359375 0.044921875 0.1591796875
0 0.4765625 0.34765625 0.044921875 0.1591796875
0 0.0791015625 0.8115234375 0.048828125 0.1767578125
0 0.23046875 0.765625 0.044921875 0.1591796875
0 0.576171875 0.7578125 0.044921875 0.1591796875
0 0.529296875 0.759765625 0.044921875 0.1591796875
0 0.478515625 0.7666015625 0.048828125 0.1640625
0 0.3798828125 0.76171875 0.044921875 0.1591796875
0 0.3291015625 0.7705078125 0.044921875 0.1591796875
0 0.4267578125 0.9345703125 0.044921875 0.130859375
0 0.580078125 0.9306640625 0.046875 0.138671875