0 0.9306640625 0.275390625 0.138671875 0.384765625
0 0.8515625 0.2705078125 0.150390625 0.3564453125
0 0.50390625 0.263671875 0.1484375 0.34375
0 0.416015625 0.2646484375 0.146484375 0.3701171875
0 0.326171875 0.26171875 0.1435546875 0.3701171875
0 0.240234375 0.2666015625 0.150390625 0.3486328125
0 0.068359375 0.2685546875 0.134765625 0.365234375
0 0.1806640625 0.7060546875 0.1455078125 0.34375
0 0.08984375 0.6943359375 0.1484375 0.3544921875
0 0.7705078125 0.2646484375 0.146484375 0.341796875
0 0.677734375 0.259765625 0.15625 0.3564453125
0 0.583984375 0.2607421875 0.154296875 0.349609375
0 0.15234375 0.259765625 0.1484375 0.365234375
0 0.9482421875 0.724609375 0.099609375 0.337890625
0 0.8818359375 0.716796875 0.158203125 0.3642578125
0 0.7880859375 0.705078125 0.1513671875 0.3720703125
0 0.7041015625 0.7119140625 0.1484375 0.3701171875
0 0.6181640625 0.705078125 0.1513671875 0.3515625
0 0.5302734375 0.7041015625 0.1484375 0.3486328125
0 0.443359375 0.7080078125 0.1435546875 0.3623046875
0 0.3544921875 0.712890625 0.150390625 0.3564453125
0 0.263671875 0.705078125 0.158203125 0.3564453125
0 0.0400390625 0.7060546875 0.080078125 0.349609375