0 0.091796875 0.4814453125 0.18359375 0.416015625
0 0.1240234375 0.5224609375 0.248046875 0.404296875
0 0.37890625 0.7021484375 0.365234375 0.365234375
0 0.455078125 0.74609375 0.3671875 0.3671875
0 0.53125 0.79296875 0.3701171875 0.3701171875
0 0.607421875 0.828125 0.3515625 0.34375
0 0.7314453125 0.8701171875 0.2998046875 0.259765625
0 0.853515625 0.48046875 0.2919921875 0.341796875
0 0.896484375 0.5361328125 0.2060546875 0.390625
0 0.1611328125 0.568359375 0.322265625 0.3486328125
0 0.2255859375 0.619140625 0.375 0.375
0 0.3076171875 0.666015625 0.3251953125 0.392578125
0 0.6796875 0.8447265625 0.3828125 0.310546875
0 0.23046875 0.130859375 0.2734375 0.26171875
0 0.2763671875 0.1650390625 0.3466796875 0.330078125
0 0.3505859375 0.181640625 0.373046875 0.36328125
0 0.4287109375 0.21484375 0.34375 0.4169921875
0 0.5009765625 0.263671875 0.345703125 0.345703125
0 0.576171875 0.3076171875 0.3046875 0.3779296875
0 0.65234375 0.3486328125 0.3623046875 0.3623046875
0 0.732421875 0.388671875 0.357421875 0.357421875
0 0.806640625 0.44140625 0.3701171875 0.3701171875
0 0.9296875 0.5458984375 0.140625 0.357421875