0 0.294921875 0.9365234375 0.404296875 0.126953125
0 0.296875 0.634765625 0.427734375 0.263671875
0 0.294921875 0.509765625 0.3955078125 0.2392578125
0 0.3154296875 0.763671875 0.435546875 0.259765625
0 0.2861328125 0.2578125 0.328125 0.330078125
0 0.2978515625 0.388671875 0.375 0.220703125
0 0.337890625 0.87890625 0.3955078125 0.2421875
0 0.658203125 0.232421875 0.4033203125 0.2451171875
0 0.689453125 0.607421875 0.3876953125 0.216796875
0 0.681640625 0.4833984375 0.3076171875 0.3076171875
0 0.677734375 0.3583984375 0.3173828125 0.3173828125
0 0.71484375 0.7373046875 0.326171875 0.326171875
0 0.7314453125 0.923828125 0.408203125 0.1513671875
0 0.732421875 0.8515625 0.4326171875 0.263671875