0 0.3779296875 0.755859375 0.1640625 0.1640625
0 0.31640625 0.60546875 0.1298828125 0.1298828125
0 0.3466796875 0.673828125 0.1484375 0.1201171875
0 0.287109375 0.525390625 0.1513671875 0.1513671875
0 0.1943359375 0.302734375 0.162109375 0.138671875
0 0.4794921875 0.9521484375 0.1689453125 0.095703125
0 0.419921875 0.830078125 0.1591796875 0.1591796875
0 0.263671875 0.4580078125 0.15625 0.126953125
0 0.4521484375 0.900390625 0.146484375 0.146484375
0 0.236328125 0.37890625 0.173828125 0.1435546875
0 0.173828125 0.216796875 0.1455078125 0.1455078125
0 0.458984375 0.58984375 0.150390625 0.1513671875
0 0.42578125 0.5048828125 0.1669921875 0.1435546875
0 0.361328125 0.349609375 0.1435546875 0.1220703125
0 0.4970703125 0.6650390625 0.173828125 0.142578125
0 0.5634765625 0.818359375 0.1796875 0.1484375
0 0.3310546875 0.26953125 0.158203125 0.1328125
0 0.3974609375 0.423828125 0.150390625 0.150390625
0 0.599609375 0.900390625 0.1640625 0.1640625
0 0.533203125 0.736328125 0.171875 0.1513671875
0 0.271484375 0.111328125 0.1455078125 0.142578125
0 0.306640625 0.189453125 0.162109375 0.1455078125
0 0.017578125 0.3486328125 0.0341796875 0.140625
0 0.2548828125 0.9775390625 0.150390625 0.044921875
0 0.08984375 0.6337890625 0.1455078125 0.146484375
0 0.06640625 0.560546875 0.1328125 0.146484375
0 0.8271484375 0.7255859375 0.1689453125 0.1689453125
0 0.869140625 0.806640625 0.1875 0.158203125
0 0.7978515625 0.6328125 0.185546875 0.1513671875
0 0.037109375 0.4189453125 0.07421875 0.146484375
0 0.12109375 0.7001953125 0.166015625 0.1298828125
0 0.208984375 0.904296875 0.1669921875 0.130859375
0 0.0595703125 0.4873046875 0.119140625 0.1376953125
0 0.765625 0.546875 0.193359375 0.162109375
0 0.5556640625 0.0595703125 0.1796875 0.119140625
0 0.7421875 0.4619140625 0.1845703125 0.158203125
0 0.634765625 0.205078125 0.189453125 0.15625
0 0.6005859375 0.115234375 0.197265625 0.169921875
0 0.673828125 0.2861328125 0.1953125 0.1640625
0 0.7177734375 0.375 0.1904296875 0.150390625
0 0.154296875 0.767578125 0.1689453125 0.140625
0 0.1845703125 0.8359375 0.138671875 0.1376953125
0 0.240234375 0.9501953125 0.15234375 0.099609375
0 0.9453125 0.619140625 0.109375 0.166015625
0 0.9697265625 0.7041015625 0.060546875 0.185546875
0 0.8837890625 0.3505859375 0.181640625 0.181640625
0 0.927734375 0.53125 0.1435546875 0.162109375
0 0.8056640625 0.1630859375 0.197265625 0.197265625
0 0.845703125 0.259765625 0.1845703125 0.1845703125
0 0.916015625 0.443359375 0.1669921875 0.185546875
0 0.76953125 0.083984375 0.189453125 0.1669921875
0 0.7294921875 0.0390625 0.197265625 0.078125