0 0.494029712890625 1 0.496759728515625 0.912275548828125 0.49673433984375 0.912192509765625 0.4948644765625 0.907787384765625 0.429414740234375 0.92957834375 0.429036841796875 1 0.494029712890625 1
0 0.39666801953125 0.863673435546875 0.414349951171875 0.981085068359375 0.414584744140625 0.980985404296875 0.475156298828125 0.950265390625 0.45694599609375 0.833094888671875 0.39666801953125 0.863673435546875
0 0.413914791015625 0.70315508203125 0.38610790234375 0.636100421875 0.273363447265625 0.64372977734375 0.272849486328125 0.643947939453125 0.29805708984375 0.71644383984375 0.414750900390625 0.70762734375 0.41550814453125 0.707305912109375 0.413914791015625 0.70315508203125
0 0.29904253515625 0.732358236328125 0.34336869921875 0.798593486328125 0.44830468359375 0.77427129296875 0.44972439453125 0.773451623046875 0.445097541015625 0.762551439453125 0.413355529296875 0.7075726640625 0.29904253515625 0.732358236328125
0 0.44095094140625 0.8817990390625 0.455269181640625 0.76651975390625 0.45288617578125 0.76090574609375 0.37668105078125 0.775288919921875 0.3633189609375 0.89688916796875 0.44095094140625 0.8817990390625
0 0.24577426171875 0.5726494765625 0.2453164609375 0.572816103515625 0.269976384765625 0.647727365234375 0.38336545703125 0.63777520703125 0.3877159296875 0.635928541015625 0.3622837265625 0.566054140625 0.24577426171875 0.5726494765625
0 0.329835267578125 0.4830127109375 0.21203691015625 0.49835446875 0.240585029296875 0.5755035703125 0.353397208984375 0.56053175390625 0.359240388671875 0.55805147265625 0.3392480234375 0.505187775390625 0.329835267578125 0.4830127109375
0 0.13778196875 0.30441291015625 0.2166750078125 0.27782773046875 0.194165416015625 0.14346235546875 0.1940517109375 0.143132130859375 0.192364064453125 0.13915628515625 0.116791115234375 0.16598461328125 0.13778196875 0.30441291015625
0 0.28552005859375 0.3262409921875 0.284517353515625 0.32348608984375 0.254596953125 0.2455962890625 0.119726908203125 0.26930815234375 0.115760927734375 0.270991611328125 0.11830852734375 0.277991087890625 0.1451951328125 0.35001110546875 0.281777806640625 0.327829482421875 0.28552005859375 0.3262409921875
0 0.20198381640625 0.49035528515625 0.340579390625 0.48449556640625 0.348629791015625 0.481078375 0.32741061328125 0.407078302734375 0.18276930078125 0.414935029296875 0.20198381640625 0.49035528515625
0 0.191447626953125 0.452887560546875 0.239862482421875 0.447181841796875 0.273351857421875 0.442475216796875 0.27860328515625 0.30233401953125 0.277779900390625 0.300394248046875 0.20530183203125 0.312122029296875 0.191447626953125 0.452887560546875
0 0.647782318359375 0.85215223828125 0.48883092578125 0.863656763671875 0.522559787109375 0.9415081796875 0.673761751953125 0.925289310546875 0.677823138671875 0.92356535546875 0.673226740234375 0.9120955390625 0.647782318359375 0.85215223828125
0 0.57384948828125 1 0.579211947265625 0.998836783203125 0.634581587890625 0.986053693359375 0.69608452734375 0.95994724609375 0.695871828125 0.95902594921875 0.68844595703125 0.93721509765625 0.52248507421875 0.923302365234375 0.521793193359375 0.92359605078125 0.54267515625 1 0.57384948828125 1
0 0.477927384765625 0.65939536328125 0.517871701171875 0.634435380859375 0.4717318828125 0.494982056640625 0.470561814453125 0.4931095546875 0.40537418359375 0.532579771484375 0.4446875546875 0.67794560546875 0.44833192578125 0.676398662109375 0.477927384765625 0.65939536328125
0 0.585163826171875 0.72929243359375 0.58244285546875 0.72371361328125 0.5106933671875 0.75189100390625 0.52959820703125 0.904701744140625 0.604172734375 0.86855609375 0.585163826171875 0.72929243359375
0 0.562086421875 0.6382686171875 0.554536259765625 0.620481546875 0.402984294921875 0.63114494140625 0.401350126953125 0.63183860546875 0.438684994140625 0.70758820703125 0.5740719375 0.69262015625 0.5825857578125 0.68900625390625 0.562086421875 0.6382686171875
0 0.5472120390625 0.64584383203125 0.545583556640625 0.64290597265625 0.479135580078125 0.6780981640625 0.504944025390625 0.828901814453125 0.51609826953125 0.824167119140625 0.576434296875 0.790722310546875 0.5472120390625 0.64584383203125
0 0.3353525625 0.5009522109375 0.377871396484375 0.567361365234375 0.514780841796875 0.518539392578125 0.52165231640625 0.5139045234375 0.489718615234375 0.46058015625 0.479804890625 0.44588245703125 0.355003896484375 0.492198416015625 0.3353525625 0.5009522109375
0 0.343622890625 0.09843403515625 0.308479525390625 0.042192892578125 0.178676283203125 0.1065618828125 0.224697830078125 0.17571071484375 0.35011789453125 0.11891663671875 0.35414573828125 0.116399759765625 0.353205359375 0.11418436328125 0.343622890625 0.09843403515625
0 0.347493947265625 0.244741853515625 0.363145505859375 0.23744341015625 0.32387483203125 0.107060978515625 0.24880913671875 0.14565176171875 0.28393419140625 0.27252905859375 0.347493947265625 0.244741853515625
0 0.3344677421875 0.427568931640625 0.337732544921875 0.426754923828125 0.414693724609375 0.40651301171875 0.41280190234375 0.28257741796875 0.409558451171875 0.274936322265625 0.32833359765625 0.29394012109375 0.3344677421875 0.427568931640625
0 0.391902181640625 0.21927126953125 0.25846319921875 0.242992474609375 0.28728648046875 0.32063641796875 0.41947684765625 0.29993359375 0.4217307421875 0.29897687109375 0.40341855859375 0.248664556640625 0.391902181640625 0.21927126953125
0 0.353494435546875 0.470199126953125 0.473076068359375 0.465597703125 0.482463048828125 0.461613166015625 0.4630624609375 0.388505794921875 0.33059594140625 0.38959828515625 0.353494435546875 0.470199126953125
0 0.90308933203125 0.71781777734375 0.9018341171875 0.7148606796875 0.82677561328125 0.726705150390625 0.8210143359375 0.72772101953125 0.8076602265625 0.895082533203125 0.878197365234375 0.882644931640625 0.879296275390625 0.88217847265625 0.90308933203125 0.71781777734375
0 0.5719108046875 0.230711533203125 0.64064888671875 0.19322989453125 0.577076443359375 0.015952517578125 0.577062193359375 0.015925716796875 0.49907846484375 0.06103683203125 0.556693412109375 0.238293740234375 0.561440212890625 0.236278845703125 0.5719108046875 0.230711533203125
0 0.783610197265625 0.83939787109375 0.861461384765625 0.827310255859375 0.86203662109375 0.82719844140625 0.869963935546875 0.63977923828125 0.868216927734375 0.63566354296875 0.797609490234375 0.651087802734375 0.783610197265625 0.83939787109375
0 0.661268390625 0.202403041015625 0.6571271953125 0.194275486328125 0.57835559765625 0.229560130859375 0.628288486328125 0.4149908828125 0.64238161328125 0.409008705078125 0.71171008203125 0.3736840859375 0.661268390625 0.202403041015625
0 0.5080740390625 0 0.424563998046875 0.042759248046875 0.477249646484375 0.12364781640625 0.63117157421875 0.03931462890625 0.639631736328125 0.0331679609375 0.63757598046875 0.028324904296875 0.62907824609375 0.01599854296875 0.617454625 0 0.5080740390625 0
0 0.80164117578125 0.749072673828125 0.859677650390625 0.704279166015625 0.787707017578125 0.53304016015625 0.78491420703125 0.52933398046875 0.71817212890625 0.578399416015625 0.790639025390625 0.756857185546875 0.79217726953125 0.75620423828125 0.80164117578125 0.749072673828125
0 0.82730774609375 0.48062823828125 0.8277484375 0.48034205078125 0.82565737109375 0.47541580859375 0.825613474609375 0.47534821484375 0.77280212109375 0.4035376015625 0.753773681640625 0.4101738671875 0.604121833984375 0.465343044921875 0.603924056640625 0.465471484375 0.64459753125 0.52939732421875 0.649709966796875 0.53726978515625 0.82730774609375 0.48062823828125
0 0.78639796484375 0.38692535546875 0.784028369140625 0.383133208984375 0.74107995703125 0.32015424609375 0.57034346484375 0.379090373046875 0.56980276953125 0.37942823828125 0.605549240234375 0.439540130859375 0.6167784453125 0.457510619140625 0.7890956484375 0.39328069921875 0.78639796484375 0.38692535546875
0 0.694712302734375 0.169168208984375 0.505274888671875 0.167360734375 0.52594159765625 0.257366966796875 0.702701525390625 0.264583755859375 0.7090885703125 0.261872615234375 0.7002480078125 0.2041192734375 0.694712302734375 0.169168208984375
0 0.70909456640625 0.66374780859375 0.76807505078125 0.649157224609375 0.80163080078125 0.63953526953125 0.797154220703125 0.4562535546875 0.79496656640625 0.45109976171875 0.70706554296875 0.473753953125 0.70909456640625 0.66374780859375
0 0 0.37765074609375 0.047625150390625 0.36601849609375 0.03176188671875 0.328646990234375 0.017054900390625 0.2956145546875 0 0.299451453125 0 0.37765074609375
0 1 0.68124690625 0.95594751171875 0.700228365234375 0.953211765625 0.701622298828125 1 0.79344937890625 1 0.68124690625
0 0 0.481385826171875 0.006004044921875 0.47883726171875 0.021497630859375 0.46989203515625 0.066970494140625 0.44171211328125 0.03465587109375 0.34808826953125 0.033305583984375 0.345749505859375 0 0.36572708984375 0 0.481385826171875
0 0.03801261328125 0.53891953125 0.086491591796875 0.525435640625 0.084069904296875 0.42788347265625 0.08165867578125 0.42220297265625 0.01322275 0.441976708984375 0.013237265625 0.544935095703125 0.0132993046875 0.54508125 0.03801261328125 0.53891953125
0 0.008458111328125 0.53697337109375 0.05673605078125 0.600760330078125 0.145797443359375 0.569212205078125 0.14709702734375 0.56836824609375 0.14373017578125 0.56043644140625 0.1064749140625 0.5030683671875 0.008458111328125 0.53697337109375
0 1 0.514884052734375 0.93159508984375 0.54160391015625 0.943927705078125 0.726050859375 0.944749212890625 0.7279862109375 1 0.706777419921875 1 0.514884052734375
0 1 0.49428944140625 0.842803314453125 0.478585072265625 0.85528976171875 0.55665990234375 0.8577895625 0.57083697265625 1 0.583428400390625 1 0.49428944140625
0 1 0.66179685546875 0.90982420703125 0.650721119140625 0.9089211640625 0.650880349609375 0.91179333203125 0.667169232421875 0.9261286875 0.7414584375 1 0.74935419921875 1 0.66179685546875
0 1 0.42753045703125 0.981506869140625 0.384602205078125 0.79689630859375 0.41490046484375 0.83283011328125 0.495711875 1 0.47690941796875 1 0.42753045703125
0 0.82349281640625 0.006058095703125 0.64306595703125 0.0732497890625 0.6466464140625 0.08168481640625 0.68592989453125 0.1516067109375 0.866653552734375 0.0942163125 0.870119685546875 0.09229500390625 0.86627809375 0.08324478125 0.82349281640625 0.006058095703125
0 0.862892599609375 0.098387564453125 0.681665498046875 0.159033642578125 0.68038079296875 0.159775365234375 0.718693373046875 0.22675217578125 0.7275139375 0.24202983984375 0.909164271484375 0.18427828515625 0.899953271484375 0.162578529296875 0.862892599609375 0.098387564453125
0 0.747691662109375 0.30265981640625 0.93294937890625 0.316223892578125 0.938502685546875 0.31386665234375 0.92329058984375 0.21782124609375 0.73069887890625 0.207220896484375 0.747691662109375 0.30265981640625
0 0.92495294140625 0.24946645703125 0.92377398046875 0.246688994140625 0.832758048828125 0.26265144921875 0.824457962890625 0.4605934375 0.82478852734375 0.461372197265625 0.920588580078125 0.4427505546875 0.92495294140625 0.24946645703125
0 0.62243034765625 0 0.64054723046875 0.054229423828125 0.8143575078125 0.02537809765625 0.8280148203125 0.019580912109375 0.82293118359375 0 0.62243034765625 0
0 0.16175264453125 0.87442847265625 0.263986486328125 0.84904053515625 0.269541068359375 0.84596158203125 0.25596491796875 0.81963269921875 0.237214810546875 0.785806609375 0.12755999609375 0.81017677734375 0.16175264453125 0.87442847265625
0 0.15362428515625 0.594841162109375 0.0581292890625 0.584610333984375 0.06978121484375 0.6571022890625 0.159240970703125 0.6616180078125 0.16498674609375 0.6591790703125 0.1538126015625 0.595807357421875 0.15362428515625 0.594841162109375
0 0.268612490234375 0.85297062109375 0.156455767578125 0.8714035 0.184734689453125 0.92615943359375 0.29801256640625 0.919904060546875 0.27878901171875 0.87461620703125 0.27049462890625 0.856828841796875 0.268612490234375 0.85297062109375
0 0.22831684375 0.79572112890625 0.21579023828125 0.72761190234375 0.115286025390625 0.714405794921875 0.123195701171875 0.7872646484375 0.22296523828125 0.80074600390625 0.223610091796875 0.800643869140625 0.22875091015625 0.798461720703125 0.22831684375 0.79572112890625
0 0.11052930078125 0.647185345703125 0.098810861328125 0.74417746484375 0.141628146484375 0.737395873046875 0.169270275390625 0.732426529296875 0.18332721484375 0.63948691015625 0.182882193359375 0.63667715625 0.18155117578125 0.63354148046875 0.11052930078125 0.647185345703125
0 0.321165623046875 1 0.32651133203125 0.963049462890625 0.324141271484375 0.95746594921875 0.25918190234375 0.97487176171875 0.25570484375 1 0.321165623046875 1
0 0.32909726953125 0.988416236328125 0.31236387109375 0.942141638671875 0.308430529296875 0.93189493359375 0.2827061015625 0.93025650390625 0.190424724609375 0.92595541796875 0.21236682421875 0.99120354296875 0.214200791015625 0.9959811875 0.32026736328125 0.99216430859375 0.32909726953125 0.988416236328125