0 0.72701873828125 0 0.658337462890625 0.08888710546875 0.69677350390625 0.14677033984375 0.70075337109375 0.14398360546875 0.76703675390625 0.05347690234375 0.74775949609375 0.0249185703125 0.72965509375 0 0.72701873828125 0
0 0.62952695703125 0.19074569140625 0.711650205078125 0.105210234375 0.680018171875 0.04598683984375 0.67943098046875 0.045178642578125 0.597689267578125 0.131123185546875 0.62952695703125 0.19074569140625
0 0.532188267578125 0.289272302734375 0.44658849609375 0.208548962890625 0.38121419140625 0.24912523046875 0.464455078125 0.326399697265625 0.528263953125 0.29178787890625 0.53051342578125 0.290489146484375 0.532188267578125 0.289272302734375
0 0.444295849609375 0.217651166015625 0.54734872265625 0.27298551953125 0.60079123828125 0.22137668359375 0.598281525390625 0.21792236328125 0.505161802734375 0.16619970703125 0.444295849609375 0.217651166015625
0 0.58863979296875 0.250189224609375 0.64897757421875 0.148686654296875 0.6048553359375 0.099683947265625 0.59514845703125 0.089020548828125 0.59418285546875 0.08972209765625 0.533359033203125 0.1954132265625 0.55216453515625 0.2162988515625 0.58525093359375 0.252651375 0.58863979296875 0.250189224609375
0 0.390240298828125 0.23596368359375 0.342093083984375 0.34402289453125 0.404597921875 0.391502677734375 0.4056899296875 0.3901541640625 0.449368970703125 0.283334787109375 0.390572486328125 0.2357223359375 0.390240298828125 0.23596368359375
0 0.36582035546875 0.4150525625 0.410922759765625 0.358787708984375 0.410577751953125 0.35831284765625 0.40981623828125 0.35767386328125 0.30272106640625 0.30645480078125 0.25172980859375 0.371006099609375 0.3597153203125 0.422328263671875 0.36582035546875 0.4150525625
0 0 0.539411916015625 0.076288890625 0.63927479296875 0.14108033984375 0.606261900390625 0.1478135078125 0.601369966796875 0.065701767578125 0.49036108203125 0 0.524384685546875 0 0.539411916015625
0 0.119676162109375 0.44537453515625 0.054412046875 0.498198615234375 0.0520540859375 0.5001771796875 0.0527478515625 0.50113206640625 0.05278282421875 0.50117374609375 0.1622135078125 0.590501330078125 0.2206392734375 0.542290310546875 0.227303005859375 0.5366987734375 0.22660924609375 0.53574389453125 0.22453653515625 0.533273736328125 0.119676162109375 0.44537453515625
0 0.356110826171875 0.453895818359375 0.35433379296875 0.45093833984375 0.254314505859375 0.349438361328125 0.18882541015625 0.3914929765625 0.28925109375 0.495884158203125 0.341669939453125 0.46438773828125 0.356110826171875 0.453895818359375
0 0.19633166015625 0.554531330078125 0.28051527734375 0.4422215703125 0.25745112109375 0.4174882890625 0.2234164375 0.38258565625 0.14559655859375 0.50069975390625 0.19476198046875 0.555671767578125 0.19633166015625 0.554531330078125
0 0.8080676015625 0.113242125 0.7016898984375 0.230808740234375 0.740507537109375 0.29760567578125 0.743742212890625 0.2958126640625 0.84994585546875 0.186305060546875 0.813883904296875 0.121247578125 0.8080676015625 0.113242125
0 0.8299248984375 0.110789796875 0.7386984765625 0.192244208984375 0.790112583984375 0.256387814453125 0.797941548828125 0.25069973828125 0.861026109375 0.146567646484375 0.8299248984375 0.110789796875
0 0.552923849609375 0.322964755859375 0.432119740234375 0.4097475859375 0.466229673828125 0.485924228515625 0.47066413671875 0.484132587890625 0.583162724609375 0.393465583984375 0.5568766953125 0.32840537890625 0.552923849609375 0.322964755859375
0 0.777014828125 0.23536210546875 0.729909400390625 0.171839955078125 0.635916748046875 0.284763197265625 0.679077814453125 0.353458796875 0.68338784375 0.350765591796875 0.777014828125 0.23536210546875
0 0.66377014453125 0.363883669921875 0.54742346484375 0.293119130859375 0.481092916015625 0.346379009765625 0.481102322265625 0.34639195703125 0.615917515625 0.42119745703125 0.669266486328125 0.37144873828125 0.66377014453125 0.363883669921875
0 0.73875740234375 0.30759775390625 0.7366372265625 0.305818712890625 0.59919766015625 0.2491599375 0.547416416015625 0.311848357421875 0.690906673828125 0.366101671875 0.73933277734375 0.308389689453125 0.73875740234375 0.30759775390625
0 0.457859451171875 0.365133416015625 0.445907716796875 0.38042497265625 0.37022778515625 0.491115013671875 0.42672343359375 0.54744447265625 0.43127872265625 0.544134861328125 0.51261868359375 0.421830021484375 0.478789693359375 0.384259119140625 0.459406361328125 0.36374057421875 0.457859451171875 0.365133416015625
0 0.18125103515625 0.74317281640625 0.179105662109375 0.73999216796875 0.08762896484375 0.637095259765625 0.017460826171875 0.681547212890625 0.10986076171875 0.793146943359375 0.14625891796875 0.768596078125 0.18125103515625 0.74317281640625
0 0.163682876953125 0.744348693359375 0.24503039453125 0.643035599609375 0.23325256640625 0.63040542578125 0.184730255859375 0.580831671875 0.10463380078125 0.685312177734375 0.158702193359375 0.74796737109375 0.163682876953125 0.744348693359375
0 0.3341102890625 0.47901853515625 0.24355312109375 0.57740120703125 0.293571396484375 0.64418508984375 0.3046410625 0.6361425078125 0.382069275390625 0.546676587890625 0.33851980078125 0.485087708984375 0.3341102890625 0.47901853515625
0 0.230924478515625 0.693563453125 0.31635526953125 0.598949173828125 0.28384561328125 0.5551822421875 0.26456651171875 0.530506119140625 0.174954873046875 0.63395297265625 0.224510427734375 0.69822353515625 0.230924478515625 0.693563453125
0 0.457286513671875 0.55227808203125 0.455575103515625 0.548042193359375 0.380434490234375 0.446597259765625 0.306935498046875 0.47649876171875 0.381130978515625 0.58326644921875 0.45275281640625 0.555572005859375 0.457286513671875 0.55227808203125
0 1 0.38799169921875 0.936841921875 0.32606080078125 0.932600716796875 0.32860917578125 0.86594282421875 0.37031423046875 1 0.48587833984375 1 0.38799169921875
0 0.441102904296875 0.911086998046875 0.472044591796875 0.88418980078125 0.470054900390625 0.8814512265625 0.4683363984375 0.87947431640625 0.33134161328125 0.76152344921875 0.258687279296875 0.82335092578125 0.4040201640625 0.94106458203125 0.441102904296875 0.911086998046875
0 0.8528554921875 0.56000426171875 0.99395355078125 0.4355132265625 0.99367844140625 0.43499581640625 0.95407894140625 0.36688709765625 0.81654457421875 0.496273958984375 0.849470287109375 0.56180420703125 0.8528554921875 0.56000426171875
0 0.5861486640625 0.8092226015625 0.6286891640625 0.76219051953125 0.62469368359375 0.756691212890625 0.62373094921875 0.755728478515625 0.47529753125 0.654057751953125 0.408884916015625 0.7197606171875 0.570421896484375 0.824949369140625 0.5861486640625 0.8092226015625
0 0.36399446484375 0.850498171875 0.3475805546875 0.817458353515625 0.19387823828125 0.91455678125 0.213085486328125 0.955746859375 0.243059775390625 0.997002927734375 0.38717576171875 0.90021062109375 0.36399446484375 0.850498171875
0 0.8919527265625 0.46326421484375 0.87270697265625 0.430822990234375 0.866498671875 0.422277998046875 0.73064181640625 0.55440825390625 0.77275127734375 0.629328587890625 0.77596605859375 0.627472533203125 0.90977501171875 0.4941333203125 0.8919527265625 0.46326421484375
0 0.6645553125 0.74836000390625 0.703724158203125 0.70597030078125 0.701447619140625 0.702836916015625 0.549461373046875 0.61135528515625 0.49004959375 0.66814633984375 0.486155451171875 0.67217884375 0.642283310546875 0.771423333984375 0.6645553125 0.74836000390625
0 0.4295796328125 0.904601580078125 0.527560771484375 0.7574738515625 0.46802826171875 0.689154021484375 0.466822017578125 0.68794777734375 0.35689773828125 0.842321697265625 0.423955498046875 0.908687751953125 0.4295796328125 0.904601580078125
0 0.7433031328125 0.69211896484375 0.82519560546875 0.52714148046875 0.798850185546875 0.50423975390625 0.751561958984375 0.46608996484375 0.66942816796875 0.637425373046875 0.739366087890625 0.69497939453125 0.7433031328125 0.69211896484375
0 0.596906474609375 0.68940811328125 0.657434466796875 0.74678077734375 0.66108575390625 0.744127962890625 0.741566931640625 0.611428162109375 0.75171206640625 0.594015587890625 0.691494205078125 0.52868560546875 0.68715365234375 0.52449398046875 0.596906474609375 0.68940811328125
0 0 0.33674232421875 0.05053296875 0.38036448046875 0.111453072265625 0.337638744140625 0.03705008984375 0.268154052734375 0 0.293345701171875 0 0.33674232421875
0 0.10732558984375 0.34880815234375 0.15542230078125 0.26206823046875 0.113399673828125 0.21987508203125 0.103228904296875 0.21039068359375 0.050878236328125 0.299541615234375 0.10364991796875 0.3514786875 0.10732558984375 0.34880815234375
0 0.19148347265625 0.171061646484375 0.10928316015625 0.232821982421875 0.13941945703125 0.30381865234375 0.141305427734375 0.303018103515625 0.218167572265625 0.246154775390625 0.193380806640625 0.1736731015625 0.19148347265625 0.171061646484375
0 1 0.60806836328125 0.92753414453125 0.56328656640625 0.858417962890625 0.62672019921875 1 0.70788789453125 1 0.60806836328125
0 0.977484328125 0.66322312109375 0.951212193359375 0.604416052734375 0.94950819140625 0.605070158203125 0.802955607421875 0.711780798828125 0.83781450390625 0.79843525 0.986762123046875 0.687392603515625 0.977484328125 0.66322312109375
0 0.92758264453125 0.797720232421875 0.79800474609375 0.66668548046875 0.713713876953125 0.71672185546875 0.85297814453125 0.843965095703125 0.905161734375 0.813803994140625 0.907187666015625 0.81253805078125 0.92758264453125 0.797720232421875
0 0.575318970703125 1 0.606157994140625 0.97711823828125 0.561261359375 0.8926799453125 0.5592942890625 0.889972505859375 0.425260193359375 1 0.575318970703125 1
0 0.584902103515625 1 0.678523818359375 0.905183978515625 0.644985060546875 0.8535388203125 0.62858125390625 0.82849908984375 0.62652262890625 0.82566563671875 0.62613037109375 0.825920373046875 0.4890754765625 0.960592697265625 0.51466687890625 1 0.584902103515625 1
0 0.550912537109375 0.845578791015625 0.698994619140625 0.969173416015625 0.775947947265625 0.90905088671875 0.770664681640625 0.901779095703125 0.62842945703125 0.787368234375 0.550912537109375 0.845578791015625
0 0.85884198828125 0.8370648828125 0.69527999609375 0.732467107421875 0.629105599609375 0.7987630703125 0.79089269140625 0.906688078125 0.80664666796875 0.895242142578125 0.862160771484375 0.841632794921875 0.85884198828125 0.8370648828125
0 0.41155651171875 0 0.35714375390625 0.085312251953125 0.402459146484375 0.13438107421875 0.40906484765625 0.129581751953125 0.466507212890625 0.04424740234375 0.441847171875 0.01587926953125 0.42755966796875 0 0.41155651171875 0
0 0.23204069140625 0.2543346171875 0.277882353515625 0.17769312109375 0.26662553125 0.16517841796875 0.231594810546875 0.127612568359375 0.177700388671875 0.207183494140625 0.226732580078125 0.25819118359375 0.23204069140625 0.2543346171875
0 0.44101942578125 0 0.41814358984375 0.046218517578125 0.471395390625 0.09588409765625 0.4733510703125 0.09446321484375 0.50803330859375 0 0.44101942578125 0
0 0.344916544921875 0.054136783203125 0.2794776015625 0.091279046875 0.358738513671875 0.163412361328125 0.41797713671875 0.123749361328125 0.414456916015625 0.117890734375 0.344916544921875 0.054136783203125
0 0.21955330859375 0.15372381640625 0.30722901171875 0.201128529296875 0.351820802734375 0.1598237109375 0.3583522265625 0.153516388671875 0.355874921875 0.150106673828125 0.274503578125 0.102916478515625 0.223933203125 0.148651234375 0.21913208203125 0.153287623046875 0.21955330859375 0.15372381640625
0 0.4771131171875 0 0.505831912109375 0.05537371875 0.50585976171875 0.05536073046875 0.554549248046875 0 0.4771131171875 0