0 0.82464195703125 0.91233931640625 0.826398609375 0.841211822265625 0.715290255859375 0.878998302734375 0.714289494140625 0.9374948671875 0.71518337109375 0.94477491796875 0.720550953125 0.94477491796875 0.82464195703125 0.91233931640625
0 0.7204334765625 0.886957740234375 0.72151697265625 0.886824705078125 0.81735117578125 0.818628869140625 0.7974749453125 0.75402687890625 0.700539599609375 0.822320951171875 0.7204334765625 0.886957740234375
0 0.66269694921875 0.53012841015625 0.712136337890625 0.632950576171875 0.717586279296875 0.632281408203125 0.7875105703125 0.61890862890625 0.787320982421875 0.617711619140625 0.73785466796875 0.5168663203125 0.66588018359375 0.526312181640625 0.66229803515625 0.52687953515625 0.66269694921875 0.53012841015625
0 0.697404458984375 0.72449076953125 0.69922371875 0.72396910546875 0.789614298828125 0.665380087890625 0.77281112109375 0.587719033203125 0.77231746484375 0.58777964453125 0.675522462890625 0.652496025390625 0.69620872265625 0.7246375859375 0.697404458984375 0.72449076953125
0 0.789242580078125 0.795523296875 0.80289945703125 0.79497201953125 0.80412524609375 0.79482151171875 0.761866634765625 0.67922035546875 0.733779373046875 0.68020118359375 0.68388833984375 0.682211140625 0.68399557421875 0.685281880859375 0.723343099609375 0.79782455859375 0.789242580078125 0.795523296875
0 0.65710362890625 0.47090381640625 0.652706712890625 0.549035880859375 0.6552280078125 0.549256466796875 0.76740426171875 0.525903197265625 0.774016712890625 0.450322541015625 0.65710362890625 0.47090381640625
0 0.667901671875 0.48982508203125 0.765319326171875 0.420133060546875 0.734188109375 0.34416700390625 0.63616488671875 0.41393203125 0.667901671875 0.48982508203125
0 0.6192422578125 0.16081151953125 0.70248926953125 0.161716240234375 0.67967605859375 0.02357657421875 0.60213973046875 0.0214855234375 0.59920263671875 0.02184615234375 0.599128966796875 0.026066607421875 0.6192422578125 0.16081151953125
0 0.597257845703125 0.238332763671875 0.597657240234375 0.240854443359375 0.60367169140625 0.240115962890625 0.731971388671875 0.1939873125 0.7205709453125 0.11796230078125 0.719330701171875 0.1101317109375 0.716499849609375 0.11058007421875 0.58566509375 0.155703109375 0.597257845703125 0.238332763671875
0 0.676711802734375 0.41392958984375 0.752920265625 0.3891679609375 0.676211876953125 0.264377884765625 0.603360462890625 0.29047256640625 0.60336449609375 0.2905054296875 0.603951322265625 0.292311490234375 0.676711802734375 0.41392958984375
0 0.723886744140625 0.327680626953125 0.6859240078125 0.19190528515625 0.611729654296875 0.19295237890625 0.61175535546875 0.19368834765625 0.641543408203125 0.332094876953125 0.675341298828125 0.33091462890625 0.71697011328125 0.3285298828125 0.723886744140625 0.327680626953125
0 0.682097134765625 0.80174637109375 0.5480068671875 0.88836146875 0.560751515625 0.93947746484375 0.56698255078125 0.96247157421875 0.572222453125 0.961828193359375 0.70201221875 0.884219810546875 0.682097134765625 0.80174637109375
0 0.697364685546875 0.90953694921875 0.68766474609375 0.87383030859375 0.666118716796875 0.8821010546875 0.53928302734375 0.9327318125 0.552066546875 0.970469142578125 0.5619250703125 0.996151470703125 0.59459809765625 0.9921397265625 0.697364685546875 0.90953694921875
0 0.51736301953125 0.486119521484375 0.51752993359375 0.490899333984375 0.564252263671875 0.6276233671875 0.6344577109375 0.62517173828125 0.64113340234375 0.62435206640625 0.6006119296875 0.480120619140625 0.51736301953125 0.486119521484375
0 0.632473806640625 0.72589131640625 0.55163608203125 0.71901923046875 0.551193130859375 0.72408218359375 0.587012328125 0.8683075703125 0.66609212890625 0.86891608984375 0.632473806640625 0.72589131640625
0 0.653467689453125 0.69568317578125 0.663894421875 0.693275974609375 0.584744880859375 0.56141991015625 0.512621611328125 0.57715255859375 0.513609322265625 0.58519680859375 0.580252892578125 0.70696848828125 0.653467689453125 0.69568317578125
0 0.539695859375 0.6401937421875 0.5394031015625 0.643539970703125 0.571634626953125 0.7877788125 0.64355968359375 0.794071439453125 0.65232437109375 0.792995271484375 0.614713060546875 0.645316580078125 0.539695859375 0.6401937421875
0 0.64507737890625 0.4741368984375 0.62320742578125 0.398289154296875 0.621885734375 0.3984514375 0.48662034765625 0.468487724609375 0.487825787109375 0.473709064453125 0.5052852265625 0.541855376953125 0.514052767578125 0.540778857421875 0.51804344921875 0.53985753515625 0.525878654296875 0.536533439453125 0.64561622265625 0.476470890625 0.64507737890625 0.4741368984375
0 0.51048069921875 0 0.429369986328125 0.027333564453125 0.42944212890625 0.0279211171875 0.4442294453125 0.0919720234375 0.448896802734375 0.111141923828125 0.45627704296875 0.110235744140625 0.58296502734375 0.062522171875 0.5704099921875 0 0.51048069921875 0
0 0.467838564453125 0.062382873046875 0.47552962109375 0.198333646484375 0.492733490234375 0.199838791015625 0.56196391015625 0.20421150390625 0.551576068359375 0.072972369140625 0.467838564453125 0.062382873046875
0 0.60350625 0.256231951171875 0.60244834765625 0.256139396484375 0.47300470703125 0.274620673828125 0.46617275390625 0.352710271484375 0.466693501953125 0.3569514140625 0.597228140625 0.342374845703125 0.60350625 0.256231951171875
0 0.45077752734375 0.17604177734375 0.451365791015625 0.18083279296875 0.51979943359375 0.294281013671875 0.59721970703125 0.26610233984375 0.59711348828125 0.2652372578125 0.53036453125 0.149250662109375 0.45077752734375 0.17604177734375
0 0.472168720703125 0.35025906640625 0.472316052734375 0.3507125078125 0.536932693359375 0.4591234921875 0.6144748515625 0.435208712890625 0.616979623046875 0.43439486328125 0.5457714609375 0.32273863671875 0.47176628125 0.34698145703125 0.472168720703125 0.35025906640625
0 0.34866592578125 1 0.44088784765625 0.93881583984375 0.43927695703125 0.934137478515625 0.41234221484375 0.86026525390625 0.26299716015625 0.973776353515625 0.2707018984375 1 0.34866592578125 1
0 0.350927673828125 0.235773703125 0.3419543828125 0.14079597265625 0.162169482421875 0.192327921875 0.16499952734375 0.23329280078125 0.17083925390625 0.28085356640625 0.175731 0.280339421875 0.350927673828125 0.235773703125
0 0.40343930078125 0.779493248046875 0.243666896484375 0.8849318203125 0.250078701171875 0.90254810546875 0.271943048828125 0.956193548828125 0.277750392578125 0.95548049609375 0.427219236328125 0.84983992578125 0.40343930078125 0.779493248046875
0 0.37232280859375 0.427573640625 0.37098553515625 0.33957878515625 0.1855490234375 0.36759189453125 0.182558595703125 0.45322659375 0.18340856640625 0.46014905078125 0.18575867578125 0.46023112109375 0.37232280859375 0.427573640625
0 0.178700625 0.194693333984375 0.180505546875 0.19420970703125 0.341606486328125 0.12286531640625 0.31573103515625 0.035048865234375 0.143404990234375 0.10566115234375 0.147706728515625 0.121715453125 0.17159168359375 0.195566203125 0.178700625 0.194693333984375
0 0.41020799609375 0.8005766484375 0.42330005859375 0.71463397265625 0.23269998828125 0.73769659765625 0.22206006640625 0.81340358203125 0.222800146484375 0.819431052734375 0.22888092578125 0.820285650390625 0.41020799609375 0.8005766484375
0 0.38252718359375 0.508156490234375 0.38175026953125 0.508238146484375 0.207434578125 0.57623910546875 0.209375759765625 0.59470822265625 0.217468708984375 0.66062001171875 0.21808748828125 0.66055497265625 0.36816913671875 0.609569435546875 0.38713334765625 0.602751796875 0.38288226171875 0.511534853515625 0.38252718359375 0.508156490234375
0 0.21136557421875 0.418597349609375 0.277232607421875 0.585320158203125 0.31774142578125 0.578177359375 0.366660859375 0.568436462890625 0.36639926953125 0.56695292578125 0.296298306640625 0.401451814453125 0.21068317578125 0.413039646484375 0.21136557421875 0.418597349609375
0 0.301405083984375 0.222994087890625 0.21017646484375 0.20865623828125 0.225164619140625 0.397136357421875 0.31334335546875 0.40485099609375 0.321411892578125 0.4038603046875 0.32144819140625 0.40344541015625 0.301405083984375 0.222994087890625
0 0.318612599609375 0.76865774609375 0.379359693359375 0.76748589453125 0.33214555078125 0.5834407734375 0.2403187890625 0.584319078125 0.24024741796875 0.588407890625 0.283709890625 0.768048517578125 0.318612599609375 0.76865774609375
0 0.801394107421875 0 0.839983533203125 0.084822421875 0.915284935546875 0.062413646484375 0.884517181640625 0 0.801394107421875 0
0 0.916571634765625 0.05919244140625 0.819671814453125 0.075016048828125 0.81845460546875 0.144749814453125 0.819453103515625 0.15288192578125 0.822482390625 0.15293480078125 0.916164671875 0.135874251953125 0.917405951171875 0.065987412109375 0.916571634765625 0.05919244140625
0 0.24449855859375 1 0.264074482421875 0.9954263828125 0.2667033828125 0.95903537890625 0.26663122265625 0.958447673828125 0.077972681640625 0.94856049609375 0.07672948828125 0.97228204296875 0.07706312109375 1 0.24449855859375 1
0 0.908592373046875 0.229188904296875 0.93324648828125 0.22439662890625 0.8909884140625 0.1303588359375 0.819809732421875 0.14296533203125 0.82079050390625 0.150953060546875 0.855785876953125 0.23775412890625 0.908592373046875 0.229188904296875
0 0.92792885546875 0.313647044921875 0.910163876953125 0.212813712890625 0.838311005859375 0.20511454296875 0.837902802734375 0.210952123046875 0.852500642578125 0.30772771484375 0.9025845703125 0.31258846875 0.924225548828125 0.31410175390625 0.92792885546875 0.313647044921875
0 0.932960896484375 0.27622919921875 0.83795610546875 0.316397888671875 0.839879875 0.332065740234375 0.84921477734375 0.391003984375 0.8575536171875 0.389980103515625 0.93976519921875 0.355936396484375 0.932960896484375 0.27622919921875
0 0.057609306640625 0.768991515625 0.058244318359375 0.774163275390625 0.146869388671875 0.9329034296875 0.232169287109375 0.914772375 0.14750235546875 0.75062874609375 0.057609306640625 0.768991515625
0 0.07087801171875 0.84077439453125 0.224949837890625 0.741842779296875 0.22431991015625 0.73978237890625 0.19401113671875 0.65683762890625 0.03909397265625 0.753865662109375 0.04541405078125 0.774537708984375 0.06698008984375 0.841253 0.07087801171875 0.84077439453125
0 0.09813837109375 1 0.25177420703125 0.95007412109375 0.24658965234375 0.8625093359375 0.24633530859375 0.862513775390625 0.05686657421875 0.920805287109375 0.056903076171875 0.94759889453125 0.0578177421875 1 0.09813837109375 1
0 0.041328392578125 0.572288572265625 0.042680529296875 0.58330085546875 0.11066998046875 0.74677476953125 0.183356318359375 0.740380919921875 0.19858640234375 0.73851090234375 0.135768765625 0.56287211328125 0.041328392578125 0.572288572265625
0 0 0.199955712890625 0.0512828125 0.36377676953125 0.09859231640625 0.35880433984375 0.140073375 0.35371110546875 0.091566572265625 0.167149798828125 0 0.178171154296875 0 0.199955712890625
0 0 0.426969619140625 0.008530369140625 0.45487119921875 0.01272101953125 0.45435665234375 0.177696505859375 0.36153755078125 0.172538740234375 0.3446672578125 0.149684119140625 0.270969134765625 0.148265490234375 0.271402853515625 0 0.351896505859375 0 0.426969619140625
0 0.1369367734375 0.557343119140625 0.15581869921875 0.558002490234375 0.15859055078125 0.557662150390625 0.124586775390625 0.36773410546875 0.02776092578125 0.364352873046875 0.025588064453125 0.36461966796875 0.025444509765625 0.3687305859375 0.061946154296875 0.553287484375 0.1369367734375 0.557343119140625
0 0.002452548828125 0.499271287109375 0.00283984765625 0.5002298828125 0.1154666953125 0.65870472265625 0.14671953515625 0.64607775390625 0.202024626953125 0.62254221484375 0.09071952734375 0.45933540625 0.00195260546875 0.4951995703125 0.002452548828125 0.499271287109375
0 0 0.217584904296875 0.148268296875 0.209807119140625 0.154324228515625 0.11229986328125 0 0.11654375 0 0.217584904296875
0 0.953358279296875 0.6829119140625 0.98751842578125 0.673771794921875 0.929947587890625 0.575918703125 0.8657435703125 0.593993072265625 0.86668164453125 0.60163305859375 0.9168866640625 0.69200530859375 0.953358279296875 0.6829119140625
0 0.862528458984375 0.466506740234375 0.86620674609375 0.46579175390625 0.94905075 0.429098154296875 0.933949966796875 0.357245408203125 0.848464109375 0.401019052734375 0.848634552734375 0.401988560546875 0.86120715234375 0.4666689765625 0.862528458984375 0.466506740234375
0 0.973803306640625 0.64272565234375 0.875040974609375 0.698983123046875 0.8760063359375 0.70316599609375 0.8926170625 0.769787974609375 0.894186626953125 0.769595255859375 0.98628548046875 0.70307550390625 0.973803306640625 0.64272565234375
0 0.96140371875 0.613364029296875 0.94006101171875 0.51026302734375 0.867516001953125 0.50748137890625 0.8673105078125 0.5098301875 0.887012646484375 0.60679317578125 0.903507259765625 0.6086495625 0.9597353359375 0.613568880859375 0.96140371875 0.613364029296875
0 0.95830646875 0.52716144921875 0.92550230078125 0.4364865390625 0.85240753515625 0.439199392578125 0.852838421875 0.445361380859375 0.887441947265625 0.53275683984375 0.91549346875 0.5313806953125 0.93512217578125 0.53000812109375 0.95830646875 0.52716144921875
0 1 0.894821923828125 0.96315060546875 0.79290508203125 0.8985787421875 0.789521015625 0.89388010546875 0.790097935546875 0.89375841015625 0.79242003515625 0.932142513671875 0.896565564453125 0.96949676953125 0.900367423828125 0.99695487109375 0.90180644140625 1 0.901432544921875 1 0.894821923828125
0 1 0.816224380859375 0.94621326953125 0.71894669921875 0.875135640625 0.734590875 0.87541626171875 0.736876345703125 0.925267810546875 0.81171459765625 0.93916921484375 0.831832509765625 1 0.82110640234375 1 0.816224380859375
0 0.99396398046875 0.913419419921875 0.99995635546875 0.856405783203125 0.917041599609375 0.84742471875 0.916624703125 0.8513912265625 0.94397673828125 0.9467308125 0.954993560546875 0.947888728515625 0.990601517578125 0.94351662109375 0.99396398046875 0.913419419921875