0 0.45397426953125 1 0.4532659375 0.979716044921875 0.451253783203125 0.945994341796875 0.33960805859375 0.91543590625 0.343132279296875 0.98313136328125 0.399065671875 1 0.45397426953125 1
0 0.426531646484375 0.8588127890625 0.308219880859375 0.86674171484375 0.333428498046875 0.92945541015625 0.451952630859375 0.9220727265625 0.426531646484375 0.8588127890625
0 0.36496885546875 0.59221213671875 0.29284716015625 0.6004590625 0.269246888671875 0.710275810546875 0.269352517578125 0.711483126953125 0.3458081171875 0.7072445859375 0.369512857421875 0.592570853515625 0.369314859375 0.59183191015625 0.36496885546875 0.59221213671875
0 0.31863633984375 0.677561958984375 0.2907697578125 0.7913024609375 0.3170638203125 0.78946380078125 0.3692869765625 0.782318142578125 0.393448384765625 0.67724823046875 0.3933172578125 0.675373046875 0.392493220703125 0.672297693359375 0.31863633984375 0.677561958984375
0 0.339414810546875 0.884346287109375 0.343747826171875 0.8827099765625 0.405307791015625 0.8590793203125 0.397553453125 0.740108935546875 0.396452328125 0.73724040625 0.34974203515625 0.7548842109375 0.3235043359375 0.764955919921875 0.32972626953125 0.88694232421875 0.339414810546875 0.884346287109375
0 0.35277901171875 0.54219336328125 0.234290115234375 0.54015822265625 0.25264457421875 0.61377394140625 0.36335891015625 0.61911144140625 0.369297720703125 0.617520140625 0.3538415078125 0.54615865234375 0.35277901171875 0.54219336328125
0 0.233795865234375 0.54047741796875 0.353468716796875 0.53541918359375 0.331753220703125 0.45607552734375 0.211558224609375 0.46144905859375 0.233795865234375 0.54047741796875
0 0.244749376953125 0.244100828125 0.25296856640625 0.109325341796875 0.25143680078125 0.1036087109375 0.17258473046875 0.11265525390625 0.16189799609375 0.25225755859375 0.244749376953125 0.244100828125
0 0.14970700390625 0.237096041015625 0.175247154296875 0.309332685546875 0.31360820703125 0.2893340390625 0.31557853515625 0.288655599609375 0.31369889453125 0.281640681640625 0.2864546015625 0.206843095703125 0.14975038671875 0.228425015625 0.147583529296875 0.229171126953125 0.14970700390625 0.237096041015625
0 0.24676192578125 0.5026960390625 0.273978033203125 0.49316884765625 0.32002660546875 0.47549245703125 0.301190763671875 0.330879158203125 0.30098729296875 0.33034909765625 0.22620208203125 0.35840071484375 0.24676192578125 0.5026960390625
0 0.1931482578125 0.386567876953125 0.321787482421875 0.37790190234375 0.3351978515625 0.37430860546875 0.316436251953125 0.3052136796875 0.17499369140625 0.306149376953125 0.1931482578125 0.386567876953125
0 0.52842271484375 0.985940615234375 0.57461658984375 0.96240366015625 0.55241350390625 0.807168103515625 0.55119886328125 0.804784234375 0.47670321484375 0.843439548828125 0.50413966796875 0.99711744140625 0.50682995703125 0.996396580078125 0.52842271484375 0.985940615234375
0 0.63703446484375 0.95708625390625 0.6185245078125 0.920758419921875 0.599034052734375 0.886007212890625 0.476538423828125 0.94638591015625 0.455974953125 0.95686351953125 0.476019630859375 0.987964384765625 0.63543665234375 0.9621215625 0.63802965625 0.960800359375 0.63703446484375 0.95708625390625
0 0.42892525 0.50651930078125 0.387620396484375 0.651841642578125 0.42580062109375 0.652589138671875 0.47289492578125 0.65176710546875 0.50516915234375 0.50846851171875 0.50514579296875 0.50713029296875 0.504913021484375 0.50626157421875 0.42892525 0.50651930078125
0 0.54971073046875 0.73751153515625 0.547587810546875 0.731678861328125 0.47328603515625 0.75220202734375 0.47611058984375 0.90595305078125 0.47825583984375 0.90537823046875 0.55405848828125 0.87799926953125 0.54971073046875 0.73751153515625
0 0.42628666796875 0.7438016640625 0.436713400390625 0.741394462890625 0.507465580078125 0.7194423828125 0.513919603515625 0.58213384765625 0.511493802734375 0.573080640625 0.43962391015625 0.59059334375 0.42628666796875 0.7438016640625
0 0.411551232421875 0.685461677734375 0.411473482421875 0.68548251171875 0.4221617109375 0.76604784375 0.568090912109375 0.790720330078125 0.57232093359375 0.789586900390625 0.561905044921875 0.71547400390625 0.411551232421875 0.685461677734375
0 0.48980572265625 0.44965604296875 0.48737293359375 0.44488142578125 0.33742674609375 0.478470529296875 0.3696190234375 0.55106316015625 0.370706505859375 0.55319746484375 0.50103826953125 0.522242220703125 0.5091770703125 0.51975225390625 0.52063412890625 0.51391458984375 0.48980572265625 0.44965604296875
0 0.27373671875 0.045531203125 0.298237056640625 0.16745126953125 0.299380970703125 0.1671447578125 0.30738965234375 0.16449362109375 0.38132994921875 0.13903393359375 0.353413236328125 0.02163971484375 0.30702136328125 0.03407037890625 0.27373671875 0.045531203125
0 0.41132928515625 0.13889120703125 0.40582290234375 0.1183411015625 0.2754631015625 0.1314954375 0.271021255859375 0.132685626953125 0.294370287109375 0.213014791015625 0.41779070703125 0.20335696484375 0.425305158203125 0.20134347265625 0.41132928515625 0.13889120703125
0 0.3233627890625 0.28851075390625 0.321937154296875 0.28889275 0.335888736328125 0.370206220703125 0.46632313671875 0.379614166015625 0.46764141796875 0.37926093359375 0.4541258046875 0.29392669140625 0.3233627890625 0.28851075390625
0 0.40164009765625 0.172429126953125 0.399991775390625 0.168135103515625 0.321322173828125 0.20055296875 0.34681958203125 0.330754095703125 0.365114490234375 0.32585198828125 0.424444224609375 0.3030774375 0.40164009765625 0.172429126953125
0 0.35727392578125 0.44579546875 0.47917701171875 0.4619037890625 0.48810128515625 0.459512537109375 0.47714515625 0.380146091796875 0.347793349609375 0.367015265625 0.35727392578125 0.44579546875
0 0.897025564453125 0.848965357421875 0.71565023828125 0.80294573828125 0.71521239453125 0.803063056640625 0.71927101171875 0.8813555859375 0.719616162109375 0.88629146484375 0.8791654296875 0.91604101953125 0.90404376171875 0.909374890625 0.897025564453125 0.848965357421875
0 0.71183568359375 0.155010021484375 0.70763991796875 0.10751075 0.52200709765625 0.08473780078125 0.528002072265625 0.1799499296875 0.7080133984375 0.196560171875 0.70897420703125 0.19650981640625 0.713940853515625 0.195179009765625 0.71183568359375 0.155010021484375
0 0.75548146875 0.69362243359375 0.747386455078125 0.885006384765625 0.771966431640625 0.880228521484375 0.819907638671875 0.869755720703125 0.833750103515625 0.683555220703125 0.833395212890625 0.68172946484375 0.833342642578125 0.681533267578125 0.75548146875 0.69362243359375
0 0.594462494140625 0.39055992578125 0.7694725546875 0.348835904296875 0.77680103515625 0.3455730546875 0.75355705078125 0.28542655078125 0.74451081640625 0.26510837890625 0.55600677734375 0.30542086328125 0.594462494140625 0.39055992578125
0 0.542508173828125 0 0.557667625 0.15139275 0.59380876953125 0.143985744140625 0.647254546875 0.13164681640625 0.63778659375 0 0.542508173828125 0
0 0.849815603515625 0.642676654296875 0.84685522265625 0.63391122265625 0.6567520234375 0.646526857421875 0.681763890625 0.726724880859375 0.867629126953125 0.716656353515625 0.87301932421875 0.71490497265625 0.8717744453125 0.71025901953125 0.849815603515625 0.642676654296875
0 0.588038880859375 0.381824880859375 0.589325388671875 0.38578434765625 0.61782878515625 0.462872220703125 0.79492551171875 0.447241083984375 0.79817474609375 0.44618534375 0.781333443359375 0.39018705859375 0.771425802734375 0.359694470703125 0.58766895703125 0.3804443125 0.588038880859375 0.381824880859375
0 0.65697374609375 0.124672013671875 0.65482117578125 0.120943650390625 0.571482318359375 0.16848501171875 0.637355611328125 0.345109486328125 0.64060776953125 0.344238072265625 0.714369912109375 0.29461258203125 0.65697374609375 0.124672013671875
0 0.654727458984375 0.631340099609375 0.83982759765625 0.64623567578125 0.844275662109375 0.645451361328125 0.8350554921875 0.583402166015625 0.82998585546875 0.554650828125 0.64162939453125 0.5368852421875 0.654727458984375 0.631340099609375
0 0.80482235546875 0.473903103515625 0.785168638671875 0.4694474375 0.629021462890625 0.436930158203125 0.62878567578125 0.436934271484375 0.62947951953125 0.52206319921875 0.808586255859375 0.567753130859375 0.811864673828125 0.56687468359375 0.80482235546875 0.473903103515625
0 0 0.245985978515625 0.03117265234375 0.238789205078125 0.02671951171875 0.14635969921875 0.025198912109375 0.1406847421875 0 0.146237828125 0 0.245985978515625
0 0 0.322624021484375 0.050226912109375 0.313767662109375 0.05068712109375 0.217696919921875 0.04990312890625 0.21477101953125 0 0.223586041015625 0 0.322624021484375
0 1 0.79033084765625 0.89012550390625 0.81772563671875 0.899802083984375 0.85350943359375 1 0.8572717890625 1 0.79033084765625
0 0 0.390047322265625 0.002921798828125 0.39559208984375 0.100997390625 0.369235181640625 0.100694328125 0.36810413671875 0.067506078125 0.302845994140625 0 0.31818562890625 0 0.390047322265625
0 0 0.415351826171875 0.01534047265625 0.46108473046875 0.11133690625 0.45366104296875 0.118203833984375 0.45156161328125 0.117487490234375 0.448888185546875 0.117417736328125 0.448660025390625 0.094850431640625 0.3835483984375 0 0.38853270703125 0 0.415351826171875
0 0.107284083984375 0.535881275390625 0.121015189453125 0.44394262109375 0.1197991484375 0.439404298828125 0.044393791015625 0.44600141015625 0.02829841796875 0.54856200390625 0.107284083984375 0.535881275390625
0 1 0.68555339453125 0.99657218359375 0.577988716796875 0.99593778515625 0.57614629296875 0.90805041015625 0.607190884765625 0.91993698828125 0.79026536328125 0.936411337890625 0.78585107421875 1 0.7639557421875 1 0.68555339453125
0 1 0.544305982421875 0.830883322265625 0.55299196875 0.853630984375 0.63832073046875 0.854296775390625 0.640369822265625 1 0.6345306953125 1 0.544305982421875
0 1 0.67732265234375 0.95675114453125 0.68157205859375 0.924964767578125 0.882213126953125 1 0.871667611328125 1 0.67732265234375
0 1 0.4787449921875 0.99373136328125 0.4541628515625 0.80665397265625 0.45520863671875 0.829503681640625 0.540646408203125 1 0.54833677734375 1 0.4787449921875
0 0.730618345703125 0.17804785546875 0.91856214453125 0.152911681640625 0.92264201953125 0.151506869140625 0.92013473046875 0.142149541015625 0.89136562890625 0.058598001953125 0.70166217578125 0.0935025 0.70392038671875 0.10193025390625 0.730618345703125 0.17804785546875
0 0.77492479296875 0.3125889765625 0.793873701171875 0.312071400390625 0.8720963046875 0.309339806640625 0.903428302734375 0.12205956640625 0.902669443359375 0.119227458984375 0.86945749609375 0.120254212890625 0.808821421875 0.122371671875 0.774396837890625 0.310618619140625 0.77492479296875 0.3125889765625
0 0.80151779296875 0.41050659765625 0.9013441640625 0.403526056640625 0.9276462890625 0.21987618359375 0.92751412109375 0.217986095703125 0.92617930859375 0.213004509765625 0.83210538671875 0.22139318359375 0.80151779296875 0.41050659765625
0 0.81582499609375 0.4722373671875 0.99836706640625 0.4280795546875 0.98372892578125 0.373449275390625 0.96563222265625 0.337932498046875 0.77483973046875 0.38800902734375 0.81582499609375 0.4722373671875
0 0.697131576171875 0 0.6757809140625 0.00711267578125 0.71482107421875 0.0966682734375 0.894822525390625 0.041646072265625 0.88366349609375 0 0.697131576171875 0
0 0.111490958984375 0.843064337890625 0.1415993984375 0.84028328515625 0.180920455078125 0.835455267578125 0.198711943359375 0.72879424609375 0.19850333984375 0.72709530078125 0.197899751953125 0.724842677734375 0.12701550390625 0.73231848828125 0.11139560546875 0.8427084765625 0.111490958984375 0.843064337890625
0 0.14075954296875 0.53599722265625 0.045028001953125 0.52612171484375 0.05458420703125 0.5938687109375 0.14427075390625 0.60825831640625 0.149182876953125 0.6069421171875 0.14717190234375 0.588221697265625 0.14075954296875 0.53599722265625
0 0.123986361328125 0.909854822265625 0.134408421875 0.90967290234375 0.185398419921875 0.90672009375 0.22608284375 0.799838228515625 0.22552998828125 0.797774951171875 0.1526532890625 0.800325337890625 0.123986361328125 0.909854822265625
0 0.193630923828125 0.742139958984375 0.20001182421875 0.739690560546875 0.17775013671875 0.67196475390625 0.071032533203125 0.679997357421875 0.07132005859375 0.681070419921875 0.099581513671875 0.7495654296875 0.193630923828125 0.742139958984375
0 0.15944075390625 0.605713634765625 0.061159185546875 0.59730694140625 0.07630152734375 0.66739369921875 0.17201679296875 0.678469501953125 0.174662115234375 0.677760689453125 0.16757731640625 0.64131255859375 0.15944075390625 0.605713634765625
0 0.276273595703125 1 0.25682684765625 0.95632188671875 0.14082926953125 0.958593439453125 0.14097389453125 0.959133181640625 0.1616274765625 1 0.276273595703125 1
0 0.243209986328125 0.886596890625 0.24066099609375 0.8811305703125 0.125154271484375 0.89339503515625 0.147319203125 0.94345893359375 0.15112937109375 0.95162987109375 0.17694719140625 0.9514696015625 0.26627641015625 0.949393353515625 0.268836470703125 0.948199578125 0.243209986328125 0.886596890625