0 0 0.6888174296875 0.093334955078125 0.696478724609375 0.12094615234375 0.632718080078125 0.11644140625 0.63089804296875 0.004435583984375 0.624601607421875 0 0.63506127734375 0 0.6888174296875
0 0.18398143359375 0.62126132421875 0.1808878984375 0.6208265546875 0.068622443359375 0.6470877578125 0.06280765234375 0.7150159140625 0.17831133203125 0.68742290625 0.18398143359375 0.62126132421875
0 0.414271466796875 0.758462791015625 0.41896678515625 0.758956291015625 0.397121240234375 0.643113462890625 0.322862630859375 0.63769528515625 0.3218438125 0.644944560546875 0.342304685546875 0.748958423828125 0.414271466796875 0.758462791015625
0 0.34016612890625 0.745947015625 0.31483143359375 0.63577485546875 0.2621962109375 0.62857281640625 0.23916683203125 0.62696244921875 0.238142326171875 0.6342521796875 0.264180798828125 0.74053104296875 0.34016612890625 0.745947015625
0 0.15460815625 0.611142263671875 0.15379619921875 0.616919642578125 0.18012051171875 0.730219427734375 0.25879678515625 0.7366780859375 0.232983947265625 0.617999255859375 0.15460815625 0.611142263671875
0 0.4747798203125 0.77729885546875 0.47497017578125 0.776850404296875 0.487654109375 0.66084578515625 0.420751138671875 0.63244715625 0.417700908203125 0.632018474609375 0.4012618203125 0.74875217578125 0.4747798203125 0.77729885546875
0 0.59370421484375 0.6711144765625 0.474441171875 0.67857546875 0.47209176953125 0.690662103515625 0.46068819921875 0.757263953125 0.46037269140625 0.759508888671875 0.580401345703125 0.752293369140625 0.59370421484375 0.6711144765625
0 0.932112501953125 0.710009400390625 0.927509087890625 0.709280291015625 0.7912762734375 0.71044497265625 0.783793615234375 0.75978974609375 0.77916176171875 0.79274708984375 0.91876490234375 0.78939005078125 0.932112501953125 0.710009400390625
0 0.71287964453125 0.67255131640625 0.710819544921875 0.672767841796875 0.710217390625 0.677052390625 0.75011395703125 0.809401099609375 0.82663143359375 0.80199512109375 0.834516201171875 0.801166400390625 0.834216607421875 0.798315962890625 0.7960027734375 0.665298953125 0.71287964453125 0.67255131640625
0 0.552181248046875 0.64515431640625 0.551257646484375 0.65172608203125 0.591475298828125 0.786814185546875 0.669042185546875 0.780427431640625 0.62938026171875 0.64110848828125 0.552181248046875 0.64515431640625
0 0.73446712109375 0.664346009765625 0.655797802734375 0.643676177734375 0.65453685546875 0.648073623046875 0.648859794921875 0.784719677734375 0.719872783203125 0.80669025390625 0.73446712109375 0.664346009765625
0 0.16426291015625 0.448081662109375 0.16249148828125 0.44829916796875 0.021379572265625 0.51669859765625 0.02769783984375 0.56815675390625 0.03151326171875 0.59475853125 0.17475775390625 0.531348576171875 0.16517430078125 0.44820975 0.16426291015625 0.448081662109375
0 0 0.52229991796875 0.114581828125 0.520715990234375 0.12839798828125 0.48785186328125 0.019510275390625 0.45456155078125 0.00819126171875 0.452970767578125 0 0.47976317578125 0 0.52229991796875
0 0.34797944140625 0.61275262890625 0.496960560546875 0.595270935546875 0.50396702734375 0.513180373046875 0.49613014453125 0.51207897265625 0.357643796875 0.53616576953125 0.3523604609375 0.57375866015625 0.34757950390625 0.612696419921875 0.34797944140625 0.61275262890625
0 0.2460262578125 0.571645259765625 0.276232728515625 0.496348962890625 0.2715205078125 0.494445103515625 0.12312456640625 0.486531748046875 0.09942194140625 0.56197822265625 0.2460262578125 0.571645259765625
0 0.42891674609375 0.500437634765625 0.423138912109375 0.499522515625 0.28297030078125 0.51596656640625 0.26778224609375 0.58053155078125 0.265256796875 0.59850105859375 0.41623786328125 0.574654921875 0.42891674609375 0.500437634765625
0 0.3364234453125 0.55774734765625 0.34401284765625 0.484388857421875 0.33656656640625 0.4833423515625 0.195688822265625 0.509697587890625 0.194626228515625 0.517258333984375 0.185621515625 0.590595830078125 0.3364234453125 0.55774734765625
0 0.52004417578125 0.49450022265625 0.45815803125 0.49459137890625 0.457729375 0.497641423828125 0.4574554140625 0.502868912109375 0.48612039453125 0.64536838671875 0.564942966796875 0.6476108984375 0.56232525 0.62625787890625 0.537748509765625 0.495428064453125 0.52004417578125 0.49450022265625
0 0.98370303125 0.650922361328125 0.968539462890625 0.550933451171875 0.902312009765625 0.55440428515625 0.88189960546875 0.555718482421875 0.881637865234375 0.55758086328125 0.88180826171875 0.5608322265625 0.90722326953125 0.696146076171875 0.97758105859375 0.69448245703125 0.98370303125 0.650922361328125
0 0.90456303515625 0.671677263671875 0.878258599609375 0.542682322265625 0.824580919921875 0.54248801953125 0.795255189453125 0.54351209765625 0.79473205859375 0.547234365234375 0.818131458984375 0.67679090234375 0.90456303515625 0.671677263671875
0 0.62649440234375 0.5205616875 0.646648484375 0.64603060546875 0.72909787109375 0.6528611640625 0.729174154296875 0.651770263671875 0.712379734375 0.52195874609375 0.707278875 0.521241869140625 0.62718592578125 0.51564122265625 0.62649440234375 0.5205616875
0 0.715992046875 0.523693322265625 0.71508049609375 0.530179349609375 0.726013345703125 0.657186294921875 0.81147226171875 0.666765083984375 0.79694156640625 0.53077548828125 0.715992046875 0.523693322265625
0 0.672361568359375 0.537485787109375 0.66882666796875 0.536337228515625 0.543139630859375 0.5248908125 0.517517029296875 0.599900376953125 0.516907896484375 0.60423458203125 0.648282 0.61220653125 0.672361568359375 0.537485787109375
0 0.073959248046875 0.129286328125 0.072237130859375 0.134017806640625 0.054885232421875 0.31629403125 0.05953476953125 0.31798632421875 0.133894853515625 0.343543392578125 0.139666048828125 0.15604563671875 0.076231638671875 0.12960569140625 0.073959248046875 0.129286328125
0 0.94636982421875 0.29880058203125 0.75945997265625 0.2922537890625 0.74465566796875 0.351419322265625 0.740829369140625 0.369420638671875 0.73937466015625 0.379771427734375 0.925554197265625 0.391902669921875 0.94636982421875 0.29880058203125
0 0.24184973046875 0.339315419921875 0.201778982421875 0.154786298828125 0.182365505859375 0.153318845703125 0.13096968359375 0.150625302734375 0.12968215234375 0.159786564453125 0.16249281640625 0.338171857421875 0.24184973046875 0.339315419921875
0 0.75923523046875 0.27213722265625 0.754093341796875 0.270950123046875 0.56663052734375 0.267445091796875 0.56255093359375 0.285115748046875 0.550233458984375 0.35406120703125 0.73806749609375 0.3619650625 0.759118712890625 0.272966279296875 0.75923523046875 0.27213722265625
0 1 0.31386003125 0.859618140625 0.28728853515625 0.856792486328125 0.295984998046875 0.834047669921875 0.380411947265625 1 0.40703358203125 1 0.31386003125
0 0.2484415078125 0.34456636328125 0.33326157421875 0.36362158984375 0.32355071875 0.171877046875 0.26304705078125 0.15901659765625 0.24273524609375 0.15616195703125 0.24142925390625 0.1623061640625 0.2484415078125 0.34456636328125
0 0.425635318359375 0.18502259765625 0.419785958984375 0.184200525390625 0.41960300390625 0.18523811328125 0.42724533984375 0.343559375 0.42857162890625 0.363668140625 0.511054150390625 0.383214390625 0.520898443359375 0.384597916015625 0.5209077578125 0.3845450859375 0.503588958984375 0.198238484375 0.4809194765625 0.1942412421875 0.425635318359375 0.18502259765625
0 0.653738427734375 0.243903943359375 0.4758631015625 0.26121140234375 0.471563455078125 0.30211980078125 0.467442982421875 0.351829130859375 0.468941154296875 0.351986595703125 0.6473534765625 0.33021951171875 0.65980887109375 0.24475708984375 0.653738427734375 0.243903943359375
0 0.70061077734375 0.22051216796875 0.699653060546875 0.225943646484375 0.7037979609375 0.403406115234375 0.79342980078125 0.42564050390625 0.79492873828125 0.236200396484375 0.760079609375 0.2300555546875 0.721138345703125 0.22339712890625 0.70061077734375 0.22051216796875
0 0.28696426171875 0.25918858984375 0.274068328125 0.31758990625 0.46439116796875 0.315593947265625 0.48379574609375 0.223471697265625 0.4794721015625 0.22239369140625 0.295023861328125 0.22686330078125 0.28696426171875 0.25918858984375
0 0.897386142578125 1 0.912413322265625 0.996952828125 0.907621251953125 0.92019421484375 0.90315680859375 0.91956677734375 0.81164610546875 0.94110068359375 0.81473288671875 1 0.897386142578125 1
0 0.82394616796875 1 0.82353684765625 0.914552453125 0.78324291015625 0.907447544921875 0.7466378359375 0.902303037109375 0.746137734375 0.90513925 0.748325330078125 1 0.82394616796875 1
0 0.197971552734375 0.05531783203125 0.2028505625 0.021172373046875 0.12448008984375 0.01015812109375 0.06495616015625 0.00284950390625 0.05747820703125 0.0560578984375 0.0547362109375 0.07838966796875 0.197971552734375 0.05531783203125
0 0.73694034765625 1 0.74972840234375 0.90667065234375 0.6807161171875 0.878848859375 0.66296412109375 0.979092525390625 0.71273301171875 1 0.73694034765625 1
0 0.57045973046875 0.96417719140625 0.67271212890625 0.972084669921875 0.696695681640625 0.9005850859375 0.694332734375 0.89986266015625 0.593202173828125 0.894548337890625 0.573700728515625 0.95081428515625 0.57117817578125 0.959065181640625 0.57045973046875 0.96417719140625
0 0.51463297265625 0.976991060546875 0.605540591796875 0.943012259765625 0.60159490234375 0.864562171875 0.60002404296875 0.86434140234375 0.59750878515625 0.86465023828125 0.504896044921875 0.90005076171875 0.514338037109375 0.976949609375 0.51463297265625 0.976991060546875
0 0.34791887109375 0 0.17198234765625 0.044797060546875 0.17035373828125 0.138100123046875 0.17089783984375 0.138176591796875 0.3500032890625 0.08622724609375 0.35201467578125 0 0.34791887109375 0
0 0.281522845703125 0 0.28106211328125 0.003278271484375 0.281130978515625 0.004592255859375 0.33576062890625 0.17212965234375 0.35013667578125 0.171376234375 0.429019291015625 0.165979638671875 0.372821904296875 0 0.281522845703125 0
0 0.187068119140625 0 0.069788728515625 0.036081904296875 0.071396033203125 0.12816432421875 0.264594390625 0.065382109375 0.26072323046875 0 0.187068119140625 0
0 0.543827537109375 0.029647173828125 0.535349669921875 0.028455685546875 0.359953439453125 0.06760553125 0.352286982421875 0.15571312109375 0.536703841796875 0.124257369140625 0.543827537109375 0.029647173828125
0 0.941986205078125 0.09505523046875 0.941674189453125 0.095005810546875 0.74833092578125 0.093569826171875 0.7457535703125 0.109842607421875 0.73430131640625 0.191329638671875 0.92749234375 0.18329234375 0.941986205078125 0.09505523046875
0 0.68038909375 0.206701650390625 0.69674566015625 0.2133101328125 0.76840273828125 0.24192848828125 0.76895844921875 0.24055305859375 0.803792384765625 0.052649341796875 0.747364615234375 0.02985104296875 0.711279330078125 0.024779587890625 0.68038909375 0.206701650390625
0 0.5462133359375 0.159208958984375 0.54507525 0.18092493359375 0.736009009765625 0.150169974609375 0.74112026953125 0.05264129296875 0.73361821484375 0.051586947265625 0.55157712109375 0.08430054296875 0.5462133359375 0.159208958984375
0 0.6383643671875 0.02715490234375 0.635131017578125 0.027267814453125 0.44769273046875 0.07890084375 0.44886909765625 0.112587583984375 0.452069814453125 0.172606998046875 0.643502634765625 0.12383443359375 0.640135201171875 0.02740377734375 0.6383643671875 0.02715490234375
0 1 0.073764673828125 0.95837672265625 0.06145633984375 0.94045659375 0.0569883515625 0.90016490234375 0.05132572265625 0.899881849609375 0.052460978515625 0.879984998046875 0.241857251953125 0.975344423828125 0.26309212109375 1 0.073895232421875 1 0.073764673828125
0 0.224279935546875 0.8131118671875 0.22292860546875 0.8189651171875 0.226703623046875 0.92423645703125 0.297891087890625 0.939394373046875 0.291092232421875 0.827270072265625 0.25340827734375 0.818570044921875 0.23022968359375 0.813948048828125 0.224279935546875 0.8131118671875
0 0.4230237265625 0.935444390625 0.5165376953125 0.948770544921875 0.54155363671875 0.880526740234375 0.5391585625 0.879607357421875 0.44611504296875 0.871655322265625 0.43980156640625 0.887258970703125 0.4240164921875 0.9283804921875 0.4230237265625 0.935444390625
0 0.148629611328125 0.90877461328125 0.21797251953125 0.93539883203125 0.214229486328125 0.81883716796875 0.164395431640625 0.7983842265625 0.158266587890625 0.797522873046875 0.156741869140625 0.80171200390625 0.148629611328125 0.90877461328125
0 0.296629685546875 0.82831449609375 0.29520863671875 0.835000009765625 0.302587154296875 0.929053115234375 0.37488933984375 0.946306384765625 0.375769896484375 0.946430138671875 0.367004171875 0.83970745703125 0.296629685546875 0.82831449609375
0 0.367003806640625 0.850553349609375 0.35754651953125 0.85121466796875 0.35715334375 0.85401225390625 0.38965297265625 0.943845375 0.457789861328125 0.941316529296875 0.4644479453125 0.940850951171875 0.464405646484375 0.940246046875 0.42771332421875 0.84757507421875 0.367003806640625 0.850553349609375
0 0.014993115234375 0.775809244140625 0.018721869140625 0.88952080078125 0.08428400390625 0.91468774609375 0.084657140625 0.913715689453125 0.0802451640625 0.800515853515625 0.05178285546875 0.78795567578125 0.023113298828125 0.776950462890625 0.014993115234375 0.775809244140625
0 0.142684291015625 0.822799392578125 0.136167513671875 0.79786021875 0.12535855078125 0.79595430859375 0.075059013671875 0.788095107421875 0.07409216015625 0.79357841015625 0.0912385859375 0.90258692578125 0.09627838671875 0.903475580078125 0.16451447265625 0.912564611328125 0.142684291015625 0.822799392578125
0 0 0.88602809765625 0.03466398828125 0.885533169921875 0 0.803900396484375 0 0.88602809765625