0 0.555033267578125 0 0.53612141796875 0.06502083203125 0.58806475390625 0.102732349609375 0.594282626953125 0.09448095703125 0.62442179296875 0 0.555033267578125 0
0 0.6094378984375 0.067917875 0.608443548828125 0.067168578125 0.49224619140625 0.05118112109375 0.46247434375 0.112513681640625 0.580194767578125 0.12814620703125 0.6094378984375 0.067917875
0 0.391544658203125 0.21284453125 0.335824845703125 0.31623826953125 0.39164328125 0.36860600390625 0.39258111328125 0.367668171875 0.445035701171875 0.26847846484375 0.39508830078125 0.21580201953125 0.393923087890625 0.214636806640625 0.391544658203125 0.21284453125
0 0.43555703515625 0.163240947265625 0.41129412109375 0.152941951171875 0.40061220703125 0.269558181640625 0.4680813203125 0.298304123046875 0.471259453125 0.29408659765625 0.48260860546875 0.18699949609375 0.43555703515625 0.163240947265625
0 0.490834419921875 0.241018921875 0.49448545703125 0.2373678828125 0.54745656640625 0.13304571875 0.498542927734375 0.08413208203125 0.490884755859375 0.078361234375 0.43461470703125 0.18540733984375 0.490834419921875 0.241018921875
0 0.395351341796875 0.317449095703125 0.333225787109375 0.27676282421875 0.33248995703125 0.277813705078125 0.296222171875 0.38786426953125 0.3568593046875 0.43032284765625 0.360531439453125 0.425449759765625 0.398900373046875 0.320123482421875 0.395351341796875 0.317449095703125
0 0.3777331328125 0.423397412109375 0.27662251953125 0.35918042578125 0.2178499765625 0.416502173828125 0.319255130859375 0.48125328515625 0.3777331328125 0.423397412109375
0 0.044533591796875 0.7270702578125 0.108142921875 0.77595851171875 0.111914828125 0.770953021484375 0.17408866796875 0.65156997265625 0.173680466796875 0.651262373046875 0.107273775390625 0.60190365234375 0.044533591796875 0.7270702578125
0 0.197838955078125 0.688783435546875 0.225486123046875 0.653990888671875 0.24961608203125 0.6219693515625 0.246901791015625 0.61984871484375 0.126057595703125 0.555672021484375 0.07320240234375 0.62091094140625 0.07125664453125 0.623401396484375 0.07222734765625 0.62415979296875 0.197838955078125 0.688783435546875
0 0.26067441015625 0.41613842578125 0.23362872265625 0.406137701171875 0.210553708984375 0.55005223046875 0.283920462890625 0.57904221484375 0.28529677734375 0.57721578125 0.30640747265625 0.43461578515625 0.26067441015625 0.41613842578125
0 0.16031721484375 0.499902373046875 0.128473927734375 0.57594662890625 0.267605177734375 0.601429353515625 0.298420076171875 0.53591898046875 0.296760640625 0.534668505859375 0.291141244140625 0.53216658984375 0.16031721484375 0.499902373046875
0 0.6322737734375 0.075271677734375 0.57799145703125 0.1318018828125 0.71590280859375 0.20550927734375 0.772051896484375 0.14936019140625 0.774857443359375 0.145637103515625 0.774088044921875 0.14486770703125 0.6322737734375 0.075271677734375
0 0.68550721875 0.01372188671875 0.6325110234375 0.05932803515625 0.62934780859375 0.063525763671875 0.7743682734375 0.144601603515625 0.79272107421875 0.13067208203125 0.796889162109375 0.12678527734375 0.80107432421875 0.121231380859375 0.737013794921875 0.052534876953125 0.68550721875 0.01372188671875
0 0.38941465234375 0.391024595703125 0.515186712890625 0.473118580078125 0.538364912109375 0.45366976171875 0.57327745703125 0.42352803125 0.57349871484375 0.4232344140625 0.5732088828125 0.422889005859375 0.452367740234375 0.33409826171875 0.44352766796875 0.341515962890625 0.389139509765625 0.39069669140625 0.38941465234375 0.391024595703125
0 0.63792555078125 0.30658136328125 0.641776439453125 0.30147105859375 0.68248553125 0.1599906171875 0.614304673828125 0.119923724609375 0.571906609375 0.26059597265625 0.63792555078125 0.30658136328125
0 0.547779904296875 0.43399761328125 0.55175947265625 0.428716546875 0.579778439453125 0.284903482421875 0.512681794921875 0.24771120703125 0.47923997265625 0.38908241015625 0.547779904296875 0.43399761328125
0 0.57214531640625 0.37195683984375 0.57460194140625 0.369666001953125 0.647163873046875 0.240908552734375 0.5987481953125 0.188989095703125 0.590736498046875 0.18295184765625 0.51982451953125 0.317953525390625 0.57214531640625 0.37195683984375
0 0.421208853515625 0.56840136328125 0.425968759765625 0.56364145703125 0.43440629296875 0.551596267578125 0.50310894921875 0.43886998828125 0.47628656640625 0.41204760546875 0.443488404296875 0.38260337109375 0.44291512109375 0.38317665234375 0.36498762109375 0.514807140625 0.421208853515625 0.56840136328125
0 0.143952583984375 0.7468636953125 0.091988533203125 0.81756214453125 0.21645680859375 0.88758908984375 0.2382749765625 0.86030240234375 0.26645366796875 0.822908015625 0.257144498046875 0.8158930546875 0.143952583984375 0.7468636953125
0 0.15191782421875 0.75759886328125 0.269761853515625 0.816287900390625 0.302962244140625 0.7741089375 0.320410904296875 0.75009291796875 0.31624156640625 0.74695109375 0.20110081640625 0.68634158203125 0.15191782421875 0.75759886328125
0 0.258579341796875 0.64086181640625 0.25958597265625 0.64128910546875 0.388151890625 0.667746041015625 0.421386056640625 0.58945125390625 0.418314240234375 0.587136474609375 0.291880658203125 0.565128203125 0.258579341796875 0.64086181640625
0 0.29484525390625 0.613297466796875 0.2660201484375 0.601061935546875 0.23779607421875 0.7349831796875 0.312350525390625 0.767193453125 0.31469643359375 0.764080326171875 0.344497466796875 0.635815892578125 0.29484525390625 0.613297466796875
0 0.47498551953125 0.539844095703125 0.46556255078125 0.53274337890625 0.355605171875 0.490085736328125 0.30771315234375 0.55884030859375 0.43260702734375 0.603000158203125 0.47498551953125 0.539844095703125
0 0.8669296484375 0.34931250390625 0.9219914921875 0.3917567890625 0.92789446875 0.383923275390625 0.9824616953125 0.23749313671875 0.97320041015625 0.230514255859375 0.914990462890625 0.1897552109375 0.8669296484375 0.34931250390625
0 0.528536978515625 0.960622193359375 0.585375552734375 0.88519485546875 0.58187475390625 0.882556814453125 0.420141251953125 0.800127970703125 0.36338338671875 0.87009810546875 0.528536978515625 0.960622193359375
0 0.88061258203125 0.45705370703125 0.8813898359375 0.455760142578125 0.93821685546875 0.276379623046875 0.937714552734375 0.27607780859375 0.868692576171875 0.2380924921875 0.817441771484375 0.41983411328125 0.87920914453125 0.458916134765625 0.88061258203125 0.45705370703125
0 0.579590068359375 0.83779301953125 0.582836013671875 0.83378461328125 0.668164603515625 0.66683065234375 0.65407069921875 0.655417634765625 0.59750255859375 0.614123060546875 0.50805759765625 0.779482353515625 0.575688318359375 0.834852837890625 0.579590068359375 0.83779301953125
0 0.50043917578125 1 0.51660537890625 0.977749130859375 0.527962453125 0.96127516015625 0.52383055859375 0.958161556640625 0.518698705078125 0.954433046875 0.36477677734375 0.870099857421875 0.31209112890625 0.95098842578125 0.407812142578125 1 0.50043917578125 1
0 0.83845408984375 0.33904554296875 0.794638498046875 0.318313919921875 0.75568838671875 0.50481129296875 0.831566677734375 0.542910322265625 0.834258482421875 0.539338177734375 0.87049122265625 0.35467109375 0.83845408984375 0.33904554296875
0 0.6527191328125 0.759478529296875 0.71845437109375 0.5921079921875 0.68395671875 0.56970495703125 0.64153603515625 0.5434660234375 0.640715580078125 0.54472941796875 0.5791126953125 0.71357801171875 0.64967212890625 0.7635220390625 0.6527191328125 0.759478529296875
0 0.645964552734375 0.8229647265625 0.641708908203125 0.818709080078125 0.493962748046875 0.720316091796875 0.424338693359375 0.780985078125 0.5786591875 0.89087131640625 0.60368138671875 0.8658491171875 0.645457564453125 0.8236375234375 0.645964552734375 0.8229647265625
0 0.6443068046875 0.51047114453125 0.81983058203125 0.579255150390625 0.8394980703125 0.55315551171875 0.873886763671875 0.50196982421875 0.869881666015625 0.498951767578125 0.69685566015625 0.433874681640625 0.6443068046875 0.51047114453125
0 0.76702842578125 0.513041947265625 0.73364491015625 0.4725920234375 0.7323641953125 0.471626935546875 0.633737392578125 0.5967954609375 0.62154581640625 0.61284186328125 0.6762354453125 0.689039490234375 0.679579025390625 0.6863319140625 0.786647955078125 0.537270046875 0.76702842578125 0.513041947265625
0 0 0.521968994140625 0.017183443359375 0.535778345703125 0.02349374609375 0.52740429296875 0.0607617421875 0.442914908203125 0.00151344921875 0.3982681171875 0 0.401365341796875 0 0.521968994140625
0 0.046247521484375 0.345485703125 0.03354305078125 0.33982930859375 0.013069228515625 0.441166880859375 0.08001944921875 0.473162654296875 0.08236002734375 0.470056603515625 0.09971744140625 0.37169887890625 0.046247521484375 0.345485703125
0 0.09611533984375 0.29469357421875 0.03212553515625 0.34270233203125 0.11699984765625 0.402311005859375 0.17024480859375 0.35602587109375 0.174145072265625 0.350850044921875 0.1730308046875 0.3495682265625 0.09611533984375 0.29469357421875
0 1 0.453216623046875 0.938238390625 0.4260860625 0.8796682578125 0.497251560546875 0.878690857421875 0.49854861328125 1 0.54713084375 1 0.453216623046875
0 1 0.558124869140625 0.88370176953125 0.50065951171875 0.88226009765625 0.502260650390625 0.8267727421875 0.57096004296875 0.98973023828125 0.65377683984375 1 0.6423711171875 1 0.558124869140625
0 0.80532215625 0.700995796875 0.86359422265625 0.765652001953125 0.8680328515625 0.76136566796875 0.96729817578125 0.6103651953125 0.900830158203125 0.53831942578125 0.80532215625 0.700995796875
0 0.6859174765625 1 0.7402500859375 0.92361870703125 0.675804103515625 0.861383943359375 0.66838405859375 0.8557925390625 0.576096734375 1 0.6859174765625 1
0 0.76380598046875 0.97205844921875 0.78270751953125 0.94786558203125 0.82312182421875 0.89423398828125 0.82295208203125 0.894101373046875 0.649735953125 0.8109730234375 0.638874990234375 0.82487441796875 0.59161389453125 0.885867337890625 0.592782869140625 0.88678063671875 0.76380598046875 0.97205844921875
0 0.88044755078125 0.78668779296875 0.875629466796875 0.78305710546875 0.69259325 0.75140037109375 0.653016462890625 0.839893423828125 0.84245183203125 0.87620009765625 0.88044755078125 0.78668779296875
0 0.852102892578125 0.847985873046875 0.853561685546875 0.84604998828125 0.89291026171875 0.65615103125 0.80359108203125 0.6163835703125 0.803335458984375 0.61672279296875 0.76681733984375 0.81187663671875 0.852102892578125 0.847985873046875
0 0.29315146484375 0.0499642734375 0.265824544921875 0.037060134765625 0.26559721484375 0.0373618125 0.242520951171875 0.14643001171875 0.30657849609375 0.177701267578125 0.307683986328125 0.176234234375 0.308688205078125 0.174263341796875 0.328449890625 0.067949720703125 0.29315146484375 0.0499642734375
0 0.187905814453125 0.322670947265625 0.213432185546875 0.26253458203125 0.211272806640625 0.26090737109375 0.20901609765625 0.25994945703125 0.119816505859375 0.24404405078125 0.09217014453125 0.31202233984375 0.092227484375 0.31206555078125 0.1875049765625 0.323570015625 0.187905814453125 0.322670947265625
0 0.30627771484375 0 0.255921236328125 0.0422476640625 0.359683025390625 0.095484150390625 0.40173159765625 0.061814087890625 0.40545627734375 0.05687126953125 0.402531580078125 0.053506791015625 0.321177697265625 0 0.30627771484375 0
0 0.263556685546875 0.237389451171875 0.285712373046875 0.13581280078125 0.266327466796875 0.1250675703125 0.220462939453125 0.10250354296875 0.21995939453125 0.1034119609375 0.19822596484375 0.20132945703125 0.262354107421875 0.238985326171875 0.263556685546875 0.237389451171875
0 0.21376276953125 0.184265009765625 0.175926876953125 0.16414730859375 0.17524030078125 0.165058423828125 0.15498855859375 0.259435943359375 0.21779862890625 0.2955161328125 0.22052747265625 0.2918948359375 0.22131397265625 0.290415640625 0.238281056640625 0.19796301171875 0.21376276953125 0.184265009765625
0 0.346391361328125 0 0.34382673046875 0.0117315 0.33870530859375 0.03723273828125 0.38960442578125 0.072714763671875 0.3923637578125 0.069053005859375 0.413555712890625 0 0.346391361328125 0