0 0.750816119140625 0.875343580078125 0.64423930078125 0.923280259765625 0.64396728515625 0.92366873828125 0.693579861328125 0.974305333984375 0.791828234375 0.92703733984375 0.79318163671875 0.92577526953125 0.795831552734375 0.92199080078125 0.750816119140625 0.875343580078125
0 0.6503469765625 0.93637491015625 0.732964265625 0.851316544921875 0.672266962890625 0.82157904296875 0.589126345703125 0.906373572265625 0.6503469765625 0.93637491015625
0 0.535116005859375 0.720509939453125 0.477507203125 0.676342341796875 0.384143064453125 0.739012513671875 0.383513263671875 0.7399119609375 0.441424671875 0.789947189453125 0.5374301484375 0.72440604296875 0.5383337265625 0.72311559765625 0.535116005859375 0.720509939453125
0 0.525603958984375 0.8576123984375 0.54488117578125 0.839636103515625 0.58096928515625 0.801217787109375 0.53391665625 0.70495742578125 0.52919140234375 0.701648767578125 0.47568114453125 0.751682419921875 0.525603958984375 0.8576123984375
0 0.58661647265625 0.751395537109375 0.580822435546875 0.747338509765625 0.552681828125 0.78707258984375 0.53656181640625 0.8100943515625 0.61056108984375 0.908581052734375 0.619191662109375 0.896396873046875 0.65701308984375 0.842382275390625 0.58661647265625 0.751395537109375
0 0.40271415234375 0.763622015625 0.403667521484375 0.76448043359375 0.45806876953125 0.707709802734375 0.396013580078125 0.61221157421875 0.392169615234375 0.60952 0.34261991796875 0.664550513671875 0.40271415234375 0.763622015625
0 0.305945537109375 0.69724108984375 0.411782064453125 0.64233308203125 0.412098681640625 0.641880908203125 0.35905526953125 0.5793484296875 0.2523925625 0.635015103515625 0.305945537109375 0.69724108984375
0 0 0.418821205078125 0.086222611328125 0.52674355859375 0.141253396484375 0.46427359765625 0.05578319140625 0.36062746875 0.050411658203125 0.356866279296875 0 0.415984318359375 0 0.418821205078125
0 0.2253407578125 0.464564755859375 0.219013076171875 0.45979650390625 0.1581442109375 0.414709326171875 0.053538544921875 0.5096416484375 0.05279720703125 0.51062544140625 0.055321240234375 0.512527435546875 0.12326051171875 0.561863462890625 0.22090530078125 0.47089924609375 0.2253407578125 0.464564755859375
0 0.1956806953125 0.62453380078125 0.227355798828125 0.6396007734375 0.265719142578125 0.65748989453125 0.350695591796875 0.54829676953125 0.353623134765625 0.5420186328125 0.295216439453125 0.512634134765625 0.285296376953125 0.50800833203125 0.19354054296875 0.62303525 0.1956806953125 0.62453380078125
0 0.28282492578125 0.4963634296875 0.284538625 0.49212187890625 0.20982073828125 0.4599762578125 0.133687994140625 0.581126044921875 0.133704173828125 0.581137373046875 0.20317080078125 0.60753713671875 0.28282492578125 0.4963634296875
0 0.75680073828125 0.69705780078125 0.753734642578125 0.69498969140625 0.70924298046875 0.758149263671875 0.804926935546875 0.884484025390625 0.8467412421875 0.8247670078125 0.85305602734375 0.815404951171875 0.75680073828125 0.69705780078125
0 0.859979130859375 0.8553246171875 0.81294008984375 0.74010507421875 0.806953431640625 0.735913169921875 0.746302943359375 0.791074150390625 0.823663939453125 0.8857966796875 0.859979130859375 0.8553246171875
0 0.51961811328125 0.688064513671875 0.54714416796875 0.661595578125 0.57986360546875 0.627713611328125 0.50272 0.505719486328125 0.49881886328125 0.50298787890625 0.446066642578125 0.55609916015625 0.51961811328125 0.688064513671875
0 0.716508125 0.647659583984375 0.71227495703125 0.643120068359375 0.651898853515625 0.69104376171875 0.714565416015625 0.83144905078125 0.714740095703125 0.831571361328125 0.775403185546875 0.775280419921875 0.716508125 0.647659583984375
0 0.65048755859375 0.660930990234375 0.545531341796875 0.55606549609375 0.5420853046875 0.55430965234375 0.539299939453125 0.55828756640625 0.50888127734375 0.630783142578125 0.614728673828125 0.728426001953125 0.619753822265625 0.72124934765625 0.65048755859375 0.660930990234375
0 0.70947016796875 0.727538439453125 0.64650364453125 0.594953115234375 0.642857775390625 0.59240025 0.587815390625 0.641798400390625 0.64987955859375 0.783107580078125 0.70947016796875 0.727538439453125
0 0.50169378125 0.59292577734375 0.51852127734375 0.568893623046875 0.433371390625 0.468704123046875 0.42738281640625 0.462505123046875 0.416931263671875 0.4551868671875 0.370562466796875 0.515899787109375 0.468122095703125 0.63371913671875 0.468778 0.634195681640625 0.49656626953125 0.59998319140625 0.50169378125 0.59292577734375
0 0.11159500390625 0.37951460546875 0.118599201171875 0.372910435546875 0.174852138671875 0.31858760546875 0.10279223828125 0.22759451171875 0.096178509765625 0.22296352734375 0.0573208828125 0.26048790234375 0.04105958984375 0.28371143359375 0.11159500390625 0.37951460546875
0 0.22154623828125 0.391239265625 0.24289901953125 0.340424634765625 0.13809335546875 0.268324619140625 0.13410998046875 0.266467140625 0.09595787890625 0.3433715625 0.208819119140625 0.417332578125 0.210494375 0.4149400625 0.22154623828125 0.391239265625
0 0.28059012890625 0.36777254296875 0.2726153515625 0.3645505234375 0.243160248046875 0.440238974609375 0.35126018359375 0.51628470703125 0.35166544921875 0.515705927734375 0.384994841796875 0.4365408515625 0.28059012890625 0.36777254296875
0 0.22383806640625 0.459920853515625 0.32329901953125 0.37914857421875 0.326701591796875 0.3742891953125 0.265499509765625 0.321087037109375 0.157582912109375 0.405100841796875 0.22383806640625 0.459920853515625
0 0.44249821484375 0.51283806640625 0.449503912109375 0.501626609375 0.36059244140625 0.407843439453125 0.35796942578125 0.406204396484375 0.315054578125 0.47723218359375 0.40655065234375 0.568080244140625 0.41864377734375 0.55080947265625 0.44249821484375 0.51283806640625
0 1 0.504398427734375 0.862805416015625 0.605687224609375 0.861608521484375 0.60739656640625 0.91938233203125 0.64994948046875 1 0.59806856640625 1 0.504398427734375
0 0.2663895 0.2067168671875 0.35022948046875 0.24652192578125 0.452028349609375 0.09713327734375 0.45438902734375 0.09229317578125 0.451213123046875 0.0900693828125 0.4175408515625 0.073646318359375 0.373962904296875 0.0542879140625 0.26430273828125 0.205255701171875 0.2663895 0.2067168671875
0 1 0.4937252734375 0.973189599609375 0.46783476953125 0.9588764140625 0.454637451171875 0.796592169921875 0.55118012109375 0.8515498046875 0.608438185546875 1 0.513580654296875 1 0.4937252734375
0 0.421819546875 0.315761357421875 0.5010048125 0.35416157421875 0.60944794921875 0.19887869140625 0.610669939453125 0.1959998671875 0.609428306640625 0.19513046484375 0.525576900390625 0.15953765625 0.421819546875 0.315761357421875
0 0.186762556640625 0.0891438671875 0.34021946484375 0.18608726171875 0.3413293359375 0.184502205078125 0.35687878515625 0.153202474609375 0.38006008203125 0.10349002734375 0.23532012109375 0.00627864453125 0.20563275390625 0.048676599609375 0.186762556640625 0.0891438671875
0 0.875958001953125 0.56511030078125 0.895608638671875 0.526002865234375 0.91123419140625 0.493965736328125 0.76844991796875 0.37028537109375 0.765435509765625 0.368815146484375 0.7642111328125 0.37056373828125 0.728332787109375 0.446333328125 0.873322818359375 0.56887373046875 0.875958001953125 0.56511030078125
0 0.510244810546875 0.26702237109375 0.50312170703125 0.276826484375 0.62796976953125 0.41334878515625 0.63763295703125 0.400048548828125 0.677177474609375 0.340772037109375 0.560257787109375 0.2064799453125 0.557676513671875 0.20467251953125 0.510244810546875 0.26702237109375
0 0.47971292578125 0.11705854296875 0.447139263671875 0.10323184375 0.34521990234375 0.26292606640625 0.432501205078125 0.293095740234375 0.53263039453125 0.1465206640625 0.53494453125 0.141068904296875 0.534101576171875 0.14047866015625 0.47971292578125 0.11705854296875
0 0.82070266015625 0.361012931640625 0.801936556640625 0.338648359375 0.62993228515625 0.417441142578125 0.68850296875 0.49269241796875 0.8562521796875 0.41304229296875 0.856961607421875 0.41244701171875 0.859109287109375 0.40937980859375 0.82070266015625 0.361012931640625
0 0.624989759765625 0.43804934375 0.64274578515625 0.428518076171875 0.781059650390625 0.35110166015625 0.7819550078125 0.3502954765625 0.725726810546875 0.286667205078125 0.558354412109375 0.370806958984375 0.5576269140625 0.37146200390625 0.624989759765625 0.43804934375
0 0 0.67254033984375 0.04193961328125 0.633868125 0.04604505078125 0.628004955078125 0 0.59455126953125 0 0.67254033984375
0 0 0.697060060546875 0.07428841796875 0.745669109375 0.07763080859375 0.74089568359375 0.08417473046875 0.72291640234375 0.10089526171875 0.672099935546875 0.01596057421875 0.62115134765625 0.013422869140625 0.62022769921875 0 0.6591145234375 0 0.697060060546875
0 0.12443357421875 0.671359763671875 0.03671587109375 0.727074474609375 0.090631552734375 0.777147947265625 0.175858693359375 0.7259219609375 0.178141306640625 0.72266205078125 0.17027656640625 0.7147973125 0.12443357421875 0.671359763671875
0 0.159695509765625 0.70047733203125 0.15626033984375 0.6982465078125 0.11812491796875 0.767387740234375 0.18403591015625 0.836829787109375 0.20967808984375 0.8002089609375 0.22741671875 0.772893869140625 0.159695509765625 0.70047733203125
0 1 0.31802821484375 0.9361379609375 0.23867151171875 0.93520810546875 0.23804431640625 0.916525892578125 0.26472527734375 0.8830156328125 0.315267134765625 1 0.451202669921875 1 0.31802821484375
0 0.85179737890625 0.1907920703125 0.84980408203125 0.18973221484375 0.803438 0.26667681640625 0.93778658203125 0.3950858671875 0.943981701171875 0.3862383203125 0.98280773046875 0.31321717578125 0.85179737890625 0.1907920703125
0 0.864339033203125 0.158115986328125 0.703354287109375 0.25644853515625 0.77654910546875 0.321649056640625 0.92815480078125 0.218151984375 0.92957985546875 0.216116796875 0.909808853515625 0.197680041015625 0.864339033203125 0.158115986328125
0 0.426213181640625 0 0.539155544921875 0.11445967578125 0.58635391796875 0.0470534140625 0.595566970703125 0.03339450390625 0.559218220703125 0 0.426213181640625 0
0 0.507400404296875 0 0.493836123046875 0.012213333984375 0.58846816796875 0.17854655859375 0.590139126953125 0.179716576171875 0.604322138671875 0.16713996484375 0.662488296875 0.114766923828125 0.594879015625 0 0.507400404296875 0
0 0.718073234375 0.20852695703125 0.752056259765625 0.141555359375 0.61047612109375 0.017665556640625 0.6065418046875 0.01557364453125 0.560042009765625 0.103027037109375 0.706633822265625 0.226689404296875 0.71404017578125 0.216112033203125 0.718073234375 0.20852695703125
0 0.69939083203125 0.067789734375 0.69795019921875 0.06685417578125 0.645707755859375 0.144153669921875 0.78227097265625 0.287564765625 0.797230197265625 0.266200779296875 0.836272421875 0.206081025390625 0.69939083203125 0.067789734375
0 0.43454450390625 1 0.443265412109375 0.991496361328125 0.470785240234375 0.96299874609375 0.41803660546875 0.869879720703125 0.413804857421875 0.866916619140625 0.3639871484375 0.916769896484375 0.41389065234375 1 0.43454450390625 1
0 0.23498026171875 0.759646724609375 0.23406108984375 0.759294421875 0.17478021875 0.8348572578125 0.2424314609375 0.863390748046875 0.29425827734375 0.789070291015625 0.295503400390625 0.78598850390625 0.28912607421875 0.7815230546875 0.23498026171875 0.759646724609375
0 0.53114123046875 1 0.53719664453125 0.99067548046875 0.46531127734375 0.908945318359375 0.461839021484375 0.90669041015625 0.430988765625 0.958677658203125 0.460096095703125 1 0.53114123046875 1
0 0.304695095703125 0.87833690234375 0.3642394921875 0.96561093359375 0.40086081640625 0.92038736328125 0.410983564453125 0.907232576171875 0.35492048046875 0.825703892578125 0.35475110546875 0.825566736328125 0.352987939453125 0.82433215234375 0.304695095703125 0.87833690234375
0 0.342244779296875 0.86258226953125 0.34817001953125 0.848008783203125 0.275699037109375 0.787437275390625 0.272039607421875 0.785807994140625 0.24468812109375 0.85084743359375 0.317680625 0.91565478125 0.320247576171875 0.91198879296875 0.342244779296875 0.86258226953125