0 0.105602611328125 0.751352505859375 0.086348072265625 0.81425321875 0.1757252265625 0.88107327734375 0.17922242578125 0.8822095859375 0.18509295703125 0.866916330078125 0.19100796484375 0.848711796875 0.20065066015625 0.816335564453125 0.10630682421875 0.74951796484375 0.105602611328125 0.751352505859375
0 0.1138381171875 0.73721623828125 0.19559851171875 0.81663020703125 0.199695400390625 0.81820285546875 0.22863398046875 0.75913622265625 0.14383945703125 0.67599560546875 0.1138381171875 0.73721623828125
0 0.32597830078125 0.47402560546875 0.254838052734375 0.459582068359375 0.198457623046875 0.5567311171875 0.19818499609375 0.557911984375 0.272208376953125 0.577506970703125 0.330557216796875 0.475124947265625 0.330281291015625 0.475019029296875 0.32597830078125 0.47402560546875
0 0.185634140625 0.534143154296875 0.176632947265625 0.608274970703125 0.280650171875 0.65626362109375 0.28259970703125 0.65650299609375 0.283329478515625 0.65460187890625 0.286155505859375 0.63158573046875 0.289129064453125 0.5785433515625 0.186149435546875 0.532800767578125 0.185634140625 0.534143154296875
0 0.26997875 0.62758121484375 0.27060800390625 0.622456353515625 0.19217316796875 0.6123925234375 0.14248063671875 0.7225989453125 0.14778887890625 0.72463658984375 0.220384029296875 0.733550154296875 0.26997875 0.62758121484375
0 0.2807321796875 0.507954845703125 0.36795685546875 0.4341400234375 0.369002607421875 0.43141574609375 0.30529992578125 0.387175759765625 0.217102775390625 0.46663342578125 0.2807321796875 0.507954845703125
0 0.2623901640625 0.385262140625 0.36868570703125 0.43812068359375 0.37021203515625 0.438445115234375 0.386814169921875 0.368125599609375 0.388788865234375 0.358835396484375 0.281863927734375 0.30533873046875 0.2623901640625 0.385262140625
0 0.409766529296875 0 0.3788408515625 0.059521294921875 0.487087853515625 0.145247705078125 0.488038970703125 0.1456128046875 0.52701369140625 0.07231201953125 0.4327401640625 0 0.409766529296875 0
0 0.47981143359375 0.2168696328125 0.48185391015625 0.21154880078125 0.482559650390625 0.208491904296875 0.49899123828125 0.13454682421875 0.3697192890625 0.07759724609375 0.368519021484375 0.077320142578125 0.367808078125 0.08039957421875 0.350370767578125 0.16253195703125 0.47629514453125 0.21605783203125 0.47981143359375 0.2168696328125
0 0.29232487890625 0.286042736328125 0.3960926953125 0.37810418359375 0.40425744921875 0.38123833984375 0.44039841796875 0.3132670625 0.33089442578125 0.218442421875 0.29232487890625 0.286042736328125
0 0.314385876953125 0.26183140625 0.35648548828125 0.28641140234375 0.38606380859375 0.30280693359375 0.47253968359375 0.196572796875 0.474431388671875 0.19164473046875 0.410165146484375 0.15774872265625 0.314385876953125 0.26183140625
0 0.2607302421875 0.91478081640625 0.37907739453125 0.81852552734375 0.37983343359375 0.8174046484375 0.38070047265625 0.8151459375 0.317985927734375 0.77096776953125 0.19198674609375 0.866397564453125 0.191372287109375 0.86799828515625 0.2607302421875 0.91478081640625
0 0.34201833203125 0.846155658203125 0.310278205078125 0.833204044921875 0.218774150390625 0.92221276953125 0.255347744140625 0.941659294921875 0.286435830078125 0.953592892578125 0.33801239453125 0.856591478515625 0.34201833203125 0.846155658203125
0 0.487269857421875 0.53239151953125 0.35798848828125 0.4556525078125 0.34045379296875 0.51024813671875 0.334758279296875 0.5288773203125 0.457030734375 0.610937880859375 0.46030383984375 0.611938568359375 0.48269423046875 0.5473577265625 0.487269857421875 0.53239151953125
0 0.23284716796875 0.781495359375 0.29468666796875 0.830788982421875 0.41328738671875 0.741246556640625 0.41514720703125 0.73848926171875 0.41579356640625 0.7368054375 0.348981916015625 0.6915009296875 0.23284716796875 0.781495359375
0 0.322880021484375 0.534505189453125 0.30779639453125 0.609953783203125 0.43570946484375 0.68373070703125 0.440774748046875 0.68480736328125 0.442801880859375 0.67952650390625 0.45324441015625 0.6029223046875 0.322880021484375 0.534505189453125
0 0.337882365234375 0.759618517578125 0.4372621328125 0.6503576015625 0.439131767578125 0.64548703515625 0.3663706171875 0.613935677734375 0.26722473046875 0.72962612890625 0.337882365234375 0.759618517578125
0 0.5213683125 0.45463772265625 0.52229883984375 0.449360453125 0.382332060546875 0.3859460390625 0.36435462109375 0.46329488671875 0.36393866796875 0.46565387890625 0.486655572265625 0.51936753515625 0.4946540078125 0.52227701171875 0.50731721484375 0.52450987890625 0.5213683125 0.45463772265625
0 0.547410603515625 0 0.52067590234375 0.06723683984375 0.6391986953125 0.1266490390625 0.650080826171875 0.130826298828125 0.6668606328125 0.087113408203125 0.678439189453125 0.054150810546875 0.579274107421875 0 0.547410603515625 0
0 0.4934596640625 0.16626439453125 0.550013642578125 0.20643426953125 0.56433077734375 0.216091298828125 0.653285201171875 0.11811857421875 0.65466180859375 0.114532392578125 0.58412399609375 0.07080970703125 0.4934596640625 0.16626439453125
0 0.464276431640625 0.235065701171875 0.463241705078125 0.23482681640625 0.442592923828125 0.31869362109375 0.562188615234375 0.372873470703125 0.56460294921875 0.366583912109375 0.581673619140625 0.292642724609375 0.464276431640625 0.235065701171875
0 0.5427277734375 0.15137666015625 0.47072414453125 0.266164732421875 0.55059903515625 0.29682583203125 0.61755481640625 0.185039142578125 0.619394861328125 0.180245666015625 0.5427277734375 0.15137666015625
0 0.522173486328125 0.452212689453125 0.52892010546875 0.4542753359375 0.551830044921875 0.37998032421875 0.43891313671875 0.31071024609375 0.41562022265625 0.3911979921875 0.522173486328125 0.452212689453125
0 0.55661685546875 1 0.63941030859375 0.93814590234375 0.640197015625 0.9370223671875 0.640723431640625 0.935651009765625 0.57889014453125 0.890672900390625 0.574097978515625 0.887317390625 0.446978291015625 0.99564987890625 0.4466656953125 0.99646421484375 0.451715318359375 1 0.55661685546875 1
0 0.8943999453125 0.315324287109375 0.901819923828125 0.26822090234375 0.72721046484375 0.201215759765625 0.709993466796875 0.29504999609375 0.880639306640625 0.35471552734375 0.885145099609375 0.35559136328125 0.888037431640625 0.34805658203125 0.8943999453125 0.315324287109375
0 0.51387469921875 0.981975568359375 0.56209686328125 0.99106742578125 0.64759325 0.82507764453125 0.64802196484375 0.82306069140625 0.571613015625 0.8037625703125 0.490257115234375 0.9749279765625 0.50209267578125 0.97947122265625 0.51387469921875 0.981975568359375
0 0.65842160546875 0.53406263671875 0.7264163828125 0.55085270703125 0.744218650390625 0.5543131171875 0.817264642578125 0.381631689453125 0.818286345703125 0.37637548046875 0.72760005859375 0.35925291796875 0.65842160546875 0.53406263671875
0 0.756016849609375 0.25317491796875 0.83654930078125 0.28723017578125 0.84514184765625 0.290357609375 0.928420478515625 0.128882716796875 0.873308486328125 0.107727205078125 0.842458302734375 0.096498658203125 0.756016849609375 0.25317491796875
0 0.700895365234375 0.808113658203125 0.702396623046875 0.79898442578125 0.528622779296875 0.720875322265625 0.513056255859375 0.803428337890625 0.681892408203125 0.881796796875 0.686208921875 0.882557916015625 0.68909416015625 0.875041607421875 0.700895365234375 0.808113658203125
0 0.79665476171875 0.561350623046875 0.801116900390625 0.52960084375 0.626789265625 0.467671419921875 0.626009083984375 0.473222701171875 0.617834666015625 0.555003888671875 0.783860388671875 0.6185888125 0.78724358984375 0.6190642890625 0.79665476171875 0.561350623046875
0 0.82068722265625 0.47247052734375 0.852424923828125 0.422260697265625 0.87117703515625 0.392251044921875 0.7296061796875 0.266794056640625 0.72934512890625 0.26669384765625 0.685940576171875 0.348091947265625 0.815047412109375 0.46991777734375 0.81665662890625 0.470923326171875 0.82068722265625 0.47247052734375
0 0.54797737109375 0.697202892578125 0.68897112890625 0.818052798828125 0.693030697265625 0.82003278125 0.722043025390625 0.764414447265625 0.73484121484375 0.73817426953125 0.592899986328125 0.61308845703125 0.54797737109375 0.697202892578125
0 0.706520818359375 0.544034537109375 0.57287067578125 0.676242189453125 0.57809633984375 0.679259228515625 0.657493841796875 0.719136970703125 0.67143550390625 0.704585283203125 0.77628990234375 0.591208369140625 0.7781749375 0.58629768359375 0.706520818359375 0.544034537109375
0 0.198856779296875 0 0.181742666015625 0.02538948046875 0.247316494140625 0.091702376953125 0.253156740234375 0.09394423828125 0.295691818359375 0.03088338671875 0.264016201171875 0 0.198856779296875 0
0 0.146017828125 0.12558522265625 0.1736936796875 0.139686771484375 0.212545744140625 0.158672748046875 0.2739958046875 0.08595095703125 0.277015396484375 0.078084650390625 0.208309048828125 0.045734630859375 0.146017828125 0.12558522265625
0 0.11898480078125 0.196447220703125 0.131263751953125 0.2029760546875 0.18483938671875 0.228972482421875 0.250400544921875 0.15613879296875 0.25242572265625 0.15086302734375 0.186234951171875 0.117923986328125 0.11898480078125 0.196447220703125
0 0.2225330078125 0.213922625 0.22313203125 0.211963302734375 0.14937419140625 0.18941326953125 0.096270595703125 0.27807623828125 0.09920150390625 0.279201310546875 0.17401546484375 0.296307544921875 0.2225330078125 0.213922625
0 0.749725814453125 1 0.85767196484375 0.86752576171875 0.86019782421875 0.860945673828125 0.77508534765625 0.8273414375 0.663201453125 0.97428909765625 0.726838173828125 1 0.749725814453125 1
0 0.88974179296875 0.783981009765625 0.892540892578125 0.7766891015625 0.812628861328125 0.739301876953125 0.698133826171875 0.88741404296875 0.6984600078125 0.88755191796875 0.778060498046875 0.919712603515625 0.785175705078125 0.922443875 0.88974179296875 0.783981009765625
0 0.795438923828125 1 0.654802001953125 0.912112734375 0.653916271484375 0.91187540234375 0.649635361328125 0.9278519765625 0.63154240234375 1 0.795438923828125 1
0 0.91824977734375 0.790850873046875 0.92558881640625 0.728320388671875 0.75067526171875 0.662296830078125 0.75051316015625 0.6627191171875 0.741276130859375 0.750205806640625 0.911074767578125 0.82432767578125 0.91497165625 0.81417593359375 0.91824977734375 0.790850873046875
0 1 0.28523167578125 0.96086488671875 0.27701075390625 0.89648953125 0.458053041015625 0.903691578125 0.4608176484375 0.98385818359375 0.47640045703125 1 0.437203099609375 1 0.28523167578125
0 1 0.459208412109375 0.89285163671875 0.36486688671875 0.89163208203125 0.364190876953125 0.8706672421875 0.40134379296875 0.843944892578125 0.44955219140625 0.98643933203125 0.57124374609375 0.991564919921875 0.573211275390625 1 0.55799398828125 1 0.459208412109375
0 1 0.49484721875 0.911119265625 0.4661320703125 0.809704876953125 0.627252884765625 0.840709865234375 0.639154583984375 0.903688912109375 0.6608400078125 0.999657869140625 0.502066470703125 1 0.50107284765625 1 0.49484721875
0 0.97018723046875 0.59185365234375 0.88570227734375 0.555900380859375 0.77044150390625 0.71808136328125 0.83066437109375 0.74241298046875 0.8616077265625 0.75429101953125 0.96735342578125 0.59923596875 0.97018723046875 0.59185365234375
0 1 0.2128371484375 0.95866815625 0.184350587890625 0.910640830078125 0.269425349609375 1 0.334355361328125 1 0.2128371484375
0 0 0.57103913671875 0.023943021484375 0.57644489453125 0.062831509765625 0.58400405078125 0.1127122890625 0.48806126171875 0.113478490234375 0.484119494140625 0.04343587109375 0.46925759765625 0 0.5581027421875 0 0.57103913671875
0 0.18819239453125 0.3161038359375 0.114349662109375 0.254384271484375 0.08438848046875 0.31589283984375 0.1500722421875 0.377390966796875 0.155571529296875 0.3795019453125 0.16430492578125 0.362985634765625 0.18819239453125 0.3161038359375
0 0 0.621936912109375 0.069701890625 0.653947443359375 0.074104986328125 0.654644826171875 0.076322951171875 0.648866826171875 0.082594435546875 0.595365197265625 0 0.54605230859375 0 0.621936912109375
0 0.02838334765625 0.455090669921875 0.095567119140625 0.51881382421875 0.10361772265625 0.52190416015625 0.13835690625 0.461256291015625 0.06087034375 0.38722021875 0.02838334765625 0.455090669921875
0 0.096409322265625 0.43269803515625 0.12423416015625 0.436513794921875 0.166323025390625 0.352466796875 0.167289326171875 0.346365810546875 0.0947091484375 0.33729265234375 0.054331443359375 0.424322720703125 0.061918974609375 0.42723530078125 0.096409322265625 0.43269803515625
0 0 0.75452982421875 0.05814380078125 0.71802535546875 0.058816634765625 0.716272564453125 0 0.679250189453125 0 0.75452982421875
0 0 0.69837610546875 0.050186041015625 0.72278743359375 0.05571242578125 0.72346598828125 0.06290280078125 0.6730664921875 0.06424040234375 0.662172595703125 0.0422962734375 0.6486490625 0 0.62356678125 0 0.69837610546875