0 0.4488505546875 1 0.463907837890625 0.93314498828125 0.4057820390625 0.89764429296875 0.4018349140625 0.9028823046875 0.38257424609375 1 0.4488505546875 1
0 0.540349255859375 0.9193804140625 0.439164619140625 0.85721818359375 0.387464435546875 0.900756359375 0.48820512109375 0.9633011953125 0.540349255859375 0.9193804140625
0 0.5779508359375 0.657649513671875 0.53305312109375 0.71905490234375 0.5353099375 0.720818119140625 0.63866410546875 0.760225873046875 0.6848608515625 0.70423112890625 0.6877675 0.700510787109375 0.5779508359375 0.657649513671875
0 0.48980130859375 0.79165341796875 0.59435757421875 0.824086236328125 0.63813530859375 0.76174352734375 0.53065100390625 0.726716744140625 0.4973685078125 0.76812461328125 0.483970208984375 0.7872593671875 0.48980130859375 0.79165341796875
0 0.590065677734375 0.8257048984375 0.473752525390625 0.79074467578125 0.42975792578125 0.8559693515625 0.434417291015625 0.85948043359375 0.546273794921875 0.891385498046875 0.590065677734375 0.8257048984375
0 0.62614759375 0.576649884765625 0.60823829296875 0.689520794921875 0.681027 0.719256365234375 0.681548796875 0.718084390625 0.6961516015625 0.603135544921875 0.62878947265625 0.5731439921875 0.62614759375 0.576649884765625
0 0.67088051953125 0.526631595703125 0.620947783203125 0.578854068359375 0.622051173828125 0.57995745703125 0.724274779296875 0.640315576171875 0.780698017578125 0.58045409375 0.6775964453125 0.51991566796875 0.67088051953125 0.526631595703125
0 0.87574360546875 0.2324432265625 0.833559048828125 0.3576296640625 0.894054828125 0.391919021484375 0.904304005859375 0.397600234375 0.951346830078125 0.26483034765625 0.88048090234375 0.226156623046875 0.87574360546875 0.2324432265625
0 0.8559588515625 0.46441303125 0.899269314453125 0.3308905390625 0.82483938671875 0.289610154296875 0.820906142578125 0.294829748046875 0.78073217578125 0.424414296875 0.8559588515625 0.46441303125
0 0.656586798828125 0.511501193359375 0.78083023828125 0.572392099609375 0.80746891015625 0.53949608203125 0.83006911328125 0.511145591796875 0.83096487890625 0.50995687109375 0.69770593359375 0.44662105859375 0.69081766015625 0.455127369140625 0.651203384765625 0.50714179296875 0.656586798828125 0.511501193359375
0 0.87395832421875 0.442014337890625 0.743165583984375 0.388161458984375 0.699886716796875 0.445196939453125 0.71097451953125 0.45355219921875 0.82700040234375 0.509776251953125 0.87395832421875 0.442014337890625
0 0.332957865234375 0.76479776953125 0.259000103515625 0.90307757421875 0.29435803515625 0.9409943125 0.31129634765625 0.958435421875 0.31327983984375 0.95993008984375 0.39169669921875 0.82477622265625 0.33493127734375 0.762991265625 0.33491126953125 0.762976189453125 0.332957865234375 0.76479776953125
0 0.321534611328125 0.83952822265625 0.294427228515625 0.81694159765625 0.29023866015625 0.822500017578125 0.2251698671875 0.91896846875 0.25268573046875 0.93970316015625 0.28590312109375 0.962108572265625 0.321534611328125 0.83952822265625
0 0.483987103515625 0.52534474609375 0.472920853515625 0.53641099609375 0.42641100390625 0.58649940625 0.428831189453125 0.588919591796875 0.558689802734375 0.65835466015625 0.572464515625 0.64457994921875 0.612437552734375 0.60346663671875 0.483987103515625 0.52534474609375
0 0.429738484375 0.83495514453125 0.463010916015625 0.759726634765625 0.462132861328125 0.75906497265625 0.310882748046875 0.745692748046875 0.30590360546875 0.756876087890625 0.28376119921875 0.819609962890625 0.285469466796875 0.820370533203125 0.429738484375 0.83495514453125
0 0.374350408203125 0.645972138671875 0.378383455078125 0.650297052734375 0.50750272265625 0.721942033203125 0.564406146484375 0.67015394140625 0.438618607421875 0.59364726953125 0.37572600390625 0.64414666015625 0.374350408203125 0.645972138671875
0 0.51310617578125 0.708245775390625 0.366371109375 0.67056062109375 0.324519470703125 0.73753724609375 0.329116873046875 0.741001640625 0.47394060546875 0.77366957421875 0.51310617578125 0.708245775390625
0 0.5522355234375 0.433277431640625 0.551839650390625 0.4338027734375 0.550195802734375 0.436768349609375 0.512712287109375 0.58039989453125 0.5569301171875 0.60491023828125 0.581475037109375 0.6177581796875 0.58318455078125 0.615489578125 0.5892689140625 0.597830169921875 0.62478854296875 0.468531703125 0.5522355234375 0.433277431640625
0 0.750001033203125 0.1457172734375 0.741495580078125 0.1535614140625 0.73582918359375 0.161080974609375 0.73811186328125 0.163616146484375 0.843018796875 0.252780578125 0.906317548828125 0.198995708984375 0.799285162109375 0.101341642578125 0.750001033203125 0.1457172734375
0 0.748599013671875 0.33000275 0.834053787109375 0.22985735546875 0.78233033203125 0.16315809375 0.69163701953125 0.264728205078125 0.702737693359375 0.27795747265625 0.748599013671875 0.33000275
0 0.64649222265625 0.469524544921875 0.725801947265625 0.363796041015625 0.674399462890625 0.300914171875 0.66781065625 0.3064428359375 0.58976644921875 0.40410821484375 0.64592794140625 0.469099328125 0.64649222265625 0.469524544921875
0 0.72464294140625 0.399208513671875 0.7701200234375 0.274802455078125 0.69865261328125 0.231186453125 0.694361841796875 0.236880498046875 0.652229212890625 0.35993283203125 0.723313173828125 0.40097317578125 0.72464294140625 0.399208513671875
0 0.52373545703125 0.452924109375 0.52794708203125 0.45645808203125 0.64191781640625 0.510752259765625 0.692775671875 0.4498451171875 0.577140556640625 0.39040751171875 0.528276533203125 0.446897896484375 0.52373545703125 0.452924109375
0 0 0.725584041015625 0.1414743125 0.77922060546875 0.189173392578125 0.72554632421875 0.18955191796875 0.725044005859375 0.018514498046875 0.64732145703125 0.00041276171875 0.669675240234375 0 0.6702229921875 0 0.725584041015625
0 0.41777165234375 0.121089658203125 0.582528791015625 0.197938349609375 0.636810158203125 0.12603001953125 0.468574173828125 0.04131288671875 0.4493048203125 0.06822521875 0.4141825234375 0.1183850546875 0.41777165234375 0.121089658203125
0 0.02503612109375 0.652725619140625 0.190168806640625 0.72138930859375 0.23434875 0.655457828125 0.05776551171875 0.58856222265625 0.045961466796875 0.604044501953125 0.015702578125 0.6456922890625 0.02503612109375 0.652725619140625
0 0.47721298828125 0.20454888671875 0.400396001953125 0.16519001171875 0.395835119140625 0.1730896953125 0.336498400390625 0.341496091796875 0.41730523828125 0.38814994140625 0.47721298828125 0.20454888671875
0 0.551511244140625 0 0.495753505859375 0.097681796875 0.50305623046875 0.10318479296875 0.575478490234375 0.152177166015625 0.656779927734375 0 0.551511244140625 0
0 0.1296294609375 0.4948581875 0.08139503515625 0.5414376328125 0.076027068359375 0.5485611640625 0.07916969140625 0.55181544140625 0.23855206640625 0.6479638671875 0.29828692578125 0.58889557421875 0.136358443359375 0.4885085859375 0.1296294609375 0.4948581875
0 0.422945021484375 0.28881053125 0.3542363984375 0.23648379296875 0.3505472109375 0.24137951171875 0.279448984375 0.40534359765625 0.313143767578125 0.4289369375 0.3546228828125 0.456640345703125 0.35548693359375 0.45540635546875 0.422945021484375 0.28881053125
0 0.45881227734375 0.0899179765625 0.388432216796875 0.260222603515625 0.47024091796875 0.311342353515625 0.4713572578125 0.3095558359375 0.53542190625 0.13967315234375 0.46162239453125 0.086188828125 0.45881227734375 0.0899179765625
0 0.153254529296875 0.4625075390625 0.129054552734375 0.51981123828125 0.12996595703125 0.52049802734375 0.13336831640625 0.522084576171875 0.315783802734375 0.55297669140625 0.35275189453125 0.4677607265625 0.16672446484375 0.4336211640625 0.153254529296875 0.4625075390625
0 0.357828330078125 0.35630507421875 0.277736208984375 0.30944353515625 0.274805388671875 0.31333286328125 0.237737849609375 0.492496451171875 0.26551563671875 0.50664994140625 0.313934015625 0.530755623046875 0.35321743359375 0.375922951171875 0.357828330078125 0.35630507421875
0 1 0.4834652890625 0.96633498828125 0.46791924609375 0.963167107421875 0.4721231640625 0.9463840546875 0.56926521484375 0.985901783203125 0.586823671875 1 0.59280801171875 1 0.4834652890625
0 0.9269507421875 0.53056915234375 0.89202962109375 0.619576509765625 0.93297319921875 0.648828009765625 0.95414166796875 0.663106322265625 0.98942444921875 0.5662101875 0.931784890625 0.524154021484375 0.9269507421875 0.53056915234375
0 0.914682578125 0.70253490234375 0.96729246875 0.6422710234375 0.873043017578125 0.60210712109375 0.82744408203125 0.66261894921875 0.83363756640625 0.667286076171875 0.914682578125 0.70253490234375
0 0 0.59534837109375 0.03306474609375 0.61076671484375 0.03388930078125 0.60967249609375 0.059166693359375 0.4257459921875 0 0.397732185546875 0 0.59534837109375
0 0 0.45808615234375 0.13618282421875 0.48037456640625 0.137093373046875 0.478421884765625 0.1700704375 0.39650139453125 0 0.36669644140625 0 0.45808615234375
0 0.09131027734375 0.460065494140625 0.197904298828125 0.30449010546875 0.14428437109375 0.235926546875 0.139557552734375 0.23989281640625 0.030000775390625 0.3836010625 0.091151291015625 0.4599456875 0.09131027734375 0.460065494140625
0 0.250709197265625 0 0.24343219921875 0.00965690234375 0.24374017578125 0.00998716796875 0.39788398046875 0.12041536328125 0.46366454296875 0.05977456640625 0.388316818359375 0 0.250709197265625 0
0 0.2781091015625 0 0.219030982421875 0.176541609375 0.286815037109375 0.215676751953125 0.30391301953125 0.225375791015625 0.30420222265625 0.22499200390625 0.30426807421875 0.22487794921875 0.362675609375 0.041164302734375 0.31013122265625 0.01082778515625 0.291202435546875 0 0.2781091015625 0
0 0.2043419921875 0.30068325390625 0.320633634765625 0.150828103515625 0.262005796875 0.075529125 0.256584357421875 0.079919318359375 0.1402093515625 0.22440438671875 0.19827906640625 0.29611451171875 0.2043419921875 0.30068325390625
0 0.235102728515625 0.34440384765625 0.29009143359375 0.26857214453125 0.11201946875 0.186643796875 0.053972978515625 0.263674091796875 0.05902625390625 0.2674820078125 0.235102728515625 0.34440384765625
0 0.68785670703125 0.82708715625 0.67369834765625 0.934196880859375 0.70988968359375 0.950310302734375 0.738006623046875 0.96182889453125 0.75540218359375 0.85132697265625 0.69040244921875 0.82370883984375 0.68785670703125 0.82708715625
0 0.78941181640625 0.7317826796875 0.87637227734375 0.754896626953125 0.912657494140625 0.69689352734375 0.8211856484375 0.6669777265625 0.79408605859375 0.712079015625 0.78470742578125 0.72823766796875 0.78941181640625 0.7317826796875
0 0.60086765234375 0.975127470703125 0.602251572265625 0.97577280078125 0.70819974609375 0.993185310546875 0.74076628515625 0.9264267265625 0.6243219453125 0.919996498046875 0.59725520703125 0.972405296875 0.60086765234375 0.975127470703125
0 0.76108695703125 0.75796926953125 0.75971058203125 0.7592085625 0.70561882421875 0.8481580625 0.72044930859375 0.864628986328125 0.75646894140625 0.90089572265625 0.7572408046875 0.900200736328125 0.809668986328125 0.81469363671875 0.76108695703125 0.75796926953125
0 0.84741055078125 0.744316685546875 0.787540921875 0.702590671875 0.786079115234375 0.704530552734375 0.784037583984375 0.707674236328125 0.759077287109375 0.798296275390625 0.7823084140625 0.814079064453125 0.81866562890625 0.83768971484375 0.84741055078125 0.744316685546875
0 0.69516371875 1 0.59587055078125 0.951440693359375 0.591605697265625 0.95570555078125 0.550893224609375 1 0.69516371875 1