0 0.88786373046875 0.804632767578125 0.89037643359375 0.80346107421875 0.97094406640625 0.72624674609375 0.94335107421875 0.664329689453125 0.85774724609375 0.7422435546875 0.871263734375 0.773203310546875 0.880968162109375 0.794014521484375 0.88786373046875 0.804632767578125
0 0.86415581640625 0.749775103515625 0.86652926953125 0.748233763671875 0.925795900390625 0.6489473515625 0.88097176953125 0.597577681640625 0.82058491796875 0.699831787109375 0.86415581640625 0.749775103515625
0 0.808482529296875 0.490041232421875 0.807913564453125 0.4889711640625 0.7283102265625 0.409724716796875 0.66519558203125 0.441160494140625 0.65962897265625 0.4447754921875 0.742052994140625 0.528127197265625 0.808482529296875 0.490041232421875
0 0.85028919140625 0.56502116015625 0.773173908203125 0.4786704765625 0.70493541796875 0.5089424609375 0.7069715078125 0.51351559765625 0.777632099609375 0.59494373046875 0.82709709375 0.57673568359375 0.84348762109375 0.569438150390625 0.85028919140625 0.56502116015625
0 0.7455689375 0.58266192578125 0.747913046875 0.58726250390625 0.830760353515625 0.66987833984375 0.891030001953125 0.639169419921875 0.900374244140625 0.63310119921875 0.8158315390625 0.5463787265625 0.7455689375 0.58266192578125
0 0.76786430859375 0.410268068359375 0.767005890625 0.40931469921875 0.667934390625 0.34922046484375 0.61303714453125 0.39865016796875 0.61562298828125 0.40263201953125 0.7110936796875 0.46466931640625 0.76786430859375 0.410268068359375
0 0.65208544921875 0.257778345703125 0.651670748046875 0.25804765625 0.58199347265625 0.355516236328125 0.636634466796875 0.4168577421875 0.63688540234375 0.41669478515625 0.70613025390625 0.319330849609375 0.65208544921875 0.257778345703125
0 0.433782587890625 0 0.375860642578125 0.035324271484375 0.37841590234375 0.039576939453125 0.467635443359375 0.140856693359375 0.5275787890625 0.105610490234375 0.53046198828125 0.10387808984375 0.537432498046875 0.09935138671875 0.45260891015625 0 0.433782587890625 0
0 0.41494317578125 0.1165631875 0.41993647265625 0.12425219140625 0.5199233515625 0.211859783203125 0.58706145703125 0.15940574609375 0.48269854296875 0.0655311796875 0.41494317578125 0.1165631875
0 0.575315373046875 0.36538851171875 0.5808810859375 0.36177409765625 0.65644821875 0.242795677734375 0.6007396171875 0.18844529296875 0.52161483984375 0.30977998046875 0.575315373046875 0.36538851171875
0 0.59851321875 0.258566267578125 0.63281655078125 0.2239276328125 0.513362296875 0.148180978515625 0.460076921875 0.197538552734375 0.46259550390625 0.201416828125 0.57418623046875 0.28205856640625 0.59851321875 0.258566267578125
0 0.844065408203125 0.84406917578125 0.86624793359375 0.834117578125 0.86833085546875 0.832764912109375 0.76814791015625 0.712851822265625 0.690674123046875 0.745062169921875 0.69065311328125 0.745075814453125 0.691696734375 0.747534431640625 0.796342203125 0.86432647265625 0.844065408203125 0.84406917578125
0 0.7325091796875 0.7916056328125 0.7878474765625 0.900213154296875 0.78963247265625 0.90296180859375 0.82630844140625 0.88427446484375 0.85320356640625 0.866808568359375 0.765747162109375 0.778714806640625 0.7325091796875 0.7916056328125
0 0.653184333984375 0.56260781640625 0.68362879296875 0.541978625 0.56983941015625 0.4425972890625 0.5057874375 0.483884939453125 0.506957505859375 0.48575744140625 0.612070958984375 0.58835994921875 0.650672087890625 0.564239287109375 0.653184333984375 0.56260781640625
0 0.63983366015625 0.69191346875 0.642842875 0.69734223828125 0.746017927734375 0.79279177734375 0.808675955078125 0.757858130859375 0.817824984375 0.75191668359375 0.704069041015625 0.649301615234375 0.63983366015625 0.69191346875
0 0.549269556640625 0.54705527734375 0.552015896484375 0.55222039453125 0.649504275390625 0.65426774609375 0.71261505859375 0.626481771484375 0.72545694140625 0.61814215625 0.616172458984375 0.51251600390625 0.549269556640625 0.54705527734375
0 0.756412767578125 0.6413494765625 0.72406516796875 0.56675210546875 0.6105818984375 0.66997237109375 0.635571166015625 0.728843396484375 0.64199712109375 0.738738498046875 0.643533169921875 0.738086482421875 0.756412767578125 0.6413494765625
0 0.4567741328125 0.442060099609375 0.588292455078125 0.510892982421875 0.622121447265625 0.473322080078125 0.64031042578125 0.45212283203125 0.639693197265625 0.451172380859375 0.6389545703125 0.450507318359375 0.62249748828125 0.440219458984375 0.504503109375 0.37652437109375 0.45377393359375 0.43935870703125 0.4567741328125 0.442060099609375
0 0.268422427734375 0.166352791015625 0.27177968359375 0.16464218359375 0.3850578203125 0.086387318359375 0.34948855078125 0.01132487109375 0.2274599453125 0.089435486328125 0.257567841796875 0.14852555859375 0.2606064375 0.154317220703125 0.268422427734375 0.166352791015625
0 0.3075393984375 0.23519426171875 0.311240474609375 0.233991708984375 0.42434905859375 0.175046759765625 0.401377888671875 0.0938283359375 0.279289966796875 0.154003404296875 0.285337794921875 0.172616703125 0.30714242578125 0.234582978515625 0.3075393984375 0.23519426171875
0 0.44559942578125 0.24121622265625 0.3704365625 0.271987783203125 0.37379726953125 0.27990511328125 0.44437721875 0.38309375390625 0.52361004296875 0.3480956328125 0.44559942578125 0.24121622265625
0 0.44149576953125 0.16392716796875 0.326458697265625 0.23558698046875 0.33756830859375 0.26513641015625 0.354995533203125 0.30827030078125 0.35907216796875 0.31454776953125 0.4720298359375 0.240914400390625 0.44149576953125 0.16392716796875
0 0.527925564453125 0.43628541796875 0.57618603515625 0.391064146484375 0.46865646875 0.317977205078125 0.40807578125 0.37279348046875 0.410720423828125 0.37686587109375 0.518256841796875 0.445301650390625 0.527925564453125 0.43628541796875
0 0.64150746875 1 0.65243280859375 0.991767166015625 0.520924865234375 0.88739346484375 0.51625272265625 0.89091417578125 0.45637737890625 0.93774862890625 0.45873466015625 0.941378525390625 0.543196205078125 1 0.64150746875 1
0 0.102764728515625 0.44487260546875 0.107196103515625 0.44241625390625 0.25105227734375 0.332938498046875 0.2056815625 0.249017181640625 0.060323828125 0.3667001484375 0.08193639453125 0.40920523046875 0.095542705078125 0.4337516640625 0.102764728515625 0.44487260546875
0 0.612333662109375 0.95616087890625 0.4867299453125 0.81380170703125 0.41860023046875 0.853413412109375 0.4195682890625 0.855234060546875 0.54750567578125 0.99122768359375 0.59135373828125 0.969196197265625 0.59635978515625 0.96653443359375 0.612333662109375 0.95616087890625
0 0.31655519140625 0.5818292578125 0.36619056640625 0.5324174609375 0.2168593984375 0.418205822265625 0.14894916015625 0.47869505078125 0.152640736328125 0.484379578125 0.3030779140625 0.59396425390625 0.31655519140625 0.5818292578125
0 0.119561447265625 0.364850943359375 0.16706434375 0.337425134765625 0.18217848828125 0.32819297265625 0.19822616015625 0.317771490234375 0.088422890625 0.17353932421875 0.054565509765625 0.19308689453125 0.00630769921875 0.2244258828125 0.119561447265625 0.364850943359375
0 0.403815798828125 0.917057216796875 0.40811826171875 0.914958765625 0.5488127109375 0.7930886171875 0.511094513671875 0.71802428125 0.36558216015625 0.841006134765625 0.36954162109375 0.84936791015625 0.39875511328125 0.9092644453125 0.403815798828125 0.917057216796875
0 0.38046830859375 0.55417997265625 0.276681001953125 0.70986646875 0.291782951171875 0.72723927734375 0.33222875 0.772901876953125 0.335058376953125 0.771064294921875 0.42746453515625 0.644975521484375 0.439088671875 0.6285134140625 0.38328649609375 0.55623119140625 0.3810578828125 0.553667462890625 0.38046830859375 0.55417997265625
0 0.38764883984375 0.64608479296875 0.396305771484375 0.641862525390625 0.401917646484375 0.638218130859375 0.289656431640625 0.492219783203125 0.278764349609375 0.497532203125 0.20895391015625 0.53350469140625 0.21007070703125 0.5357944609375 0.3224060390625 0.674735279296875 0.38764883984375 0.64608479296875
0 0.143349205078125 0.524580455078125 0.148786775390625 0.522272345703125 0.295361849609375 0.42214315234375 0.26519217578125 0.3348618515625 0.105497955078125 0.436781212890625 0.11932465234375 0.46935487109375 0.142624865234375 0.5234650703125 0.143349205078125 0.524580455078125
0 0.462019498046875 0.81592976171875 0.51298815625 0.78463735546875 0.379343029296875 0.649117072265625 0.299596275390625 0.699152078125 0.301824279296875 0.703011095703125 0.433167962890625 0.832587201171875 0.462019498046875 0.81592976171875
0 0.61956201171875 0 0.652156794921875 0.04124096484375 0.7081144296875 0.012729125 0.7197636796875 0.00516401171875 0.715833392578125 0 0.61956201171875 0
0 0.67944476171875 0 0.6290960546875 0.05042528515625 0.630452171875 0.052513521484375 0.6306428671875 0.05269767578125 0.713668068359375 0.10670207421875 0.75201180859375 0.06939729296875 0.76943196484375 0.05135819140625 0.76938601171875 0.051287431640625 0.68335779296875 0 0.67944476171875 0
0 0.740283646484375 0.1800080234375 0.793715955078125 0.10203648828125 0.74761544140625 0.049849888671875 0.743279939453125 0.04520062890625 0.68681254296875 0.13212596484375 0.731917212890625 0.18422563671875 0.732623234375 0.18498275390625 0.740283646484375 0.1800080234375
0 0.836356947265625 0.185187060546875 0.8060285390625 0.113737806640625 0.72747253515625 0.17185426953125 0.7512573671875 0.24140608203125 0.75412089453125 0.245815529296875 0.7576658359375 0.244310791015625 0.836356947265625 0.185187060546875
0 0.35370621484375 1 0.41816463671875 0.9373721796875 0.378988427734375 0.85935595703125 0.2417292890625 0.984187095703125 0.2497863671875 1 0.35370621484375 1
0 0.21822023828125 0.97766253515625 0.224456716796875 0.97563618359375 0.37214621875 0.87950612109375 0.3676976796875 0.865814927734375 0.342068646484375 0.791016912109375 0.18652805859375 0.894769486328125 0.187863884765625 0.89888073828125 0.21822023828125 0.97766253515625
0 0.46825358203125 1 0.426970603515625 0.94121241796875 0.417438529296875 0.928092642578125 0.416023234375 0.92901174609375 0.362534052734375 1 0.46825358203125 1
0 0.11914108984375 0.765324982421875 0.122410916015625 0.770557798828125 0.2494732421875 0.89904869921875 0.320827609375 0.85669163671875 0.3333023671875 0.84859043359375 0.19449984375 0.721769083984375 0.11914108984375 0.765324982421875
0 0 0.530722091796875 0.04672953125 0.570799201171875 0.117143919921875 0.515785453125 0.116893484375 0.51539981640625 0 0.40476041796875 0 0.530722091796875
0 0 0.634644201171875 0.033407138671875 0.674457279296875 0.0339363828125 0.674113583984375 0.03451938671875 0.67362438671875 0.15184483984375 0.52147680078125 0.14050534375 0.5079629140625 0.090696603515625 0.449083234375 0.090428103515625 0.449257599609375 0.089535015625 0.45000698828125 0 0.56255837109375 0 0.634644201171875
0 0.00889239453125 0.598049734375 0.0123804375 0.604091203125 0.136881591796875 0.741635884765625 0.2111887265625 0.698734640625 0.22302564453125 0.691047654296875 0.09243573046875 0.551923056640625 0.00889239453125 0.598049734375
0 0.06767995703125 0.73231781640625 0.080689896484375 0.77235829296875 0.11030901953125 0.8179677421875 0.268577546875 0.7213559921875 0.238000078125 0.63281660546875 0.06767995703125 0.73231781640625
0 1 0.42866878515625 0.920310130859375 0.378976896484375 0.869015791015625 0.428475900390625 0.870016251953125 0.43001647265625 0.871524822265625 0.431634216796875 0.964668052734375 0.48656552734375 0.993641615234375 0.4595472421875 1 0.453250111328125 1 0.42866878515625
0 0.822921498046875 0.18105222265625 0.770775396484375 0.261704240234375 0.771407759765625 0.26245863671875 0.81374171875 0.31115828515625 0.81974332421875 0.307260798828125 0.871925533203125 0.235728134765625 0.822921498046875 0.18105222265625
0 1 0.46605728125 0.96407933984375 0.439638982421875 0.906366439453125 0.48312198046875 0.90861003125 0.486576810546875 1 0.5396832578125 1 0.46605728125
0 0.90380033984375 0.43898030078125 0.904245609375 0.438502806640625 0.9488594765625 0.348251431640625 0.89287978515625 0.300951859375 0.84762690234375 0.391658390625 0.897087220703125 0.44012961328125 0.899116544921875 0.442021990234375 0.90380033984375 0.43898030078125
0 0.9090210390625 0.30515901953125 0.879338271484375 0.24641891796875 0.876215623046875 0.241610458984375 0.805593203125 0.30954581640625 0.82167303515625 0.342331880859375 0.83527373046875 0.367911064453125 0.83993230078125 0.37508463671875 0.8412136171875 0.37440334765625 0.9090210390625 0.30515901953125
0 1 0.5070044140625 0.996300029296875 0.50407651171875 0.9407425078125 0.53376571484375 0.941668724609375 0.535583517578125 1 0.59203339453125 1 0.5070044140625