0 1 0.43370150390625 0.9381866484375 0.41977971875 0.901970392578125 0.47907711328125 0.906177998046875 0.481506375 1 0.50011343359375 1 0.43370150390625
0 0.87523287109375 0.36549779296875 0.8740633828125 0.484245873046875 0.93715539453125 0.505845037109375 0.9380452265625 0.503748724609375 0.939736544921875 0.38757316796875 0.87523287109375 0.36549779296875
0 0.6114088828125 0.3814177734375 0.61058003515625 0.385681822265625 0.61127332421875 0.38597610546875 0.727814013671875 0.3743861640625 0.740021125 0.298792443359375 0.738831462890625 0.29856119921875 0.62714940234375 0.31055320703125 0.6114088828125 0.3814177734375
0 0.79436980859375 0.337979716796875 0.723226267578125 0.302055998046875 0.712684650390625 0.417140591796875 0.78233096484375 0.44670369921875 0.783018955078125 0.44508289453125 0.79436980859375 0.337979716796875
0 0.803056728515625 0.460593578125 0.860443517578125 0.48262230078125 0.86197834375 0.4790064765625 0.8696036875 0.3620151875 0.79406626953125 0.33348940234375 0.79404827734375 0.333536265625 0.78789594140625 0.454158205078125 0.803056728515625 0.460593578125
0 0.638801626953125 0.38494627734375 0.6469246953125 0.269245185546875 0.57214230078125 0.246066203125 0.57137668359375 0.247869888671875 0.56687489453125 0.36296386328125 0.637770603515625 0.38737521484375 0.638801626953125 0.38494627734375
0 0.600360203125 0.25086922265625 0.48093678125 0.241637548828125 0.456374310546875 0.3185279375 0.46028243359375 0.320186837890625 0.57588887890625 0.3294066875 0.600360203125 0.25086922265625
0 0.27428692578125 0.219967232421875 0.30611425 0.143592146484375 0.16948740234375 0.112996158203125 0.137439830078125 0.186543158203125 0.143209138671875 0.188992083984375 0.27408721484375 0.22043772265625 0.27428692578125 0.219967232421875
0 0.218351814453125 0.222688064453125 0.34631385546875 0.25931151953125 0.360765173828125 0.23096591796875 0.377821630859375 0.19599499609375 0.384193861328125 0.180982962890625 0.248425669921875 0.14403308984375 0.21649843359375 0.20814858203125 0.21170324609375 0.219445341796875 0.218351814453125 0.222688064453125
0 0.36405273046875 0.28952437890625 0.36735397265625 0.290925673828125 0.503737890625 0.31524188671875 0.535040056640625 0.24149860546875 0.3920192734375 0.21776785546875 0.36405273046875 0.28952437890625
0 0.4323527890625 0.189313076171875 0.37160470703125 0.14647359765625 0.313737875 0.27734112109375 0.382169513671875 0.321309453125 0.38472762890625 0.317516888671875 0.4323527890625 0.189313076171875
0 0.9174459921875 0.678892748046875 0.91760573828125 0.678579232421875 0.93997247265625 0.52219948828125 0.86943489453125 0.488042732421875 0.84195194921875 0.64198105859375 0.899169271484375 0.6711347421875 0.9174459921875 0.678892748046875
0 0.9666465546875 0.53601444921875 0.93305868359375 0.520493248046875 0.925544919921875 0.542314798828125 0.882801919921875 0.672021396484375 0.91992748046875 0.686485740234375 0.95839878515625 0.69973247265625 0.96344490625 0.687844552734375 0.9666465546875 0.53601444921875
0 0.6748562421875 0.42580047265625 0.525082234375 0.4118867890625 0.50127376171875 0.49035605078125 0.50851654296875 0.4934304296875 0.6497577734375 0.49869171875 0.6748562421875 0.42580047265625
0 0.85699378125 0.638709173828125 0.841295599609375 0.488023908203125 0.763418970703125 0.4764673046875 0.76317249609375 0.47753490234375 0.77635596484375 0.62163334375 0.85639809375 0.640112525390625 0.85699378125 0.638709173828125
0 0.687194802734375 0.58285435546875 0.691040697265625 0.57379399609375 0.70362019140625 0.43072223046875 0.63316470703125 0.399802478515625 0.6144347890625 0.5458331796875 0.68240469921875 0.580821078125 0.687194802734375 0.58285435546875
0 0.820489408203125 0.47987537890625 0.669552740234375 0.49200974609375 0.65224444921875 0.569716248046875 0.6552683515625 0.570999818359375 0.80415760546875 0.5545924921875 0.821325478515625 0.48023026953125 0.820489408203125 0.47987537890625
0 0.59954311328125 0.41634866015625 0.452970244140625 0.37258023828125 0.41456914453125 0.44009707421875 0.4203391875 0.44356406640625 0.43406780859375 0.44883697265625 0.5600663125 0.488227912109375 0.57960303515625 0.45571334765625 0.600238056640625 0.4167662265625 0.59954311328125 0.41634866015625
0 0.052867685546875 0.29832152734375 0.167859287109375 0.3193486171875 0.1957851796875 0.241120181640625 0.077706298828125 0.21520928125 0.063779703125 0.24801828515625 0.04809362890625 0.29629505859375 0.052867685546875 0.29832152734375
0 0.2519357421875 0.2663682109375 0.18282490234375 0.219387482421875 0.182067046875 0.21906579296875 0.127287626953125 0.343490251953125 0.143884927734375 0.353861396484375 0.201025482421875 0.38767320703125 0.203178625 0.38422745703125 0.2519357421875 0.2663682109375
0 0.43448013671875 0.366433353515625 0.314247005859375 0.3132173046875 0.26453983984375 0.377447689453125 0.27140896484375 0.382623947265625 0.384127310546875 0.436697955078125 0.433076802734375 0.369739396484375 0.43448013671875 0.366433353515625
0 0.199329349609375 0.379162634765625 0.32753825 0.386061447265625 0.3410925546875 0.33325327734375 0.3481367734375 0.302741412109375 0.21134903515625 0.298201302734375 0.19277315234375 0.37637969140625 0.199329349609375 0.379162634765625
0 0.51007841796875 0.40027737890625 0.3896517890625 0.350462681640625 0.34255741796875 0.413272994140625 0.345525794921875 0.415509828125 0.460638634765625 0.46725232421875 0.50692296484375 0.40771116015625 0.51007841796875 0.40027737890625
0 0.751477115234375 0.789978037109375 0.747956404296875 0.7946501796875 0.70283970703125 0.856822099609375 0.7050682734375 0.8585014453125 0.86290799609375 0.912120791015625 0.875129798828125 0.89590191015625 0.894944232421875 0.849222029296875 0.751477115234375 0.789978037109375
0 0.099490439453125 0.655809642578125 0.15806588671875 0.673717951171875 0.15882480859375 0.671930041015625 0.159466673828125 0.669830595703125 0.18168648828125 0.489022552734375 0.096523734375 0.459618802734375 0.067940734375 0.645799763671875 0.099490439453125 0.655809642578125
0 0.69572642578125 0.9092605859375 0.736723837890625 0.934878611328125 0.7410401875 0.93671079296875 0.74397644140625 0.9320118046875 0.802725990234375 0.75721896875 0.73387327734375 0.717745791015625 0.679458453125 0.898565283203125 0.69572642578125 0.9092605859375
0 0.218011775390625 0.59506739453125 0.19987571875 0.679453734375 0.208686669921875 0.68181462109375 0.38671223046875 0.695542708984375 0.41086204296875 0.605414392578125 0.218011775390625 0.59506739453125
0 0 0.565548732421875 0.105352455078125 0.60413059765625 0.131945046875 0.55615629296875 0.148126083984375 0.525181376953125 0.14888252734375 0.52339930859375 0 0.464097109375 0 0.565548732421875
0 0.67647241796875 0.888038658203125 0.68958030859375 0.705207560546875 0.609831013671875 0.67879985546875 0.59389954296875 0.868653927734375 0.602611974609375 0.8717668359375 0.673079916015625 0.89603089453125 0.67647241796875 0.888038658203125
0 0.371866177734375 0.768966291015625 0.42837469140625 0.780708234375 0.4298880234375 0.777143046875 0.430024380859375 0.599748884765625 0.3507456171875 0.57807260546875 0.34528345703125 0.57681156640625 0.3406261171875 0.761753953125 0.371866177734375 0.768966291015625
0 0.171537876953125 0.689892970703125 0.21795315234375 0.71637095703125 0.22424730859375 0.71904266796875 0.22691390234375 0.714423994140625 0.283714708984375 0.54624618359375 0.207092939453125 0.494696798828125 0.14089206640625 0.6721996015625 0.171537876953125 0.689892970703125
0 0.446561244140625 0.76390293359375 0.62141458984375 0.82278788671875 0.640044037109375 0.79516859765625 0.67213667578125 0.74469998046875 0.49260905078125 0.68148132421875 0.442867046875 0.761411166015625 0.446561244140625 0.76390293359375
0 0.43275580078125 0.80194818359375 0.514584783203125 0.8215437109375 0.515658474609375 0.819014248046875 0.519045455078125 0.6620853359375 0.51912511328125 0.64193303515625 0.42870704296875 0.613716037109375 0.428470212890625 0.614665904296875 0.43275580078125 0.80194818359375
0 0.302797517578125 0 0.301262353515625 0.02387583984375 0.37463869921875 0.04353697265625 0.37576044921875 0.040894296875 0.379140923828125 0 0.302797517578125 0
0 0.3795176796875 0 0.365776642578125 0.047787486328125 0.43156421484375 0.08393484765625 0.43473265625 0.085279771484375 0.43517051171875 0.084420431640625 0.455909474609375 0 0.3795176796875 0
0 0.43869371484375 0.014074099609375 0.42494998046875 0.087917025390625 0.426105603515625 0.08840755859375 0.4273348828125 0.088602255859375 0.528220859375 0.07979020703125 0.539701810546875 0.02135776171875 0.54187730859375 0.007622203125 0.43869371484375 0.014074099609375
0 0.593014490234375 0.13291179296875 0.5889734296875 0.04014749609375 0.512191888671875 0.019400478515625 0.511799263671875 0.0203254453125 0.51702752734375 0.12286062109375 0.591163994140625 0.1372712890625 0.593014490234375 0.13291179296875
0 0.705325826171875 1 0.72054241015625 0.92841159765625 0.53615259765625 0.9389954609375 0.522678669921875 1 0.705325826171875 1
0 0.573561837890625 1 0.57905325390625 0.8629731171875 0.57700416015625 0.862307326171875 0.49167540234375 0.8395596640625 0.483435041015625 1 0.573561837890625 1
0 0.7580597890625 1 0.77714370703125 0.9502789453125 0.705830341796875 0.899201794921875 0.705673728515625 0.89940225390625 0.6652355625 1 0.7580597890625 1
0 0.555361478515625 0.876516482421875 0.370250259765625 0.849444736328125 0.334256671875 0.93718012109375 0.343563283203125 0.94113054296875 0.52084350390625 0.95794271484375 0.555361478515625 0.876516482421875
0 0 0.79861761328125 0.167409291015625 0.80627146875 0.189053142578125 0.719462716796875 0 0.701506921875 0 0.79861761328125
0 0.19772741015625 0.90819216796875 0.2359025390625 0.72059514453125 0.185164984375 0.699058330078125 0.14577084765625 0.68268867578125 0.14522601953125 0.68397221484375 0.10982441015625 0.872468162109375 0.19715603515625 0.90953823828125 0.19772741015625 0.90819216796875
0 0.28528241796875 0.94864310546875 0.286672890625 0.945661232421875 0.325014916015625 0.762326978515625 0.237956984375 0.719685935546875 0.19506122265625 0.907738822265625 0.25739647265625 0.936806224609375 0.28528241796875 0.94864310546875
0 0.290294720703125 0.95289381640625 0.354999875 0.981631287109375 0.375986654296875 0.990539646484375 0.41935412109375 0.798204416015625 0.330544685546875 0.756791896484375 0.290294720703125 0.95289381640625
0 0 0.777800654296875 0.05269255078125 0.8012577578125 0.0657424296875 0.78037358984375 0.10292728125 0.717381900390625 0 0.6684538828125 0 0.777800654296875
0 0.852180646484375 0.26756824609375 0.85469108203125 0.26192971484375 0.87107214453125 0.157872197265625 0.804084861328125 0.12940956640625 0.789364474609375 0.240771111328125 0.79578499609375 0.2436297109375 0.852180646484375 0.26756824609375
0 0.56275627734375 0.13962257421875 0.566153400390625 0.141064568359375 0.569758431640625 0.14230587890625 0.658006734375 0.15175294140625 0.658304455078125 0.15105155859375 0.66905919140625 0.11981752734375 0.68143034765625 0.082037791015625 0.5855106015625 0.077203953125 0.56275627734375 0.13962257421875
0 0.90995696875 0.300580029296875 0.93187555078125 0.18948370703125 0.881588162109375 0.153859439453125 0.847725470703125 0.262359298828125 0.851284201171875 0.26476008203125 0.899809078125 0.29627250390625 0.90995696875 0.300580029296875
0 0.79761512109375 0.20285939453125 0.823938986328125 0.16073241015625 0.827155384765625 0.153155048828125 0.726547134765625 0.1256232109375 0.691133923828125 0.188998447265625 0.69313343359375 0.19024787890625 0.788472671875 0.216713419921875 0.79761512109375 0.20285939453125
0 0.7337366953125 0.159060658203125 0.750136849609375 0.13065475390625 0.754150033203125 0.121200291015625 0.6606627421875 0.09769882421875 0.62203772265625 0.159814138671875 0.627387193359375 0.16290265625 0.719191359375 0.183085955078125 0.7337366953125 0.159060658203125
0 0.990625599609375 0.214105966796875 0.94571078515625 0.18279562890625 0.9116319296875 0.293839998046875 0.91651144921875 0.29738517578125 0.97209255859375 0.33429517578125 0.973752880859375 0.332009935546875 0.99283580078125 0.244718115234375 0.9979193984375 0.21940522265625 0.990625599609375 0.214105966796875