0 0.11947836328125 0.1888428828125 0.114492919921875 0.190959078125 0.03135024609375 0.261487806640625 0.05752496484375 0.32764738671875 0.145036388671875 0.24945125390625 0.12244395703125 0.19358882421875 0.11947836328125 0.1888428828125
0 0.05316186328125 0.31757565234375 0.15988839453125 0.36924758984375 0.207082517578125 0.320193150390625 0.206983236328125 0.320034267578125 0.10002784765625 0.26887183984375 0.05316186328125 0.31757565234375
0 0.3002828046875 0.460036056640625 0.298590884765625 0.45562845703125 0.20529183984375 0.52768451953125 0.23514175390625 0.598601486328125 0.324486583984375 0.5284738203125 0.3002828046875 0.460036056640625
0 0.162442091796875 0.46581091796875 0.19728287109375 0.531549740234375 0.198206939453125 0.53302855859375 0.27812112109375 0.453252771484375 0.2565188828125 0.405204998046875 0.24291505859375 0.383434328125 0.24235294140625 0.3837332109375 0.162442091796875 0.46581091796875
0 0.182357412109375 0.307882271484375 0.120264013671875 0.408305576171875 0.17356755078125 0.46895501953125 0.1736054375 0.4689220859375 0.23597689453125 0.364788859375 0.185047513671875 0.30620130859375 0.182357412109375 0.307882271484375
0 0.29075661328125 0.66725025 0.368662927734375 0.577679806640625 0.32323644921875 0.51464587890625 0.319889091796875 0.516737541015625 0.24833100390625 0.604351697265625 0.29075661328125 0.66725025
0 0.320256064453125 0.61047401171875 0.27424557421875 0.64184144921875 0.36286624609375 0.723217666015625 0.429916013671875 0.6768012890625 0.42854430078125 0.67460608984375 0.342885736328125 0.596333421875 0.320256064453125 0.61047401171875
0 0.5615188203125 1 0.61913314453125 0.95897205859375 0.616844314453125 0.95530916796875 0.616639029296875 0.9550266171875 0.519484328125 0.859519025390625 0.4524558359375 0.90889578515625 0.548049578125 1 0.5615188203125 1
0 0.492066453125 0.78561821875 0.416898720703125 0.81908505078125 0.41446026953125 0.82060876171875 0.49278543359375 0.936605732421875 0.570631001953125 0.90358415234375 0.572036541015625 0.902705873046875 0.569653484375 0.897353443359375 0.492066453125 0.78561821875
0 0.31847842578125 0.702694265625 0.436348388671875 0.789662140625 0.492899439453125 0.73926452734375 0.48986681640625 0.734411318359375 0.379861810546875 0.651187490234375 0.31847842578125 0.702694265625
0 0.53252610546875 0.81152613671875 0.43089547265625 0.713881849609375 0.403535736328125 0.73375986328125 0.364745478515625 0.763287294921875 0.4724953125 0.85492160546875 0.533249099609375 0.812683169921875 0.53252610546875 0.81152613671875
0 0.274834107421875 0.13611606640625 0.2660383515625 0.119685970703125 0.2626833203125 0.114316798828125 0.25981548046875 0.115778037109375 0.149624173828125 0.22173421484375 0.18758132421875 0.297613943359375 0.298750708984375 0.183055037109375 0.274834107421875 0.13611606640625
0 0.24360002734375 0.21407589453125 0.27585782421875 0.198897904296875 0.2511853359375 0.157835986328125 0.210691939453125 0.09303300390625 0.14923055859375 0.131438337890625 0.24360002734375 0.21407589453125
0 0.356770630859375 0.426655404296875 0.325867083984375 0.441145892578125 0.322509576171875 0.443243896484375 0.419037076171875 0.55882594140625 0.488759271484375 0.528066546875 0.487896533203125 0.526034060546875 0.40012776953125 0.408251392578125 0.356770630859375 0.426655404296875
0 0.28598284375 0.1804860625 0.214222857421875 0.31514937109375 0.272323138671875 0.36827828515625 0.27312446875 0.36753103515625 0.342773703125 0.240695912109375 0.2863899140625 0.180231697265625 0.28598284375 0.1804860625
0 0.39689713671875 0.326155244140625 0.39298606640625 0.328323185546875 0.292232470703125 0.4362745703125 0.32871605078125 0.50401639453125 0.433380904296875 0.400473921875 0.40531003515625 0.33961869140625 0.39689713671875 0.326155244140625
0 0.22569772265625 0.33229233203125 0.360844626953125 0.4063183046875 0.415207587890625 0.3554580859375 0.41322698828125 0.352288466796875 0.286033767578125 0.277653724609375 0.22557304296875 0.3320928046875 0.22569772265625 0.33229233203125
0 0.415072701171875 0.484234275390625 0.38872251953125 0.511520689453125 0.35985517578125 0.5448277265625 0.360438376953125 0.54539091796875 0.49340883984375 0.621009279296875 0.54566741796875 0.56423745703125 0.544547736328125 0.562445591796875 0.541171451171875 0.55918515234375 0.52898083984375 0.550959123046875 0.415072701171875 0.484234275390625
0 0.71234659375 0.95690032421875 0.754264888671875 0.92754881640625 0.751310685546875 0.92282110546875 0.674429525390625 0.83319623828125 0.66864944921875 0.836808029296875 0.610137822265625 0.877778310546875 0.602318525390625 0.88339368359375 0.68546601953125 0.973697169921875 0.71234659375 0.95690032421875
0 0.659974998046875 0.761159912109375 0.56718376171875 0.84841228125 0.618546431640625 0.91811481640625 0.71240426953125 0.82579837890625 0.683332263671875 0.780674662109375 0.66671769921875 0.75694660546875 0.659974998046875 0.761159912109375
0 0.587957779296875 0.614224810546875 0.478326115234375 0.68643595703125 0.5118403359375 0.766040041015625 0.512824953125 0.76564223046875 0.61976975390625 0.690409107421875 0.5908764375 0.618895640625 0.587957779296875 0.614224810546875
0 0.637669779296875 0.687883515625 0.52344423828125 0.759534287109375 0.5526300390625 0.8370426875 0.668900228515625 0.7674014609375 0.658308015625 0.73766264453125 0.64163623828125 0.69423117578125 0.637669779296875 0.687883515625
0 0.429619083984375 0.584513134765625 0.512902384765625 0.685445201171875 0.58397190234375 0.65209645703125 0.582401109375 0.64872787890625 0.50505413671875 0.54899976171875 0.439273486328125 0.57848039453125 0.429619083984375 0.584513134765625
0 0.42672348046875 0 0.364286599609375 0.056687796875 0.39069000390625 0.124154021484375 0.537632189453125 0.00701076171875 0.534510796875 0 0.42672348046875 0
0 0.86784512890625 0.555727123046875 0.756910982421875 0.697685458984375 0.814765658203125 0.766751453125 0.93515635546875 0.6218845546875 0.91326844921875 0.597055115234375 0.87309998828125 0.552443521484375 0.86784512890625 0.555727123046875
0 0.52053590234375 0 0.41107385546875 0.141380580078125 0.45438209765625 0.201700861328125 0.576345953125 0.0541565234375 0.565063810546875 0.03918461328125 0.533134755859375 0 0.52053590234375 0
0 0.83082130859375 0.560390056640625 0.7344535859375 0.399555189453125 0.717306166015625 0.40545951953125 0.65230983203125 0.431549232421875 0.745143859375 0.595029935546875 0.83256458984375 0.56545291796875 0.83082130859375 0.560390056640625
0 0.938196951171875 0.6478860859375 0.9251821484375 0.634131884765625 0.919499615234375 0.637682724609375 0.915825607421875 0.64099081640625 0.801333134765625 0.77401532421875 0.86950012890625 0.84236734375 0.985191203125 0.700078490234375 0.938196951171875 0.6478860859375
0 0.60253374609375 0.083221505859375 0.595874392578125 0.0864694921875 0.456568572265625 0.2042058046875 0.49377329296875 0.282776501953125 0.63889145703125 0.15707451171875 0.60407017578125 0.085680310546875 0.60253374609375 0.083221505859375
0 0.6335781640625 0.24715869921875 0.60709867578125 0.256276318359375 0.5532375625 0.27538448046875 0.5533809765625 0.27580098828125 0.63723245703125 0.4112317109375 0.64814137890625 0.42817623828125 0.73683070703125 0.40329974609375 0.73790383984375 0.40293023828125 0.739030462890625 0.40222624609375 0.738652904296875 0.401129732421875 0.6335781640625 0.24715869921875
0 0.671052501953125 0.52457530078125 0.77733191796875 0.3785304375 0.72966173828125 0.31904540234375 0.722732767578125 0.31107453125 0.72048455078125 0.312479373046875 0.60963512109375 0.45724144921875 0.623537283203125 0.473234052734375 0.67057131640625 0.52499358984375 0.671052501953125 0.52457530078125
0 0.698071962890625 0.518100802734375 0.80493030859375 0.67330973828125 0.891675115234375 0.632311150390625 0.88985568359375 0.62840936328125 0.783569609375 0.483919271484375 0.703268076171875 0.51485391015625 0.698071962890625 0.518100802734375
0 0.684160001953125 0.223559283203125 0.6626961015625 0.16492270703125 0.658072416015625 0.16642503515625 0.50359380078125 0.268239033203125 0.534674201171875 0.355774220703125 0.694009173828125 0.253871916015625 0.684160001953125 0.223559283203125
0 0.37770548828125 1 0.33018440234375 0.956181150390625 0.327057865234375 0.958134828125 0.269435396484375 1 0.37770548828125 1
0 0.291371076171875 1 0.359001828125 0.970995046875 0.3572272734375 0.96718950390625 0.29565996484375 0.888945443359375 0.256168966796875 0.9065639375 0.233300984375 0.917227451171875 0.22843598046875 0.920267443359375 0.28627516796875 1 0.291371076171875 1
0 0.31674613671875 0.902610134765625 0.259804166015625 0.823009732421875 0.21297232421875 0.84141639453125 0.194960353515625 0.849062025390625 0.19003207421875 0.8521415546875 0.251515904296875 0.933757287109375 0.318534482421875 0.90818683984375 0.31899196484375 0.907900974609375 0.31674613671875 0.902610134765625
0 0.23688623828125 0.7482536171875 0.23557137890625 0.74889491796875 0.16265934765625 0.808986947265625 0.19247046484375 0.88322193359375 0.27201511328125 0.8166675 0.244911201171875 0.76109624609375 0.23688623828125 0.7482536171875
0 0.65364240234375 0 0.59575910546875 0.08018265234375 0.647599744140625 0.14982416796875 0.64873506640625 0.14911473828125 0.761384677734375 0.003441283203125 0.758791486328125 0 0.65364240234375 0
0 0.704415505859375 0.229835658203125 0.809763830078125 0.07537141796875 0.806985169921875 0.07205994140625 0.74952201953125 0.0105949453125 0.74778506640625 0.0116803125 0.74430379296875 0.01460144921875 0.64337942578125 0.159057150390625 0.6526328515625 0.170084953125 0.704415505859375 0.229835658203125
0 0.540318271484375 0 0.578934724609375 0.059287138671875 0.58805046484375 0.072801779296875 0.589343009765625 0.071994107421875 0.647638078125 0 0.540318271484375 0
0 0.6652085078125 0.17905118359375 0.82788487890625 0.27455918359375 0.891040951171875 0.21763912890625 0.886842392578125 0.210920029296875 0.737254275390625 0.11258316796875 0.6652085078125 0.17905118359375
0 1 0.453874375 0.890749150390625 0.554245857421875 0.947252056640625 0.63535137109375 1 0.5818947890625 1 0.453874375
0 1 0.43032501953125 0.89631045703125 0.356357513671875 0.8390671953125 0.409737720703125 0.8247504609375 0.42329314453125 0.82516526953125 0.42373797265625 0.98377479296875 0.53330605078125 1 0.51817580078125 1 0.43032501953125
0 0.985399240234375 0.3511248828125 0.95773373828125 0.288987150390625 0.94112684765625 0.26241056640625 0.791923193359375 0.37561130078125 0.829651607421875 0.464908046875 0.985399240234375 0.3511248828125
0 0.869794275390625 0.169433712890625 0.7419786640625 0.313401544921875 0.79710645703125 0.3891321953125 0.930203302734375 0.2449292421875 0.92014219140625 0.22882809765625 0.87588769140625 0.165626123046875 0.869794275390625 0.169433712890625
0 0 0.543631701171875 0.05972769140625 0.617247974609375 0.12463192578125 0.587010828125 0.122998654296875 0.5833424453125 0.052813884765625 0.501079400390625 0.016622548828125 0.5171928203125 0 0.525200822265625 0 0.543631701171875
0 0.236865052734375 0.75116827734375 0.16984245703125 0.694709423828125 0.14286319921875 0.71503975390625 0.11148088671875 0.73944271484375 0.188298912109375 0.797087787109375 0.24145285546875 0.758510298828125 0.236865052734375 0.75116827734375
0 0 0.56691120703125 0.00124669921875 0.56909816796875 0.07679906640625 0.48616346484375 0.037914318359375 0.423934861328125 0.037499400390625 0.4241941328125 0 0.475504283203125 0 0.56691120703125
0 0.08663996484375 0.57247025390625 0.03539034765625 0.593176443359375 0.03300430078125 0.59466741015625 0.0987368828125 0.67672835546875 0.16463780078125 0.646272076171875 0.163754564453125 0.644085982421875 0.102179552734375 0.56663591015625 0.08663996484375 0.57247025390625
0 0.117114927734375 0.752200333984375 0.1904813828125 0.68473479296875 0.16594457421875 0.629124892578125 0.16539550390625 0.627947404296875 0.16046631640625 0.620059052734375 0.086965703125 0.683702583984375 0.11374466015625 0.746407591796875 0.116565361328125 0.752456599609375 0.117114927734375 0.752200333984375
0 0 0.476684421875 0.040822115234375 0.413970001953125 0.037108802734375 0.4092171796875 0 0.365634326171875 0 0.476684421875