0 0.74235077734375 0.962263021484375 0.751532654296875 0.89170879296875 0.63708319921875 0.9176742890625 0.632823689453125 0.95246500390625 0.630678677734375 0.983140080078125 0.63543955078125 0.983640466796875 0.74235077734375 0.962263021484375
0 0.638052431640625 0.81049244921875 0.6380400703125 0.81066920703125 0.68078795703125 0.92107451953125 0.74886430078125 0.91737894921875 0.705464822265625 0.806839548828125 0.638052431640625 0.81049244921875
0 0.745028013671875 0.683163466796875 0.7395384609375 0.565860388671875 0.664721345703125 0.5497211015625 0.664400486328125 0.551008 0.67052460546875 0.66304628515625 0.740468259765625 0.68247399609375 0.74253413671875 0.682989078125 0.745028013671875 0.683163466796875
0 0.73382136328125 0.76696085546875 0.737743228515625 0.65737639453125 0.666811240234375 0.627571923828125 0.665333498046875 0.62746858984375 0.664173751953125 0.630836744140625 0.661749455078125 0.7434160859375 0.72918734765625 0.76663681640625 0.73382136328125 0.76696085546875
0 0.733048486328125 0.842089955078125 0.747948767578125 0.8430504921875 0.717979474609375 0.72356256640625 0.6899435546875 0.72160210546875 0.641354916015625 0.71846599609375 0.640861513671875 0.72552198046875 0.667269462890625 0.83749023828125 0.733048486328125 0.842089955078125
0 0.66184869140625 0.4989159921875 0.63868052734375 0.573663490234375 0.6410735625 0.57448748046875 0.75556737109375 0.578965794921875 0.78026801953125 0.50722990234375 0.66184869140625 0.4989159921875
0 0.66865265625 0.39133797265625 0.6761136484375 0.510601013671875 0.688200283203125 0.51295041796875 0.75705125390625 0.52473908203125 0.749831548828125 0.40464083984375 0.66865265625 0.39133797265625
0 0.650872611328125 0.1567688828125 0.65010525390625 0.16774260546875 0.788095283203125 0.17138053125 0.80344194921875 0.08955533203125 0.664231595703125 0.08804286328125 0.650872611328125 0.1567688828125
0 0.716303041015625 0.2813196484375 0.771651890625 0.282285767578125 0.747614212890625 0.14276608203125 0.664531564453125 0.140631591796875 0.6638583828125 0.15025851953125 0.684505810546875 0.28020167578125 0.716303041015625 0.2813196484375
0 0.633490736328125 0.3759979921875 0.64437240234375 0.439611306640625 0.64842290625 0.439894544921875 0.65137455078125 0.43947971875 0.7806411640625 0.39014131640625 0.774750068359375 0.348223994140625 0.769209384765625 0.310879123046875 0.63196740625 0.365158939453125 0.633490736328125 0.3759979921875
0 0.71100301953125 0.36752111328125 0.7582338046875 0.3708238125 0.74556505859375 0.230149142578125 0.66329664453125 0.2247983125 0.684498958984375 0.36464585546875 0.71100301953125 0.36752111328125
0 0.612473041015625 0.9747005625 0.569858162109375 0.82487665234375 0.48682469140625 0.82281181640625 0.48650909765625 0.827325015625 0.534004638671875 0.97472328515625 0.58584133984375 0.97562809765625 0.612413439453125 0.9755529140625 0.612473041015625 0.9747005625
0 0.557356341796875 1 0.54755094140625 0.88303423828125 0.513803103515625 0.871544220703125 0.488189505859375 0.98248890234375 0.487392171875 0.993891310546875 0.51385181640625 1 0.557356341796875 1
0 0.52244544921875 0.48806853515625 0.521532861328125 0.49276338671875 0.536301486328125 0.6364934296875 0.605240681640625 0.649893853515625 0.611936837890625 0.65036209375 0.60491015625 0.500950314453125 0.52244544921875 0.48806853515625
0 0.585795982421875 0.746378341796875 0.50737969140625 0.7255733359375 0.506064296875 0.730482455078125 0.51629484375 0.878736669921875 0.594067576171875 0.893068005859375 0.585795982421875 0.746378341796875
0 0.641791123046875 0.60023115625 0.4895743984375 0.62427245703125 0.478659521484375 0.69318628515625 0.47830048828125 0.69832068359375 0.484158607421875 0.69924851953125 0.62240133984375 0.68303040625 0.641754052734375 0.60076129296875 0.641791123046875 0.60023115625
0 0.62815768359375 0.73207828515625 0.613486306640625 0.657252046875 0.47922461328125 0.72743144140625 0.4931701015625 0.80652023828125 0.49401082421875 0.80657902734375 0.4959443984375 0.8062380859375 0.62815768359375 0.73207828515625
0 0.52025736328125 0.404490728515625 0.5195537265625 0.41118537890625 0.52057681640625 0.42585616015625 0.53812576953125 0.556696916015625 0.57585055078125 0.56066194921875 0.619869365234375 0.5629038671875 0.619954111328125 0.562097564453125 0.59767740234375 0.41076009765625 0.52025736328125 0.404490728515625
0 0.52034580078125 0.10357858984375 0.536902705078125 0.104736361328125 0.665594837890625 0.0965871015625 0.66757292578125 0.010496892578125 0.657941482421875 0.00982339453125 0.52548608203125 0.022898322265625 0.52034580078125 0.10357858984375
0 0.576336767578125 0.212564025390625 0.64496347265625 0.20244737109375 0.607516482421875 0.07623587890625 0.52444650390625 0.083200658203125 0.5242293515625 0.08630605859375 0.559195908203125 0.214668658203125 0.576336767578125 0.212564025390625
0 0.612293734375 0.260587001953125 0.53374721484375 0.239928123046875 0.531666427734375 0.248273708984375 0.52593360546875 0.37315989453125 0.6102741484375 0.39289265625 0.612293734375 0.260587001953125
0 0.588238798828125 0.300910314453125 0.606766697265625 0.30384484375 0.61912741015625 0.304709189453125 0.614154935546875 0.1690377421875 0.53826179296875 0.15651980859375 0.53288160546875 0.156143587890625 0.53248716796875 0.15863397265625 0.534613767578125 0.29107273828125 0.588238798828125 0.300910314453125
0 0.626440458984375 0.428502103515625 0.631785005859375 0.34933369140625 0.503297685546875 0.369216271484375 0.500945267578125 0.39688463671875 0.497253048828125 0.449685818359375 0.50829394140625 0.450457873046875 0.626440458984375 0.428502103515625
0 0.345945916015625 0.835849787109375 0.1724069609375 0.90795236328125 0.1809814921875 0.96896332421875 0.1825809296875 0.979024845703125 0.205352744140625 0.98061720703125 0.35273028515625 0.90798025 0.345945916015625 0.835849787109375
0 0.4021418046875 0.099178927734375 0.219593056640625 0.1456148359375 0.2227063671875 0.178567662109375 0.228981296875 0.23826962890625 0.23516262109375 0.238701869140625 0.40835124609375 0.1890606171875 0.4021418046875 0.099178927734375
0 0.302666853515625 0.9372999765625 0.311229470703125 0.74712446484375 0.234704451171875 0.7282918671875 0.2341360859375 0.730274 0.23169743359375 0.91697240234375 0.278543443359375 0.931583701171875 0.29712765234375 0.93691263671875 0.302666853515625 0.9372999765625
0 0.394866267578125 0.295292583984375 0.207091001953125 0.33839839453125 0.20747916015625 0.360636015625 0.21183196484375 0.42497059375 0.219852765625 0.42483058984375 0.396099080078125 0.3886829453125 0.394970849609375 0.2952998984375 0.394866267578125 0.295292583984375
0 0.2864720859375 0 0.2618690390625 0.153368982421875 0.31403602734375 0.170319064453125 0.34939408203125 0.18084779296875 0.383205517578125 0.002216064453125 0.376385171875 0 0.2864720859375 0
0 0.308819923828125 0.83748605078125 0.31923855078125 0.645158001953125 0.240158533203125 0.62049481640625 0.23872449609375 0.624908328125 0.226424892578125 0.810249333984375 0.295882794921875 0.833707599609375 0.30715290625 0.83736948046875 0.308819923828125 0.83748605078125
0 0.191919552734375 0.47668790234375 0.189292791015625 0.48584851171875 0.18915733984375 0.4877855546875 0.37319169140625 0.502083728515625 0.37903255859375 0.48171419921875 0.396825185546875 0.414077876953125 0.39621230859375 0.41390213671875 0.215844859375 0.40431044921875 0.191919552734375 0.47668790234375
0 0.21321033203125 0.278983390625 0.219707876953125 0.337865357421875 0.225360552734375 0.338260630859375 0.225913525390625 0.33820251171875 0.39535891015625 0.28530289453125 0.39203582421875 0.19328415625 0.39125378125 0.193229470703125 0.20951141015625 0.243790509765625 0.21321033203125 0.278983390625
0 0.290949521484375 0.728785958984375 0.350735876953125 0.72717026953125 0.302755943359375 0.54298369921875 0.2086757265625 0.54644191015625 0.208675724609375 0.55089791796875 0.25763463671875 0.72878595703125 0.290949521484375 0.728785958984375
0 0.203853328125 0.62025980078125 0.37675095703125 0.55281203125 0.367065021484375 0.4682330859375 0.366830490234375 0.468257736328125 0.215810068359375 0.51956219140625 0.196845857421875 0.526379830078125 0.201212447265625 0.620075130859375 0.203853328125 0.62025980078125
0 0.982854501953125 0.05290562890625 0.98143168359375 0.052806134765625 0.88831386328125 0.080323248046875 0.89904612890625 0.1566872578125 0.90310185546875 0.15697086328125 0.99358008203125 0.12715016015625 0.982854501953125 0.05290562890625
0 0.885622005859375 0.13719996484375 0.88523512109375 0.142732701171875 0.908146931640625 0.232481404296875 0.98492152734375 0.228457818359375 0.96226321484375 0.1324152265625 0.885622005859375 0.13719996484375
0 0.055997666015625 0.824446138671875 0.0233118125 0.95554193359375 0.022960802734375 0.96056159765625 0.0636602109375 0.97070909765625 0.095852529296875 0.972960205078125 0.090627572265625 0.8338106875 0.055997666015625 0.824446138671875
0 0.94800891015625 0.31134832421875 0.9790513203125 0.31026430078125 0.95634262109375 0.211569681640625 0.880401814453125 0.211852197265625 0.87981405078125 0.22025762890625 0.90477316015625 0.31213587109375 0.94800891015625 0.31134832421875
0 0.953436900390625 0.4001368984375 0.95882420703125 0.29761748828125 0.890544857421875 0.27395226953125 0.888833947265625 0.279548408203125 0.881287875 0.3771274453125 0.92899472265625 0.39313005078125 0.95146120703125 0.399998744140625 0.953436900390625 0.4001368984375
0 0.87882126171875 0.3517428828125 0.8783256015625 0.353730869140625 0.87748187890625 0.44933691015625 0.95172895703125 0.47363429296875 0.953512046875 0.47375898046875 0.95365819921875 0.37040182421875 0.87882126171875 0.3517428828125
0 0.00433583984375 0.6893264765625 0.0041862421875 0.691465830078125 0.07677294921875 0.86013069140625 0.1687230234375 0.84720794921875 0.16881859765625 0.84584117578125 0.08984444921875 0.677820375 0.00433583984375 0.6893264765625
0 0 0.71758875390625 0.171264681640625 0.72339042578125 0.17547359765625 0.709623677734375 0.19738190234375 0.633652521484375 0.01046048046875 0.62942723828125 0.009196607421875 0.63356117578125 0 0.67064734765625 0 0.71758875390625
0 0 0.924426748046875 0.1719509921875 0.890688447265625 0.17975706640625 0.81543252734375 0.18119863671875 0.798955302734375 0.180285150390625 0.7988753828125 0 0.83720346484375 0 0.924426748046875
0 0 0.622120693359375 0.176345970703125 0.6234053359375 0.20363583203125 0.539280513671875 0.01686955859375 0.528445291015625 0 0.58258732421875 0 0.622120693359375
0 0.052088724609375 0.096025830078125 0.051988271484375 0.097462375 0.09055566796875 0.28577412890625 0.189459990234375 0.2805907734375 0.14106778125 0.09187345703125 0.052088724609375 0.096025830078125
0 0.209286396484375 0.26712469921875 0.211938732421875 0.224547373046875 0.21054774609375 0.22445010546875 0.0207956875 0.25234550390625 0.01417763671875 0.346988015625 0.01563639453125 0.347090021484375 0.205441470703125 0.32210969921875 0.209286396484375 0.26712469921875
0 0.158442578125 0.476782673828125 0.180175107421875 0.476023755859375 0.13289620703125 0.288497029296875 0.035258775390625 0.291906603515625 0.03476401171875 0.2989820546875 0.0833517265625 0.477967998046875 0.158442578125 0.476782673828125
0 0 0.487336228515625 0.01574616015625 0.567948177734375 0.016799728515625 0.568021849609375 0.198619583984375 0.493476107421875 0.181603736328125 0.3969744296875 0.000502890625 0.47534794921875 0 0.482539611328125 0 0.487336228515625
0 0.02645578515625 0.134063 0.216865474609375 0.137377166015625 0.22970841796875 0.04052987109375 0.03895594140625 0.03245234765625 0.03031875390625 0.07500672265625 0.027057734375 0.09559599609375 0.02439073046875 0.13373592578125 0.02645578515625 0.134063
0 0.93664362109375 0.65371947265625 0.835073029296875 0.6990558125 0.84069523828125 0.73455303125 0.84668394921875 0.76858771484375 0.851462369140625 0.76892185546875 0.94960608984375 0.722172806640625 0.93664362109375 0.65371947265625
0 0.963083908203125 0.45180815234375 0.86689668359375 0.45498170703125 0.85685694921875 0.506631662109375 0.856527126953125 0.50847743359375 0.85522477734375 0.527101892578125 0.9488251875 0.518723509765625 0.963083908203125 0.45180815234375
0 0.953927169921875 0.752778990234375 0.84036004296875 0.74815197265625 0.8389621328125 0.7522108125 0.819668169921875 0.81159151953125 0.81920758984375 0.81817810546875 0.932532103515625 0.810573115234375 0.953927169921875 0.752778990234375
0 0.94220831640625 0.666630392578125 0.951388349609375 0.5939206796875 0.85066896484375 0.605370736328125 0.8372887890625 0.671601689453125 0.83688141796875 0.67742737109375 0.84221869140625 0.6783684765625 0.94220831640625 0.666630392578125
0 0.940905318359375 0.616978455078125 0.932689908203125 0.520933154296875 0.861383646484375 0.504635251953125 0.860205013671875 0.510698798828125 0.87100984375 0.604072380859375 0.89846170703125 0.61000339453125 0.9306593828125 0.61626198828125 0.940905318359375 0.616978455078125
0 0.8079795859375 0.956346705078125 0.807498767578125 0.963222732421875 0.91789295703125 0.955053939453125 0.94424491015625 0.889207578125 0.944279697265625 0.88871009765625 0.828567802734375 0.89655417578125 0.8079795859375 0.956346705078125
0 0.825316455078125 0.828181017578125 0.824269109375 0.834120806640625 0.8154597734375 0.900257052734375 0.81824157421875 0.90074755859375 0.90506434375 0.87963295703125 0.930043923828125 0.87310562109375 0.93160947265625 0.8642269609375 0.94006166015625 0.810132240234375 0.825316455078125 0.828181017578125
0 0.918089294921875 1 0.9307118125 0.959177828125 0.818117072265625 0.969043818359375 0.80662659765625 1 0.918089294921875 1