0 0.729601728515625 0.971830962890625 0.765388669921875 0.98009302734375 0.772903814453125 0.97983059375 0.76140521484375 0.86628383203125 0.69738360546875 0.85034504296875 0.6960831875 0.855977765625 0.70431994921875 0.96533276171875 0.729601728515625 0.971830962890625
0 0.79065214453125 0.7939297265625 0.67514846875 0.821522736328125 0.66937705859375 0.88886642578125 0.78483735546875 0.861857880859375 0.79065214453125 0.7939297265625
0 0.674635802734375 0.6596275390625 0.776528017578125 0.60155784765625 0.756838333984375 0.527176736328125 0.658603115234375 0.584187525390625 0.67304665234375 0.6553277734375 0.6740441015625 0.659648201171875 0.674635802734375 0.6596275390625
0 0.78321665234375 0.72094005859375 0.7329495390625 0.62207356640625 0.656209318359375 0.630421935546875 0.6563964296875 0.635780119140625 0.7081967578125 0.734168091796875 0.78321665234375 0.72094005859375
0 0.68354109765625 0.828169419921875 0.7836084453125 0.764980802734375 0.762286509765625 0.687102712890625 0.76223801953125 0.68711570703125 0.660529921875 0.753368181640625 0.68060037109375 0.82827211328125 0.68354109765625 0.828169419921875
0 0.75394006640625 0.45140905078125 0.650097181640625 0.50893220703125 0.671067412109375 0.58314298046875 0.67486869921875 0.58301023828125 0.772294525390625 0.52502476953125 0.75394006640625 0.45140905078125
0 0.77674782421875 0.4730470234375 0.71402108203125 0.371005203125 0.63709371875 0.3964227109375 0.637168373046875 0.39856055078125 0.698825798828125 0.49941246875 0.77674782421875 0.4730470234375
0 0.75286908203125 0.161935259765625 0.69731451171875 0.033417947265625 0.62032081640625 0.0504238671875 0.62055898828125 0.05724420703125 0.671875990234375 0.181196689453125 0.75286908203125 0.161935259765625
0 0.73574776953125 0.11905887109375 0.61138734765625 0.1797903125 0.632963712890625 0.26039125390625 0.6335346796875 0.26238245703125 0.637858701171875 0.26223145703125 0.76126876953125 0.1999588984375 0.74068818359375 0.1258899296875 0.738502876953125 0.11826885546875 0.73574776953125 0.11905887109375
0 0.62025380078125 0.39861228125 0.758440060546875 0.39163425 0.765790458984375 0.3499480625 0.771807181640625 0.314226669921875 0.7717551953125 0.312737951171875 0.624762892578125 0.3219318828125 0.62286221484375 0.332711169921875 0.613431880859375 0.397409392578125 0.62025380078125 0.39861228125
0 0.6343392734375 0.207320681640625 0.65927886328125 0.34668248828125 0.69309735546875 0.34668248828125 0.741835125 0.3455946328125 0.70852497265625 0.20812715625 0.634339275390625 0.206584265625 0.6343392734375 0.207320681640625
0 0.625958740234375 0.96889255859375 0.63473747265625 0.9690209453125 0.652593921875 0.968397384765625 0.61260897265625 0.817885125 0.528756544921875 0.814334736328125 0.528663171875 0.817008583984375 0.574145724609375 0.96708320703125 0.625958740234375 0.96889255859375
0 0.630294529296875 0.87531255859375 0.54624655859375 0.870486708984375 0.54602341015625 0.870494501953125 0.545927869140625 0.87596812109375 0.58238566796875 0.99678329296875 0.594691150390625 0.996998083984375 0.629792228515625 0.995772328125 0.630294529296875 0.87531255859375
0 0.63996900390625 0.6282744296875 0.5917612109375 0.485789859375 0.510801166015625 0.49590496484375 0.51112991796875 0.50531919921875 0.5631710703125 0.63499337890625 0.63996900390625 0.6282744296875
0 0.50278587890625 0.758862771484375 0.504453794921875 0.76467949609375 0.58351300390625 0.8808920078125 0.66311883984375 0.85785336328125 0.574917529296875 0.73164304296875 0.502780158203125 0.75869897265625 0.50278587890625 0.758862771484375
0 0.623534421875 0.72395013671875 0.609275529296875 0.58087054296875 0.528397630859375 0.560349099609375 0.5275468046875 0.5651743828125 0.548131884765625 0.71210577734375 0.61666503515625 0.72419001953125 0.623534421875 0.72395013671875
0 0.51498038671875 0.79340592578125 0.6517825390625 0.73167038671875 0.64370636328125 0.65601726171875 0.643248685546875 0.656033244140625 0.503821203125 0.714060853515625 0.510775841796875 0.79355275390625 0.51498038671875 0.79340592578125
0 0.644887181640625 0.49640552734375 0.6392311015625 0.41719668359375 0.491067345703125 0.457934734375 0.4911608671875 0.46329259765625 0.494108560546875 0.534502587890625 0.506965162109375 0.534278173828125 0.515320265625 0.532655748046875 0.64492898828125 0.49880055078125 0.644887181640625 0.49640552734375
0 0.532823556640625 0 0.48759461328125 0.010441923828125 0.48787638671875 0.01851087890625 0.52494298046875 0.12850378515625 0.601139486328125 0.1109124375 0.61049296875 0.10863511328125 0.569578517578125 0 0.532823556640625 0
0 0.494183783203125 0.19220298046875 0.615532021484375 0.165882513671875 0.60740508203125 0.079682052734375 0.479406734375 0.11047232421875 0.48108587109375 0.1641240859375 0.483076462890625 0.192590857421875 0.494183783203125 0.19220298046875
0 0.52021605859375 0.375523091796875 0.606833861328125 0.375777609375 0.579039388671875 0.2464086328125 0.49785877734375 0.24394836328125 0.49770866796875 0.252548126953125 0.52021605859375 0.375523091796875
0 0.60908328515625 0.16322839453125 0.478364787109375 0.203440158203125 0.48690562890625 0.28470083203125 0.491149822265625 0.28455262109375 0.615986814453125 0.248944908203125 0.60908328515625 0.16322839453125
0 0.614494423828125 0.335359873046875 0.488173681640625 0.375255259765625 0.492369953125 0.451799421875 0.50336719921875 0.451415390625 0.617623693359375 0.419091853515625 0.614494423828125 0.335359873046875
0 0.27793907421875 1 0.402867466796875 0.93199405078125 0.401670451171875 0.927193091796875 0.38127659375 0.85125445703125 0.222606697265625 0.95131733203125 0.23239919921875 1 0.27793907421875 1
0 0.3382888828125 0.28520028515625 0.32123280078125 0.10035725390625 0.226020671875 0.09436227734375 0.248793623046875 0.279995099609375 0.309546634765625 0.28536161328125 0.3191926875 0.285867140625 0.3382888828125 0.28520028515625
0 0.334993123046875 0.94976633203125 0.350060458984375 0.95081994140625 0.359800701171875 0.9504798046875 0.328613650390625 0.762542166015625 0.24984537109375 0.76003155078125 0.24970153125 0.7620885390625 0.28613294921875 0.945214158203125 0.334993123046875 0.94976633203125
0 0.19557646875 0.3640492421875 0.18757368359375 0.428032365234375 0.19547383203125 0.429425375 0.37537930078125 0.427571248046875 0.392095716796875 0.335657900390625 0.199438580078125 0.342146125 0.19557646875 0.3640492421875
0 0.24476656640625 0.18721294921875 0.33220352734375 0.187331453125 0.313852041015625 0.009334828125 0.27790537890625 0.00745094140625 0.22235706640625 0.009390732421875 0.23563509765625 0.186734388671875 0.24476656640625 0.18721294921875
0 0.33716935546875 0.85140119140625 0.344263919921875 0.852524859375 0.350455556640625 0.852308642578125 0.330741908203125 0.661519306640625 0.24877732421875 0.649530603515625 0.248051369140625 0.654114111328125 0.264896912109375 0.839097345703125 0.33716935546875 0.85140119140625
0 0.231456455078125 0.38235361328125 0.259271298828125 0.558847560546875 0.330098466796875 0.56665691015625 0.33249074609375 0.566824197265625 0.34630446484375 0.566341810546875 0.322167052734375 0.38440969921875 0.310078025390625 0.3835643515625 0.231634166015625 0.379812216796875 0.231456455078125 0.38235361328125
0 0.214501041015625 0.20414928125 0.258521634765625 0.37637183984375 0.349128185546875 0.377845451171875 0.35083173828125 0.377756171875 0.309663255859375 0.192770197265625 0.21429552734375 0.19826411328125 0.214501041015625 0.20414928125
0 0.2059077109375 0.68598326171875 0.22094490625 0.7458261328125 0.225191361328125 0.74567784375 0.225880232421875 0.74553141796875 0.39015505859375 0.660422580078125 0.36839483984375 0.570118130859375 0.19928102734375 0.65480716796875 0.2059077109375 0.68598326171875
0 0.29200501171875 0.47440241796875 0.210397294921875 0.48957616796875 0.21060690234375 0.495578546875 0.270062833984375 0.637270650390625 0.2781867421875 0.65571309375 0.36643498046875 0.6453958203125 0.372377384765625 0.644348013671875 0.29200501171875 0.47440241796875
0 0.84403334765625 0.0991711015625 0.848907724609375 0.1000305859375 0.93950469140625 0.102461716796875 0.95237378125 0.024957904296875 0.85469963671875 0.025369927734375 0.8436453984375 0.08806162890625 0.84403334765625 0.0991711015625
0 0.87638685546875 0.18980032421875 0.9530320859375 0.181744583984375 0.923420005859375 0.0867941328125 0.847007671875 0.094801744140625 0.8470103984375 0.09487978515625 0.87473799609375 0.18985790234375 0.87638685546875 0.18980032421875
0 0.17290227734375 1 0.101498990234375 0.8770722265625 0.067852130859375 0.88475867578125 0.06808038671875 0.89129505078125 0.095183576171875 1 0.17290227734375 1
0 0.950080134765625 0.247563009765625 0.9525375234375 0.1687917421875 0.851374955078125 0.19251525390625 0.85013286328125 0.266914212890625 0.950080134765625 0.247563009765625
0 0.914511189453125 0.34909030078125 0.9351379140625 0.353474646484375 0.939449615234375 0.353324078125 0.935902697265625 0.251341380859375 0.86582061328125 0.23371715234375 0.864603947265625 0.23944111328125 0.865591162109375 0.337306517578125 0.914511189453125 0.34909030078125
0 0.95023191015625 0.42486636328125 0.936001962890625 0.32256560546875 0.859296509765625 0.31450353515625 0.85908234765625 0.316541158203125 0.87155262890625 0.41133419140625 0.94783252734375 0.42495015234375 0.95023191015625 0.42486636328125
0 0.20627603515625 0.881345119140625 0.11225337109375 0.719634091796875 0.02834826171875 0.7384871171875 0.02844715625 0.741319048828125 0.115121001953125 0.90238991796875 0.20627603515625 0.881345119140625
0 0.02215536328125 0.72763719921875 0.032903970703125 0.796169333984375 0.0394520625 0.795940669921875 0.204595380859375 0.7234303828125 0.20429552734375 0.72129680859375 0.18733532421875 0.634631908203125 0.019146916015625 0.706230982421875 0.02215536328125 0.72763719921875
0 0.169970955078125 1 0.193021171875 0.99863523828125 0.13465273046875 0.80891644921875 0.04377087890625 0.809040263671875 0.043866490234375 0.814517888671875 0.10414121484375 1 0.169970955078125 1
0 0.020244654296875 0.551201576171875 0.020867947265625 0.55390134765625 0.099175193359375 0.716759326171875 0.19516402734375 0.6968914296875 0.104913419921875 0.531240568359375 0.020124591796875 0.54776344140625 0.020244654296875 0.551201576171875
0 0 0.261707443359375 0.01041812109375 0.310720857421875 0.01346311328125 0.3106145234375 0.19167499609375 0.2437197109375 0.16966907421875 0.14735362890625 0 0.22071374609375 0 0.261707443359375
0 0 0.37441327734375 0.000844916015625 0.39860849609375 0.00223147265625 0.398560076171875 0.1883566015625 0.350898904296875 0.187740935546875 0.333268525390625 0.18473954296875 0.25616639453125 0.183257 0.256218166015625 0 0.300206259765625 0 0.37441327734375
0 0.03364823046875 0.331041353515625 0.063686701171875 0.516759712890625 0.13849009765625 0.52343001171875 0.15472138671875 0.524565013671875 0.160101298828125 0.52437714453125 0.13276487890625 0.33350549609375 0.0387321484375 0.3269300859375 0.033923978515625 0.327097990234375 0.03364823046875 0.331041353515625
0 0.175819443359375 0.43347052734375 0.00054480078125 0.52432859765625 0.000962275390625 0.536283478515625 0.022416291015625 0.6160580546875 0.199525458984375 0.528550166015625 0.175819443359375 0.43347052734375
0 0 0.200079544921875 0.01452106640625 0.19957245703125 0.18325069921875 0.158829681640625 0.177122810546875 0.081427474609375 0.173989169921875 0.055906025390625 0 0.10253553125 0 0.200079544921875
0 0.861103310546875 0.69326633984375 0.867827794921875 0.727926841796875 0.871322453125 0.727804806640625 0.871968966796875 0.72769080859375 0.969781509765625 0.6789872421875 0.95562633984375 0.610770560546875 0.85486244921875 0.657872646484375 0.861103310546875 0.69326633984375
0 0.899879912109375 0.493606294921875 0.9344436484375 0.494209607421875 0.951053068359375 0.49362959375 0.93143658203125 0.40045972265625 0.85875242578125 0.40029318359375 0.85870765234375 0.40285826171875 0.88305794140625 0.493010330078125 0.899879912109375 0.493606294921875
0 0.86209083984375 0.795355634765625 0.872040826171875 0.795008173828125 0.96907421484375 0.7641026015625 0.96778344921875 0.689835369140625 0.86111151953125 0.736970615234375 0.8609676875 0.763192779296875 0.86209083984375 0.795355634765625
0 0.954388599609375 0.62404659765625 0.96540833203125 0.549612943359375 0.859768615234375 0.56766169140625 0.854552548828125 0.63876134375 0.86133647265625 0.639594306640625 0.954388599609375 0.62404659765625
0 0.868483076171875 0.57468562109375 0.95440575390625 0.5353458984375 0.9471489765625 0.464010189453125 0.856275462890625 0.502376103515625 0.8595378046875 0.53874702734375 0.863969861328125 0.574843228515625 0.868483076171875 0.57468562109375
0 0.85712666796875 0.83228605078125 0.85720609375 0.8345604921875 0.90503112109375 0.937693748046875 0.975650033203125 0.93522768359375 0.927609623046875 0.8332843515625 0.85712666796875 0.83228605078125
0 0.96909399609375 0.811703275390625 0.94735043359375 0.74638871875 0.876239708984375 0.805360037109375 0.856681296875 0.822149892578125 0.859706611328125 0.83270041796875 0.874555810546875 0.88091023046875 0.876476216796875 0.88084316796875 0.880044876953125 0.879819873046875 0.970504583984375 0.816622578125 0.96909399609375 0.811703275390625
0 0.865081384765625 0.94934585546875 0.867503962890625 0.987471251953125 0.905106275390625 0.986158150390625 0.973873841796875 0.977714552734375 0.963928939453125 0.89453641796875 0.865081384765625 0.94934585546875