0 0.071631474609375 0.278345162109375 0.011920498046875 0.304905384765625 0.02012744921875 0.416197083984375 0.02139684375 0.41918759375 0.02664606640625 0.41835619921875 0.05457734765625 0.40650007421875 0.08533817578125 0.392536787109375 0.073919232421875 0.27798281640625 0.071631474609375 0.278345162109375
0 0.10922457421875 0.28209300390625 0.06486207421875 0.389534216796875 0.065245421875 0.39195457421875 0.131904005859375 0.396741248046875 0.176642 0.2869275234375 0.10922457421875 0.28209300390625
0 0.33446814453125 0.255950974609375 0.3226588984375 0.365930958984375 0.32320536328125 0.368742279296875 0.398301099609375 0.3566155859375 0.409967146484375 0.23930961328125 0.405332708984375 0.240210455078125 0.33446814453125 0.255950974609375
0 0.2620856015625 0.26677753125 0.22919098828125 0.368316083984375 0.22983012890625 0.37235145703125 0.304059791015625 0.373647142578125 0.341689955078125 0.262896265625 0.2620856015625 0.26677753125
0 0.25034828515625 0.26393348828125 0.25033870703125 0.263884208984375 0.170995419921875 0.278859689453125 0.157952064453125 0.39755937109375 0.21028358203125 0.389270873046875 0.23538684765625 0.38439129296875 0.25034828515625 0.26393348828125
0 0.471393599609375 0.224125291015625 0.471203244140625 0.22367683984375 0.39768524609375 0.25222351953125 0.414000669921875 0.36807909375 0.42075281640625 0.36700966015625 0.48407753515625 0.34012991015625 0.471393599609375 0.224125291015625
0 0.46819237109375 0.225989037109375 0.46419079296875 0.295727234375 0.46376108203125 0.30803258984375 0.57813047265625 0.34208348828125 0.57829377734375 0.34205762109375 0.583588419921875 0.26003992578125 0.46819237109375 0.225989037109375
0 0.78265483984375 0.188450474609375 0.78065373046875 0.27167834765625 0.914614615234375 0.29648191796875 0.91585211328125 0.296503517578125 0.919279490234375 0.29596067578125 0.919914185546875 0.21607079296875 0.78265483984375 0.188450474609375
0 0.7538471484375 0.331654443359375 0.810668439453125 0.320595443359375 0.810737478515625 0.18219812890625 0.810239779296875 0.179375533203125 0.80243202734375 0.18075225 0.72683734375 0.1947242421875 0.724945337890625 0.33451031640625 0.72524067578125 0.336185263671875 0.7538471484375 0.331654443359375
0 0.686509958984375 0.31845972265625 0.68835688671875 0.31789505859375 0.66794487890625 0.243245283203125 0.5224090703125 0.2519451875 0.52315814453125 0.25667465625 0.545152546875 0.3286151015625 0.686509958984375 0.31845972265625
0 0.618253291015625 0.212536619140625 0.615453109375 0.244542841796875 0.612658130859375 0.286528482421875 0.745713341796875 0.331360736328125 0.74675401953125 0.331195908203125 0.755715556640625 0.24974522265625 0.618253291015625 0.212536619140625
0 0.013750435546875 0.477472384765625 0.03232987890625 0.52587348828125 0.189035892578125 0.520018568359375 0.19153366796875 0.519059763671875 0.16087702734375 0.44093162890625 0.00517310546875 0.45215406640625 0.00560880859375 0.454904970703125 0.013750435546875 0.477472384765625
0 0 0.49897428515625 0.10970068359375 0.5428336171875 0.116911732421875 0.5416915 0.11937063671875 0.45951035546875 0 0.4495681640625 0 0.49897428515625
0 0.50844980859375 0.470911048828125 0.512914865234375 0.46919707421875 0.4859089453125 0.390222087890625 0.33848331640625 0.409127158203125 0.3397889765625 0.417370763671875 0.364338802734375 0.48132525390625 0.50844980859375 0.470911048828125
0 0.19580886328125 0.54976112109375 0.21061094921875 0.54741669921875 0.23694237890625 0.39728002734375 0.236895341796875 0.396983041015625 0.1551133125 0.40972993359375 0.131861396484375 0.55285787890625 0.13215391796875 0.5547047890625 0.19580886328125 0.54976112109375
0 0.29183848828125 0.53097712890625 0.37217794140625 0.51934649609375 0.40151250390625 0.377584833984375 0.40114195703125 0.375245287109375 0.325327943359375 0.38147102734375 0.290087576171875 0.52307322265625 0.291344900390625 0.531011642578125 0.29183848828125 0.53097712890625
0 0.24607422265625 0.3940941640625 0.20166477734375 0.53412151171875 0.202519189453125 0.53951604296875 0.27670737109375 0.53951604296875 0.3273806796875 0.39472276953125 0.24607422265625 0.3940941640625
0 0.543971974609375 0.49901591015625 0.549148060546875 0.49762898046875 0.54746852734375 0.34397591015625 0.4697690703125 0.3603718515625 0.4674553046875 0.36099182421875 0.47063660546875 0.49491148046875 0.471380005859375 0.503390123046875 0.474708044921875 0.5158105390625 0.543971974609375 0.49901591015625
0 0.855717513671875 0.338753826171875 0.8679508125 0.41599183203125 0.98359205859375 0.409168751953125 0.991644310546875 0.407893400390625 0.978716396484375 0.32626976171875 0.854325134765625 0.329228330078125 0.855717513671875 0.338753826171875
0 0.77230648828125 0.346687310546875 0.785083673828125 0.414868794921875 0.78867422265625 0.431760998046875 0.92440401171875 0.42283602734375 0.92415782421875 0.421281650390625 0.903833345703125 0.34100369140625 0.77230648828125 0.346687310546875
0 0.71421616015625 0.33788138671875 0.71394130859375 0.336855626953125 0.63019730078125 0.3579969140625 0.63851283203125 0.48913555859375 0.64638825390625 0.48788821484375 0.7184933046875 0.468567724609375 0.71421616015625 0.33788138671875
0 0.767886662109375 0.46706278125 0.77379458984375 0.46612705859375 0.8007105859375 0.461673369140625 0.80525126953125 0.32621843359375 0.7233113359375 0.3382687734375 0.716318396484375 0.4674314609375 0.717384162109375 0.4741604453125 0.767886662109375 0.46706278125
0 0.52899795703125 0.37159723828125 0.52883877734375 0.437733546875 0.528838775390625 0.450953857421875 0.650526845703125 0.482486796875 0.65700183984375 0.4814612578125 0.6557853515625 0.400394208984375 0.52899795703125 0.37159723828125
0 0.051930078125 0.82164335546875 0.21159102734375 0.800799556640625 0.216682984375 0.798742271484375 0.21657571484375 0.798064994140625 0.187287201171875 0.73417214453125 0.03246942578125 0.74435474609375 0.040055869140625 0.792253658203125 0.051930078125 0.82164335546875
0 0.94890039453125 0.697358595703125 0.94868799609375 0.696017560546875 0.92865696484375 0.609584208984375 0.742514857421875 0.61285298828125 0.74540535546875 0.63110287109375 0.760848927734375 0.70631916796875 0.94890039453125 0.697358595703125
0 0.1787200234375 0.8515083125 0.19818751953125 0.85173844140625 0.2541885625 0.67140390234375 0.17503395703125 0.665626701171875 0.125996626953125 0.843388861328125 0.1259379375 0.8450695 0.126669861328125 0.849690681640625 0.1787200234375 0.8515083125
0 0.54871365234375 0.65797277734375 0.570506607421875 0.724533001953125 0.57700577734375 0.74146391796875 0.76215641015625 0.71190321875 0.767155349609375 0.709984306640625 0.733619697265625 0.624004396484375 0.54871365234375 0.65797277734375
0 1 0.557769177734375 0.911121962890625 0.54540099609375 0.873787158203125 0.716894900390625 0.87290707421875 0.72695427734375 0.87313681640625 0.728404798828125 0.892757376953125 0.730611771484375 0.9627219296875 0.73673287890625 1 0.58594580078125 1 0.557769177734375
0 0.383217181640625 0.719887291015625 0.1930626953125 0.686702572265625 0.194246193359375 0.7002300078125 0.20147859765625 0.773184669921875 0.384836134765625 0.802892958984375 0.38628927734375 0.80276582421875 0.3894423359375 0.8022664296875 0.383217181640625 0.719887291015625
0 0.464852033203125 0.6676245859375 0.47548976953125 0.71113528515625 0.486135962890625 0.750867419921875 0.6708031484375 0.739758521484375 0.670627794921875 0.73910408984375 0.64471976171875 0.655881908203125 0.465098869140625 0.6622926484375 0.46405196484375 0.662573166015625 0.464852033203125 0.6676245859375
0 0.84983305078125 0.71704796484375 0.8540441171875 0.716152873046875 0.834582716796875 0.62220182421875 0.645613376953125 0.630298228515625 0.6462300078125 0.63419148828125 0.670473576171875 0.719120439453125 0.84983305078125 0.71704796484375
0 0.41027346484375 0.8234766171875 0.451534537109375 0.638898078125 0.358648244140625 0.639630853515625 0.31621773046875 0.81789921484375 0.31725950390625 0.824476724609375 0.37842029296875 0.824588955078125 0.41027346484375 0.8234766171875
0 0.556449583984375 0.682733728515625 0.5364823203125 0.680007953125 0.37785565234375 0.6611951171875 0.3830086484375 0.71503626953125 0.38626740234375 0.746041224609375 0.5622581015625 0.7748951015625 0.57135715234375 0.773453955078125 0.556449583984375 0.682733728515625
0 0.794154294921875 0 0.7941586015625 0.00002719140625 0.818478736328125 0.07301862890625 0.912656923828125 0.055500583984375 0.91592433984375 0.0543755234375 0.89929407421875 0.005467802734375 0.897411359375 0 0.794154294921875 0
0 0.72626917578125 0 0.73229849609375 0.068915423828125 0.73287523046875 0.072556779296875 0.82551844921875 0.082819173828125 0.82815808203125 0.082588234375 0.8301576640625 0.08227153125 0.82417535546875 0.00501175390625 0.769887224609375 0 0.72626917578125 0
0 0.101824306640625 1 0.182003625 0.990155216796875 0.210824177734375 0.98559048828125 0.20589383203125 0.951085775390625 0.062658490234375 0.928013939453125 0.06645346484375 0.9589215234375 0.07295965625 1 0.101824306640625 1
0 0.6467568515625 0.0353730625 0.65585038671875 0.08809115234375 0.752045529296875 0.09306130078125 0.7573413828125 0.092222521484375 0.74593380859375 0.019842009765625 0.6437609140625 0.01054736328125 0.643278564453125 0.01062376171875 0.6467568515625 0.0353730625
0 0.648456447265625 0.11708052734375 0.67810569921875 0.017484109375 0.604563865234375 0.01506505078125 0.57410054296875 0.108866509765625 0.57485642578125 0.113638970703125 0.585360705078125 0.114373501953125 0.648456447265625 0.11708052734375
0 0.58961095703125 0.0177896328125 0.51315879296875 0.041339630859375 0.51234354296875 0.135820060546875 0.51268525 0.13730015234375 0.5343039765625 0.13387608203125 0.587947517578125 0.12149149609375 0.58961095703125 0.0177896328125
0 0.293595353515625 1 0.33616494140625 0.843044484375 0.242438068359375 0.84706265234375 0.20632709765625 1 0.293595353515625 1
0 0.2761066328125 0.9541878359375 0.455562111328125 0.97846734375 0.460038990234375 0.97775827734375 0.44868259765625 0.88640591796875 0.26877047265625 0.86412479296875 0.26696300390625 0.86437881640625 0.272495107421875 0.92854962109375 0.276032884765625 0.9537222109375 0.2761066328125 0.9541878359375
0 0.27584618359375 1 0.269586431640625 0.927310267578125 0.0755024375 0.885699015625 0.077427740234375 0.9541306640625 0.078792287109375 0.9736445859375 0.19292998828125 1 0.27584618359375 1
0 0.365606515625 0.92708101171875 0.54069955859375 0.979220689453125 0.546387783203125 0.97831976171875 0.545878197265625 0.88289666015625 0.36410480859375 0.838653263671875 0.365606515625 0.92708101171875
0 0.95467126171875 0.88026062109375 0.954969953125 0.8801577734375 0.92537407421875 0.79577801171875 0.732852119140625 0.821526482421875 0.733370453125 0.824799111328125 0.764514673828125 0.91524849609375 0.95467126171875 0.88026062109375
0 0.811553458984375 0.941980615234375 0.77344545703125 0.754713455078125 0.772865828125 0.75334793359375 0.701719123046875 0.783212517578125 0.685480380859375 0.790105455078125 0.719540890625 0.971460701171875 0.755532171875 0.9657602421875 0.811553458984375 0.941980615234375
0 0.552912029296875 0.8148164453125 0.553670947265625 0.836548974609375 0.55772658203125 0.911539591796875 0.74018245703125 0.947625701171875 0.746691572265625 0.9465947578125 0.743279958984375 0.84889897265625 0.552912029296875 0.8148164453125
0 0.52536079296875 1 0.586015884765625 0.992608986328125 0.58909838671875 0.992120763671875 0.60793103515625 0.79293353515625 0.51089430078125 0.80657116015625 0.49637230859375 1 0.52536079296875 1
0 1 0.921785068359375 0.98864880078125 0.732108056640625 0.8920403984375 0.746639259765625 0.89867716796875 0.936962109375 0.899456666015625 0.941382865234375 0.95231901171875 0.93301029296875 0.957657033203125 0.932069056640625 1 0.922702494140625 1 0.921785068359375
0 0.190288380859375 0.090059375 0.19623037890625 0.119857580078125 0.205142119140625 0.15845856640625 0.31307855859375 0.165003478515625 0.316991185546875 0.16410017578125 0.302079302734375 0.09406818359375 0.190288380859375 0.090059375
0 0.50963451953125 0.12973773828125 0.510547029296875 0.129368521484375 0.502368583984375 0.03367590625 0.4334318046875 0.058945869140625 0.4462145 0.14864621484375 0.447635828125 0.152348900390625 0.452904181640625 0.15151447265625 0.50963451953125 0.12973773828125
0 0.125161396484375 0.08980852734375 0.12552517578125 0.10022582421875 0.129367435546875 0.151156525390625 0.23789818359375 0.190314009765625 0.239035908203125 0.190133810546875 0.235174505859375 0.116559533203125 0.125161396484375 0.08980852734375
0 0.284337662109375 0.142071806640625 0.29066866796875 0.157415755859375 0.38930612109375 0.149628044921875 0.391507296875 0.148783091796875 0.368837291015625 0.079815080078125 0.2638473984375 0.087717640625 0.2641103515625 0.089377857421875 0.284337662109375 0.142071806640625
0 0.351438673828125 0.15132498046875 0.3609060625 0.15182114453125 0.4216583125 0.15373944140625 0.45672771484375 0.0604422109375 0.45675944921875 0.059836662109375 0.45009425390625 0.05948735546875 0.381923607421875 0.058148044921875 0.350996734375 0.14853468359375 0.351438673828125 0.15132498046875
0 0 0.2141394765625 0.0219557265625 0.21567476953125 0.053059498046875 0.21632007421875 0.10489842578125 0.11559076171875 0.104971056640625 0.114552083984375 0.034915572265625 0.109653330078125 0 0.17854083203125 0 0.2141394765625
0 0.06545428515625 0.21348555078125 0.13065046484375 0.209398458984375 0.13664884375 0.208768005859375 0.162657873046875 0.09556133203125 0.10810533203125 0.10021947265625 0.09913908984375 0.10116186328125 0.09088516796875 0.12562526953125 0.064605525390625 0.208126677734375 0.06545428515625 0.21348555078125
0 0 0.21530242578125 0.04735026171875 0.2034966796875 0.034888646484375 0.1636443125 0 0.1587362578125 0 0.21530242578125