0 0.230096150390625 0.10630376953125 0.163581630859375 0.098113388671875 0.1132968984375 0.19773588671875 0.11277967578125 0.201416119140625 0.1168336328125 0.2028120078125 0.147820556640625 0.2071669375 0.18137935546875 0.2110410625 0.230791857421875 0.106543322265625 0.230096150390625 0.10630376953125
0 0.184210228515625 0.16407699609375 0.26041010546875 0.252249353515625 0.262286052734375 0.25289529296875 0.296658806640625 0.195918689453125 0.219433130859375 0.1057041171875 0.184210228515625 0.16407699609375
0 0.5288104140625 0.21357058984375 0.45635234765625 0.20916842578125 0.41468598046875 0.31163290234375 0.41443637109375 0.3144859453125 0.489965595703125 0.32352820703125 0.5334780390625 0.21407159765625 0.53311733203125 0.21394739453125 0.5288104140625 0.21357058984375
0 0.354880076171875 0.286217626953125 0.407461453125 0.29380281640625 0.462182287109375 0.19488173046875 0.387647654296875 0.17914350390625 0.3307759140625 0.278582421875 0.33053806640625 0.27970141015625 0.340723634765625 0.28320858203125 0.354880076171875 0.286217626953125
0 0.276635423828125 0.140844345703125 0.273014142578125 0.15136130859375 0.27206297265625 0.154835439453125 0.254996537109375 0.218528248046875 0.355803486328125 0.28218389453125 0.35828904296875 0.2828498984375 0.36081315234375 0.275519349609375 0.371952880859375 0.234818958984375 0.37922683203125 0.2076722109375 0.276635423828125 0.140844345703125
0 0.484209611328125 0.28219882421875 0.563268150390625 0.366270134765625 0.564026873046875 0.36670818359375 0.564859412109375 0.36699484765625 0.60610894921875 0.3004118125 0.522579599609375 0.216929091796875 0.52200694921875 0.216731912109375 0.484209611328125 0.28219882421875
0 0.63105273046875 0.25675774609375 0.545503087890625 0.340593513671875 0.6147321171875 0.385026837890625 0.7004588125 0.300607376953125 0.63105273046875 0.25675774609375
0 1 0.43447647265625 0.8864120625 0.362453853515625 0.85471766015625 0.4394366328125 0.9690583828125 0.509476779296875 0.97547310546875 0.511685546875 1 0.44927728515625 1 0.43447647265625
0 0.76806201171875 0.44618604296875 0.774379025390625 0.449833173828125 0.840288927734375 0.48716623046875 0.9325455390625 0.38019329296875 0.933161458984375 0.379126490234375 0.930424443359375 0.377546275390625 0.85697903125 0.33685770703125 0.77008600390625 0.4403079375 0.76806201171875 0.44618604296875
0 0.756066302734375 0.292367416015625 0.7187746328125 0.28881660546875 0.676606443359375 0.285127369140625 0.63410094921875 0.416798998046875 0.63349720703125 0.423699794921875 0.698431640625 0.43133592578125 0.70933556640625 0.432289896484375 0.75633638671875 0.292460412109375 0.756066302734375 0.292367416015625
0 0.788019859375 0.31599073046875 0.69094702734375 0.410981888671875 0.68910004296875 0.41634592578125 0.755847271484375 0.460155080078125 0.85186414453125 0.354062482421875 0.788019859375 0.31599073046875
0 0.08842258984375 0.242454140625 0.075004220703125 0.29253217578125 0.205223482421875 0.37990493359375 0.207807796875 0.380597396484375 0.228928619140625 0.299370888671875 0.096683498046875 0.21712756640625 0.09086646484375 0.2340214609375 0.08842258984375 0.242454140625
0 0.04458543359375 0.34423094140625 0.173375470703125 0.239162328125 0.17372662890625 0.2381424921875 0.100140458984375 0.19442623046875 0.08035578515625 0.224023689453125 0.05025701171875 0.270371734375 0.027796048828125 0.335603111328125 0.04458543359375 0.34423094140625
0 0.40649262890625 0.47110789453125 0.430175654296875 0.47826077734375 0.4592605390625 0.486600736328125 0.54076840234375 0.36044804296875 0.54088638671875 0.360036578125 0.471196728515625 0.33722940234375 0.4601038671875 0.334048576171875 0.38597801953125 0.4640441484375 0.40649262890625 0.47110789453125
0 0.27261679296875 0.40986247265625 0.27858334765625 0.41157335546875 0.30565324609375 0.339398740234375 0.17944292578125 0.251197431640625 0.15640428125 0.330803265625 0.27261679296875 0.40986247265625
0 0.4568925078125 0.32245234765625 0.37200180859375 0.316869572265625 0.3160740859375 0.44433003515625 0.315328822265625 0.44963287109375 0.32040690234375 0.451381396484375 0.389357474609375 0.461071767578125 0.4568925078125 0.32245234765625
0 0.27151616015625 0.2711188046875 0.23666800390625 0.33951216015625 0.34045478515625 0.448075255859375 0.3422343828125 0.448982005859375 0.34305019140625 0.44926291015625 0.380008728515625 0.378093333984375 0.27151616015625 0.2711188046875
0 0.498909439453125 0.360811775390625 0.495901462890625 0.359776044921875 0.484424611328125 0.385111447265625 0.46467055859375 0.43164907421875 0.582636380859375 0.521755119140625 0.5837435859375 0.522225099609375 0.586440216796875 0.523153625 0.6218607890625 0.450801380859375 0.51426685546875 0.370780865234375 0.498909439453125 0.360811775390625
0 1 0.552641123046875 0.883265845703125 0.524349814453125 0.88015053515625 0.533397326171875 0.87202003515625 0.606405572265625 0.98160960546875 0.637080890625 0.99566164453125 0.59627080078125 1 0.56540180078125 1 0.552641123046875
0 0.8551502421875 0.633611041015625 0.938935138671875 0.532064455078125 0.86502129296875 0.486972212890625 0.78233637109375 0.591903080078125 0.781745771484375 0.5936183046875 0.8076644453125 0.60858245703125 0.8551502421875 0.633611041015625
0 0.76525172265625 0.457426154296875 0.765490607421875 0.456391427734375 0.681623802734375 0.435742646484375 0.6274001171875 0.55543510546875 0.634939294921875 0.55803105078125 0.707674697265625 0.574823341796875 0.76525172265625 0.457426154296875
0 0.70594281640625 0.582479525390625 0.716189203125 0.586007638671875 0.78489882421875 0.60701427734375 0.84929008203125 0.486415103515625 0.848496951171875 0.486142005859375 0.76648964453125 0.463238041015625 0.70594281640625 0.582479525390625
0 0.68943125390625 0.43628793359375 0.61402548046875 0.411586302734375 0.546144345703125 0.518025666015625 0.54435423828125 0.52353505078125 0.55055821875 0.525671251953125 0.622864248046875 0.547971158203125 0.68943125390625 0.43628793359375
0 0 0.584986078125 0.07933608984375 0.64599948828125 0.08647078515625 0.64845616015625 0.110817376953125 0.58289648828125 0 0.48575676953125 0 0.584986078125
0 0.64362471875 0.745433158203125 0.636260556640625 0.823379078125 0.818779421875 0.869807384765625 0.818809607421875 0.869810556640625 0.82501874609375 0.779933298828125 0.6460217421875 0.72862718359375 0.64511401953125 0.73126340234375 0.64362471875 0.745433158203125
0 0.05628058203125 0.484484060546875 0.01432824609375 0.55116928515625 0.01403524609375 0.55167678125 0.149825578125 0.680186158203125 0.154622185546875 0.68183776171875 0.1892156328125 0.618591982421875 0.05628058203125 0.484484060546875
0 0.499192234375 0.636099513671875 0.453955765625 0.71770826953125 0.591552966796875 0.8315000546875 0.5952915859375 0.83357240625 0.599986923828125 0.835189140625 0.645104734375 0.7626215625 0.499192234375 0.636099513671875
0 0.758305546875 0.741672818359375 0.74364330078125 0.775526396484375 0.723095521484375 0.82638393359375 0.872697453125 0.915870646484375 0.881236970703125 0.9188110390625 0.90401162109375 0.86244180078125 0.915285384765625 0.82970041015625 0.758305546875 0.741672818359375
0 0.167654296875 0.70653254296875 0.30745295703125 0.57709253515625 0.237544830078125 0.53050744140625 0.099519587890625 0.65522608203125 0.09749724609375 0.661099392578125 0.1598373828125 0.70158355078125 0.167654296875 0.70653254296875
0 0.292332880859375 0.6039816640625 0.29088696875 0.6081808984375 0.2907189375 0.6101015078125 0.28814700390625 0.698407158203125 0.307227310546875 0.704892787109375 0.45837537109375 0.753315169921875 0.45937169921875 0.753402337890625 0.467140134765625 0.67320852734375 0.4675236875 0.668824509765625 0.292332880859375 0.6039816640625
0 0.38444358984375 0.634029486328125 0.38214062890625 0.64856980078125 0.3738171796875 0.719338396484375 0.539530619140625 0.78614284765625 0.542046857421875 0.78654137890625 0.55603691796875 0.709263986328125 0.557932677734375 0.69729463671875 0.384991916015625 0.63243703125 0.38444358984375 0.634029486328125
0 0.736319037109375 0.71114921484375 0.736450369140625 0.710767802734375 0.64832266796875 0.670982111328125 0.54387858984375 0.828501046875 0.54367830859375 0.829082701171875 0.630270541015625 0.86071653125 0.736319037109375 0.71114921484375
0 0.283244306640625 0.554787837890625 0.203920421875 0.721932845703125 0.203076208984375 0.7267206171875 0.2641293359375 0.739814998046875 0.29551770703125 0.745349615234375 0.374253166015625 0.57338322265625 0.283244306640625 0.554787837890625
0 1 0.20539497265625 0.94280998828125 0.15862804296875 0.90553784765625 0.22586876953125 0.975604373046875 0.285333818359375 0.98158061328125 0.287391603515625 1 0.254931169921875 1 0.20539497265625
0 0.839473134765625 0.174239501953125 0.83417053515625 0.217156080078125 0.9269962421875 0.253156841796875 0.93115433203125 0.25374122265625 0.939576291015625 0.176381150390625 0.84563399609375 0.144111798828125 0.84237857421875 0.153566236328125 0.839473134765625 0.174239501953125
0 0.794760517578125 0.107040591796875 0.78780712890625 0.1190842109375 0.7599567734375 0.17171994921875 0.8313121875 0.240607630859375 0.835608041015625 0.2420868125 0.870888919921875 0.17699019921875 0.794760517578125 0.107040591796875
0 0.742700484375 0.094266625 0.67749481640625 0.166891115234375 0.675564140625 0.172498201171875 0.746492638671875 0.20389873046875 0.81123455859375 0.130706837890625 0.742700484375 0.094266625
0 0 0.77324782421875 0.15782830859375 0.86915287890625 0.18139854296875 0.785094857421875 0.02545670703125 0.68314751953125 0.0210059453125 0.696073466796875 0 0.769329900390625 0 0.77324782421875
0 0.07827044140625 0.85131855078125 0.150562611328125 0.894881125 0.154379439453125 0.896910568359375 0.2835651171875 0.7617494375 0.214353888671875 0.723521228515625 0.201643173828125 0.7167628203125 0.081327533203125 0.84551577734375 0.0783224375 0.851167541015625 0.07827044140625 0.85131855078125
0 0 0.80805627734375 0.04582922265625 0.850943880859375 0.05171576171875 0.852970779296875 0.093512966796875 0.778757638671875 0 0.688446224609375 0 0.80805627734375
0 0.22074571484375 0.7347614609375 0.175189359375 0.821555517578125 0.310154095703125 0.941719017578125 0.311293318359375 0.942350498046875 0.315938783203125 0.943950060546875 0.355103103515625 0.86717548046875 0.22074571484375 0.7347614609375
0 0.67375458203125 1 0.723846482421875 0.89442251171875 0.62830709765625 0.8690668671875 0.57387334765625 1 0.67375458203125 1
0 0.56557222265625 1 0.6415425390625 0.87601619921875 0.642093005859375 0.87441752734375 0.56975916015625 0.847761916015625 0.55318192578125 0.841728294921875 0.4528824453125 1 0.56557222265625 1
0 0.53175221484375 0.9857712421875 0.5386900859375 0.98650044140625 0.546848767578125 0.891418396484375 0.366949650390625 0.82881464453125 0.36541325 0.83327667578125 0.35545971484375 0.927978240234375 0.53175221484375 0.9857712421875
0 0.4246116015625 0.973106451171875 0.45759448828125 0.88741821484375 0.291489759765625 0.777887689453125 0.269274712890625 0.83892303125 0.258483814453125 0.87026207421875 0.4171348828125 0.97053201171875 0.4246116015625 0.973106451171875
0 0.8244017734375 1 0.67095401171875 0.90934077734375 0.6395250390625 0.975392923828125 0.62950867578125 0.997890041015625 0.6328849453125 1 0.8244017734375 1
0 0.443050220703125 0 0.404881646484375 0.10224976953125 0.40467039453125 0.10527080859375 0.408894576171875 0.10672530859375 0.4402533046875 0.10945756640625 0.476105455078125 0.111964591796875 0.512416814453125 0.006829185546875 0.44427025390625 0 0.443050220703125 0
0 0.719191283203125 0.13294919140625 0.650238927734375 0.066094599609375 0.63104568359375 0.1009080078125 0.615186140625 0.13073547265625 0.682321703125 0.1888690078125 0.68465430078125 0.190109271484375 0.68929079296875 0.191705744140625 0.719191283203125 0.13294919140625
0 0.38621213671875 0 0.31648213671875 0.049117595703125 0.315674310546875 0.051463693359375 0.372635234375 0.08845455078125 0.37627592578125 0.09072912890625 0.461622283203125 0.015663150390625 0.435227556640625 0 0.38621213671875 0
0 0.50570809375 0.013699947265625 0.4801984609375 0.06600244140625 0.473294341796875 0.081097197265625 0.545366783203125 0.147106330078125 0.54875630078125 0.14827343359375 0.583358755859375 0.08534257421875 0.50570809375 0.013699947265625
0 0.651384884765625 0.110305609375 0.584617080078125 0.038983431640625 0.56228966015625 0.076142498046875 0.54832837890625 0.100511830078125 0.610488630859375 0.17102050390625 0.611118599609375 0.17139902734375 0.616342814453125 0.17319787109375 0.651384884765625 0.110305609375
0 0.190270294921875 0 0.1800998125 0.00846411328125 0.179528224609375 0.01012412890625 0.241605466796875 0.041754064453125 0.29115162109375 0 0.190270294921875 0
0 0.2877643359375 0 0.24756669140625 0.02849467578125 0.2465929375 0.031322666015625 0.30173966015625 0.067703009765625 0.30690959375 0.070809419921875 0.39111493359375 0 0.2877643359375 0