0 1 0.403093861328125 0.98511605859375 0.33435462109375 0.98217364453125 0.33072104296875 0.95232962890625 0.348653134765625 0.9238114765625 0.366761611328125 0.951028236328125 0.478472447265625 0.95149405859375 0.47904769140625 1 0.44876120703125 1 0.403093861328125
0 0.952442103515625 0.488301376953125 0.92275491796875 0.37403837109375 0.922336021484375 0.37352107421875 0.865332466796875 0.41038804296875 0.895690666015625 0.52501317578125 0.952442103515625 0.488301376953125
0 0.640120685546875 0.582003099609375 0.673665958984375 0.64637906640625 0.784646306640625 0.629057015625 0.785735580078125 0.6285257421875 0.75437932421875 0.55866724609375 0.640300080078125 0.577390607421875 0.63855876953125 0.578800693359375 0.640120685546875 0.582003099609375
0 0.703843275390625 0.53397658984375 0.699636013671875 0.537383564453125 0.74821399609375 0.59782105859375 0.853641447265625 0.56346455859375 0.8536617734375 0.563448099609375 0.80997393359375 0.50105540234375 0.703843275390625 0.53397658984375
0 0.922826224609375 0.49081976953125 0.92079989453125 0.48831745703125 0.911972888671875 0.48082855078125 0.8614601875 0.438443361328125 0.76116572265625 0.502903443359375 0.759398244140625 0.50500984375 0.76049341796875 0.5063622734375 0.797267904296875 0.5375570546875 0.818797109375 0.555622203125 0.922826224609375 0.49081976953125
0 0.64793697265625 0.725217576171875 0.6482629609375 0.72557962109375 0.708481703125 0.6746530859375 0.654908421875 0.56958212890625 0.64386126953125 0.578527939453125 0.59817666796875 0.619662537109375 0.64793697265625 0.725217576171875
0 0.647037896484375 0.72258361328125 0.58638873828125 0.619293451171875 0.526527255859375 0.675716689453125 0.58769993359375 0.7793198515625 0.647037896484375 0.72258361328125
0 0.40275745703125 0.8767635859375 0.352279126953125 0.828936421875 0.2425632890625 0.9075503515625 0.23911687890625 0.91111921484375 0.297972513671875 0.96870933203125 0.41018018359375 0.885649177734375 0.4038001796875 0.87777053125 0.40275745703125 0.8767635859375
0 0.39648621875 0.75452803515625 0.38979275390625 0.758874822265625 0.32660628515625 0.80065212109375 0.38003624609375 0.9314180625 0.38070715234375 0.93245116796875 0.383357712890625 0.930729873046875 0.45295501171875 0.883761755859375 0.40002923046875 0.7589032890625 0.39648621875 0.75452803515625
0 0.4709373203125 0.68350943359375 0.46155512890625 0.689146822265625 0.505740966796875 0.829963267578125 0.53825024609375 0.810767296875 0.574533509765625 0.78896611328125 0.53188353125 0.658549060546875 0.526743404296875 0.65220153515625 0.4709373203125 0.68350943359375
0 0.50705774609375 0.741576974609375 0.482730755859375 0.71808467578125 0.367981873046875 0.80100867578125 0.36747031640625 0.801538408203125 0.421906822265625 0.85196226171875 0.540933447265625 0.776486771484375 0.53781083984375 0.772630673828125 0.50705774609375 0.741576974609375
0 0.951570494140625 0.29541213671875 0.93354887109375 0.279092826171875 0.89442125390625 0.245079708984375 0.758806775390625 0.323818314453125 0.757054478515625 0.3258341015625 0.7570702421875 0.3258535703125 0.820798646484375 0.3804281484375 0.95313347265625 0.297342255859375 0.951570494140625 0.29541213671875
0 0.8813464609375 0.18626392578125 0.86339076171875 0.2007017109375 0.90728706640625 0.3621776171875 0.97764791015625 0.3123848203125 0.958656439453125 0.282272248046875 0.924598474609375 0.229827583984375 0.886572859375 0.182869861328125 0.8813464609375 0.18626392578125
0 0.55392247265625 0.58154204296875 0.687480333984375 0.51551210546875 0.639161453125 0.4558432578125 0.50633991015625 0.512587716796875 0.50267612890625 0.515661994140625 0.55392247265625 0.58154204296875
0 0.872108818359375 0.38979428515625 0.843201052734375 0.31618500390625 0.695718603515625 0.33443066015625 0.69272930859375 0.33588863671875 0.691327630859375 0.33702369140625 0.726535962890625 0.40966437109375 0.872108818359375 0.38979428515625
0 0.646224734375 0.556430654296875 0.64744088671875 0.5579324765625 0.71362260546875 0.505782607421875 0.67044821484375 0.37530301171875 0.66535141015625 0.36900898046875 0.6042347265625 0.410232701171875 0.646224734375 0.556430654296875
0 0.6301356640625 0.38858653125 0.627231044921875 0.39093864453125 0.662073767578125 0.456726775390625 0.81395817578125 0.43073337109375 0.81414101953125 0.4305853046875 0.7746979140625 0.35942805859375 0.6301356640625 0.38858653125
0 0.620505599609375 0.573314244140625 0.62118678515625 0.572762630859375 0.606008185546875 0.54905553515625 0.5777372734375 0.507142185546875 0.437919193359375 0.55700137890625 0.43457223046875 0.559258935546875 0.47606286328125 0.62854191015625 0.6017735703125 0.58188833984375 0.619502291015625 0.573990986328125 0.620505599609375 0.573314244140625
0 0.277944544921875 0.81669957421875 0.27421395703125 0.812092681640625 0.217245755859375 0.76015644140625 0.12586349609375 0.832487759765625 0.15435582421875 0.86767285546875 0.184157912109375 0.89645239453125 0.277944544921875 0.81669957421875
0 0.340625740234375 0.76599173828125 0.293659388671875 0.71494143359375 0.281662927734375 0.702518736328125 0.171386375 0.78194183984375 0.17270663671875 0.7835722265625 0.23209649609375 0.840510333984375 0.340625740234375 0.76599173828125
0 0.311701005859375 0.662001486328125 0.305410580078125 0.66786740625 0.36155934765625 0.726550115234375 0.475596859375 0.6610430859375 0.46660932421875 0.649944404296875 0.418149599609375 0.596441423828125 0.311701005859375 0.662001486328125
0 0.40953929296875 0.72101841796875 0.39113312109375 0.69568449609375 0.358022525390625 0.652370408203125 0.241266572265625 0.70951819921875 0.237026359375 0.71295185546875 0.28539948046875 0.77864483984375 0.40953929296875 0.72101841796875
0 0.37456221484375 0.62237726171875 0.372273916015625 0.625306150390625 0.434020091796875 0.67378733203125 0.5379899765625 0.594087619140625 0.534271458984375 0.589495630859375 0.472360736328125 0.542604451171875 0.37456221484375 0.62237726171875
0 0.755570107421875 0.021094935546875 0.596481140625 0.066001669921875 0.59374128515625 0.068220361328125 0.63524743359375 0.132213640625 0.638518796875 0.137063638671875 0.795727177734375 0.0815848515625 0.79662041015625 0.08086152734375 0.75998329296875 0.026544765625 0.755570107421875 0.021094935546875
0 0.01691172265625 0.5473911015625 0.013216490234375 0.55038344140625 0.073495666015625 0.62324109765625 0.233337658203125 0.52822797265625 0.191524974609375 0.476593607421875 0.176247056640625 0.45904809375 0.01691172265625 0.5473911015625
0 0.57307451171875 0.0549441328125 0.64609203125 0.229085177734375 0.710441490234375 0.182631171875 0.63605658203125 0.01999541015625 0.62870180078125 0.01091301171875 0.588135404296875 0.042606955078125 0.57307451171875 0.0549441328125
0 0.3384632578125 0.48900306640625 0.28329776171875 0.30936297265625 0.28017175390625 0.305502671875 0.20022560546875 0.349817546875 0.25945215625 0.52776037109375 0.3384632578125 0.48900306640625
0 0 0.61517909375 0.08002871484375 0.70185026953125 0.140592673828125 0.633196974609375 0.024737080078125 0.500452796875 0.01791137109375 0.494725345703125 0 0.513985205078125 0 0.61517909375
0 0.61835088671875 0.110634625 0.447287654296875 0.19076921484375 0.444498787109375 0.1931093515625 0.446050591796875 0.195025669921875 0.5004438125 0.25834952734375 0.67160350390625 0.17561987109375 0.636343427734375 0.1320773046875 0.61835088671875 0.110634625
0 0.30707483203125 0.27623153515625 0.30495619140625 0.277947177734375 0.33789881640625 0.35034372265625 0.339758662109375 0.354332171875 0.5242033046875 0.322840494140625 0.524907892578125 0.32251194140625 0.52223756640625 0.316785408203125 0.480312103515625 0.23902450390625 0.46054525390625 0.242947935546875 0.30707483203125 0.27623153515625
0 0.26447541796875 0.4088151328125 0.269404474609375 0.41988598046875 0.450060287109375 0.380025537109375 0.4433735390625 0.3650068515625 0.41181083203125 0.3011220390625 0.23658719140625 0.33532186328125 0.23441252734375 0.337082873046875 0.26447541796875 0.4088151328125
0 0.3080487421875 0.48769983984375 0.309891236328125 0.486678529296875 0.263123080078125 0.402306544921875 0.08696451171875 0.46452616796875 0.085253490234375 0.465911724609375 0.1350459921875 0.542785716796875 0.3080487421875 0.48769983984375
0 0.59927348828125 0.257863765625 0.57084763671875 0.20416503515625 0.553393625 0.173933796875 0.375315615234375 0.22298180078125 0.37199601953125 0.22566995703125 0.41541412890625 0.305796189453125 0.59927348828125 0.257863765625
0 0.60223593359375 1 0.60725912109375 0.99261225390625 0.537774431640625 0.91820926953125 0.495048693359375 0.979129375 0.513065083984375 1 0.60223593359375 1
0 0.6647528359375 0.9333631015625 0.638428669921875 0.890478779296875 0.545323017578125 0.919695677734375 0.540527193359375 0.923579259765625 0.57839842578125 0.983913712890625 0.67736437890625 0.95552058203125 0.677487771484375 0.95542066015625 0.6647528359375 0.9333631015625
0 0.715586619140625 0.910850283203125 0.68271940625 0.82743599609375 0.677836234375 0.821405779296875 0.616218306640625 0.864551119140625 0.653523392578125 0.961324947265625 0.715586619140625 0.910850283203125
0 0.438980541015625 0 0.46641148046875 0.12049187890625 0.54728098046875 0.07294194921875 0.528124794921875 0 0.438980541015625 0
0 0.34549387109375 0 0.38883860546875 0.1746227265625 0.46825917578125 0.136011509765625 0.47014358203125 0.13496696484375 0.438251359375 0 0.34549387109375 0
0 0.393809943359375 0.054051962890625 0.228031318359375 0.11907791015625 0.220174115234375 0.125440548828125 0.278956521484375 0.19985603515625 0.449434859375 0.122809435546875 0.393809943359375 0.054051962890625
0 0 0.416015146484375 0.029069359375 0.482496271484375 0.110884982421875 0.42702658203125 0.027379310546875 0.258993572265625 0.02379299609375 0.254564841796875 0 0.27122487890625 0 0.416015146484375
0 0 0.3095385703125 0.029536498046875 0.372879794921875 0.215579736328125 0.328206623046875 0.21673203125 0.327273513671875 0.202942828125 0.29739087890625 0.176918083984375 0.24158063671875 0 0.28124605859375 0 0.3095385703125
0 0.2432820546875 0.31518303515625 0.202259890625 0.134804423828125 0.197995486328125 0.129538322265625 0.110810369140625 0.172061345703125 0.1569815703125 0.359336953125 0.2432820546875 0.31518303515625
0 0.32216003125 0.254801001953125 0.27287896484375 0.06559298046875 0.27015075 0.062223916015625 0.20011398046875 0.09946312890625 0.18620714453125 0.11072466015625 0.2386598125 0.297250013671875 0.32216003125 0.254801001953125
0 0.9495038359375 0.67418726953125 0.924352458984375 0.646253833984375 0.83094416015625 0.6937374375 0.826302708984375 0.697916619140625 0.8702656484375 0.749797568359375 0.9724045390625 0.701014111328125 0.9665283515625 0.693757623046875 0.9495038359375 0.67418726953125
0 0.72266175390625 0.906946931640625 0.77185322265625 0.85939511328125 0.729161826171875 0.775190994140625 0.72897909765625 0.774995041015625 0.710938 0.78960443359375 0.6743816171875 0.823693810546875 0.72266175390625 0.906946931640625
0 0.90740000390625 0.61820974609375 0.94126269921875 0.72670960546875 0.991550083984375 0.69108533984375 0.969868177734375 0.581188625 0.96793860546875 0.57880580078125 0.91095873828125 0.6158089609375 0.90740000390625 0.61820974609375
0 0.84241121484375 0.681121994140625 0.83733191796875 0.676548572265625 0.787094376953125 0.727130755859375 0.842778703125 0.818699107421875 0.8917248984375 0.7615495390625 0.84241121484375 0.681121994140625
0 0.7896330625 0.862557345703125 0.789658634765625 0.862575923828125 0.791384478515625 0.86117836328125 0.79404671484375 0.857514109375 0.83229834765625 0.801070833984375 0.772014806640625 0.724218779296875 0.77191205078125 0.724144125 0.77018620703125 0.7255416875 0.765184453125 0.73242601171875 0.730487587890625 0.78233235546875 0.7896330625 0.862557345703125
0 1 0.575274486328125 0.931005171875 0.609421015625 0.93098541796875 0.6094445546875 0.98552731640625 0.65927062890625 1 0.6505536015625 1 0.575274486328125