0 0.89845340234375 0.73566224609375 0.864706103515625 0.7341385 0.822644912109375 0.841978390625 0.89033791015625 0.845549578125 0.933550837890625 0.742662072265625 0.9337439140625 0.739900974609375 0.917099412109375 0.736966099609375 0.89845340234375 0.73566224609375
0 0.749507482421875 0.78872012890625 0.86065205859375 0.83013336328125 0.86082553125 0.82914955078125 0.86329438671875 0.76205334765625 0.75198622265625 0.72117505078125 0.749507482421875 0.78872012890625
0 0.618879201171875 0.777469779296875 0.616949478515625 0.70490376171875 0.509720767578125 0.671857041015625 0.50839447265625 0.671857041015625 0.50595445703125 0.74835621484375 0.618445087890625 0.78206088671875 0.618879203125 0.77959890234375 0.618879201171875 0.777469779296875
0 0.64902267578125 0.79797352734375 0.713182861328125 0.71267637890625 0.71389233203125 0.708652775390625 0.644128640625 0.6832608671875 0.5724916640625 0.775726693359375 0.64902267578125 0.79797352734375
0 0.721150419921875 0.818064453125 0.80053975390625 0.73014132421875 0.80121769921875 0.726296501953125 0.729320435546875 0.69428577734375 0.64920737890625 0.78557030859375 0.721150419921875 0.818064453125
0 0.549652720703125 0.71050550390625 0.4560051484375 0.643063900390625 0.455445673828125 0.6428712578125 0.45429987109375 0.64266922265625 0.426517814453125 0.715886626953125 0.524578494140625 0.78198956640625 0.5250124375 0.78206608203125 0.549652720703125 0.71050550390625
0 0.40457958203125 0.631350625 0.3350148046875 0.7285904140625 0.41090785546875 0.760327201171875 0.4788670625 0.6648412421875 0.47940599609375 0.66178480078125 0.413446498046875 0.634754314453125 0.40457958203125 0.631350625
0 0.104567509765625 0.70044083984375 0.143259763671875 0.568785208984375 0.11707291015625 0.56416776171875 0.060920341796875 0.558265888671875 0.023660236328125 0.69271422265625 0.104567509765625 0.70044083984375
0 0.23864725390625 0.587502845703125 0.236544474609375 0.58693940625 0.155579248046875 0.566773009765625 0.0970274453125 0.6921743984375 0.096285634765625 0.694942876953125 0.103943685546875 0.696994845703125 0.1783605546875 0.71627961328125 0.237555365234375 0.59369526171875 0.23864725390625 0.587502845703125
0 0.39244362890625 0.73206317578125 0.396507673828125 0.705526337890625 0.402518841796875 0.656569296875 0.265989986328125 0.60530852734375 0.26566025 0.605268041015625 0.26474480078125 0.61045980078125 0.255085025390625 0.684440189453125 0.39209965234375 0.734013974609375 0.39244362890625 0.73206317578125
0 0.17505343359375 0.69517152734375 0.24897538671875 0.73167178125 0.326542302734375 0.621493384765625 0.32864524609375 0.616983607421875 0.32921903515625 0.61372948828125 0.26333894921875 0.58466116015625 0.17505343359375 0.69517152734375
0 0.8097746796875 0.57551819921875 0.806085310546875 0.57526021484375 0.7991341875 0.65220383984375 0.94614769921875 0.7141847265625 0.946586986328125 0.71169340234375 0.952307783203125 0.629882193359375 0.8097746796875 0.57551819921875
0 0.97578461328125 0.60134630859375 0.85462775390625 0.60769587109375 0.8600829609375 0.64292622265625 0.97706474609375 0.67381662890625 0.981961767578125 0.646044232421875 0.979655013671875 0.602028765625 0.97578461328125 0.60134630859375
0 0.611255390625 0.510097703125 0.61091733203125 0.51003809375 0.564797212890625 0.508584142578125 0.53454483203125 0.5080560859375 0.488465 0.651006015625 0.488457529296875 0.65143399609375 0.56167550390625 0.65542702734375 0.573213642578125 0.65562842578125 0.61124701953125 0.510577259765625 0.611255390625 0.510097703125
0 0.8123513125 0.5538233203125 0.800776568359375 0.54983781640625 0.706903880859375 0.670216400390625 0.706805986328125 0.67050070703125 0.78499953515625 0.69764020703125 0.872615212890625 0.582325365234375 0.8729794609375 0.580259611328125 0.8123513125 0.5538233203125
0 0.71247970703125 0.54570066796875 0.711527703125 0.545354166015625 0.633403359375 0.523302279296875 0.547882611328125 0.642355845703125 0.547774462890625 0.642969189453125 0.62012395703125 0.668313396484375 0.7109849453125 0.5519129296875 0.71175960546875 0.549784572265625 0.71247970703125 0.54570066796875
0 0.629773431640625 0.657008802734375 0.70182960546875 0.68195119921875 0.793668220703125 0.56134565625 0.793980623046875 0.56038417578125 0.79429103515625 0.558623751953125 0.717955462890625 0.5338208203125 0.629773431640625 0.657008802734375
0 0.483943865234375 0.488860984375 0.466902013671875 0.4839743125 0.40107023046875 0.59967492578125 0.391643265625 0.619012357421875 0.466901564453125 0.642554142578125 0.53956290625 0.518575736328125 0.541303216796875 0.50870594921875 0.483943865234375 0.488860984375
0 0 0.518276783203125 0.10971707421875 0.54486745703125 0.114243408203125 0.519197333984375 0.12053431640625 0.46270783203125 0.00458508203125 0.430252375 0 0.45625566796875 0 0.518276783203125
0 0.098440162109375 0.43281576953125 0.08576346484375 0.563853626953125 0.17225608203125 0.55990469140625 0.182141427734375 0.4265003125 0.175603205078125 0.425347447265625 0.1518034765625 0.427011685546875 0.098440162109375 0.43281576953125
0 0.229097373046875 0.563307642578125 0.228687716796875 0.564321578125 0.305787056640625 0.594325744140625 0.37973424609375 0.48920891015625 0.380364537109375 0.485634349609375 0.301299328125 0.45368993359375 0.229097373046875 0.563307642578125
0 0.274866375 0.44285022265625 0.27095333203125 0.44216024609375 0.192241626953125 0.44216024609375 0.165992255859375 0.57596676953125 0.16797172265625 0.576315802734375 0.251882515625 0.57427182421875 0.274866375 0.44285022265625
0 0.42288379296875 0.61599109375 0.450978474609375 0.556118515625 0.456565619140625 0.544136845703125 0.357171619140625 0.462122669921875 0.353670208984375 0.46150527734375 0.320145517578125 0.536309505859375 0.42288379296875 0.61599109375
0 1 0.288727486328125 0.962282044921875 0.27932334375 0.873478724609375 0.4424569609375 0.873116369140625 0.44451198046875 0.943460861328125 0.45866175 1 0.369007529296875 1 0.288727486328125
0 0.220513619140625 0.14223680859375 0.137138427734375 0.311141859375 0.223764970703125 0.335903064453125 0.307669681640625 0.178061052734375 0.308982462890625 0.170615904296875 0.252099052734375 0.15213336328125 0.220513619140625 0.14223680859375
0 0.891911603515625 0.264075720703125 0.79394716015625 0.425505673828125 0.86935290234375 0.45026049609375 0.958760216796875 0.291730498046875 0.96026302734375 0.28320764453125 0.91074516015625 0.269008625 0.891911603515625 0.264075720703125
0 0.31519834765625 0.28024398828125 0.494302888671875 0.35234834765625 0.51050537890625 0.260459462890625 0.3445251640625 0.1981030859375 0.33437578515625 0.1963134765625 0.31519834765625 0.28024398828125
0 0.142329140625 0.128594076171875 0.126614021484375 0.12318292578125 0.044152884765625 0.290163529296875 0.1299504375 0.32210171484375 0.21235887109375 0.16636994140625 0.213566921875 0.162861509765625 0.2144885546875 0.157634671875 0.142329140625 0.128594076171875
0 0.77722826953125 0.242668236328125 0.693585986328125 0.4149284296875 0.77910873828125 0.43052983984375 0.854728671875 0.26985334765625 0.8568784765625 0.257661201171875 0.804340578125 0.2474488671875 0.77722826953125 0.242668236328125
0 0.412185462890625 0.28669156640625 0.56945239453125 0.373708087890625 0.5709004609375 0.374123314453125 0.585701470703125 0.326490068359375 0.597039462890625 0.28694978515625 0.43661853515625 0.20323540234375 0.432710357421875 0.20254628515625 0.412185462890625 0.28669156640625
0 0.414417150390625 0.22829264453125 0.229896359375 0.187227693359375 0.2298606875 0.18743000390625 0.231358998046875 0.27955522265625 0.407264720703125 0.324517240234375 0.40876001171875 0.32459560546875 0.40962815234375 0.319672140625 0.414417150390625 0.22829264453125
0 0.72656971484375 0.23536404296875 0.696814091796875 0.223941927734375 0.586712490234375 0.377725380859375 0.672501091796875 0.41334442578125 0.78226034375 0.26440605078125 0.7830835078125 0.262261638671875 0.783540455078125 0.25967016015625 0.72656971484375 0.23536404296875
0 0.50299562109375 0.296879291015625 0.66692074609375 0.3889106875 0.66838051953125 0.38305584765625 0.684828548828125 0.295742275390625 0.666997724609375 0.286351677734375 0.53260986328125 0.21857466015625 0.52370191015625 0.21700394921875 0.50299562109375 0.296879291015625
0 0 0.8803590859375 0.02460130078125 0.8875158515625 0.06552246875 0.804505591796875 0.066683720703125 0.7979198125 0 0.778798564453125 0 0.8803590859375
0 0.141688171875 0.8313046171875 0.0601482578125 0.787361208984375 0.05468626953125 0.78639811328125 0.03150247265625 0.859605216796875 0.119210646484375 0.90482528515625 0.141688171875 0.8313046171875
0 1 0.14720393359375 0.920314697265625 0.1513800625 0.922899494140625 0.187160560546875 1 0.205173923828125 1 0.14720393359375
0 0.12491114453125 0.803723501953125 0.1207530546875 0.80313912109375 0.112331095703125 0.8804991953125 0.20665658984375 0.912900177734375 0.213469419921875 0.874262703125 0.217736849609375 0.839724265625 0.12491114453125 0.803723501953125
0 0.29315991796875 0.83588033203125 0.233988818359375 0.813808142578125 0.175013716796875 0.899367841796875 0.244208626953125 0.9243941796875 0.302881978515625 0.843613296875 0.303027080078125 0.84325416015625 0.30358462109375 0.8400921875 0.29315991796875 0.83588033203125
0 0.2498328203125 0.912309755859375 0.322771421875 0.938857236328125 0.37769575 0.857179673828125 0.378897361328125 0.8538782734375 0.37918009375 0.852274822265625 0.30375833203125 0.830819830078125 0.2498328203125 0.912309755859375
0 0.94860017578125 0.141761052734375 0.76902916015625 0.0964068125 0.7678927734375 0.0964663671875 0.767287810546875 0.099897279296875 0.772700177734375 0.189548611328125 0.952424033203125 0.22868591796875 0.952988072265625 0.22548709765625 0.94860017578125 0.141761052734375
0 0.68436574609375 0.07535001953125 0.68210819921875 0.07535001953125 0.677292677734375 0.165055626953125 0.856394431640625 0.215415966796875 0.85751612890625 0.209054505859375 0.85751612890625 0.121939337890625 0.68436574609375 0.07535001953125
0 1 0.142365111328125 0.86213339453125 0.110280220703125 0.857258072265625 0.110535724609375 0.85818025390625 0.19692790234375 1 0.23229336328125 1 0.142365111328125
0 0.656947662109375 0.037588228515625 0.606273509765625 0.2192954375 0.704271458984375 0.21706133203125 0.7447754375 0.0370338125 0.73615164453125 0.035513205078125 0.7171848046875 0.035513205078125 0.656947662109375 0.037588228515625
0 0.19825294921875 0 0.192248041015625 0.0734807890625 0.37834112109375 0.12818847265625 0.38001135546875 0.11871611328125 0.387793439453125 0.029766482421875 0.26451317578125 0 0.19825294921875 0
0 0.37859148046875 0 0.286040427734375 0.12976314453125 0.285732173828125 0.13151134765625 0.355660080078125 0.162981123046875 0.37177605078125 0.170156416015625 0.48542061328125 0.015804837890625 0.485748458984375 0.013945529296875 0.454426287109375 0 0.37859148046875 0
0 0.463377015625 0 0.399881771484375 0.173037015625 0.496118671875 0.184690376953125 0.5638133359375 0.01005076953125 0.564271232421875 0.006792654296875 0.53443728125 0.001532123046875 0.52353565625 0 0.463377015625 0
0 0.67778294921875 0.10629466015625 0.674845166015625 0.07271565234375 0.48251153125 0.044310466796875 0.477534154296875 0.044745931640625 0.485970826171875 0.141177541015625 0.681036404296875 0.166143599609375 0.68166630078125 0.16257129296875 0.67778294921875 0.10629466015625
0 0.10284655078125 0 0.088555693359375 0.034455869140625 0.25121355859375 0.13442673046875 0.28379051171875 0.068933154296875 0.294197974609375 0.046614275390625 0.22242608203125 0 0.10284655078125 0
0 0.6647403359375 0.95555843359375 0.6668136953125 0.91599637890625 0.5648625546875 0.879953689453125 0.56085251171875 0.879743533203125 0.55588330078125 0.951172876953125 0.66186498828125 0.98571834375 0.662586994140625 0.98162364453125 0.6647403359375 0.95555843359375
0 0.33752604296875 0.933199759765625 0.40543794140625 0.9415033828125 0.444010267578125 0.85533456640625 0.44404978125 0.855053404296875 0.398805111328125 0.84707555078125 0.3718421953125 0.84328616015625 0.33752604296875 0.933199759765625
0 0.62888754296875 0.99668803515625 0.70312094140625 0.99927474609375 0.73748626171875 0.897553384765625 0.737747908203125 0.89256087109375 0.731728619140625 0.891499509765625 0.677877294921875 0.8908549765625 0.62888754296875 0.99668803515625
0 0.574812400390625 0.978708900390625 0.587902720703125 0.922008494140625 0.591234306640625 0.905747529296875 0.50726316015625 0.858266609375 0.50254782421875 0.85743516796875 0.483035833984375 0.926370068359375 0.574812400390625 0.978708900390625
0 0.451882533203125 0.853328009765625 0.402727896484375 0.938848537109375 0.4726475 0.954744859375 0.52313660546875 0.872678203125 0.523612166015625 0.869981171875 0.487584775390625 0.86099853515625 0.451882533203125 0.853328009765625
0 0.87585651953125 1 0.875662349609375 0.988876099609375 0.873166451171875 0.95141191796875 0.77042394921875 0.90941656640625 0.767332572265625 0.90947052734375 0.767282087890625 0.90975683203125 0.768486951171875 0.978783419921875 0.821323111328125 1 0.87585651953125 1
0 0.7651114609375 1 0.7726423984375 0.98358457421875 0.80851283984375 0.90174734765625 0.808512837890625 0.898922634765625 0.741851623046875 0.8961136953125 0.735820205078125 0.896113697265625 0.700172828125 1 0.7651114609375 1
0 0.914526181640625 1 0.92284396484375 0.981317955078125 0.930531591796875 0.93771925390625 0.9017465546875 0.926879126953125 0.826007333984375 1 0.914526181640625 1