0 0.448689978515625 1 0.437966658203125 0.901570349609375 0.43591335546875 0.89716703125 0.37368515234375 0.928077365234375 0.383399939453125 1 0.448689978515625 1
0 0.42142519140625 0.949499529296875 0.43236200390625 0.834565421875 0.43144361328125 0.83156150390625 0.366216841796875 0.84649169140625 0.355540111328125 0.964587203125 0.42142519140625 0.949499529296875
0 0.301711443359375 0.7303750546875 0.36775480859375 0.700244931640625 0.3562768828125 0.588628 0.355758658203125 0.587407140625 0.28438740625 0.615051701171875 0.29732879296875 0.73188771484375 0.300256619140625 0.73099258984375 0.301711443359375 0.7303750546875
0 0.31155122265625 0.779286078125 0.41885097265625 0.769804853515625 0.420525353515625 0.769128359375 0.41624294921875 0.75512124609375 0.393524595703125 0.69889134765625 0.27750166015625 0.70747999609375 0.27862034765625 0.711139052734375 0.31155122265625 0.779286078125
0 0.4071257578125 0.8704528984375 0.42136213671875 0.75583268359375 0.41942335546875 0.749491212890625 0.3428558671875 0.763942779296875 0.329493775390625 0.88554302734375 0.4071257578125 0.8704528984375
0 0.33591867578125 0.63929032421875 0.351276361328125 0.52659244140625 0.350284564453125 0.523348416015625 0.2733590859375 0.533094939453125 0.260983388671875 0.65115890625 0.33591867578125 0.63929032421875
0 0.3402440625 0.48305941015625 0.339086576171875 0.473632453125 0.22057025390625 0.45786171484375 0.228177962890625 0.539770822265625 0.34589143359375 0.55514311328125 0.346668009765625 0.55504776171875 0.3474265078125 0.55481586328125 0.3402440625 0.48305941015625
0 0.11491491015625 0.156974396484375 0.1377342109375 0.23379037890625 0.276174216796875 0.22016139453125 0.260715849609375 0.1662516640625 0.2527255546875 0.14011658203125 0.120819865234375 0.1551690703125 0.11491491015625 0.156974396484375
0 0.172450458984375 0.34149214453125 0.2574423984375 0.3355489296875 0.27349116796875 0.200467677734375 0.273208455078125 0.196424681640625 0.272591109375 0.19440543359375 0.187192875 0.201897326171875 0.172450458984375 0.34149214453125
0 0.301551787109375 0.34286565234375 0.30089123828125 0.341050806640625 0.227412046875 0.365341708984375 0.243663189453125 0.509746505859375 0.26435253125 0.503421138671875 0.31909132421875 0.48349784765625 0.301551787109375 0.34286565234375
0 0.18327484375 0.378625357421875 0.31710853125 0.39416008984375 0.323503703125 0.392204888671875 0.31555844921875 0.31290258984375 0.172683642578125 0.305049701171875 0.18327484375 0.378625357421875
0 0.469223857421875 0.9253932890625 0.623920537109375 0.95228169921875 0.62647068359375 0.95150204296875 0.613432908203125 0.86918476953125 0.458536162109375 0.847753048828125 0.469223857421875 0.9253932890625
0 0.574725501953125 1 0.603277609375 0.991270744140625 0.59933433984375 0.8783502265625 0.59803818359375 0.87411069921875 0.563860630859375 0.878793658203125 0.529581015625 1 0.574725501953125 1
0 0.4052799140625 0.51866824609375 0.41393637890625 0.66846101171875 0.48767996484375 0.6459153359375 0.4873561640625 0.50674189453125 0.48456265625 0.49760474609375 0.4052799140625 0.51866824609375
0 0.55232071484375 0.7333119921875 0.549599744140625 0.727733173828125 0.477850255859375 0.755910560546875 0.49664902734375 0.907863943359375 0.501727068359375 0.906311431640625 0.571329623046875 0.87257565234375 0.55232071484375 0.7333119921875
0 0.461740896484375 0.74756241015625 0.52574155859375 0.71025718359375 0.50048574609375 0.5714055 0.497921337890625 0.56614768359375 0.430653939453125 0.59997159375 0.452028107421875 0.75158101953125 0.45597662109375 0.7503738359375 0.461740896484375 0.74756241015625
0 0.5255260390625 0.647989263671875 0.52400108203125 0.64499636328125 0.456365392578125 0.67784811328125 0.4768275625 0.82896151953125 0.48642095703125 0.826028525390625 0.5496743125 0.793799330078125 0.5255260390625 0.647989263671875
0 0.501550681640625 0.476771728515625 0.49726173828125 0.45956971484375 0.364146171875 0.460408025390625 0.342685984375 0.461912751953125 0.359927349609375 0.538859240234375 0.50344073828125 0.53979539453125 0.5131334375 0.5368320390625 0.501550681640625 0.476771728515625
0 0.347911953125 0.02365210546875 0.22081655078125 0.08124271484375 0.26439680078125 0.1519555546875 0.391722548828125 0.09957316796875 0.3949758125 0.09769489453125 0.393137716796875 0.091682755859375 0.385946333984375 0.07887637109375 0.35313980078125 0.022053791015625 0.347911953125 0.02365210546875
0 0.333881041015625 0.24334007421875 0.386240017578125 0.22611782421875 0.37237396484375 0.10393094921875 0.369860009765625 0.09570816796875 0.28761387890625 0.117153296875 0.305557205078125 0.24879043359375 0.30630809765625 0.251246486328125 0.333881041015625 0.24334007421875
0 0.42648305859375 0.39979940234375 0.438106962890625 0.27618009765625 0.435303724609375 0.26701112109375 0.3566305 0.27630305078125 0.34021704296875 0.407602189453125 0.42648305859375 0.39979940234375
0 0.316615908203125 0.30958484765625 0.448169033203125 0.277026302734375 0.446579119140625 0.2718259296875 0.4260333046875 0.22776528515625 0.411998958984375 0.19948756640625 0.281617681640625 0.23461847265625 0.2826056640625 0.237850015625 0.316615908203125 0.30958484765625
0 0.37131735546875 0.49071969921875 0.436476544921875 0.47939201171875 0.44949601171875 0.477096330078125 0.459453484375 0.3513456484375 0.45766905859375 0.34550905078125 0.3776604375 0.360857947265625 0.37131735546875 0.49071969921875
0 0.89523862109375 0.8008039375 0.71159153515625 0.83904609765625 0.749672828125 0.907838546875 0.752146794921875 0.91212358203125 0.92864070703125 0.86338336328125 0.932324244140625 0.861256673828125 0.930847677734375 0.856427046875 0.89523862109375 0.8008039375
0 0.61052492578125 0.23977273828125 0.67926301171875 0.20229109765625 0.61572249609375 0.025102765625 0.61519980859375 0.02526256640625 0.5376925859375 0.070098037109375 0.59520796484375 0.24704861328125 0.599050349609375 0.24587387890625 0.61052492578125 0.23977273828125
0 0.8858993671875 0.735976748046875 0.69707147265625 0.73514740234375 0.714689275390625 0.81253241796875 0.894105779296875 0.807589833984375 0.90468653125 0.80435497265625 0.891371041015625 0.754660892578125 0.8858993671875 0.735976748046875
0 0.596476166015625 0.24548098046875 0.640075228515625 0.4283558515625 0.705403677734375 0.40310926953125 0.721971251953125 0.39573291015625 0.68276102734375 0.21238310546875 0.6807336875 0.20782962890625 0.67795062890625 0.208680494140625 0.596476166015625 0.24548098046875
0 0.51906922265625 0 0.556330171875 0.15264037109375 0.59108873828125 0.140275576171875 0.64229713671875 0.120618513671875 0.6164088359375 0 0.51906922265625 0
0 0.84707014453125 0.61777264453125 0.842491630859375 0.609733125 0.658288337890625 0.658390375 0.698143171875 0.73234244921875 0.878672375 0.686994146484375 0.88318394921875 0.68449333984375 0.8821138203125 0.680993111328125 0.84707014453125 0.61777264453125
0 0.6574042109375 0.321742537109375 0.635637126953125 0.500154859375 0.63579458984375 0.501653029296875 0.685503923828125 0.49753255859375 0.72641232421875 0.493232912109375 0.743832220703125 0.314201966796875 0.742352515625 0.309362072265625 0.6574042109375 0.321742537109375
0 0.601242666015625 0.33585175390625 0.60288247265625 0.335381546875 0.688072888671875 0.304489611328125 0.67362499609375 0.12731828125 0.671903291015625 0.1216868359375 0.579942685546875 0.14754093359375 0.601242666015625 0.33585175390625
0 0.707411916015625 0.691947091796875 0.76554795703125 0.674289705078125 0.79855414453125 0.66292476171875 0.784377404296875 0.478645732421875 0.783046015625 0.474779095703125 0.6954421640625 0.50231980859375 0.707411916015625 0.691947091796875
0 0.82828213671875 0.520950279296875 0.788875154296875 0.4377034453125 0.7689300625 0.44058698828125 0.611500962890625 0.466187634765625 0.611282310546875 0.466275974609375 0.64243755078125 0.5455020234375 0.827669771484375 0.52377787109375 0.82898425 0.523246787109375 0.82828213671875 0.520950279296875
0 0 0.247552904296875 0.0440842734375 0.23343437109375 0.04571063671875 0.232569615234375 0.04503208984375 0.23035018359375 0.00935822265625 0.1632573984375 0 0.166578146484375 0 0.247552904296875
0 0 0.343375021484375 0.051658615234375 0.320375123046875 0.0282006953125 0.22433292578125 0.02609503515625 0.22497669140625 0 0.2366045234375 0 0.343375021484375
0 1 0.723182345703125 0.928350048828125 0.752583298828125 0.925645099609375 0.75390258984375 0.925758861328125 0.75427468359375 0.984503181640625 0.874718390625 1 0.869980537109375 1 0.723182345703125
0 0 0.419707201171875 0.019184298828125 0.41666870703125 0.061775955078125 0.409192013671875 0.068803458984375 0.313447052734375 0.06655780078125 0.306101837890625 0 0.318782583984375 0 0.419707201171875
0 0 0.41389459765625 0.004132927734375 0.46590566015625 0.09907380859375 0.48192612890625 0.099604669921875 0.48189830859375 0.106253095703125 0.4798656796875 0.1061838671875 0.47854474609375 0.1000388359375 0.409907689453125 0 0.3904767421875 0 0.41389459765625
0 0.030308583984375 0.54372426171875 0.12691315625 0.55034225390625 0.13327250390625 0.548398005859375 0.114365177734375 0.473239740234375 0.01683007421875 0.46728383984375 0.030308583984375 0.54372426171875
0 1 0.615176779296875 0.85116969140625 0.64603831640625 0.891258943359375 0.723589322265625 1 0.704757115234375 1 0.615176779296875
0 0.875278064453125 0.5075378203125 0.912784501953125 0.684902103515625 0.913613140625 0.686528396484375 0.972486751953125 0.660405716796875 0.99555403515625 0.64865234765625 0.95916641796875 0.46646616796875 0.875278064453125 0.5075378203125
0 1 0.7177611796875 0.885328275390625 0.7057042109375 0.88365890625 0.706214587890625 0.8867323125 0.72202588671875 0.902362009765625 0.79605358984375 1 0.804769123046875 1 0.7177611796875
0 0.958399390625 0.56997140234375 0.96050730078125 0.392295736328125 0.9578468984375 0.38359395703125 0.87479517578125 0.404259388671875 0.86300742578125 0.592531607421875 0.958399390625 0.56997140234375
0 0.711539322265625 0.16353329296875 0.89980226171875 0.15555868359375 0.90451459375 0.15411798046875 0.88768180859375 0.0675208125 0.69414265234375 0.0662294453125 0.711539322265625 0.16353329296875
0 0.933184087890625 0.253189798828125 0.934415546875 0.252813302734375 0.915771525390625 0.15689812890625 0.724673501953125 0.155238349609375 0.724171375 0.155335953125 0.72323640625 0.15562180078125 0.737637046875 0.231322580078125 0.7410031328125 0.248639587890625 0.93307931640625 0.253210162109375 0.933184087890625 0.253189798828125
0 0.876250359375 0.18909265234375 0.87286828515625 0.182991228515625 0.790302005859375 0.230844849609375 0.8420058359375 0.413411150390625 0.85017680078125 0.41091303515625 0.930026326171875 0.366651720703125 0.876250359375 0.18909265234375
0 0.878431744140625 0.51011159375 0.929979955078125 0.48041326171875 0.958872728515625 0.463052732421875 0.900089623046875 0.27773239453125 0.89774382421875 0.27382833203125 0.8959974765625 0.27436224609375 0.81454253125 0.32330531640625 0.8778561015625 0.5102875859375 0.878431744140625 0.51011159375
0 0.712982224609375 0 0.7707078046875 0.1296710859375 0.772277521484375 0.12919117578125 0.80143412109375 0.110972109375 0.8568815234375 0.0729021015625 0.822226423828125 0 0.712982224609375 0
0 0.17983931640625 0.849830947265625 0.21239160546875 0.831036875 0.18536630859375 0.729797375 0.18224346484375 0.724388451171875 0.122355830078125 0.7566040390625 0.14858247265625 0.8655942734375 0.154915505859375 0.8636580703125 0.17983931640625 0.849830947265625
0 0.12692594140625 0.62003794140625 0.1413498359375 0.61136124609375 0.11894048828125 0.520707216796875 0.11765775390625 0.51848545703125 0.054167498046875 0.55386908984375 0.08195839453125 0.644147078125 0.088780021484375 0.642061498046875 0.12692594140625 0.62003794140625
0 0.22151039453125 0.9139508671875 0.22827838671875 0.808344916015625 0.226226025390625 0.80163194140625 0.16903595703125 0.816224681640625 0.149429505859375 0.929272134765625 0.22151039453125 0.9139508671875
0 0.189509484375 0.66550487890625 0.115853060546875 0.676409544921875 0.099323408203125 0.775338556640625 0.099449984375 0.77636945703125 0.150427466796875 0.772629607421875 0.17242607421875 0.76992851953125 0.18995862890625 0.667310091796875 0.18988966015625 0.666748375 0.189509484375 0.66550487890625
0 0.06105930859375 0.618002712890625 0.060656486328125 0.618141416015625 0.062167310546875 0.62308310546875 0.062658921875 0.624510845703125 0.08695430859375 0.688219279296875 0.184485046875 0.682918421875 0.184978076171875 0.682748658203125 0.18346725 0.67780696484375 0.181679806640625 0.672615849609375 0.160700224609375 0.61556873828125 0.06105930859375 0.618002712890625
0 0.264061953125 1 0.27495635546875 0.93964476953125 0.273072009765625 0.93348135546875 0.207337048828125 0.948657466796875 0.19839653125 1 0.264061953125 1
0 0.2699606953125 0.973901736328125 0.277033607421875 0.971739330078125 0.26766049609375 0.922976279296875 0.26537851953125 0.91224041796875 0.24022710546875 0.9065979765625 0.1501383828125 0.88799308984375 0.1497862734375 0.888100740234375 0.16121960546875 0.95579116796875 0.16228360546875 0.960796884765625 0.2699606953125 0.973901736328125