0 0.309080568359375 0.141584373046875 0.313409544921875 0.14379009765625 0.34341573828125 0.0811209140625 0.26166108984375 0.00131911328125 0.25681051171875 0.007995361328125 0.230846154296875 0.06118333984375 0.309080568359375 0.141584373046875
0 0.37776355859375 0.06959653125 0.270422126953125 0.11419991796875 0.2689817421875 0.1161824375 0.312731791015625 0.16670186328125 0.422016357421875 0.12068637109375 0.37776355859375 0.06959653125
0 0.60279412890625 0.267462830078125 0.515660986328125 0.19657907421875 0.514537306640625 0.196125080078125 0.483603759765625 0.266171775390625 0.57563104296875 0.339845158203125 0.57739962890625 0.3354677578125 0.60279412890625 0.267462830078125
0 0.54874466015625 0.1897023046875 0.48118954296875 0.15973348046875 0.40488607421875 0.24517512109375 0.404131939453125 0.246868935546875 0.406477177734375 0.2485728515625 0.4268760546875 0.257655017578125 0.476731349609375 0.276006736328125 0.550510265625 0.19098509375 0.54874466015625 0.1897023046875
0 0.421811490234375 0.248627615234375 0.42614183984375 0.251439775390625 0.469570716796875 0.18535470703125 0.3924073515625 0.092507267578125 0.375184412109375 0.116212609375 0.3483081328125 0.15759844921875 0.421811490234375 0.248627615234375
0 0.680843068359375 0.31754796484375 0.68113725 0.31714305859375 0.6292306953125 0.25789440234375 0.52584814453125 0.31290090625 0.52491951171875 0.314179060546875 0.576173611328125 0.36914235546875 0.680843068359375 0.31754796484375
0 0.60714134765625 0.347088484375 0.674586021484375 0.44143397265625 0.67802080859375 0.4439294921875 0.73127812890625 0.383273869140625 0.6618574296875 0.285662681640625 0.60714134765625 0.347088484375
0 1 0.56130740625 0.88646382421875 0.49176008203125 0.883308634765625 0.496102830078125 0.880951279296875 0.50193748828125 0.855516220703125 0.566656552734375 0.9695060625 0.638934009765625 0.97410610546875 0.640792546875 1 0.57789865625 1 0.56130740625
0 0.937679611328125 0.483868224609375 0.87237119140625 0.44380274609375 0.777430015625 0.546418044921875 0.77632573828125 0.5481852578125 0.782201125 0.5524539765625 0.8504455625 0.59343723046875 0.94310274609375 0.490634177734375 0.944317169921875 0.4886906953125 0.937679611328125 0.483868224609375
0 0.762749791015625 0.355961994140625 0.64169223828125 0.42991669921875 0.638343109375 0.4345263828125 0.693422525390625 0.48960580078125 0.816119650390625 0.41261065625 0.762749791015625 0.355961994140625
0 0.719970765625 0.454197267578125 0.82570917578125 0.54814545703125 0.86602818359375 0.476235087890625 0.75464581640625 0.388755642578125 0.751401322265625 0.393221306640625 0.738948654296875 0.4166413671875 0.719970765625 0.454197267578125
0 0.2639918046875 0.292825865234375 0.26737044140625 0.294330130859375 0.300218630859375 0.22440419921875 0.183838599609375 0.116407431640625 0.181015181640625 0.120293533203125 0.14864808203125 0.19299123046875 0.2639918046875 0.292825865234375
0 0.093098673828125 0.2094008203125 0.122786216796875 0.23520780859375 0.15369742578125 0.25998458984375 0.15388271875 0.260119212890625 0.244833197265625 0.15825748828125 0.25997433203125 0.14083960546875 0.229738640625 0.11951225390625 0.102326033203125 0.19670044921875 0.093098673828125 0.2094008203125
0 0.493402474609375 0.311289580078125 0.462855841796875 0.33420663671875 0.426251119140625 0.36384855859375 0.488510466796875 0.495515078125 0.49138614453125 0.49760437890625 0.550323173828125 0.451234951171875 0.493402474609375 0.311289580078125
0 0.32334652734375 0.19493166796875 0.198249201171875 0.282696568359375 0.265336205078125 0.33143812890625 0.38251605078125 0.247010515625 0.38316007421875 0.246124091796875 0.32334652734375 0.19493166796875
0 0.514958080078125 0.32847759765625 0.439677287109375 0.288849322265625 0.3367419296875 0.38254239453125 0.333918791015625 0.38706036328125 0.34612233203125 0.395926755859375 0.39688016015625 0.427643767578125 0.514958080078125 0.32847759765625
0 0.39274294921875 0.39672983203125 0.395326634765625 0.397934625 0.42983046484375 0.32541012890625 0.31868445703125 0.22321924609375 0.314640447265625 0.228785349609375 0.28523059765625 0.2918549765625 0.39274294921875 0.39672983203125
0 0.5396269765625 0.36462540625 0.53891785546875 0.36411019921875 0.519947072265625 0.38490744921875 0.48677893359375 0.42306302734375 0.57112680078125 0.54521241015625 0.574173689453125 0.547861033203125 0.630357337890625 0.48985240234375 0.552757125 0.380500017578125 0.5405403359375 0.365419375 0.5396269765625 0.36462540625
0 0.82061853515625 0.73656880859375 0.81775063671875 0.740516130859375 0.8882525546875 0.7917387734375 0.98359485546875 0.684440236328125 0.915020810546875 0.63756652734375 0.82061853515625 0.73656880859375
0 0.85050348828125 0.746930263671875 0.897420326171875 0.676827142578125 0.805187927734375 0.582886720703125 0.79742280078125 0.593048267578125 0.753908650390625 0.652940357421875 0.8502248125 0.746727794921875 0.85050348828125 0.746930263671875
0 0.771169197265625 0.566309384765625 0.7720190546875 0.56562118359375 0.71913276171875 0.502000447265625 0.6021880390625 0.558721513671875 0.6008886796875 0.560509927734375 0.65487622265625 0.627178990234375 0.771169197265625 0.566309384765625
0 0.757525265625 0.68709835546875 0.83118183984375 0.573329439453125 0.754739224609375 0.54145641015625 0.67904519921875 0.6532602265625 0.683549037109375 0.65653245703125 0.7281742265625 0.675474724609375 0.757525265625 0.68709835546875
0 0.602504419921875 0.4307921875 0.56075978515625 0.48208957421875 0.55243997265625 0.4923636875 0.62855748828125 0.59533383984375 0.63198295703125 0.597822587890625 0.68291420703125 0.532961529296875 0.602504419921875 0.4307921875
0 0 0.433708939453125 0.082476556640625 0.511259837890625 0.085005580078125 0.512439140625 0.11871912109375 0.44341551171875 0.12119150390625 0.438113470703125 0 0.337990171875 0 0.433708939453125
0 0.560339640625 0.78868244921875 0.53952801953125 0.84601136328125 0.698100251953125 0.945075015625 0.698219080078125 0.944911462890625 0.732949318359375 0.85627741015625 0.57204855859375 0.762360259765625 0.569628984375 0.76569051953125 0.560339640625 0.78868244921875
0 0 0.509480484375 0.02236154296875 0.52572709765625 0.04037791015625 0.5374270625 0.056946287109375 0.54765082421875 0.197827703125 0.42191662109375 0.13295444140625 0.376196958984375 0 0.50271041015625 0 0.509480484375
0 0.5777601015625 0.690612341796875 0.501446390625 0.646781982421875 0.382435427734375 0.7941219921875 0.3813678515625 0.79621723046875 0.387010296875 0.80031670703125 0.46335787890625 0.839217744140625 0.5777601015625 0.690612341796875
0 0.711068912109375 1 0.803668955078125 0.85341841796875 0.721679859375 0.81268690625 0.62344446484375 0.958951537109375 0.61967879296875 0.9670270390625 0.681895189453125 1 0.711068912109375 1
0 0.29121767578125 0.505586134765625 0.29178554296875 0.504804533203125 0.22884108203125 0.445408876953125 0.07398475390625 0.541411509765625 0.069295044921875 0.54786633984375 0.12767569140625 0.604243873046875 0.29121767578125 0.505586134765625
0 0.499903580078125 0.6351248828125 0.496311212890625 0.633372767578125 0.421058716796875 0.600326658203125 0.30928108984375 0.738577681640625 0.307783419921875 0.741648365234375 0.35976416796875 0.768433423828125 0.388581125 0.78248839453125 0.501179337890625 0.636051775390625 0.499903580078125 0.6351248828125
0 0.61421004296875 0.890471408203125 0.618229240234375 0.892014234375 0.653076947265625 0.80262081640625 0.49073040234375 0.706813224609375 0.488751396484375 0.70953708984375 0.46265777734375 0.794523359375 0.61421004296875 0.890471408203125
0 0.32957948046875 0.638748119140625 0.2504484140625 0.466005373046875 0.202501583984375 0.50332405859375 0.175760484375 0.525762505859375 0.255035310546875 0.6927213125 0.255297162109375 0.693033375 0.25838803515625 0.69527902734375 0.32957948046875 0.638748119140625
0 0.410113466796875 0.670569716796875 0.398203796875 0.654312986328125 0.30154527734375 0.527138015625 0.266394765625 0.56824598046875 0.24635538671875 0.59212798046875 0.3482228125 0.73930289453125 0.355178173828125 0.744356259765625 0.410113466796875 0.670569716796875
0 1 0.339120279296875 0.9558868984375 0.364308013671875 0.95554134375 0.36478362890625 1 0.417767392578125 1 0.339120279296875
0 1 0.320237546875 0.960629287109375 0.254823140625 0.937546216796875 0.27560723046875 0.905897947265625 0.305074791015625 0.95296366796875 0.3906795078125 0.957900484375 0.394266314453125 1 0.353912875 1 0.320237546875
0 0.885118458984375 0.33700925390625 0.96653186328125 0.272430759765625 0.907677435546875 0.228267322265625 0.831412052734375 0.285754265625 0.82685930859375 0.29202058203125 0.834986140625 0.298601560546875 0.885118458984375 0.33700925390625
0 0.781046146484375 0.21654641015625 0.82430966015625 0.30493232421875 0.8282436484375 0.30779053515625 0.88395258203125 0.253765775390625 0.840508408203125 0.1666516484375 0.781046146484375 0.21654641015625
0 0 0.676231478515625 0.083007947265625 0.743870203125 0.084749802734375 0.74457395703125 0.084914474609375 0.74434730859375 0.11904430078125 0.657903625 0 0.56726495703125 0 0.676231478515625
0 0.193285783203125 0.72929037109375 0.069787130859375 0.596576751953125 0.06823924609375 0.59560952734375 0.03122888671875 0.64832318359375 0.017509796875 0.67027831640625 0.14253289453125 0.807701345703125 0.193285783203125 0.72929037109375
0 0.089696072265625 0.73899031640625 0.230621345703125 0.855501857421875 0.23462395703125 0.857283935546875 0.237583671875 0.85321023828125 0.272901232421875 0.768756166015625 0.12312427734375 0.6571983359375 0.122363533203125 0.658245412109375 0.089696072265625 0.73899031640625
0 0.56026442578125 1 0.45878894921875 0.88168055078125 0.397813802734375 0.95972517578125 0.435933826171875 1 0.56026442578125 1
0 0.39353558984375 1 0.529938580078125 0.922396177734375 0.53097480859375 0.92146315234375 0.502671521484375 0.889544705078125 0.46578953125 0.84858310546875 0.30230538671875 0.94489173828125 0.300426291015625 0.947478091796875 0.347717228515625 1 0.39353558984375 1
0 0.300488296875 0.965813529296875 0.44836669140625 0.842551541015625 0.3684331875 0.78231732421875 0.23293855078125 0.899477955078125 0.22473701953125 0.91076639453125 0.231624603515625 0.91595655859375 0.300488296875 0.965813529296875
0 0.3590584140625 0.760694912109375 0.3576199609375 0.75964981640625 0.27046561328125 0.71900907421875 0.156587662109375 0.8685303203125 0.200681748046875 0.90056655078125 0.23492444140625 0.917306744140625 0.3590584140625 0.760694912109375
0 0.56252905078125 0 0.551636041015625 0.018329380859375 0.53242965234375 0.05297862109375 0.60826265625 0.130066013671875 0.611774732421875 0.1320127890625 0.64755359375 0.06999087890625 0.57521182421875 0 0.56252905078125 0
0 0.729302138671875 0.17133789453125 0.720141638671875 0.185459474609375 0.78002313671875 0.257115166015625 0.782150009765625 0.2585497578125 0.8237035078125 0.198914861328125 0.758088322265625 0.128822197265625 0.75656658984375 0.130916681640625 0.729302138671875 0.17133789453125
0 0.480420396484375 0 0.47701874609375 0.009507908203125 0.56031457421875 0.089495349609375 0.56128825 0.089888740234375 0.58775017578125 0.02093759765625 0.560627736328125 0 0.480420396484375 0
0 0.656674119140625 0.17653565625 0.65860549609375 0.177888021484375 0.7031056640625 0.1205273125 0.638307197265625 0.03849153125 0.60353073828125 0.086357216796875 0.59506044921875 0.099116333984375 0.656674119140625 0.17653565625
0 0.778922349609375 0.140959828125 0.71865627734375 0.1021082578125 0.64270346875 0.16230622265625 0.6422396171875 0.1629939140625 0.673282453125 0.18554785546875 0.703482357421875 0.2045109609375 0.778922349609375 0.140959828125
0 0.439005830078125 0 0.47048880859375 0.05905925390625 0.47198089453125 0.06045064453125 0.51583371484375 0.015228779296875 0.50957064453125 0 0.439005830078125 0