0 0 0.425312263671875 0.00033015625 0.42701076953125 0.03451464453125 0.422206455078125 0.067841287109375 0.416680443359375 0.08628158203125 0.3041641328125 0.085967076171875 0.302546140625 0.01960593359375 0.3130331171875 0 0.415981953125 0 0.425312263671875
0 0.058556533203125 0.36697703125 0.1686337421875 0.405236591796875 0.170581330078125 0.40485801953125 0.171860705078125 0.33832845703125 0.0598740234375 0.29881318359375 0.058556533203125 0.36697703125
0 0.392294884765625 0.35921590234375 0.40442096875 0.2462851875 0.32846192578125 0.258551291015625 0.31679587890625 0.375857265625 0.321430318359375 0.374956421875 0.392294884765625 0.35921590234375
0 0.3009064921875 0.377644923828125 0.33574691796875 0.27010006640625 0.25957869921875 0.268872873046875 0.222944193359375 0.376693388671875 0.22354962109375 0.37980803515625 0.24784386328125 0.38023209375 0.3009064921875 0.377644923828125
0 0.26454742578125 0.38818460546875 0.2514269921875 0.3113334921875 0.130078466796875 0.295851220703125 0.138320798828125 0.34259580859375 0.144389546875 0.37381680859375 0.256547568359375 0.38973962109375 0.26454742578125 0.38818460546875
0 0.500950478515625 0.3358451015625 0.50261847265625 0.3353668125 0.4833356875 0.2592789765625 0.36606685546875 0.26135866015625 0.36907744140625 0.276846779296875 0.38555596484375 0.334314216796875 0.500950478515625 0.3358451015625
0 0.469012296875 0.23993979296875 0.48861728125 0.3581041796875 0.564723068359375 0.326880986328125 0.544741505859375 0.208236775390625 0.469012296875 0.23993979296875
0 0.9163012890625 0.266322744140625 0.92111522265625 0.26512249609375 0.901720923828125 0.185094572265625 0.762456357421875 0.196079822265625 0.766326728515625 0.21599114453125 0.781597947265625 0.2748506015625 0.9163012890625 0.266322744140625
0 0.79715433203125 0.17005068359375 0.7150302734375 0.187527154296875 0.717350009765625 0.32433573046875 0.718189947265625 0.32865683984375 0.72680983203125 0.326981302734375 0.80104535546875 0.3119161328125 0.800491744140625 0.170656849609375 0.80025669921875 0.16944764453125 0.79715433203125 0.17005068359375
0 0.6423372734375 0.34077191796875 0.625832296875 0.19411161328125 0.590257541015625 0.206751833984375 0.55048104296875 0.221229294921875 0.56760481640625 0.35852791796875 0.569974044921875 0.36503731640625 0.632051794921875 0.344515525390625 0.6423372734375 0.34077191796875
0 0.729954279296875 0.19841078515625 0.64757722265625 0.1951329140625 0.62152991015625 0.3273351953125 0.621472783203125 0.330608013671875 0.62242679296875 0.335515974609375 0.6942500625 0.335275986328125 0.729954279296875 0.19841078515625
0 0.123527962890625 0.40485705078125 0.05240501171875 0.437777556640625 0.07203913671875 0.594523833984375 0.072661623046875 0.595800125 0.073863490234375 0.59556650390625 0.14832012890625 0.559251576171875 0.123527962890625 0.40485705078125
0 0 0.515357458984375 0.112045353515625 0.55790155078125 0.11783268359375 0.556776607421875 0.11886533203125 0.473892787109375 0 0.466078845703125 0 0.515357458984375
0 0.472325318359375 0.501624580078125 0.45320292578125 0.352504216796875 0.399385546875 0.37229911328125 0.38119904296875 0.379280259765625 0.391812876953125 0.52615379296875 0.393039447265625 0.52934912109375 0.457714748046875 0.507233052734375 0.472325318359375 0.501624580078125
0 0.24491130078125 0.421153369140625 0.24485395703125 0.42005919140625 0.166153666015625 0.417917087890625 0.124198392578125 0.56473974609375 0.12426922265625 0.565104138671875 0.206905685546875 0.560773345703125 0.24491130078125 0.421153369140625
0 0.258193064453125 0.43457176953125 0.28742050390625 0.502641744140625 0.428315119140625 0.49449594921875 0.433846267578125 0.492591421875 0.40847230859375 0.421703326171875 0.256099212890625 0.424428912109375 0.25791226953125 0.433756287109375 0.258193064453125 0.43457176953125
0 0.299626515625 0.38651518359375 0.2270691875 0.409959787109375 0.226305837890625 0.561549515625 0.22669366015625 0.56267583984375 0.23790782421875 0.56049602734375 0.30333759375 0.537966751953125 0.299626515625 0.38651518359375
0 0.58576961328125 0.469768244140625 0.592328609375 0.46825398046875 0.57667083984375 0.392175060546875 0.42374657421875 0.388507798828125 0.422956607421875 0.38869017578125 0.430546357421875 0.43210766015625 0.43907933203125 0.469068029296875 0.5710835 0.47054069921875 0.58576961328125 0.469768244140625
0 0.84828144140625 0.31824773046875 0.85325509375 0.3438349453125 0.8676260546875 0.398826900390625 0.987504984375 0.387574189453125 0.97826454296875 0.340036236328125 0.969607951171875 0.30254042578125 0.84828144140625 0.31824773046875
0 0.77858770703125 0.317046419921875 0.777064693359375 0.34610725 0.776302234375 0.40122065234375 0.899791111328125 0.428655458984375 0.904981498046875 0.42764655078125 0.91143974609375 0.343443185546875 0.77858770703125 0.317046419921875
0 0.747164146484375 0.43418245703125 0.754085310546875 0.43110095703125 0.720699517578125 0.35308709765625 0.59166796484375 0.381995943359375 0.592912046875 0.388396201171875 0.62483313671875 0.457683296875 0.747164146484375 0.43418245703125
0 0.68908840234375 0.41640584375 0.815651689453125 0.44819399609375 0.822367908203125 0.44688849609375 0.824692681640625 0.363899619140625 0.69341833984375 0.33378570703125 0.68908840234375 0.41640584375
0 0.554718099609375 0.49479468359375 0.556780748046875 0.50154130078125 0.631185181640625 0.47898926171875 0.625471974609375 0.34667938671875 0.625172001953125 0.3467376953125 0.545717744140625 0.372339037109375 0.554718099609375 0.49479468359375
0 0.05913179296875 0.831232248046875 0.219664810546875 0.8187730234375 0.224209138671875 0.81720828515625 0.22330929296875 0.812578974609375 0.19888130078125 0.75096495703125 0.0398360234375 0.75308309765625 0.04970512109375 0.8038552109375 0.05913179296875 0.831232248046875
0 0.87544059375 0.732748923828125 0.90732041796875 0.72384621484375 0.885252451171875 0.536781134765625 0.79911540234375 0.563194837890625 0.8150115703125 0.7446681953125 0.8157497109375 0.74742297265625 0.83369310546875 0.74393512890625 0.87544059375 0.732748923828125
0 0.09057863671875 0.75252041015625 0.12114110546875 0.82513482421875 0.12138876171875 0.825665921875 0.30572665625 0.787900576171875 0.309201421875 0.786280265625 0.276681828125 0.72054753515625 0.09057863671875 0.75252041015625
0 0.684957619140625 0.571349115234375 0.602869259765625 0.603072669921875 0.642477927734375 0.788285630859375 0.6434484296875 0.79046541796875 0.6480587734375 0.789569255859375 0.72845005859375 0.75377675 0.684957619140625 0.571349115234375
0 1 0.576105755859375 0.842965005859375 0.583561201171875 0.84847037890625 0.620040470703125 0.85258158203125 0.643356259765625 0.85854745703125 0.67404803515625 1 0.671298439453125 1 0.576105755859375
0 0.3424803515625 0.64562958203125 0.25837697265625 0.66763337890625 0.257729779296875 0.85002726953125 0.2595027265625 0.85713817578125 0.266699140625 0.8557393359375 0.33946719921875 0.837596220703125 0.3424803515625 0.64562958203125
0 0.57416540234375 0.789815236328125 0.606149103515625 0.787578716796875 0.630480466796875 0.604184708984375 0.62488828515625 0.60457575390625 0.54319465625 0.61358323046875 0.51592241796875 0.786634173828125 0.51707158984375 0.79254615234375 0.57416540234375 0.789815236328125
0 0.80233787890625 0.75146629296875 0.804145353515625 0.56202887890625 0.71413912109375 0.58269558984375 0.70711213671875 0.7548066640625 0.70926816796875 0.765898478515625 0.7673868125 0.757001998046875 0.80233787890625 0.75146629296875
0 0.29108858984375 0.67904754296875 0.29838250390625 0.73936654296875 0.303843322265625 0.77384479296875 0.482987455078125 0.79141271875 0.491626099609375 0.78973353515625 0.47991353515625 0.700188072265625 0.29108858984375 0.67904754296875
0 0.37331516015625 0.699899998046875 0.374295482421875 0.70200230859375 0.41646117578125 0.78020877734375 0.4362280234375 0.776285341796875 0.588011541015625 0.743367587890625 0.59193230859375 0.7415393046875 0.557056353515625 0.664893982421875 0.372631388671875 0.69638230078125 0.37331516015625 0.699899998046875
0 0.79472994140625 0 0.80739488671875 0.068087591796875 0.80935048046875 0.073767044921875 0.818195736328125 0.072047701171875 0.880230294921875 0.050687490234375 0.872421220703125 0 0.79472994140625 0
0 0.721112224609375 0 0.726498732421875 0.083774341796875 0.72724087109375 0.086544046875 0.745571451171875 0.082980943359375 0.802782904296875 0.067651181640625 0.79719060546875 0 0.721112224609375 0
0 0.174078443359375 1 0.169610896484375 0.87206619140625 0.16957915234375 0.871902876953125 0.132591435546875 0.873926708984375 0.1008060859375 1 0.174078443359375 1
0 0.62256361328125 0.02504480078125 0.63107196484375 0.04720980859375 0.64724057421875 0.08731624609375 0.745881283203125 0.07380042578125 0.749555697265625 0.07238994921875 0.74931003515625 0.07112612890625 0.719662447265625 0.00055196484375 0.621192279296875 0.017989892578125 0.62256361328125 0.02504480078125
0 0.64368301171875 0.104545037109375 0.64728595703125 0.000951603515625 0.6410678125 0.00227330859375 0.573371482421875 0.01857990234375 0.57240027734375 0.11485805859375 0.57373915625 0.1211569921875 0.59085859765625 0.117829310546875 0.64368301171875 0.104545037109375
0 0.59860301171875 0.10444826953125 0.6023448671875 0.102782287109375 0.5651281875 0.033142220703125 0.47152076953125 0.050500828125 0.473288177734375 0.059593353515625 0.500985779296875 0.12180318359375 0.59860301171875 0.10444826953125
0 0.36146679296875 0.89645047265625 0.17518010546875 0.90890609765625 0.17555324609375 0.910825736328125 0.208351787109375 0.996268861328125 0.39323014453125 0.97776711328125 0.36146679296875 0.89645047265625
0 0.284867037109375 0.860166580078125 0.284867529296875 0.860192525390625 0.288128412109375 0.95357196875 0.462799259765625 0.994090044921875 0.464147345703125 0.994042970703125 0.46505815234375 0.99386592578125 0.466737337890625 0.90419223828125 0.285612275390625 0.86002171875 0.284867037109375 0.860166580078125
0 0.23466079296875 1 0.237450341796875 0.854839404296875 0.23738450390625 0.85459369140625 0.1517827734375 0.873746103515625 0.147369001953125 1 0.23466079296875 1
0 0.49917379296875 1 0.53688844140625 0.81755756640625 0.448566970703125 0.82214444140625 0.402296673828125 1 0.49917379296875 1
0 0.82396784765625 0.74404991015625 0.796701294921875 0.929094326171875 0.79814928125 0.93654356640625 0.894482462890625 0.93149495703125 0.913284205078125 0.73885597265625 0.82396784765625 0.74404991015625
0 0.852965091796875 0.9264231796875 0.85343783984375 0.907556658203125 0.854795505859375 0.82977598828125 0.66720090625 0.78819541015625 0.666563982421875 0.78818429296875 0.66584676953125 0.82160864453125 0.664772052734375 0.883179056640625 0.849580703125 0.9270810390625 0.852965091796875 0.9264231796875
0 0.7097361796875 0.7687971328125 0.612213828125 0.79131194140625 0.6149652578125 0.976853208984375 0.616506330078125 0.983528322265625 0.63472609765625 0.9799867578125 0.70910594140625 0.9613098359375 0.7097361796875 0.7687971328125
0 0.662472763671875 0.86645546875 0.4681040625 0.831155390625 0.469097884765625 0.89125187109375 0.470274251953125 0.92493861328125 0.6608576875 0.963370833984375 0.66333005859375 0.96328449609375 0.665837091796875 0.962797177734375 0.662472763671875 0.86645546875
0 1 0.77836626953125 0.85593476953125 0.76067003125 0.85656351171875 0.796690611328125 0.8606383515625 0.86382581640625 1 0.87742951171875 1 0.77836626953125
0 0.184887638671875 0.135172501953125 0.19398103515625 0.171644115234375 0.298747869140625 0.173571123046875 0.304808033203125 0.172060154296875 0.29034769140625 0.10561264453125 0.177261958984375 0.100734576171875 0.179043611328125 0.10990037890625 0.184887638671875 0.135172501953125
0 0.494451353515625 0.03615382421875 0.42869363671875 0.05504558984375 0.426856462890625 0.149435814453125 0.42692580859375 0.149694615234375 0.44971384765625 0.1452650703125 0.4979952109375 0.132328119140625 0.494451353515625 0.03615382421875
0 0.19205322265625 0.2060257890625 0.22083219921875 0.096068197265625 0.15930808984375 0.099631033203125 0.11942068359375 0.2044190625 0.119992125 0.207358873046875 0.18776302734375 0.206175927734375 0.19205322265625 0.2060257890625
0 0.27066748828125 0.147474966796875 0.276729740234375 0.162927072265625 0.375488083984375 0.1568620078125 0.377703669921875 0.156055599609375 0.356240775390625 0.086702443359375 0.252106865234375 0.09271501171875 0.253677556640625 0.100795517578125 0.27066748828125 0.147474966796875
0 0.423859673828125 0.053194177734375 0.35738998046875 0.068386625 0.349065595703125 0.165705935546875 0.349199501953125 0.16639482421875 0.35965831640625 0.164361837890625 0.41907004296875 0.1515258515625 0.43052709375 0.052515892578125 0.430411390625 0.05192065234375 0.423859673828125 0.053194177734375
0 0 0.24382280078125 0.00776033203125 0.242314345703125 0.02950569140625 0.23607896484375 0.0589543828125 0.226047234375 0.073215587890625 0.113662685546875 0.07292858984375 0.11266180859375 0.0054224921875 0.132018869140625 0 0.176971783203125 0 0.24382280078125
0 0.155830138671875 0.155909443359375 0.1311847109375 0.14759410546875 0.04316094921875 0.119555396484375 0.045624548828125 0.158854076171875 0.049280951171875 0.193642431640625 0.156268232421875 0.218222568359375 0.1610712265625 0.2172889609375 0.155830138671875 0.155909443359375