0 0.6380986796875 0 0.60477151953125 0.07769250390625 0.651522638671875 0.1212583125 0.658822609375 0.1142088125 0.70271929296875 0.01873784375 0.68375773828125 0.0007975390625 0.682871982421875 0 0.6380986796875 0
0 0.677150064453125 0.105436232421875 0.57285077734375 0.04865478515625 0.52350005859375 0.09483907421875 0.627376025390625 0.152025833984375 0.677150064453125 0.105436232421875
0 0.40297649609375 0.348636439453125 0.40546943359375 0.3526259765625 0.40548065234375 0.352637595703125 0.4833142734375 0.26410573828125 0.4406871953125 0.200494763671875 0.439659421875 0.20113698828125 0.36615886328125 0.28607437109375 0.40297649609375 0.348636439453125
0 0.435992169921875 0.25439050390625 0.496588576171875 0.29694196484375 0.49887883984375 0.29473028515625 0.499957025390625 0.293190474609375 0.5333616640625 0.190683935546875 0.49227796484375 0.157661998046875 0.470686537109375 0.142543515625 0.435992169921875 0.25439050390625
0 0.62106444140625 0.1440141796875 0.5071480234375 0.1119310859375 0.46354048046875 0.179886986328125 0.463582583984375 0.179914326171875 0.58087376953125 0.21116661328125 0.623108486328125 0.1461308515625 0.62106444140625 0.1440141796875
0 0.445706078125 0.32456372265625 0.343689427734375 0.27647146875 0.2929473984375 0.332826205078125 0.29302287109375 0.332904357421875 0.3986799765625 0.38677650390625 0.448684517578125 0.327647986328125 0.445706078125 0.32456372265625
0 0.3333717109375 0.447696365234375 0.39235155859375 0.40596098046875 0.39147898046875 0.404667326171875 0.30265037890625 0.32591297265625 0.235841685546875 0.3739085703125 0.32549771484375 0.45300744140625 0.3333717109375 0.447696365234375
0 0 0.63434404296875 0.126586865234375 0.68452076953125 0.16835434765625 0.617678828125 0.164338197265625 0.613519982421875 0.04081569921875 0.562329580078125 0 0.628615796875 0 0.63434404296875
0 0.0588371328125 0.55993614453125 0.17224517578125 0.639261029296875 0.232279919921875 0.5813138046875 0.23383015234375 0.57976357421875 0.228062693359375 0.573791197265625 0.1172210625 0.498393861328125 0.062416548828125 0.55230339453125 0.05681046484375 0.5579094765625 0.0588371328125 0.55993614453125
0 0.3169708203125 0.503764818359375 0.35208367578125 0.450296291015625 0.34705244140625 0.44508629296875 0.21899753515625 0.393064697265625 0.19471846484375 0.42773880078125 0.1733015234375 0.45882984765625 0.310692697265625 0.51273091015625 0.3169708203125 0.503764818359375
0 0.289397802734375 0.540466380859375 0.285591763671875 0.534375447265625 0.195175650390625 0.43447133203125 0.1262529609375 0.47970833984375 0.22734823828125 0.578635681640625 0.286236234375 0.54351947265625 0.289397802734375 0.540466380859375
0 0.769501958984375 0.09519242578125 0.75398394921875 0.07472010546875 0.753181935546875 0.073889599609375 0.65872541796875 0.19868164453125 0.70755237890625 0.26694409765625 0.70971688671875 0.2653714921875 0.79997544921875 0.137135587890625 0.769501958984375 0.09519242578125
0 0.738599328125 0.199151619140625 0.76532587109375 0.21988434765625 0.77072416796875 0.214671271484375 0.829189404296875 0.121107337890625 0.808061927734375 0.0992291953125 0.76993112109375 0.075402421875 0.738599328125 0.199151619140625
0 0.545946658203125 0.45840081640625 0.587806587890625 0.406483201171875 0.582958259765625 0.401462611328125 0.451880275390625 0.342737140625 0.439099994140625 0.357439171875 0.402092248046875 0.40124071484375 0.535679306640625 0.470212052734375 0.545946658203125 0.45840081640625
0 0.5796875546875 0.208054107421875 0.57984689453125 0.20830910546875 0.698392919921875 0.3044856328125 0.7087744609375 0.29799852734375 0.7622116875 0.258371666015625 0.7612207734375 0.25678587109375 0.64977194921875 0.164020466796875 0.5796875546875 0.208054107421875
0 0.649503384765625 0.359004318359375 0.65004258984375 0.35846511328125 0.64388437890625 0.35208809765625 0.514698642578125 0.286194302734375 0.46010796484375 0.339477314453125 0.461634220703125 0.341057794921875 0.58801821484375 0.412006888671875 0.649503384765625 0.359004318359375
0 0.709809466796875 0.306077875 0.708101375 0.30404225 0.582588515625 0.224378119140625 0.52070821484375 0.27712244140625 0.652597544921875 0.35546834765625 0.698876697265625 0.316635529296875 0.709809466796875 0.306077875
0 0.49952345703125 0.415797763671875 0.46807592578125 0.39458613671875 0.4302621328125 0.37194105859375 0.42980876953125 0.3726131953125 0.37842930078125 0.51669452734375 0.443842021484375 0.558575390625 0.44384952734375 0.55856814453125 0.4476080703125 0.552995873046875 0.453592248046875 0.539562029296875 0.49952345703125 0.415797763671875
0 0.1357767421875 0.836521396484375 0.20432401953125 0.73626987890625 0.144217271484375 0.67893993359375 0.07216938671875 0.776746701171875 0.097254421875 0.802723013671875 0.135301271484375 0.836980552734375 0.1357767421875 0.836521396484375
0 0.282881267578125 0.720529775390625 0.27704088671875 0.714481884765625 0.176871896484375 0.63688894140625 0.11606241015625 0.69852312890625 0.22192487890625 0.77678394921875 0.258276921875 0.744289916015625 0.282881267578125 0.720529775390625
0 0.33928500390625 0.504522087890625 0.254953248046875 0.60635928125 0.3093072734375 0.671523794921875 0.31519505078125 0.66675596484375 0.3916715703125 0.56842739453125 0.35010223828125 0.5157236640625 0.33928500390625 0.504522087890625
0 0.34483347265625 0.64522612109375 0.229562126953125 0.584190509765625 0.17703078515625 0.64822035546875 0.29547694921875 0.7140926796875 0.3159354140625 0.69005014453125 0.34885821875 0.649393869140625 0.34483347265625 0.64522612109375
0 0.440595701171875 0.4953551171875 0.431453634765625 0.485250837890625 0.395222216796875 0.44773210546875 0.3212711171875 0.552550421875 0.3758678359375 0.615047052734375 0.378166388671875 0.6129774296875 0.44944181640625 0.50517972265625 0.440595701171875 0.4953551171875
0 1 0.34551731640625 0.9094112890625 0.272778361328125 0.84985298828125 0.307683646484375 0.847501130859375 0.30995480859375 0.985593943359375 0.436218576171875 1 0.426863173828125 1 0.34551731640625
0 0.4750492421875 0.789977611328125 0.46294605078125 0.772033890625 0.4579306796875 0.76684032421875 0.32026528125 0.89198302734375 0.371615794921875 0.96986856640625 0.373056958984375 0.97136093359375 0.5073254296875 0.84172676953125 0.4750492421875 0.789977611328125
0 0.893515765625 0.51531401171875 0.96227319140625 0.34145748828125 0.961793166015625 0.34112137109375 0.89558904296875 0.29841385546875 0.8317854296875 0.476137689453125 0.8898665625 0.5188380078125 0.893515765625 0.51531401171875
0 0.443156103515625 0.739216259765625 0.615259869140625 0.81372617578125 0.66654521484375 0.7376925234375 0.66388156640625 0.734934236328125 0.48865219921875 0.6638837421875 0.443156103515625 0.739216259765625
0 0.415739125 1 0.454722326171875 0.94841316015625 0.4478966171875 0.942685708984375 0.2970510078125 0.851641005859375 0.239957533203125 0.923206380859375 0.35949256640625 1 0.415739125 1
0 0.92498732421875 0.52184850390625 0.921696708984375 0.51678140234375 0.787860875 0.39286239453125 0.71440994921875 0.439365158203125 0.856860427734375 0.56808241015625 0.91868980859375 0.52792994140625 0.92498732421875 0.52184850390625
0 0.51176093359375 0.68194859375 0.682497427734375 0.74088472265625 0.72544583984375 0.6779057578125 0.73082482421875 0.66929758203125 0.72867763671875 0.66707410546875 0.558195916015625 0.60352834765625 0.5469667109375 0.6214988359375 0.51122023828125 0.68161073046875 0.51176093359375 0.68194859375
0 0.48318676953125 0.91373625 0.56906515234375 0.74843689453125 0.49202313671875 0.69038157421875 0.49075533984375 0.69206399609375 0.4121282265625 0.855716623046875 0.48122144921875 0.91563413671875 0.48318676953125 0.91373625
0 0.8092445625 0.4693402109375 0.77048875 0.432051349609375 0.67373463671875 0.595576345703125 0.7381815703125 0.658802111328125 0.745428130859375 0.6518041875 0.838383232421875 0.499514189453125 0.8092445625 0.4693402109375
0 0.72960241796875 0.69137348828125 0.801279646484375 0.62979033203125 0.800052689453125 0.628519779296875 0.639670638671875 0.533333046875 0.57898477734375 0.59303766796875 0.579148595703125 0.5932073046875 0.71255451171875 0.68062684375 0.72960241796875 0.69137348828125
0 0 0.41995824609375 0.043763228515625 0.442066681640625 0.09238062890625 0.38605285546875 0.0918230859375 0.38547550390625 0.003534689453125 0.3364511875 0 0.34040634765625 0 0.41995824609375
0 0.08814210546875 0.39229377734375 0.142263318359375 0.354560779296875 0.1465667109375 0.350405041015625 0.142691123046875 0.3452619609375 0.06939191015625 0.282830787109375 0.01267237890625 0.32322376953125 0.007595404296875 0.32704954296875 0.08814210546875 0.39229377734375
0 0.146153259765625 0.2168053359375 0.076048783203125 0.291770375 0.118055685546875 0.356455330078125 0.1197739921875 0.35533944921875 0.185594212890625 0.28599303125 0.149137806640625 0.219895923828125 0.146153259765625 0.2168053359375
0 1 0.537224201171875 0.921358888671875 0.51493356640625 0.873530759765625 0.58764458203125 0.873910453125 0.588037763671875 1 0.628314111328125 1 0.537224201171875
0 0.8403236640625 0.69295692578125 0.907583912109375 0.75586784375 0.910572517578125 0.75298178125 0.99660204296875 0.59317372265625 0.97797904296875 0.57518969921875 0.9293154609375 0.532995478515625 0.928047544921875 0.53430844140625 0.8403236640625 0.69295692578125
0 0.96847523828125 0.724200685546875 0.80337423046875 0.634866169921875 0.7397845 0.6963321640625 0.89960250390625 0.793580556640625 0.944358833984375 0.749299705078125 0.96853595703125 0.7242635625 0.96847523828125 0.724200685546875
0 0.6219435390625 1 0.66183430078125 0.934713888671875 0.585965216796875 0.871052169921875 0.515608873046875 1 0.6219435390625 1
0 0.63751914453125 1 0.73706371484375 0.88345804296875 0.68887571875 0.821780216796875 0.67782369921875 0.807853720703125 0.676470845703125 0.80645280078125 0.676140375 0.8067109921875 0.55316550390625 0.955167470703125 0.588192515625 1 0.63751914453125 1
0 0.676988017578125 0.956747373046875 0.80723169140625 0.82098948828125 0.7675410234375 0.75723455078125 0.757765587890625 0.742181701171875 0.75518632421875 0.739510796875 0.619306080078125 0.87610633984375 0.671558689453125 0.956568302734375 0.67375753515625 0.9588452734375 0.676988017578125 0.956747373046875
0 0.8206918828125 0.87715996484375 0.851704548828125 0.85544466015625 0.893901681640625 0.81469536328125 0.751472267578125 0.688245568359375 0.675741615234375 0.743373361328125 0.8206918828125 0.87715996484375
0 0.41523103515625 0.07032448828125 0.323492076171875 0.027650619140625 0.277667841796875 0.084197564453125 0.38065794140625 0.129043109375 0.40551787890625 0.0994161875 0.422519044921875 0.077871443359375 0.41523103515625 0.07032448828125
0 0.20117799609375 0.29549540625 0.24025568359375 0.2157641875 0.21400237890625 0.1945046796875 0.18273222265625 0.16995816796875 0.1453834140625 0.25843997265625 0.19574508203125 0.30074191015625 0.20117799609375 0.29549540625
0 0.35678837109375 0 0.3281117109375 0.0318438515625 0.32831990234375 0.032059439453125 0.43817452734375 0.070230501953125 0.478301935546875 0.027669578125 0.472437787109375 0.02159707421875 0.426817029296875 0 0.35678837109375 0
0 0.281244865234375 0.06459901171875 0.28066406640625 0.065460087890625 0.250479263671875 0.16111078515625 0.311293322265625 0.204363185546875 0.311495958984375 0.204167501953125 0.312376744140625 0.20286168359375 0.3433429140625 0.103468380859375 0.324968279296875 0.09107453515625 0.281244865234375 0.06459901171875
0 0.31213684765625 0.183999427734375 0.310811876953125 0.18262737890625 0.226386875 0.136980265625 0.1737828828125 0.185706685546875 0.25911230859375 0.23519231640625 0.259313119140625 0.235010708984375 0.31213684765625 0.183999427734375
0 0.395339064453125 0 0.491195078125 0.0312582578125 0.494824876953125 0.026441353515625 0.51305677734375 0 0.395339064453125 0