0 0.338730529296875 1 0.37309198046875 0.91362075390625 0.3207575234375 0.86905738671875 0.317519474609375 0.8718721796875 0.317132537109375 0.872350005859375 0.278363890625 0.97762080859375 0.305053171875 1 0.338730529296875 1
0 0.30333333984375 0.907278576171875 0.30372871484375 0.90773340234375 0.41807620703125 0.937442537109375 0.4547880078125 0.880691099609375 0.34016287109375 0.85033290234375 0.30333333984375 0.907278576171875
0 0.638821365234375 0.734266994140625 0.642274220703125 0.73104715625 0.5405145625 0.67153446484375 0.487707380859375 0.72402350390625 0.49251007421875 0.72954837109375 0.58443387109375 0.7823455859375 0.638821365234375 0.734266994140625
0 0.486603064453125 0.841579458984375 0.50649590234375 0.8588720390625 0.55269140234375 0.751264306640625 0.497407310546875 0.703076072265625 0.4925484609375 0.7072998046875 0.44919616015625 0.80444400390625 0.486603064453125 0.841579458984375
0 0.45928169921875 0.756225712890625 0.454810111328125 0.758807384765625 0.37664338671875 0.8458649296875 0.4142956328125 0.91108052734375 0.416678296875 0.913821470703125 0.4991924375 0.82449310546875 0.45928169921875 0.756225712890625
0 0.63413795703125 0.75162994140625 0.63485533984375 0.75056637890625 0.669196953125 0.639899615234375 0.608023470703125 0.59863758203125 0.60498798046875 0.601276291015625 0.567618603515625 0.709706494140625 0.63413795703125 0.75162994140625
0 0.60190444921875 0.63075336328125 0.712630126953125 0.67643707421875 0.76055596484375 0.609780427734375 0.64944747265625 0.5636218515625 0.60190444921875 0.63075336328125
0 0.91208008984375 0.476879830078125 0.92131434765625 0.484094419921875 0.98854778125 0.36031826953125 0.92459283984375 0.311026029296875 0.91948376953125 0.31546727734375 0.85769315234375 0.43354900390625 0.91208008984375 0.476879830078125
0 0.888171681640625 0.36622529296875 0.882982759765625 0.36946769140625 0.783132958984375 0.4618501875 0.82428813671875 0.527712236328125 0.829157681640625 0.5333140078125 0.93255101171875 0.4401248046875 0.888171681640625 0.36622529296875
0 0.756101251953125 0.471456517578125 0.754538783203125 0.47259171484375 0.6613573203125 0.579373107421875 0.699407228515625 0.6317443125 0.70933663671875 0.6431667890625 0.8034349609375 0.53268362890625 0.756101251953125 0.471456517578125
0 0.70674965625 0.50443701953125 0.710758654296875 0.50768344140625 0.82877437109375 0.57270803125 0.879196548828125 0.507519548828125 0.879150080078125 0.50746609375 0.75141926953125 0.44687233203125 0.70474057421875 0.5021258359375 0.70674965625 0.50443701953125
0 0.283541484375 0.887419478515625 0.347612951171875 0.84228544921875 0.22629945703125 0.743617541015625 0.165182330078125 0.784841560546875 0.1573484140625 0.79165148046875 0.157612287109375 0.7920426875 0.283541484375 0.887419478515625
0 0.126558259765625 0.808065291015625 0.127732427734375 0.81001943359375 0.2492311171875 0.916413541015625 0.28120600390625 0.901368666015625 0.282474052734375 0.9002663671875 0.270824392578125 0.88087807421875 0.19893804296875 0.7647612421875 0.163993865234375 0.7839035703125 0.13277277734375 0.80266308984375 0.126558259765625 0.808065291015625
0 0.446068294921875 0.54345030859375 0.413282095703125 0.567101392578125 0.40869130078125 0.571092109375 0.52131687890625 0.67006194921875 0.53076980859375 0.6634429375 0.58923738671875 0.619189595703125 0.588991869140625 0.618838958984375 0.47085337109375 0.526095609375 0.446068294921875 0.54345030859375
0 0.404601794921875 0.73913122265625 0.403693435546875 0.738518525390625 0.26444141796875 0.69918608984375 0.21868142578125 0.767028072265625 0.21989872265625 0.768428412109375 0.3659042890625 0.807693802734375 0.404601794921875 0.73913122265625
0 0.46784865234375 0.5588937265625 0.463648771484375 0.56141726953125 0.36626326953125 0.67334869140625 0.40156780078125 0.732105298828125 0.406752220703125 0.738069291015625 0.505421599609375 0.633396328125 0.46784865234375 0.5588937265625
0 0.39961231640625 0.60929680859375 0.3967952109375 0.611126255859375 0.302977162109375 0.725327341796875 0.341042498046875 0.7839428203125 0.3483603125 0.792361001953125 0.441760666015625 0.671565103515625 0.39961231640625 0.60929680859375
0 0.53212178515625 0.46437224609375 0.5277865234375 0.467521998046875 0.47114544140625 0.510780978515625 0.478703513671875 0.521183771484375 0.484824818359375 0.527097287109375 0.58689787890625 0.6138479921875 0.5888357890625 0.61244001953125 0.650475681640625 0.56237450390625 0.53212178515625 0.46437224609375
0 0.89820554296875 0.33288112890625 0.96474144921875 0.27568404296875 0.859215919921875 0.17945261328125 0.80617916796875 0.22142051171875 0.795295181640625 0.230881818359375 0.80140987109375 0.2381690234375 0.89820554296875 0.33288112890625
0 0.817356279296875 0.3918233515625 0.873937310546875 0.273062013671875 0.80732980859375 0.222490607421875 0.805811623046875 0.22381034765625 0.745398515625 0.34360483984375 0.759544931640625 0.35351026953125 0.8172798828125 0.39188976171875 0.817356279296875 0.3918233515625
0 0.763906318359375 0.433710064453125 0.76322371484375 0.43289656640625 0.65862500390625 0.354434328125 0.63854119921875 0.371286642578125 0.596021265625 0.40824865625 0.69855480078125 0.490182994140625 0.763906318359375 0.433710064453125
0 0.67560862109375 0.385255767578125 0.72990594921875 0.447717697265625 0.813929203125 0.34425358203125 0.76053968359375 0.27972730859375 0.7519506640625 0.28719362890625 0.67560862109375 0.385255767578125
0 0.58700423046875 0.55483565625 0.683501513671875 0.46856808984375 0.644362787109375 0.395391654296875 0.641657583984375 0.396891173828125 0.547959732421875 0.485892548828125 0.55436906640625 0.49745529296875 0.58519799609375 0.552757818359375 0.58700423046875 0.55483565625
0 0 0.68694233984375 0.0207857578125 0.710853619140625 0.125701205078125 0.5877435625 0.122345693359375 0.58295139453125 0.077158509765625 0.520830685546875 0.07487269140625 0.522431232421875 0 0.622650443359375 0 0.68694233984375
0 0.585771345703125 0.237667578125 0.59975835546875 0.247461388671875 0.678738947265625 0.078133638671875 0.608271396484375 0.024939875 0.60473486328125 0.02801413671875 0.522113486328125 0.192088255859375 0.585771345703125 0.237667578125
0 0.1021539140625 0.46076042578125 0.100753810546875 0.4628361640625 0.034616619140625 0.63899675 0.0351024375 0.639324439453125 0.10204182421875 0.680870029296875 0.16273401171875 0.50205973828125 0.103186841796875 0.459862513671875 0.1021539140625 0.46076042578125
0 0.5704092265625 0.28090922265625 0.40715165234375 0.178612470703125 0.39170175 0.194611314453125 0.34928823046875 0.243180626953125 0.355058791015625 0.24875319140625 0.505243998046875 0.34781791015625 0.570478005859375 0.280988345703125 0.5704092265625 0.28090922265625
0 0.655507595703125 0 0.590848443359375 0.128459005859375 0.5984291640625 0.133572267578125 0.673316232421875 0.17870720703125 0.746845255859375 0.02183644140625 0.732590513671875 0.005438236328125 0.724527998046875 0 0.655507595703125 0
0 0.068466091796875 0.479906115234375 0.07575357421875 0.48828940625 0.22781159375 0.582557234375 0.291039873046875 0.522893759765625 0.126646201171875 0.42372223828125 0.068466091796875 0.479906115234375
0 0.4269433359375 0.406451064453125 0.299960470703125 0.30993855078125 0.28370373828125 0.298028880859375 0.223518673828125 0.34283765234375 0.208850486328125 0.355588513671875 0.20904062890625 0.355815119140625 0.362317845703125 0.46190626953125 0.369508576171875 0.455872529296875 0.427094919921875 0.406631716796875 0.4269433359375 0.406451064453125
0 0.407583337890625 0.215958005859375 0.3039487265625 0.36155693359375 0.332001865234375 0.391640240234375 0.366814701171875 0.427362255859375 0.3679164296875 0.42633487890625 0.4685376171875 0.277404896484375 0.412209783203125 0.211936298828125 0.407583337890625 0.215958005859375
0 0.56572429296875 0.0910828125 0.562241359375 0.093613314453125 0.440686296875 0.22551662109375 0.4866384765625 0.29886098046875 0.490349150390625 0.30312962109375 0.622521314453125 0.168410974609375 0.56572429296875 0.0910828125
0 0.179849779296875 0.376854087890625 0.13442672265625 0.420031349609375 0.13669938671875 0.422645751953125 0.137405138671875 0.42342956640625 0.29243666796875 0.52565071875 0.36091030078125 0.459283248046875 0.201863080078125 0.35752190625 0.18615852734375 0.371173666015625 0.179849779296875 0.376854087890625
0 1 0.607752197265625 0.957448251953125 0.57900494140625 0.90071630078125 0.63230430078125 0.902790810546875 0.63469075390625 0.9883187109375 0.687724685546875 1 0.676427029296875 1 0.607752197265625
0 0.9846732734375 0.682339013671875 0.8950645859375 0.629719546875 0.85076547265625 0.67473053125 0.84320158203125 0.682841810546875 0.846365607421875 0.686481607421875 0.93253797265625 0.734263611328125 0.9846732734375 0.682339013671875
0 0.867822681640625 0.662029927734375 0.86614436328125 0.663205095703125 0.80278439453125 0.73480636328125 0.842301208984375 0.80088832421875 0.84419126171875 0.80306258203125 0.91206146484375 0.725209458984375 0.867822681640625 0.662029927734375
0 0 0.49328900390625 0.02680185546875 0.51136708203125 0.080946509765625 0.3323166015625 0.010188744140625 0.28398326171875 0.007868154296875 0.28600051953125 0 0.309226142578125 0 0.49328900390625
0 0.08768409765625 0.44785252734375 0.08796659375 0.4480660703125 0.15898797265625 0.27485437890625 0.085334259765625 0.2234207734375 0.083944376953125 0.225199744140625 0.01405523828125 0.390327357421875 0.08768409765625 0.44785252734375
0 0.042951228515625 0.271931212890625 0.21691090234375 0.34016614453125 0.2724240390625 0.27154683984375 0.272153875 0.27123605078125 0.10205748046875 0.194362068359375 0.063031232421875 0.24376728125 0.04233894921875 0.2712268671875 0.042951228515625 0.271931212890625
0 0.369792556640625 0 0.49044008203125 0.10347212890625 0.5612555234375 0.0487952421875 0.509702044921875 0 0.369792556640625 0
0 0.35989061328125 0 0.300540095703125 0.135610044921875 0.350359193359375 0.17180573828125 0.37686560546875 0.190902201171875 0.37845871875 0.18951733203125 0.45754865234375 0.0159893359375 0.435541216796875 0 0.35989061328125 0
0 0.33455551171875 0.027317705078125 0.329058279296875 0.03161261328125 0.210179384765625 0.17404465234375 0.263004669921875 0.24165793359375 0.272264228515625 0.252309833984375 0.391860271484375 0.10362841015625 0.33455551171875 0.027317705078125
0 0.20463265234375 0.10603883984375 0.16959569921875 0.12470958203125 0.12962803515625 0.15945294140625 0.24707266015625 0.30297533984375 0.33438272265625 0.25848864453125 0.20463265234375 0.10603883984375
0 0.636991919921875 0.85553607421875 0.632138109375 0.859466611328125 0.570626830078125 0.944296828125 0.586500732421875 0.96389946484375 0.61762355859375 0.999702177734375 0.681356810546875 0.907073724609375 0.636991919921875 0.85553607421875
0 0.731724390625 0.780858291015625 0.811836826171875 0.82877603515625 0.862704234375 0.783021439453125 0.783731716796875 0.72953232421875 0.765655990234375 0.745245314453125 0.744540369140625 0.764935951171875 0.730018265625 0.778895619140625 0.731724390625 0.780858291015625
0 0.63129365234375 1 0.644499046875 0.99216366015625 0.55915269140625 0.917097681640625 0.555512 0.9193722578125 0.509647919921875 0.949156740234375 0.49897231640625 0.95843690234375 0.557977541015625 1 0.63129365234375 1
0 0.616633548828125 0.87948103125 0.70321286328125 0.92807605859375 0.75329324609375 0.874738140625 0.753058412109375 0.874467994140625 0.66516349609375 0.82471047265625 0.614170146484375 0.871566220703125 0.61176898828125 0.8738849921875 0.616633548828125 0.87948103125
0 0.735815109375 0.7587636015625 0.7323923359375 0.76243407421875 0.692074890625 0.84734505078125 0.71221243359375 0.86692210546875 0.743917353515625 0.896487423828125 0.788439630859375 0.809524443359375 0.73669108984375 0.758002123046875 0.735815109375 0.7587636015625
0 0.54946754296875 1 0.554026822265625 0.9772978515625 0.503502359375 0.942076998046875 0.500651421875 0.944555279296875 0.48363576953125 1 0.54946754296875 1