0 0.912566578125 0.266710796875 0.94582225390625 0.258419224609375 0.944805453125 0.25199941015625 0.885492642578125 0.15990213671875 0.820286427734375 0.174980005859375 0.820623099609375 0.177105666015625 0.879596572265625 0.27407155078125 0.912566578125 0.266710796875
0 0.741130251953125 0.19865062109375 0.81918270703125 0.287916271484375 0.88142660546875 0.26135763671875 0.88128723828125 0.26047772265625 0.80330071484375 0.17213052734375 0.741130251953125 0.19865062109375
0 0.625033189453125 0.321423044921875 0.629696244140625 0.32068448828125 0.57861273828125 0.214442953125 0.50303933203125 0.228896109375 0.553058705078125 0.33086890234375 0.625033189453125 0.321423044921875
0 0.6781207734375 0.31575665234375 0.694410525390625 0.31575665234375 0.703285650390625 0.314350970703125 0.703285650390625 0.31329983203125 0.668331208984375 0.20420958984375 0.59215317578125 0.204107279296875 0.62511137890625 0.3122438046875 0.6781207734375 0.31575665234375
0 0.7418094921875 0.186841423828125 0.663907748046875 0.19960812890625 0.717120328125 0.307413841796875 0.79655582421875 0.29483249609375 0.79634565625 0.29350553515625 0.7418094921875 0.186841423828125
0 0.420823732421875 0.25387451171875 0.490573384765625 0.34993305859375 0.561675373046875 0.3200751171875 0.561080357421875 0.31631833984375 0.491653884765625 0.226685365234375 0.420823732421875 0.25387451171875
0 0.371197384765625 0.365366607421875 0.47370680078125 0.316296955078125 0.47135739453125 0.3042103203125 0.45649562890625 0.23595669921875 0.347847025390625 0.287640287109375 0.3655555546875 0.366260185546875 0.371197384765625 0.365366607421875
0 0.14749433984375 0.3019731015625 0.014084787109375 0.344010921875 0.0260816953125 0.42547675390625 0.030994716796875 0.424786271484375 0.15908407421875 0.382232404296875 0.1537500390625 0.34147004296875 0.14749433984375 0.3019731015625
0 0.115111818359375 0.28253333984375 0.115111818359375 0.28539948046875 0.13921225 0.421682240234375 0.21672741796875 0.423053759765625 0.226049318359375 0.42157731640625 0.226049318359375 0.4205000546875 0.19991245703125 0.2831661875 0.123040017578125 0.28253333984375 0.115111818359375 0.28253333984375
0 0.257170712890625 0.27992741796875 0.333697708984375 0.40291707421875 0.406310638671875 0.3779144375 0.40503801171875 0.369879376953125 0.32997236328125 0.252407744140625 0.257170712890625 0.27992741796875
0 0.319921060546875 0.28194148046875 0.183311310546875 0.316372111328125 0.190895974609375 0.398464720703125 0.325704990234375 0.35564646484375 0.3236431875 0.31361844140625 0.32261946484375 0.29897851953125 0.319921060546875 0.28194148046875
0 0.80024752734375 0.30185866796875 0.873364568359375 0.4400839140625 0.95468962890625 0.42427592578125 0.95395405859375 0.419631712890625 0.876860896484375 0.2853472890625 0.80024752734375 0.30185866796875
0 0.891255302734375 0.302339916015625 0.902590568359375 0.4384364921875 0.94241649609375 0.437244876953125 0.967005611328125 0.4355254375 0.98671944921875 0.43240307421875 0.98658202734375 0.4304378203125 0.9266278125 0.2804807265625 0.8896453984375 0.279317212890625 0.891255302734375 0.302339916015625
0 0.564378685546875 0.345673033203125 0.49110217578125 0.348387623046875 0.49110217578125 0.348815669921875 0.53468016796875 0.49254803125 0.564937158203125 0.49254803125 0.611075626953125 0.491899208984375 0.61141467578125 0.491845509765625 0.61141467578125 0.49136587890625 0.57591858203125 0.345673033203125 0.564378685546875 0.345673033203125
0 0.86710408203125 0.388674732421875 0.852612283203125 0.310931740234375 0.71862995703125 0.3712228125 0.727308697265625 0.45188657421875 0.7323631484375 0.45135533203125 0.86710408203125 0.388674732421875
0 0.709067677734375 0.3623340625 0.70958184765625 0.354981103515625 0.709084458984375 0.3518407265625 0.560578474609375 0.388799232421875 0.554416302734375 0.46383913671875 0.56025191015625 0.464247203125 0.69845394140625 0.4356492265625 0.709067677734375 0.3623340625
0 0.77826034765625 0.465419751953125 0.77823955859375 0.46422870703125 0.72567550390625 0.322042041015625 0.649475390625 0.32482738671875 0.69778760546875 0.468414572265625 0.76697694140625 0.4672068671875 0.77826034765625 0.465419751953125
0 0.544964865234375 0.38277312109375 0.39449703515625 0.41031786328125 0.390933404296875 0.487909537109375 0.397648533203125 0.48837910546875 0.412274673828125 0.48684463671875 0.542423275390625 0.464740095703125 0.545069318359375 0.426899919921875 0.545773634765625 0.38282967578125 0.544964865234375 0.38277312109375
0 0 0.53352608984375 0.00678803515625 0.565461287109375 0.01036781640625 0.564894306640625 0.12193723828125 0.525083888671875 0.1070075546875 0.44337312890625 0 0.477365912109375 0 0.53352608984375
0 0.204336337890625 0.541000865234375 0.14408071484375 0.423946658203125 0.06292087109375 0.454107 0.1257903984375 0.569774802734375 0.17717942578125 0.554266783203125 0.2049243515625 0.544713439453125 0.204336337890625 0.541000865234375
0 0.365778841796875 0.53075040234375 0.33113249609375 0.404724703125 0.24506805078125 0.41199960546875 0.24514212890625 0.4130589609375 0.283645318359375 0.53801782421875 0.348549275390625 0.533479298828125 0.365778841796875 0.53075040234375
0 0.24610919921875 0.417733544921875 0.16758021484375 0.42134605078125 0.16348001953125 0.42199545703125 0.19367869921875 0.55363932421875 0.22523516796875 0.55275533203125 0.272424177734375 0.550282259765625 0.279133763671875 0.54921956640625 0.24610919921875 0.417733544921875
0 0.45299218359375 0.47112501953125 0.453928787109375 0.408881978515625 0.453334888671875 0.40513225 0.326716603515625 0.43157584765625 0.324023513671875 0.51451786328125 0.32711605078125 0.51457184375 0.45276145703125 0.48434331640625 0.45299218359375 0.47112501953125
0 1 0.640996458984375 0.97301961328125 0.544116068359375 0.96807243359375 0.544202419921875 0.88949248046875 0.546991111328125 0.95129779296875 0.72410355859375 1 0.725486685546875 1 0.640996458984375
0 0.2120948359375 0.847167884765625 0.270108572265625 0.851224599609375 0.27345316015625 0.850694869140625 0.273687912109375 0.84733776171875 0.2546652734375 0.66616544921875 0.16507083203125 0.656672767578125 0.179102015625 0.84451169921875 0.2120948359375 0.847167884765625
0 0.87631798828125 0.743105669921875 0.93561185546875 0.740854357421875 0.93561185546875 0.73553465625 0.887374130859375 0.558620755859375 0.81313666015625 0.556906603515625 0.85757112890625 0.74310566796875 0.87631798828125 0.743105669921875
0 0.477618625 0.813612306640625 0.477422083984375 0.8108016484375 0.425442244140625 0.628673166015625 0.338069216796875 0.63920108203125 0.38531226171875 0.8206935859375 0.47053512890625 0.81473422265625 0.477618625 0.813612306640625
0 0.16614194140625 0.86273287109375 0.1815901328125 0.86208058984375 0.186214369140625 0.86134818359375 0.18602279296875 0.850372708984375 0.160741740234375 0.6766922109375 0.064434244140625 0.683295537109375 0.09592083203125 0.8639585859375 0.16614194140625 0.86273287109375
0 0.766101265625 0.761280390625 0.83270166796875 0.75895465234375 0.841879087890625 0.75750109375 0.841712025390625 0.752717080078125 0.78760369140625 0.57461725 0.70368763671875 0.57854312109375 0.756851943359375 0.76149649609375 0.766101265625 0.761280390625
0 0.57175934375 0.790886845703125 0.514007369140625 0.6227431796875 0.43199071875 0.628058494140625 0.427850294921875 0.628493669921875 0.426438623046875 0.6287172578125 0.48222333984375 0.805027208984375 0.514109505859375 0.801675837890625 0.572116458984375 0.794284576171875 0.57175934375 0.790886845703125
0 0.395654873046875 0.8200351953125 0.329389447265625 0.64323929296875 0.234602201171875 0.66217455078125 0.234700583984375 0.6627957109375 0.30429794140625 0.83217167578125 0.3957805078125 0.820828423828125 0.395654873046875 0.8200351953125
0 0.60000389453125 0.759418359375 0.77617513671875 0.703530666015625 0.77434819140625 0.66867048046875 0.76894169140625 0.60815310546875 0.58863838671875 0.668090576171875 0.595920064453125 0.759632384765625 0.60000389453125 0.759418359375
0 0.610068318359375 0.61211996484375 0.515452341796875 0.616529462890625 0.51555466796875 0.617503046875 0.5836361171875 0.792025064453125 0.66799743359375 0.78236405078125 0.66787149609375 0.781165828125 0.61688595703125 0.6310841796875 0.610068318359375 0.61211996484375
0 0 0.205451953125 0.06867023828125 0.183849236328125 0.056365951171875 0.10616301953125 0 0.12583772265625 0 0.205451953125
0 0.029134294921875 0.12262467578125 0.08593143359375 0.202779630859375 0.1553630859375 0.17186666796875 0.15504680859375 0.169869783203125 0.100584171875 0.08995405078125 0.029134294921875 0.12262467578125
0 1 0.795670498046875 0.919688248046875 0.840464025390625 0.927013544921875 0.87532119140625 0.930625921875 0.874749046875 1 0.858732779296875 1 0.795670498046875
0 0.1112749765625 0.09963268359375 0.15583505859375 0.191165873046875 0.2315394375 0.17339123828125 0.23105849609375 0.17035469140625 0.183460328125 0.08157658203125 0.1112749765625 0.09963268359375
0 0.30197773046875 0.16575505859375 0.303061294921875 0.165504896484375 0.301179654296875 0.15362469140625 0.2616992109375 0.071141203125 0.19345403515625 0.084972115234375 0.187259904296875 0.08640214453125 0.234305755859375 0.17876701171875 0.30197773046875 0.16575505859375
0 0.2547221171875 0.087255103515625 0.315565673828125 0.1712485859375 0.384957279296875 0.14321255859375 0.384009638671875 0.13722938671875 0.3308557890625 0.062694974609375 0.2547221171875 0.087255103515625
0 0.760228603515625 0.90759948046875 0.94243804296875 0.87123958984375 0.948491515625 0.78467090234375 0.94747658203125 0.778262861328125 0.76682936328125 0.82054928515625 0.760228603515625 0.90759948046875
0 0.851386025390625 0.86063535546875 0.853552107421875 0.79626296484375 0.8517338203125 0.796103884765625 0.67323436328125 0.827770349609375 0.66657851953125 0.92093598828125 0.8491296484375 0.886425857421875 0.851386025390625 0.86063535546875
0 1 0.83099855078125 0.93624016796875 0.7328253359375 0.853000943359375 0.760496666015625 0.853071060546875 0.760741193359375 0.958414455078125 0.928666984375 0.98428564453125 0.92169703125 1 0.91719101171875 1 0.83099855078125
0 0.7479443046875 0.791322927734375 0.57533004296875 0.863457236328125 0.589668818359375 0.957226927734375 0.600145541015625 0.955567578125 0.760294236328125 0.87889690234375 0.7479443046875 0.791322927734375
0 0.344863115234375 1 0.301381203125 0.8419491484375 0.212925224609375 0.84762573828125 0.2121144140625 0.847754158203125 0.24607415625 1 0.344863115234375 1
0 0.33497383984375 1 0.47658544140625 0.9267110859375 0.46064741796875 0.86722957421875 0.45189710546875 0.835087939453125 0.451091470703125 0.8352155390625 0.279287125 0.920865150390625 0.299421310546875 0.996006955078125 0.30052383203125 1 0.33497383984375 1
0 0.50543176953125 1 0.56285470703125 0.98674287109375 0.56158454296875 0.978723380859375 0.480627416015625 0.81410664453125 0.385772380859375 0.8341032578125 0.46366216015625 1 0.50543176953125 1
0 0.499676994140625 0.984136046875 0.673471939453125 0.89785926953125 0.665889451171875 0.865015912109375 0.651295296875 0.80670994921875 0.47268587890625 0.89111352734375 0.494356375 0.98497875 0.499676994140625 0.984136046875
0 0.2529229609375 1 0.190884728515625 0.85386723828125 0.097186626953125 0.88152596875 0.14403456640625 1 0.2529229609375 1
0 0.681397755859375 0.097128095703125 0.62123172265625 0.01137339453125 0.553273298828125 0.037432369140625 0.6200425703125 0.127764798828125 0.656385369140625 0.1145371015625 0.6825067734375 0.1041301484375 0.681397755859375 0.097128095703125
0 0.421231037109375 0.153551197265625 0.43521483984375 0.15431619140625 0.4418267734375 0.153268962890625 0.44183856640625 0.15310030859375 0.42202464453125 0.0607948515625 0.35387036328125 0.05479734375 0.36874253515625 0.14988084375 0.421231037109375 0.153551197265625
0 0.758115193359375 0.092080728515625 0.682292634765625 0.00739464453125 0.623578125 0.02611671875 0.689850888671875 0.11845751171875 0.693909939453125 0.1170602109375 0.75835639453125 0.093603619140625 0.758115193359375 0.092080728515625
0 0.49406646484375 0.135748587890625 0.49591827734375 0.135716263671875 0.59509796875 0.104072609375 0.594711158203125 0.081912171875 0.5913199140625 0.0309103125 0.590281431640625 0.03092844140625 0.494615673828125 0.061065484375 0.49406646484375 0.135748587890625
0 0.449395572265625 0.1571903125 0.521820515625 0.09727372265625 0.511843326171875 0.071020392578125 0.49561255078125 0.030847806640625 0.495566376953125 0.030855119140625 0.41850072265625 0.090825333984375 0.443599375 0.1593161171875 0.44447874609375 0.15917683984375 0.449395572265625 0.1571903125
0 0.827273759765625 0 0.77517801171875 0.045091962890625 0.796202033203125 0.10979725 0.80069171484375 0.109086154296875 0.883065712890625 0.036891916015625 0.873228484375 0.000656251953125 0.87301525390625 0 0.827273759765625 0
0 0.73694691796875 0 0.70057762109375 0.004542578125 0.749555283203125 0.10986783203125 0.75555366015625 0.10923737890625 0.82155608203125 0.099475833984375 0.8212608203125 0.09666659375 0.777032564453125 0.0190271640625 0.76576005078125 0 0.73694691796875 0
0 0.83566608203125 0 0.835440880859375 0.07089729296875 0.83602051171875 0.074556931640625 0.83941761328125 0.0745569296875 0.931375853515625 0.037389033203125 0.931375853515625 0.027373337890625 0.927040341796875 0 0.83566608203125 0