0 0.833119591796875 0.860202095703125 0.837656666015625 0.859070876953125 0.93080883984375 0.802416853515625 0.915306013671875 0.732977177734375 0.816639427734375 0.79652078515625 0.82946841796875 0.852001421875 0.833119591796875 0.860202095703125
0 0.7742132734375 0.69239220703125 0.84306550390625 0.789148830078125 0.907667494140625 0.76927259765625 0.839373419921875 0.67233725390625 0.7742132734375 0.69239220703125
0 0.692411140625 0.5710566015625 0.795539375 0.514643783203125 0.7771508203125 0.4399303671875 0.677935587890625 0.495218033203125 0.69113535546875 0.56659951953125 0.691782724609375 0.569645154296875 0.692411140625 0.5710566015625
0 0.80774183984375 0.62977333203125 0.82831153515625 0.62577498828125 0.833028837890625 0.623674708984375 0.77726057421875 0.522091451171875 0.70396131640625 0.53623724609375 0.70491648828125 0.541151193359375 0.7554487109375 0.63638750390625 0.80774183984375 0.62977333203125
0 0.766302302734375 0.729335765625 0.864586052734375 0.659822142578125 0.839217513671875 0.58316668359375 0.83916976953125 0.5831821953125 0.74106844921875 0.654666865234375 0.762703517578125 0.721252759765625 0.766302302734375 0.729335765625
0 0.633194865234375 0.401359333984375 0.698996392578125 0.498972884765625 0.77251029296875 0.471078326171875 0.772092626953125 0.46986533203125 0.704377517578125 0.37583798046875 0.643216578125 0.39689737890625 0.633194865234375 0.401359333984375
0 0.67978022265625 0.282703904296875 0.60478409765625 0.37678521484375 0.65604651953125 0.440785830078125 0.65655080078125 0.44056130859375 0.730644552734375 0.34714623828125 0.67978022265625 0.282703904296875
0 0.551093470703125 0 0.45141770703125 0.068192009765625 0.48390027734375 0.141149052734375 0.49097005859375 0.138001384765625 0.600677037109375 0.06541594140625 0.57103423828125 0 0.551093470703125 0
0 0.58460544921875 0.059574931640625 0.48260745703125 0.157303638671875 0.523338806640625 0.221169353515625 0.527602294921875 0.22773455078125 0.532379939453125 0.22560740625 0.63183649609375 0.1327698671875 0.587359853515625 0.0615545859375 0.58563855859375 0.0589040234375 0.58460544921875 0.059574931640625
0 0.54117966796875 0.262117572265625 0.639891732421875 0.365851490234375 0.68260817578125 0.341189140625 0.70713984375 0.32603391015625 0.60794004296875 0.219247919921875 0.539895025390625 0.259232212890625 0.54117966796875 0.262117572265625
0 0.654871787109375 0.28224451953125 0.608435583984375 0.14849219140625 0.527316408203125 0.163202837890625 0.581721107421875 0.293767005859375 0.62340950390625 0.28805006640625 0.65200468359375 0.28352103515625 0.654871787109375 0.28224451953125
0 0.80801325390625 0.889657373046875 0.72937294921875 0.75267806640625 0.65384998046875 0.76895444921875 0.6545556640625 0.772584876953125 0.725884853515625 0.907430255859375 0.800802767578125 0.892867689453125 0.80801325390625 0.889657373046875
0 0.68402943359375 0.82438793359375 0.72169646484375 0.9403151328125 0.723029501953125 0.9433091796875 0.7621772734375 0.930589296875 0.79147354296875 0.9175457578125 0.718874771484375 0.81685537890625 0.68402943359375 0.82438793359375
0 0.51058057421875 0.484158296875 0.5941853125 0.60493230078125 0.63815833203125 0.588052642578125 0.67327840234375 0.573057009765625 0.58054250390625 0.453789552734375 0.50978929296875 0.48209694140625 0.51058057421875 0.484158296875
0 0.647268498046875 0.83845356640625 0.76219412109375 0.73873484375 0.7269925390625 0.668313447265625 0.725976642578125 0.668723896484375 0.615499837890625 0.7621746328125 0.63700323046875 0.81539739453125 0.647268498046875 0.83845356640625
0 0.65888420703125 0.5151893515625 0.55172290234375 0.626062158203125 0.586159849609375 0.690828634765625 0.594877400390625 0.68694733203125 0.69316462890625 0.59305109375 0.65888420703125 0.5151893515625
0 0.602901970703125 0.758012474609375 0.604521107421875 0.75760877734375 0.731143970703125 0.679721025390625 0.710864224609375 0.6009817890625 0.582630916015625 0.68517855078125 0.59810306640625 0.74723395703125 0.602901970703125 0.758012474609375
0 0.46740082421875 0.422939501953125 0.469739328125 0.426681888671875 0.47957776953125 0.43761274609375 0.573960146484375 0.529912455078125 0.606128798828125 0.509811251953125 0.641963693359375 0.48464064453125 0.64145069921875 0.4834884375 0.531039796875 0.378249025390625 0.46644529296875 0.42079333984375 0.46740082421875 0.422939501953125
0 0.438396123046875 0.11693920703125 0.448792416015625 0.11231048046875 0.39363708984375 0.00227983203125 0.357098890625 0.016305533203125 0.31352291015625 0.03570680859375 0.37083954296875 0.14066937109375 0.438396123046875 0.11693920703125
0 0.352827869140625 0.2117030546875 0.479539474609375 0.16498705859375 0.45949483984375 0.08075654296875 0.33702733984375 0.12906109375 0.34615701953125 0.18195702734375 0.352161693359375 0.21020680078125 0.352827869140625 0.2117030546875
0 0.5440846796875 0.357225654296875 0.493755962890625 0.234947759765625 0.4107014453125 0.252346630859375 0.41214704296875 0.259783591796875 0.46306246875 0.37347081640625 0.538128318359375 0.35987759765625 0.5440846796875 0.357225654296875
0 0.520944259765625 0.25892516796875 0.436517763671875 0.15436872265625 0.361799498046875 0.19343814453125 0.364202134765625 0.198834552734375 0.448770486328125 0.29926625390625 0.521063712890625 0.25919346484375 0.520944259765625 0.25892516796875
0 0.43338764453125 0.34654465234375 0.435213748046875 0.35064614453125 0.51382400390625 0.44937555859375 0.58639761328125 0.417063705078125 0.50936266015625 0.31407540234375 0.43338764453125 0.34654465234375
0 0.5545354765625 1 0.46866490625 0.884215162109375 0.46324073828125 0.886406669921875 0.392547271484375 0.91646158984375 0.393592599609375 0.919048869140625 0.46209123828125 1 0.5545354765625 1
0 0.114144080078125 0.3824560703125 0.119530986328125 0.380601208984375 0.2802122734375 0.29776703125 0.25061650390625 0.208784140625 0.24996432421875 0.207319322265625 0.08651876953125 0.297896115234375 0.1004220625 0.343508435546875 0.11277058203125 0.379371146484375 0.114144080078125 0.3824560703125
0 0.35123633984375 0.86503382421875 0.49444440234375 0.984131755859375 0.5352806640625 0.956920755859375 0.5557922578125 0.9425583828125 0.412498896484375 0.815434984375 0.350190814453125 0.8626855390625 0.35123633984375 0.86503382421875
0 0.344285115234375 0.5436731953125 0.2572321015625 0.37229629296875 0.17508336328125 0.39878317578125 0.17744425 0.407594126953125 0.254568158203125 0.568632830078125 0.33909530078125 0.545983849609375 0.344285115234375 0.5436731953125
0 0.048371537109375 0.22680970703125 0.08273840625 0.29751528125 0.09094041015625 0.29403373828125 0.240544306640625 0.20096274609375 0.202698986328125 0.117602087890625 0.041877337890625 0.21151033203125 0.048371537109375 0.22680970703125
0 0.44711105859375 0.701426068359375 0.320509943359375 0.843038140625 0.32559460546875 0.8507674921875 0.367574919921875 0.913005865234375 0.37173371484375 0.911154251953125 0.372924302734375 0.910351189453125 0.495288478515625 0.770086189453125 0.447625525390625 0.701197013671875 0.44711105859375 0.701426068359375
0 0.28573066796875 0.463877171875 0.203842193359375 0.491607677734375 0.202596330078125 0.49216237109375 0.3020989921875 0.6480052421875 0.340500640625 0.63326423046875 0.386662634765625 0.614368033203125 0.38612278125 0.61296166796875 0.28573066796875 0.463877171875
0 0.12336956640625 0.334028916015625 0.231388572265625 0.475629291015625 0.31536812890625 0.441582958984375 0.31690137109375 0.44083514453125 0.206725806640625 0.28664046484375 0.121108201171875 0.328949806640625 0.12336956640625 0.334028916015625
0 0.2921085078125 0.77609057421875 0.32436644140625 0.82955432421875 0.32861851953125 0.827197359375 0.46083190234375 0.697778060546875 0.413620033203125 0.617781560546875 0.27665637109375 0.7482141796875 0.2921085078125 0.77609057421875
0 0.437331427734375 0.675799685546875 0.3190647421875 0.56842494921875 0.30390787109375 0.555143732421875 0.22474369921875 0.603976017578125 0.22640091796875 0.60769819140625 0.22654864453125 0.60790916796875 0.36777865234375 0.7251153125 0.39331632421875 0.70723364453125 0.437331427734375 0.675799685546875
0 0.67611932421875 0 0.668415318359375 0.00623467578125 0.669898681640625 0.00956636328125 0.742316884765625 0.071912025390625 0.803472365234375 0.02238929296875 0.77648414453125 0 0.67611932421875 0
0 0.730656283203125 0.14987172265625 0.73166233203125 0.149583244140625 0.82118219140625 0.099556638671875 0.80186903515625 0.02769740234375 0.711127466796875 0.073848173828125 0.73002226953125 0.14844770703125 0.730656283203125 0.14987172265625
0 0.733982359375 0.145817556640625 0.79763131640625 0.21508876171875 0.84187087109375 0.191111931640625 0.86398378125 0.17834503515625 0.79236106640625 0.10415661328125 0.73010080859375 0.13709944921875 0.733982359375 0.145817556640625
0 0.829788240234375 0.284721423828125 0.8955470703125 0.243630744140625 0.89545955859375 0.24343419140625 0.82619035546875 0.175350173828125 0.756664994140625 0.212129794921875 0.757558333984375 0.214136271484375 0.758564630859375 0.21574668359375 0.829788240234375 0.284721423828125
0 0.242757177734375 1 0.35254317578125 0.92230992578125 0.321158052734375 0.83390265234375 0.17216971484375 0.946887486328125 0.19150108984375 1 0.242757177734375 1
0 0.12977759765625 0.86318956640625 0.138512025390625 0.882807412109375 0.13861611328125 0.883030630859375 0.16944719921875 0.9464861953125 0.1735251640625 0.9446705703125 0.31185441796875 0.825667333984375 0.310943865234375 0.823714654296875 0.26938637890625 0.74579528125 0.12977759765625 0.86318956640625
0 0.344755287109375 1 0.257596193359375 0.929673779296875 0.18342773046875 0.979848189453125 0.185916921875 0.985439001953125 0.20455563671875 1 0.344755287109375 1
0 0.117908958984375 0.855739931640625 0.271507873046875 0.749847888671875 0.245610404296875 0.665284048828125 0.086405599609375 0.763533083984375 0.10554117578125 0.82351435546875 0.11229786328125 0.84313720703125 0.117908958984375 0.855739931640625
0 0 0.47623746875 0.010400310546875 0.5014926640625 0.0961456328125 0.484825462890625 0.09806288671875 0.483971845703125 0.033393607421875 0.30210295703125 0 0.30911779296875 0 0.47623746875
0 0 0.58697951953125 0.00447616015625 0.595764478515625 0.00613689453125 0.5950250703125 0.15568378125 0.47608020703125 0.13066015625 0.426968580078125 0.11107383984375 0.389239798828125 0.10953820703125 0.389923505859375 0 0.4797812265625 0 0.58697951953125
0 0.03919972265625 0.68279764453125 0.0451447421875 0.680274134765625 0.196868033203125 0.57344166796875 0.157760693359375 0.481310556640625 0.00238508984375 0.5949765546875 0.023688671875 0.64795925390625 0.03919972265625 0.68279764453125
0 0.16099898046875 0.7677479765625 0.216543421875 0.75790142578125 0.219857232421875 0.7564260234375 0.14844213671875 0.5731945625 0.052833943359375 0.5883374140625 0.05361555078125 0.5932722890625 0.127706697265625 0.77302095703125 0.16099898046875 0.7677479765625
0 0 0.353875275390625 0.0790260703125 0.32353551171875 0.05465420703125 0.2289292109375 0 0.24836407421875 0 0.353875275390625
0 1 0.510405162109375 0.9411128203125 0.4451275546875 0.87860734765625 0.47833369921875 0.88096508984375 0.483629275390625 0.954096947265625 0.560775083984375 0.989395373046875 0.542789638671875 1 0.53697831640625 1 0.510405162109375
0 0.8465502890625 0.249652220703125 0.79062332421875 0.284559900390625 0.79261781640625 0.28903960546875 0.794056662109375 0.291255232421875 0.85782023046875 0.353068654296875 0.88615194140625 0.33466982421875 0.91916007421875 0.312515427734375 0.8465502890625 0.249652220703125
0 1 0.55961883984375 0.97250593359375 0.51860949609375 0.91291591015625 0.52878012890625 0.913776703125 0.53282984375 0.96431697265625 0.629230087890625 1 0.62164542578125 1 0.55961883984375
0 0.96810016015625 0.442906529296875 0.947892294921875 0.370425873046875 0.85872669921875 0.42988176953125 0.88288041796875 0.496956099609375 0.88941663671875 0.49495777734375 0.96810016015625 0.442906529296875
0 0.901901619140625 0.41074497265625 0.936296865234375 0.401528794921875 0.9431491640625 0.398477955078125 0.893619900390625 0.315684517578125 0.8223857265625 0.3322946640625 0.8239844609375 0.33826122265625 0.8746280625 0.417448318359375 0.901901619140625 0.41074497265625
0 1 0.57777787109375 0.963060234375 0.64091308203125 0.950423806640625 0.66337975390625 0.956875166015625 0.672259287109375 0.9872337578125 0.712372220703125 0.989886513671875 0.71119113671875 0.99210268359375 0.70958099609375 1 0.698327951171875 1 0.57777787109375