0 0 0.601419826171875 0.09632697265625 0.563101193359375 0.100819568359375 0.559463162109375 0.05842865234375 0.50890802734375 0 0.53042586328125 0 0.601419826171875
0 0.04930467578125 0.558291111328125 0.161414181640625 0.528599169921875 0.16346567578125 0.527215419921875 0.12721801171875 0.4711814765625 0.01228018359375 0.50104398828125 0.04930467578125 0.558291111328125
0 0.370558861328125 0.395963810546875 0.333690380859375 0.33343169140625 0.223768697265625 0.356538265625 0.222708720703125 0.357125822265625 0.257678115234375 0.425247517578125 0.370842455078125 0.400531025390625 0.37247873046875 0.39942734375 0.370558861328125 0.395963810546875
0 0.27405181640625 0.459138923828125 0.248526193359375 0.34901084375 0.182605236328125 0.38718846484375 0.2057916015625 0.4941257890625 0.20990802734375 0.500228642578125 0.229900755859375 0.488685837890625 0.27405181640625 0.459138923828125
0 0.083049423828125 0.4770111640625 0.08774890234375 0.48193087890625 0.13355443359375 0.529363890625 0.24003738671875 0.475740552734375 0.242247640625 0.47360613671875 0.207755267578125 0.437503072265625 0.18823232421875 0.41728647265625 0.07867791796875 0.470530140625 0.083049423828125 0.4770111640625
0 0.28507546875 0.331580859375 0.284092720703125 0.33240548046875 0.332739673828125 0.394178244140625 0.44007185546875 0.3440919375 0.43868984375 0.342043017578125 0.3915463125 0.285859544921875 0.28507546875 0.331580859375
0 0.37064503125 0.270605826171875 0.4312941875 0.37389598828125 0.491155669921875 0.31747275 0.4299829921875 0.213869587890625 0.37064503125 0.270605826171875
0 0.630597048828125 0.13726957421875 0.679375486328125 0.186829271484375 0.79176807421875 0.1120922578125 0.7953369375 0.10864584765625 0.738527021484375 0.049036779296875 0.622707041015625 0.128667939453125 0.62367183203125 0.130098302734375 0.630597048828125 0.13726957421875
0 0.5581814921875 0.178303576171875 0.588422771484375 0.21309219140625 0.6097180546875 0.236731662109375 0.723841048828125 0.168237107421875 0.7291887109375 0.16358845703125 0.7246534921875 0.156864716796875 0.67443452734375 0.10004592578125 0.55308255078125 0.170744083984375 0.5581814921875 0.178303576171875
0 0.415998171875 0.245795119140625 0.42966560546875 0.27118576953125 0.454327955078125 0.313902208984375 0.59370257421875 0.2728265625 0.594606630859375 0.27221676953125 0.55530071484375 0.202915640625 0.415998171875 0.245795119140625
0 0.56817377734375 0.299203966796875 0.570990216796875 0.30280884765625 0.636188083984375 0.2541740703125 0.56933335546875 0.12766191796875 0.511721583984375 0.174634615234375 0.56817377734375 0.299203966796875
0 0.117978619140625 0.55930122265625 0.0643668046875 0.61646770703125 0.1412894375 0.75444525390625 0.141734595703125 0.75484607421875 0.145633947265625 0.7522159296875 0.19880272265625 0.6931660234375 0.117978619140625 0.55930122265625
0 0.0780475390625 0.75257036328125 0.172540212890625 0.68136502734375 0.148317078125 0.655208255859375 0.02950136328125 0.696602912109375 0.048159115234375 0.724264166015625 0.07237340625 0.756397615234375 0.0780475390625 0.75257036328125
0 0.393789267578125 0.568866775390625 0.433443623046875 0.545792642578125 0.45937892578125 0.530209140625 0.423043705078125 0.385907599609375 0.422050232421875 0.384434716796875 0.358276109375 0.419608560546875 0.34838448828125 0.425552046875 0.39240113671875 0.5668087890625 0.393789267578125 0.568866775390625
0 0.29736419140625 0.60998939453125 0.300957916015625 0.60639566796875 0.24373210546875 0.548887669921875 0.11255933203125 0.615069091796875 0.163857001953125 0.675256587890625 0.29736419140625 0.60998939453125
0 0.28414466796875 0.571170111328125 0.28622975 0.57426137109375 0.4286876875 0.53867718359375 0.43381293359375 0.53522016015625 0.384871396484375 0.4684415390625 0.246434470703125 0.508946572265625 0.24561041015625 0.509502408203125 0.28414466796875 0.571170111328125
0 0.279355216796875 0.474022263671875 0.2140426875 0.522451685546875 0.26343078515625 0.662668189453125 0.26470674609375 0.66436144921875 0.290009255859375 0.64729469140625 0.32602448046875 0.620155275390625 0.279355216796875 0.474022263671875
0 0.38879280078125 0.411039951171875 0.3877471796875 0.41174523046875 0.40479850390625 0.45208071875 0.42142705078125 0.48617429296875 0.550379240234375 0.4579147421875 0.56451518359375 0.453858427734375 0.56848151171875 0.451923921875 0.570429142578125 0.450610228515625 0.5381949453125 0.38030073046875 0.38879280078125 0.411039951171875
0 0.83543237109375 0.109161931640625 0.763837791015625 0.1598842109375 0.83231955078125 0.27671756640625 0.837409220703125 0.283722900390625 0.85721485546875 0.27036383203125 0.90327637890625 0.234833390625 0.83543237109375 0.109161931640625
0 0.703153263671875 0.214298376953125 0.758011837890625 0.329444349609375 0.7603423671875 0.33277269140625 0.815635037109375 0.296016712890625 0.831666810546875 0.28479114453125 0.770377322265625 0.163258853515625 0.703153263671875 0.214298376953125
0 0.70189092578125 0.33977877734375 0.70753373828125 0.33328746484375 0.64555854296875 0.280795369140625 0.538338486328125 0.35833712109375 0.60287836328125 0.416106599609375 0.70189092578125 0.33977877734375
0 0.62931932421875 0.268417677734375 0.693798576171875 0.38435893359375 0.70740273828125 0.375182810546875 0.7588095078125 0.333554427734375 0.69481158203125 0.212688482421875 0.62931932421875 0.268417677734375
0 0.471907880859375 0.3715038515625 0.47302091796875 0.37389076953125 0.508414380859375 0.44691135546875 0.62833530078125 0.420975609375 0.63433499609375 0.416928763671875 0.60213192578125 0.34743283984375 0.471907880859375 0.3715038515625
0 0.36853253125 0.92415529296875 0.334353166015625 0.86405406640625 0.16965990234375 0.889441072265625 0.200813806640625 0.95058405078125 0.208916384765625 0.9625966171875 0.361402517578125 0.92896455078125 0.36853253125 0.92415529296875
0 0.93524453125 0.568553421875 0.9614679765625 0.548356580078125 0.8709311015625 0.383179666015625 0.800960966796875 0.439937529296875 0.88368075390625 0.602241888671875 0.88503583984375 0.604040146484375 0.914743244140625 0.58400225 0.93524453125 0.568553421875
0 0.367651185546875 0.949610767578125 0.384500751953125 0.941392685546875 0.34327691015625 0.7566344609375 0.34211925390625 0.7549181640625 0.276841126953125 0.78864351953125 0.31101358203125 0.968663244140625 0.314109974609375 0.97325383203125 0.367651185546875 0.949610767578125
0 0.719126208984375 0.49115457421875 0.645427373046875 0.53925201953125 0.722678439453125 0.71218252734375 0.7242649609375 0.714366189453125 0.7419251640625 0.70245423046875 0.799597072265625 0.660553138671875 0.719126208984375 0.49115457421875
0 1 0.41927231640625 0.9490880234375 0.333588626953125 0.8755737109375 0.388149724609375 0.961298515625 0.542080857421875 0.966784263671875 0.549102294921875 1 0.525777232421875 1 0.41927231640625
0 0.39220880859375 0.69784042578125 0.33365791015625 0.762100345703125 0.432453958984375 0.91542122265625 0.436861029296875 0.919530880859375 0.443076001953125 0.91533883203125 0.49423429296875 0.86047827734375 0.39220880859375 0.69784042578125
0 0.67244091796875 0.738013654296875 0.675370287109375 0.73603776953125 0.647668310546875 0.661815087890625 0.64609121875 0.65770662109375 0.459899123046875 0.676255376953125 0.4591733359375 0.67653398046875 0.461437693359375 0.6824328359375 0.497836705078125 0.762928890625 0.517829083984375 0.760393880859375 0.67244091796875 0.738013654296875
0 0.619740380859375 0.761348587890625 0.628948296875 0.757813998046875 0.698965103515625 0.727671625 0.673689857421875 0.548826498046875 0.67346137109375 0.54823126953125 0.60763315234375 0.5718510859375 0.587850201171875 0.57944505078125 0.61756709765625 0.758126560546875 0.619740380859375 0.761348587890625
0 0.75030694140625 0.635999072265625 0.91156619921875 0.537359814453125 0.91145132421875 0.53718950390625 0.84637797265625 0.47196098046875 0.68860874609375 0.56181239453125 0.68747868359375 0.562794740234375 0.69027432421875 0.5669394453125 0.75030694140625 0.635999072265625
0 0.56931080859375 0.703491181640625 0.3809804140625 0.728659505859375 0.402650154296875 0.78542221484375 0.416289806640625 0.81755522265625 0.5991310234375 0.790558359375 0.60182215234375 0.78941604296875 0.602812017578125 0.78874837109375 0.56931080859375 0.703491181640625
0 0.428418865234375 0 0.439696826171875 0.019534001953125 0.461940404296875 0.05661733203125 0.55235745703125 0.029315158203125 0.55993737109375 0.02420244140625 0.54493891015625 0 0.428418865234375 0
0 0.361663220703125 0.033993353515625 0.3681920546875 0.0462723046875 0.39807125 0.09778343359375 0.49513064453125 0.07356927734375 0.49817471875 0.0715160234375 0.4613257578125 0.00650044921875 0.361663220703125 0.033993353515625
0 0.3344713359375 0.13762759765625 0.427412740234375 0.128669158203125 0.431038716796875 0.12622340625 0.406466845703125 0.0548615078125 0.30305891796875 0.064055890625 0.3344713359375 0.13762759765625
0 0.51650626171875 1 0.502318962890625 0.88146614453125 0.41692215234375 0.9203024296875 0.429138751953125 1 0.51650626171875 1
0 0.62351301171875 1 0.629861568359375 0.994481283203125 0.54990138671875 0.830103251953125 0.48024406640625 0.8843831875 0.47861801171875 0.8857966953125 0.532589296875 1 0.62351301171875 1
0 0.581571142578125 0.965594025390625 0.742390296875 0.87857637890625 0.74567475 0.8754046171875 0.74289538671875 0.87128404296875 0.67779941796875 0.806879640625 0.51810179296875 0.90405478125 0.51846927734375 0.90459959765625 0.581571142578125 0.965594025390625
0 1 0.60090958984375 0.84683081640625 0.68448155859375 0.856299693359375 0.69851974609375 0.9089076015625 0.76121541015625 1 0.7055566328125 1 0.60090958984375
0 0.860982224609375 0.842377962890625 0.861335103515625 0.842901126953125 0.945799595703125 0.7998643203125 0.897335408203125 0.614297029296875 0.89683955859375 0.613323869140625 0.89666915234375 0.613071232421875 0.8585460859375 0.6321323984375 0.80943445703125 0.657156021484375 0.860602701171875 0.84163310546875 0.860982224609375 0.842377962890625
0 0.859885912109375 0.85621625390625 0.82047673828125 0.6677793828125 0.72976657421875 0.7100782265625 0.77091510546875 0.8904713359375 0.77554671484375 0.897337984375 0.783535275390625 0.89361285546875 0.859885912109375 0.85621625390625
0 0.832469740234375 0.844930421875 0.78388566796875 0.767020650390625 0.596446380859375 0.83376066796875 0.6318220234375 0.88823437890625 0.65035637109375 0.9157126796875 0.825914099609375 0.8493522578125 0.832469740234375 0.844930421875
0 0.048055115234375 0.249811107421875 0.06520989453125 0.280733123046875 0.084003966796875 0.31328541015625 0.18086481640625 0.287428970703125 0.18974055859375 0.28144220703125 0.1584368046875 0.22324963671875 0.048055115234375 0.249811107421875
0 0.241870259765625 0.12041762109375 0.2651893984375 0.1661840078125 0.27309931640625 0.1810422421875 0.36079753515625 0.16417810546875 0.36623700390625 0.16050913671875 0.33507544921875 0.096988291015625 0.241870259765625 0.12041762109375
0 0.103086845703125 0.34825056640625 0.082699369140625 0.236432625 0.028445310546875 0.26566286328125 0.03657152734375 0.377368587890625 0.03830090625 0.37993249609375 0.09926205859375 0.35019975390625 0.103086845703125 0.34825056640625
0 0.17807216015625 0.29011572265625 0.182988755859375 0.294863623046875 0.234960986328125 0.246065517578125 0.18250626953125 0.152609591796875 0.131595400390625 0.2080161484375 0.17807216015625 0.29011572265625
0 0.27089050390625 0.22644337890625 0.29538449609375 0.19935959375 0.24589886328125 0.114030166015625 0.197172443359375 0.16663416015625 0.243266798828125 0.251886337890625 0.243870888671875 0.25246969921875 0.249281388671875 0.248820271484375 0.27089050390625 0.22644337890625
0 0 0.422115083984375 0.00118808984375 0.42444072265625 0.00519329296875 0.428308501953125 0.041266955078125 0.39238494921875 0.048891322265625 0.384489685546875 0.03950462890625 0.360483005859375 0.00440294140625 0.2750299609375 0 0.27922094140625 0 0.422115083984375