0 0.458984375 0.220703125 0.173828125 0.166015625
0 0.35546875 0.345703125 0.142578125 0.1357421875
0 0.404296875 0.2890625 0.15625 0.15625
0 0.302734375 0.4130859375 0.166015625 0.162109375
0 0.150390625 0.599609375 0.171875 0.1669921875
0 0.6181640625 0.05859375 0.158203125 0.1171875
0 0.5205078125 0.1611328125 0.177734375 0.169921875
0 0.26171875 0.470703125 0.1640625 0.1640625
0 0.572265625 0.103515625 0.171875 0.1640625
0 0.212890625 0.5390625 0.1689453125 0.1689453125
0 0.1044921875 0.67578125 0.1513671875 0.146484375
0 0.486328125 0.40234375 0.169921875 0.169921875
0 0.4296875 0.474609375 0.158203125 0.1513671875
0 0.32421875 0.603515625 0.154296875 0.150390625
0 0.544921875 0.341796875 0.1689453125 0.1611328125
0 0.654296875 0.2138671875 0.166015625 0.158203125
0 0.271484375 0.6708984375 0.158203125 0.1513671875
0 0.3798828125 0.54296875 0.15625 0.15625
0 0.712890625 0.146484375 0.1845703125 0.1845703125
0 0.6015625 0.2841796875 0.171875 0.171875
0 0.1669921875 0.806640625 0.158203125 0.1533203125
0 0.224609375 0.740234375 0.1591796875 0.154296875
0 0.146484375 0.2529296875 0.1533203125 0.1435546875
0 0.09765625 0.3125 0.162109375 0.154296875
0 0.8798828125 0.3798828125 0.1767578125 0.1767578125
0 0.9228515625 0.3134765625 0.154296875 0.181640625
0 0.8232421875 0.4599609375 0.1796875 0.169921875
0 0.0419921875 0.4296875 0.083984375 0.1689453125
0 0.197265625 0.197265625 0.158203125 0.158203125
0 0.3388671875 0.0556640625 0.166015625 0.111328125
0 0.068359375 0.3740234375 0.1357421875 0.1640625
0 0.767578125 0.533203125 0.185546875 0.177734375
0 0.416015625 0.9326171875 0.2001953125 0.134765625
0 0.720703125 0.607421875 0.189453125 0.189453125
0 0.5419921875 0.8212890625 0.189453125 0.1875
0 0.4833984375 0.8974609375 0.2001953125 0.193359375
0 0.603515625 0.755859375 0.2001953125 0.193359375
0 0.671875 0.6826171875 0.189453125 0.1796875
0 0.248046875 0.142578125 0.1640625 0.15625
0 0.2958984375 0.0869140625 0.1640625 0.15625
0 0.388671875 0.029296875 0.1611328125 0.0576171875
0 0.9521484375 0.5302734375 0.095703125 0.1953125
0 0.822265625 0.7548828125 0.2060546875 0.1982421875
0 0.9228515625 0.6044921875 0.154296875 0.2060546875
0 0.693359375 0.90234375 0.2109375 0.1953125
0 0.759765625 0.830078125 0.2001953125 0.1904296875
0 0.888671875 0.677734375 0.2080078125 0.2001953125
0 0.6328125 0.9453125 0.193359375 0.109375