0 0.630543822265625 1 0.698593513671875 0.951114767578125 0.70140758203125 0.947380373046875 0.69528544921875 0.94081519140625 0.649227939453125 0.90732803125 0.55218363671875 0.97332263671875 0.589466466796875 1 0.630543822265625 1
0 0.609860544921875 0.85469455078125 0.50224846875 0.904495986328125 0.548257318359375 0.954010302734375 0.65626341015625 0.9046427265625 0.609860544921875 0.85469455078125
0 0.39504679296875 0.77549248046875 0.487949091796875 0.715457341796875 0.48978999609375 0.713263435546875 0.4331065078125 0.662534662109375 0.334600962890625 0.727291482421875 0.33821759765625 0.73032619921875 0.39504679296875 0.77549248046875
0 0.531266701171875 0.7696306875 0.49586269921875 0.7300214375 0.391081921875 0.770347234375 0.390538125 0.77085433203125 0.437339361328125 0.830591634765625 0.54194630078125 0.792034060546875 0.545893998046875 0.7883527734375 0.531266701171875 0.7696306875
0 0.44392051171875 0.83754384375 0.44388440234375 0.83757871484375 0.499657345703125 0.89596536328125 0.607222455078125 0.84179706640625 0.573036208984375 0.805136806640625 0.55309351171875 0.784485537109375 0.44392051171875 0.83754384375
0 0.33038042578125 0.713933330078125 0.436106265625 0.674950125 0.43932661328125 0.6719471015625 0.394775439453125 0.60884078125 0.28472110546875 0.65334136328125 0.33038042578125 0.713933330078125
0 0.360366662109375 0.631304595703125 0.36876401171875 0.62229954296875 0.3046990234375 0.52142825390625 0.246843150390625 0.579906255859375 0.31159426171875 0.681311412109375 0.360366662109375 0.631304595703125
0 0.152282333984375 0.39719701953125 0.10241924609375 0.27067810546875 0.09900655078125 0.267018439453125 0.031327654296875 0.308564970703125 0.08064066796875 0.43960403515625 0.152282333984375 0.39719701953125
0 0.0627193046875 0.422845333984375 0.12105931640625 0.4832293671875 0.23585029296875 0.408764619140625 0.239069701171875 0.40576247265625 0.233080923828125 0.39934029296875 0.1809661015625 0.34436832421875 0.0614648046875 0.419693828125 0.06056389453125 0.42053394140625 0.0627193046875 0.422845333984375
0 0.25422713671875 0.622441853515625 0.278602544921875 0.607036552734375 0.31949457421875 0.57945453125 0.26955853515625 0.44533092578125 0.26733686328125 0.442948474609375 0.201734857421875 0.486469765625 0.25422713671875 0.622441853515625
0 0.210964298828125 0.563637515625 0.23593281640625 0.54341840625 0.26807631640625 0.51626326953125 0.20911001953125 0.39196313671875 0.20652188671875 0.389187703125 0.14224061328125 0.438908169921875 0.210964298828125 0.563637515625
0 0.6880647109375 0.91462002734375 0.806660048828125 0.81816287890625 0.8086969140625 0.815143099609375 0.78830392578125 0.800777615234375 0.74462953125 0.77131886328125 0.617376388671875 0.867698388671875 0.6880647109375 0.91462002734375
0 0.67449508984375 0.920811318359375 0.675640970703125 0.922040126953125 0.705868076171875 0.940344869140625 0.837822396484375 0.847233671875 0.839194396484375 0.845412966796875 0.83357860546875 0.83939076953125 0.804489455078125 0.817470521484375 0.77173762109375 0.794780396484375 0.68810755859375 0.902746958984375 0.67449508984375 0.920811318359375
0 0.491000818359375 0.50638698828125 0.48706797265625 0.50216952734375 0.429670064453125 0.5506647890625 0.491440109375 0.688538408203125 0.521168341796875 0.664569248046875 0.545872943359375 0.64309386328125 0.556477337890625 0.633205107421875 0.491000818359375 0.50638698828125
0 0.651055259765625 0.870281150390625 0.7173627265625 0.82057010546875 0.67213030859375 0.6874921796875 0.66971954296875 0.68429298828125 0.6681973125 0.68266059765625 0.60334008984375 0.72388518359375 0.651055259765625 0.870281150390625
0 0.6040611015625 0.702064333984375 0.606788123046875 0.699521345703125 0.54935670703125 0.56438389453125 0.54514048046875 0.559862544921875 0.48684015625 0.61864801171875 0.5485028125 0.749044166015625 0.549180716796875 0.749771126953125 0.6040611015625 0.702064333984375
0 0.509941185546875 0.730064142578125 0.56827286328125 0.7791725 0.6972327578125 0.699489541015625 0.697982419921875 0.69856378515625 0.690191232421875 0.690208759765625 0.636412828125 0.646659865234375 0.509941185546875 0.730064142578125
0 0.47918055859375 0.4670146015625 0.475391400390625 0.463225443359375 0.34316370703125 0.5415065 0.396212736328125 0.60059823046875 0.39790653125 0.602292025390625 0.512293705078125 0.532577109375 0.519264724609375 0.527693982421875 0.52835709765625 0.518601607421875 0.47918055859375 0.4670146015625
0 0.1465046796875 0.30154573828125 0.15464032421875 0.296399369140625 0.220225021484375 0.25380816796875 0.165544603515625 0.148213681640625 0.162014541015625 0.14442815234375 0.11639461328125 0.174054078125 0.095365306640625 0.1936642265625 0.1465046796875 0.30154573828125
0 0.2470794609375 0.3376997890625 0.280856458984375 0.294143130859375 0.19828281640625 0.1973741640625 0.194915921875 0.19454900390625 0.13815949609375 0.25895848046875 0.227428732421875 0.358933724609375 0.23585684375 0.3510743828125 0.2470794609375 0.3376997890625
0 0.24529676953125 0.40721588671875 0.244545861328125 0.40796679296875 0.304726759765625 0.46992058984375 0.41453 0.39688933984375 0.40725299609375 0.38908570703125 0.35633588671875 0.33816859765625 0.24529676953125 0.40721588671875
0 0.355215591796875 0.321827119140625 0.351574587890625 0.317922619140625 0.2914788984375 0.26925808984375 0.186906404296875 0.3566973671875 0.188747728515625 0.3586719453125 0.254688064453125 0.409461294921875 0.355215591796875 0.321827119140625
0 0.30273140234375 0.467499779296875 0.36183494140625 0.52689345703125 0.46685764453125 0.4632803828125 0.471899953125 0.45841108203125 0.469848837890625 0.45621153125 0.41805958203125 0.402323224609375 0.30273140234375 0.467499779296875
0 0.949335802734375 0.567384123046875 0.94888114453125 0.56668401171875 0.945554892578125 0.56311704296875 0.888569912109375 0.603954529296875 0.931032978515625 0.765091919921875 0.98976351171875 0.726951865234375 0.99950553125 0.71786728515625 0.949335802734375 0.567384123046875
0 0.522062775390625 0.166803310546875 0.40690345703125 0.01943817578125 0.34381740234375 0.091002404296875 0.462460693359375 0.233766638671875 0.476435279296875 0.220735126953125 0.48289860546875 0.213556873046875 0.522062775390625 0.166803310546875
0 0.881916380859375 0.72397921875 0.90337556640625 0.711589751953125 0.945295259765625 0.68607939453125 0.89776261328125 0.505516697265625 0.896968623046875 0.50414146484375 0.896633896484375 0.503782513671875 0.827035728515625 0.540517208984375 0.88152713671875 0.7235618046875 0.881916380859375 0.72397921875
0 0.45900341015625 0.294349908203125 0.52350151953125 0.35422374609375 0.67260652734375 0.23743169140625 0.67422875390625 0.23549840234375 0.669086724609375 0.229984251953125 0.603902451171875 0.17528815234375 0.45900341015625 0.294349908203125
0 0.30304476171875 0 0.300121953125 0.002725564453125 0.368508908203125 0.16295119921875 0.44492554296875 0.120457275390625 0.45268009765625 0.11561169140625 0.399460275390625 0 0.30304476171875 0
0 0.887671962890625 0.471078681640625 0.705391982421875 0.53065958984375 0.7052349609375 0.530806015625 0.75336933203125 0.603085486328125 0.926036853515625 0.54431577734375 0.928309509765625 0.542839896484375 0.93202450390625 0.539375607421875 0.887671962890625 0.471078681640625
0 0.66481418359375 0.43603915234375 0.69463576953125 0.39683812109375 0.71881357421875 0.36356023046875 0.59396551171875 0.227037927734375 0.59356727734375 0.22758605078125 0.54519594921875 0.300093791015625 0.66321712109375 0.435651033203125 0.66434873046875 0.436473193359375 0.66481418359375 0.43603915234375
0 0.512450955078125 0.30734698828125 0.513805064453125 0.30896075390625 0.58770311328125 0.246952927734375 0.49474464453125 0.088846484375 0.490986412109375 0.0848162734375 0.4253666796875 0.14803366796875 0.512450955078125 0.30734698828125
0 0.6982766796875 0.543326283203125 0.868703451171875 0.46957904296875 0.87226264453125 0.466798294921875 0.83499138671875 0.41634071484375 0.8170172265625 0.39333483984375 0.642367904296875 0.46607676171875 0.6982766796875 0.543326283203125
0 0.58325878125 0.405364654296875 0.637371369140625 0.47108560546875 0.80682455078125 0.3931848046875 0.80817759765625 0.39204946484375 0.74333021484375 0.323311357421875 0.725252369140625 0.332217140625 0.58343943359375 0.4052130703125 0.58325878125 0.405364654296875
0 0 0.633240720703125 0.010390095703125 0.6547316328125 0.02990855078125 0.638925900390625 0.07041325390625 0.603979396484375 0.02641437109375 0.521376734375 0.020925841796875 0.5154910078125 0 0.533022794921875 0 0.633240720703125
0 0.09151082421875 0.6971173046875 0.123842708984375 0.64710918359375 0.057392771484375 0.57068903515625 0.05536871875 0.569271779296875 0.01379202734375 0.63219061328125 0.08267246484375 0.707566044921875 0.087058267578125 0.703476216796875 0.09151082421875 0.6971173046875
0 0.09914793359375 0.741292953125 0.188572607421875 0.71136212109375 0.190974646484375 0.709122185546875 0.15058418359375 0.644483931640625 0.05199058203125 0.676673140625 0.09914793359375 0.741292953125
0 1 0.37967868359375 0.8818792734375 0.48497538671875 0.955373087890625 0.532091900390625 1 0.4948768203125 1 0.37967868359375
0 1 0.32199944140625 0.96836563671875 0.2963158515625 0.9648683984375 0.29377495703125 0.81812915234375 0.4096415390625 0.881346484375 0.4571300546875 0.89299291015625 0.4655916796875 1 0.379123875 1 0.32199944140625
0 0.84623844140625 0.200073595703125 0.841652923828125 0.19594477734375 0.78567282421875 0.26259526171875 0.886590625 0.42150969921875 0.889078669921875 0.41918955859375 0.950713134765625 0.347517771484375 0.84623844140625 0.200073595703125
0 0.515091072265625 0 0.6347965703125 0.126472060546875 0.637298728515625 0.12413876171875 0.690249580078125 0.056364763671875 0.64190891015625 0 0.515091072265625 0
0 0.62756281640625 0 0.584192638671875 0.03388449609375 0.669777455078125 0.205523294921875 0.670451697265625 0.206246330078125 0.696754712890625 0.18586512109375 0.745280251953125 0.147952814453125 0.674276044921875 0 0.62756281640625 0
0 0.8016780546875 0.09455985546875 0.616449251953125 0.147017724609375 0.664972677734375 0.234556302734375 0.84221990234375 0.18087477734375 0.84825984375 0.17524244140625 0.84430951171875 0.168115853515625 0.8016780546875 0.09455985546875
0 0.6838063359375 0.25493334765625 0.68534940625 0.256588087890625 0.754192158203125 0.323068759765625 0.917244140625 0.21429996875 0.88679934765625 0.181651923828125 0.85235640234375 0.147145705078125 0.6838063359375 0.25493334765625
0 0.36140711328125 0.864202626953125 0.25621112109375 0.903596626953125 0.299013119140625 0.96246433203125 0.392859728515625 0.92465019140625 0.400532728515625 0.91749500390625 0.38468242578125 0.895090013671875 0.36140711328125 0.864202626953125
0 0.226513416015625 0.728845369140625 0.18562258203125 0.695732625 0.10989897265625 0.75512949609375 0.163834146484375 0.797224306640625 0.2412773046875 0.743229431640625 0.24153937109375 0.74290580859375 0.23516948046875 0.7360749375 0.226513416015625 0.728845369140625
0 0.360962419921875 1 0.45226144140625 0.9718067578125 0.45437812109375 0.969832923828125 0.4115061015625 0.916890390625 0.40874648046875 0.913602103515625 0.304380611328125 0.9586206171875 0.340751556640625 1 0.360962419921875 1
0 0.267308435546875 0.78384710546875 0.22492185546875 0.84533893359375 0.286000755859375 0.924897380859375 0.28684103515625 0.92550787890625 0.31887244140625 0.88567473828125 0.33190000390625 0.8677438359375 0.2688068125 0.78493573828125 0.267308435546875 0.78384710546875
0 0.15721170703125 0.798479068359375 0.156910453125 0.798780322265625 0.16043466796875 0.80255958203125 0.161502404296875 0.80362731640625 0.21126689453125 0.850237681640625 0.296603197265625 0.802718640625 0.29697191015625 0.802349927734375 0.29344769140625 0.798570666015625 0.28956551171875 0.79468848828125 0.2457013828125 0.752611724609375 0.15721170703125 0.798479068359375
0 0.463671982421875 1 0.434307044921875 0.937201154296875 0.432889826171875 0.935733580078125 0.38673037109375 0.978598390625 0.3942484609375 1 0.463671982421875 1