0 0 0.442136251953125 0.05867173828125 0.46852593359375 0.104485939453125 0.42105098828125 0.10025806640625 0.417108431640625 0.00143548046875 0.36956417578125 0 0.37102928515625 0 0.442136251953125
0 0.08143812890625 0.54000676171875 0.14221526953125 0.43818986328125 0.09739113671875 0.38682019140625 0.0370042890625 0.489074296875 0.08143812890625 0.54000676171875
0 0.29267950390625 0.68811010546875 0.344889142578125 0.58256759375 0.287630513671875 0.53248889453125 0.285677310546875 0.53458344921875 0.237411607421875 0.634109712890625 0.289166962890625 0.685010927734375 0.291694263671875 0.68736767578125 0.29267950390625 0.68811010546875
0 0.30395882421875 0.56002546484375 0.301101791015625 0.55716843359375 0.200978890625 0.505637953125 0.1506963828125 0.555920458984375 0.147743505859375 0.55983905859375 0.244997375 0.6116580234375 0.30395882421875 0.56002546484375
0 0.145974357421875 0.42977484765625 0.107393 0.54356762890625 0.17297352734375 0.59067194140625 0.173003033203125 0.590631330078125 0.210276392578125 0.4753673359375 0.199723072265625 0.46741483984375 0.1466613203125 0.428863220703125 0.145974357421875 0.42977484765625
0 0.374308904296875 0.72793665234375 0.37454509375 0.7275105546875 0.399285326171875 0.613467251953125 0.334113341796875 0.577341830078125 0.33209640234375 0.580018400390625 0.304177583984375 0.69186162890625 0.374308904296875 0.72793665234375
0 0.37674552734375 0.6588081796875 0.341065880859375 0.71886141796875 0.45577455859375 0.755160603515625 0.49662267578125 0.685275353515625 0.493570015625 0.6829750078125 0.38327034765625 0.64836628515625 0.37674552734375 0.6588081796875
0 0.775138677734375 0.9053365078125 0.771901015625 0.9019838125 0.662399728515625 0.820927015625 0.60567134765625 0.8764356171875 0.60336891796875 0.87949104296875 0.71670633984375 0.96069992578125 0.775138677734375 0.9053365078125
0 0.71113624609375 0.829314763671875 0.70541797265625 0.825005736328125 0.57874688671875 0.77833822265625 0.534999251953125 0.851146513671875 0.53573663671875 0.85170217578125 0.66593872265625 0.90160756640625 0.71113624609375 0.829314763671875
0 0.41728032421875 0.72742930859375 0.403171845703125 0.75257755859375 0.541704818359375 0.797881673828125 0.581833564453125 0.729921744140625 0.579311138671875 0.728020958984375 0.442684419921875 0.685149787109375 0.41728032421875 0.72742930859375
0 0.46984315234375 0.768495005859375 0.5836571015625 0.85234159765625 0.64147839453125 0.80583787109375 0.64100503515625 0.805273744140625 0.532320162109375 0.714547263671875 0.506413693359375 0.736285373046875 0.47007858984375 0.76818257421875 0.46984315234375 0.768495005859375
0 0.1189823828125 0.226733638671875 0.11737754296875 0.22886333203125 0.08973500390625 0.383427041015625 0.15903755859375 0.42002471484375 0.191876134765625 0.2671393046875 0.1189823828125 0.226733638671875
0 0.05692814453125 0.369412583984375 0.14857480859375 0.229404576171875 0.1359594453125 0.21012480859375 0.1316855703125 0.20484701171875 0.12694751171875 0.20127662890625 0.055340833984375 0.259262572265625 0.01485258984375 0.31299228515625 0.05692814453125 0.369412583984375
0 0.4550066171875 0.576982376953125 0.49992559765625 0.51559562890625 0.49770262890625 0.51392050390625 0.364498720703125 0.45653337890625 0.31611799609375 0.520736767578125 0.3131599921875 0.524980375 0.4550066171875 0.576982376953125
0 0.30263167578125 0.38030111328125 0.298559513671875 0.375616626953125 0.17779401171875 0.3037041875 0.116490517578125 0.35725978125 0.11564666015625 0.3583796171875 0.248659494140625 0.43533708203125 0.30263167578125 0.38030111328125
0 0.277399830078125 0.506387490234375 0.328186931640625 0.564186076171875 0.406877244140625 0.439752919921875 0.359280068359375 0.37830823046875 0.355067958984375 0.375134177734375 0.351287337890625 0.378538265625 0.277399830078125 0.506387490234375
0 0.3702611328125 0.402234751953125 0.366139517578125 0.399128890625 0.22415771875 0.36529446875 0.182192482421875 0.435136349609375 0.333317583984375 0.46646444140625 0.3702611328125 0.402234751953125
0 0.404848818359375 0.536605236328125 0.382533251953125 0.573868798828125 0.384753685546875 0.575542017578125 0.526957212890625 0.626251861328125 0.5684854921875 0.561389830078125 0.562031802734375 0.556526626953125 0.549824712890625 0.55108891015625 0.42606044921875 0.505157703125 0.404848818359375 0.536605236328125
0 0.884847138671875 0.79195958203125 0.768733380859375 0.76222766015625 0.73541857421875 0.838317521484375 0.84652322265625 0.870968220703125 0.865514423828125 0.845766046875 0.8866919765625 0.793349767578125 0.884847138671875 0.79195958203125
0 0.6685419609375 0.7592514296875 0.779990046875 0.8337526875 0.8358737265625 0.76858454296875 0.83260748046875 0.765643603515625 0.72528823046875 0.697341197265625 0.686856310546875 0.73685139453125 0.678059421875 0.74662133203125 0.6685419609375 0.7592514296875
0 0.64286012890625 0.739643177734375 0.643257939453125 0.738658560546875 0.66342986328125 0.609467591796875 0.58739433984375 0.57874724609375 0.58641245703125 0.58005025 0.56231680859375 0.708453646484375 0.64286012890625 0.739643177734375
0 0.67167564453125 0.79566614453125 0.753124951171875 0.687892943359375 0.732163666015625 0.66428750390625 0.69809774609375 0.62775627734375 0.69480644921875 0.625276107421875 0.61531341015625 0.735087400390625 0.66974555078125 0.79421171484375 0.67167564453125 0.79566614453125
0 0.487033951171875 0.637688982421875 0.544245064453125 0.6926716171875 0.611604181640625 0.581464341796875 0.557720240234375 0.527843625 0.55272372265625 0.524078478515625 0.549146068359375 0.52778324609375 0.487033951171875 0.637688982421875
0 0.190680408203125 0.104157703125 0.355795515625 0.134574970703125 0.358267896484375 0.129272927734375 0.3889542421875 0.06024494140625 0.38563680859375 0.057745076171875 0.221833076171875 0.03831990234375 0.220647310546875 0.039893466796875 0.190680408203125 0.104157703125
0 0.78319865234375 0.49678379296875 0.76619018359375 0.5201939375 0.931991619140625 0.60734523046875 0.988340380859375 0.5314794140625 0.98464494140625 0.528694701171875 0.82078784765625 0.448754841796875 0.78319865234375 0.49678379296875
0 0.247405130859375 0.120951318359375 0.237326630859375 0.143588 0.2377824453125 0.14393148046875 0.42552020703125 0.178991009765625 0.45477867578125 0.10593428515625 0.454386701171875 0.105638912109375 0.452936009765625 0.1049930234375 0.268393939453125 0.07659470703125 0.247405130859375 0.120951318359375
0 0.83389337109375 0.38966123828125 0.831827244140625 0.38874133984375 0.64847744140625 0.349531115234375 0.64110108203125 0.366098689453125 0.615854498046875 0.431427138671875 0.79872937109375 0.475026203125 0.836425330078125 0.39156920703125 0.83389337109375 0.38966123828125
0 1 0.49869761328125 0.9742784296875 0.47627691796875 0.96808879296875 0.48268647265625 0.8667434140625 0.626813673828125 0.934151818359375 0.68876021875 1 0.60047649609375 1 0.49869761328125
0 0.37617144921875 0.2628153203125 0.45579722265625 0.297704880859375 0.482851365234375 0.107630306640625 0.40857359765625 0.076101263671875 0.404532703125 0.0814637109375 0.4040649140625 0.08256575390625 0.37617144921875 0.2628153203125
0 0.6228474765625 0.45648 0.62561032421875 0.45965829296875 0.626701517578125 0.46048056640625 0.73899951171875 0.313826759765625 0.717965076171875 0.28962941015625 0.67863908984375 0.24635234765625 0.676060662109375 0.24859373828125 0.57145060546875 0.3923446328125 0.6228474765625 0.45648
0 0.91055769921875 0.494676595703125 0.90779040625 0.491378662109375 0.76772915234375 0.3793208125 0.69676942578125 0.431005294921875 0.6940950703125 0.43455428515625 0.83737986328125 0.556729400390625 0.91055769921875 0.494676595703125
0 0.416679158203125 0.2129685625 0.39402207421875 0.269344435546875 0.58188453515625 0.29779574609375 0.6164758515625 0.21408661328125 0.612589328125 0.211157908203125 0.430877533203125 0.181078494140625 0.416679158203125 0.2129685625
0 0.6407223125 0.22922773046875 0.557755306640625 0.184495349609375 0.55705721484375 0.18542175 0.556796201171875 0.1859814921875 0.525407517578125 0.36982290625 0.60284598828125 0.405059767578125 0.6029956015625 0.404861224609375 0.63679887890625 0.24899457421875 0.6407223125 0.22922773046875
0 0.51649862109375 1 0.531078349609375 0.96557962109375 0.526718427734375 0.96229418359375 0.43211228125 0.94383210546875 0.410535205078125 0.99278431640625 0.40761987890625 1 0.51649862109375 1
0 0.40812826171875 1 0.46243908984375 0.931530931640625 0.42403139453125 0.88139861328125 0.41914081640625 0.87535925390625 0.41573344921875 0.872791619140625 0.41379387109375 0.874362259765625 0.353697154296875 0.954089908203125 0.388147365234375 1 0.40812826171875 1
0 0.4156961171875 0.880589333984375 0.41257326953125 0.87823609765625 0.323707986328125 0.848492498046875 0.27675040234375 0.91283856640625 0.27754410546875 0.9134366640625 0.37523993359375 0.94533276171875 0.4156961171875 0.880589333984375
0 0.454806568359375 0 0.44024071484375 0.076978142578125 0.52423013671875 0.11877107421875 0.54267048046875 0 0.454806568359375 0
0 0.553305244140625 0 0.5008914296875 0.1180549140625 0.51207905078125 0.12711446875 0.574311283203125 0.1758867890625 0.648250896484375 0.0041590859375 0.644891427734375 0.001438642578125 0.642906009765625 0 0.553305244140625 0
0 0.538278373046875 0.111682228515625 0.70369725390625 0.19713546484375 0.76601551953125 0.12621498046875 0.76725530859375 0.124569724609375 0.763129482421875 0.121107744140625 0.59663202734375 0.045520244140625 0.54427742578125 0.10372121875 0.538278373046875 0.111682228515625
0 1 0.25829284765625 0.9712263359375 0.2381453125 0.96467920703125 0.24683364453125 0.891116076171875 0.41507126171875 0.9641082734375 0.466806427734375 1 0.394583853515625 1 0.25829284765625
0 1 0.305067912109375 0.84110183203125 0.207172109375 0.7983249140625 0.251468904296875 0.782214642578125 0.268285720703125 0.77613253515625 0.27635694921875 0.937707033203125 0.379300654296875 0.9917462578125 0.323341400390625 1 0.314663388671875 1 0.305067912109375
0 0.804431689453125 0.11677600390625 0.799826244140625 0.12288763671875 0.74051224609375 0.296997556640625 0.821724626953125 0.349930453125 0.88721852734375 0.168506962890625 0.804431689453125 0.11677600390625
0 0.818960154296875 0.11994904296875 0.792039255859375 0.09399953515625 0.74783071875 0.06068601171875 0.644777091796875 0.221168615234375 0.71406675 0.290458271484375 0.818960154296875 0.11994904296875
0 0.054641580078125 0.695272708984375 0.03537157421875 0.724922740234375 0.143631544921875 0.75911934765625 0.179383814453125 0.702515240234375 0.172562703125 0.697375166015625 0.0756606015625 0.664110724609375 0.054641580078125 0.695272708984375
0 0.24300571875 0.83026651171875 0.22365314453125 0.864991603515625 0.316888234375 0.88803898046875 0.3507910625 0.8316798671875 0.3447592578125 0.827134576171875 0.25989656640625 0.801010708984375 0.24300571875 0.83026651171875
0 0.05838425390625 0.593727375 0.058241224609375 0.593847388671875 0.00440519140625 0.694416546875 0.04207973046875 0.743186810546875 0.106185072265625 0.64932837109375 0.10348376171875 0.64599201953125 0.06176823046875 0.596277384765625 0.05838425390625 0.593727375
0 0.18502985546875 0.826004591796875 0.2172184296875 0.729882826171875 0.16149356640625 0.68876687109375 0.1593342109375 0.687254873046875 0.15338008984375 0.69515626171875 0.123012125 0.786956203125 0.18502985546875 0.826004591796875
0 0.231267169921875 0.733786306640625 0.230633376953125 0.73433725390625 0.180140439453125 0.817060205078125 0.226047 0.87214225 0.279930611328125 0.789519640625 0.25688764453125 0.76119105859375 0.236479259765625 0.737713896484375 0.231267169921875 0.733786306640625
0 0 0.684311484375 0.025207099609375 0.69494929296875 0.03545382421875 0.5792461171875 0.0299438515625 0.57679291796875 0 0.56494508984375 0 0.684311484375