0 0.1976264765625 0.086060109375 0.115797599609375 0.1617880390625 0.14217546875 0.22387051953125 0.14288699609375 0.223666494140625 0.22925636328125 0.147769224609375 0.21628225390625 0.1165782890625 0.20212089453125 0.08477135546875 0.1976264765625 0.086060109375
0 0.13547211328125 0.174526673828125 0.185896 0.281848494140625 0.253548724609375 0.27341316015625 0.202544123046875 0.166170421875 0.13547211328125 0.174526673828125
0 0.23131999609375 0.52809828515625 0.232934734375 0.5325347421875 0.32747712109375 0.462117947265625 0.29987900390625 0.393211517578125 0.292894603515625 0.39521426171875 0.2083143046875 0.459248529296875 0.23131999609375 0.52809828515625
0 0.21666790234375 0.45668988671875 0.300744138671875 0.381119138671875 0.28152512109375 0.331591716796875 0.27159463671875 0.310295728515625 0.26660533984375 0.31172638671875 0.184566400390625 0.387605900390625 0.21666790234375 0.45668988671875
0 0.17804973046875 0.372017017578125 0.17809883203125 0.372006580078125 0.28313492578125 0.311167890625 0.26867216015625 0.243125919921875 0.266092919921875 0.23413104296875 0.160832837890625 0.293129751953125 0.17804973046875 0.372017017578125
0 0.35131471875 0.54598223046875 0.33400519140625 0.469664916015625 0.331520767578125 0.47014783984375 0.230127064453125 0.523516408203125 0.244603619140625 0.5979918359375 0.35131471875 0.54598223046875
0 0.27624550390625 0.683710662109375 0.37867646875 0.621087857421875 0.37720105859375 0.615942484375 0.352802546875 0.543833658203125 0.34984729296875 0.544681064453125 0.250489244140625 0.60575805078125 0.27624550390625 0.683710662109375
0 0.390990791015625 1 0.48741817578125 0.915055017578125 0.44649005078125 0.84693917578125 0.442627580078125 0.84804672265625 0.33960573046875 0.936004046875 0.378634298828125 1 0.390990791015625 1
0 0.44299989453125 0.776113259765625 0.440295306640625 0.76906756640625 0.432947923828125 0.77117439453125 0.31849385546875 0.84002306640625 0.3471920859375 0.918929337890625 0.34832468359375 0.92187985546875 0.349474705078125 0.921438404296875 0.469562740234375 0.84705187890625 0.44299989453125 0.776113259765625
0 0.30864651171875 0.622960220703125 0.28503583203125 0.628284166015625 0.28062608984375 0.629548638671875 0.33954644140625 0.7625674765625 0.41218882421875 0.747868546875 0.417745279296875 0.746275259765625 0.41772465234375 0.7461691328125 0.357064978515625 0.613548623046875 0.30864651171875 0.622960220703125
0 0.329908783203125 0.70174176953125 0.2991841640625 0.711135228515625 0.364159681640625 0.837857509765625 0.441624537109375 0.812270458984375 0.44070609765625 0.809067474609375 0.370395828125 0.6902785625 0.329908783203125 0.70174176953125
0 0.382790525390625 0.070938681640625 0.24093104296875 0.127901146484375 0.247699251953125 0.212474609375 0.393688232421875 0.14790222265625 0.389096794921875 0.095421849609375 0.38641917578125 0.07062121484375 0.382790525390625 0.070938681640625
0 0.2232820625 0.059197873046875 0.227810845703125 0.128968982421875 0.22925962890625 0.13402149609375 0.38128516796875 0.06699566015625 0.38120555078125 0.04395546484375 0.380609826171875 0.038287544921875 0.37869298046875 0.031602708984375 0.28527692578125 0.0414211328125 0.2232820625 0.059197873046875
0 0.48212504296875 0.39601751953125 0.478704470703125 0.39613696484375 0.33935951171875 0.44375494140625 0.3400393671875 0.463223458984375 0.3428461953125 0.52049709765625 0.48758392578125 0.479833388671875 0.48703774609375 0.464192880859375 0.48212504296875 0.39601751953125
0 0.42090171875 0.22918194921875 0.41940983203125 0.2170315078125 0.40607924609375 0.1518538984375 0.40422325 0.152081787109375 0.273048935546875 0.21388437109375 0.28333801953125 0.29601182421875 0.283636466796875 0.2959751796875 0.42090171875 0.22918194921875
0 0.455400060546875 0.450571658203125 0.4552290625 0.445674923828125 0.4045450625 0.30623421484375 0.33383423828125 0.30870348828125 0.328315021484375 0.31028609765625 0.372022890625 0.44731412109375 0.455400060546875 0.450571658203125
0 0.4144972109375 0.21567863671875 0.409139201171875 0.21721501953125 0.296064517578125 0.31074636328125 0.32710528515625 0.385896919921875 0.44237271484375 0.2846729296875 0.4144972109375 0.21567863671875
0 0.513177 0.516074306640625 0.487922361328125 0.45957557421875 0.484961654296875 0.46042454296875 0.48007467578125 0.46230048046875 0.36155402734375 0.54644699609375 0.39156541796875 0.61936711328125 0.41000765234375 0.60829065234375 0.519530373046875 0.53262540625 0.513177 0.516074306640625
0 0.57027041796875 1 0.580776896484375 0.99698731640625 0.629754154296875 0.975181236328125 0.62847300390625 0.970713330078125 0.569449396484375 0.866911478515625 0.498009423828125 0.898718603515625 0.48926232421875 0.902738814453125 0.54918562109375 1 0.57027041796875 1
0 0.60398338671875 0.83428976171875 0.592806107421875 0.79530995703125 0.46941800390625 0.84829082421875 0.493843453125 0.93135684765625 0.61361505078125 0.87670904296875 0.60398338671875 0.83428976171875
0 0.500496283203125 0.6242319453125 0.42009030859375 0.6564435625 0.4943233671875 0.765980396484375 0.569893765625 0.73807984765625 0.567801779296875 0.730784224609375 0.567432005859375 0.729820931640625 0.500496283203125 0.6242319453125
0 0.56479099609375 0.705736046875 0.560708728515625 0.706906619140625 0.44819421484375 0.77165743359375 0.47562937890625 0.85315768359375 0.592736873046875 0.78251671484375 0.56479099609375 0.705736046875
0 0.459052525390625 0.551623919921875 0.397791638671875 0.576546609375 0.47198712109375 0.683314298828125 0.54891172265625 0.653569404296875 0.547914900390625 0.65009307421875 0.47131018359375 0.54667150390625 0.459052525390625 0.551623919921875
0 0.55110810546875 0 0.48636388671875 0.039771865234375 0.4878105234375 0.04450359765625 0.512150755859375 0.11927083203125 0.665366314453125 0.0110409453125 0.66253697265625 0 0.55110810546875 0
0 0.69024503515625 0.692962830078125 0.80192290234375 0.84119692578125 0.88287168359375 0.80353245703125 0.882203140625 0.801200970703125 0.774838146484375 0.649406400390625 0.70470844140625 0.684214755859375 0.68990012109375 0.69175997265625 0.69024503515625 0.692962830078125
0 0.692177880859375 0.172516216796875 0.691541748046875 0.17076845703125 0.58377609375 0.018292873046875 0.53728856640625 0.034007478515625 0.5137586328125 0.042571673828125 0.619267435546875 0.202450498046875 0.692233869140625 0.172711466796875 0.692177880859375 0.172516216796875
0 0.78337553515625 0.46750741015625 0.779365078125 0.46955083984375 0.636802025390625 0.57930142578125 0.67876653515625 0.66276687890625 0.828724654296875 0.54164119140625 0.81862744921875 0.52182430859375 0.786857404296875 0.466508998046875 0.78337553515625 0.46750741015625
0 0.82987142578125 0.7426654921875 0.74374225 0.75773205859375 0.792723724609375 0.929837810546875 0.831603310546875 0.925063998046875 0.88198467578125 0.910617375 0.83894726953125 0.741551119140625 0.82987142578125 0.7426654921875
0 0.6841946171875 0.112336662109375 0.68311354296875 0.112840775390625 0.541774158203125 0.22812793359375 0.57749701953125 0.3071039609375 0.578079076171875 0.30693705859375 0.724891830078125 0.18418579296875 0.690539626953125 0.11051726171875 0.6841946171875 0.112336662109375
0 0.7578444765625 0.39143517578125 0.77439796484375 0.37994154296875 0.747343693359375 0.29500704296875 0.74592712890625 0.29131676171875 0.74112887890625 0.29269263671875 0.5938546015625 0.400919380859375 0.59721854296875 0.40968274609375 0.625028365234375 0.4801629453125 0.62524852734375 0.48007843359375 0.7578444765625 0.39143517578125
0 0.7967028828125 0.5313695390625 0.705063599609375 0.38446487890625 0.636815494140625 0.40495071484375 0.621271169921875 0.4103030546875 0.7153260546875 0.569611109375 0.72678437109375 0.5656656953125 0.79890326171875 0.53904316796875 0.7967028828125 0.5313695390625
0 0.71333044140625 0.75579471484375 0.71412137890625 0.75556791796875 0.8514815859375 0.6347325859375 0.81110923046875 0.552206568359375 0.80999448046875 0.552526216796875 0.664673513671875 0.67251846875 0.71333044140625 0.75579471484375
0 0.74204169140625 0.220117763671875 0.566043384765625 0.27935065234375 0.5761850859375 0.374168505859375 0.754648669921875 0.31136308203125 0.752612138671875 0.282239326171875 0.74654737109375 0.2198026953125 0.74204169140625 0.220117763671875
0 0.25241621484375 1 0.24124276953125 0.9679892578125 0.174587521484375 0.97854641015625 0.16688284765625 0.98075569140625 0.172936845703125 1 0.25241621484375 1
0 0.249211203125 0.993209310546875 0.249048294921875 0.9885442734375 0.22751159765625 0.89758705078125 0.1595466953125 0.8999604375 0.15113582421875 0.902372216796875 0.17165716015625 0.996693529296875 0.249211203125 0.993209310546875
0 0.710398353515625 0 0.71220795703125 0.0518202890625 0.715276486328125 0.051713134765625 0.801389025390625 0.043133716796875 0.80127636328125 0.039907451171875 0.788193728515625 0 0.710398353515625 0
0 0.20397423828125 0.80432218359375 0.201603720703125 0.80500191796875 0.123037201171875 0.869074359375 0.15453517578125 0.936488197265625 0.23588417578125 0.875281453125 0.20397423828125 0.80432218359375
0 0.20429098046875 0.744193123046875 0.19844488671875 0.744807572265625 0.107179041015625 0.775482830078125 0.112589865234375 0.844904880859375 0.113254359375 0.851227115234375 0.21066419921875 0.815788380859375 0.2062726171875 0.751103908203125 0.20429098046875 0.744193123046875
0 0.194958419921875 0.76866586328125 0.194530275390625 0.764592330078125 0.160751455078125 0.67137587109375 0.092869603515625 0.67851054296875 0.084098013671875 0.68102575390625 0.11604001171875 0.77125530859375 0.194958419921875 0.76866586328125
0 0.840680833984375 0.00244624609375 0.8364174140625 0.003668763671875 0.70759913671875 0.129312037109375 0.75242780078125 0.21172115625 0.881907125 0.076820443359375 0.840680833984375 0.00244624609375
0 0.751031201171875 0.11480196484375 0.8042152421875 0.2881117421875 0.89749758203125 0.283363939453125 0.840997296875 0.10637924609375 0.81512405078125 0.107282759765625 0.75096750390625 0.11297784375 0.751031201171875 0.11480196484375
0 0.715564873046875 0 0.77295273828125 0.112141294921875 0.862432388671875 0.096237896484375 0.86138705078125 0.09086008984375 0.813071375 0 0.715564873046875 0
0 0.76237619140625 0.213454013671875 0.85540098828125 0.377322986328125 0.93869330078125 0.359577509765625 0.940499423828125 0.35905961328125 0.93903817578125 0.353198865234375 0.857900591796875 0.19173233984375 0.765706322265625 0.212499115234375 0.76237619140625 0.213454013671875
0 1 0.63722321875 0.947323751953125 0.56572864453125 0.86623976171875 0.60353873046875 0.973250189453125 0.76475820703125 1 0.75179033203125 1 0.63722321875
0 1 0.57626856640625 0.922977849609375 0.4716573984375 0.86672191015625 0.49670415625 0.836234869140625 0.510424291015625 0.83649396875 0.511006236328125 0.94806814453125 0.667441150390625 1 0.64431959765625 1 0.57626856640625
0 1 0.439118634765625 0.996678013671875 0.41814444140625 0.989085982421875 0.3916678828125 0.9881075078125 0.391822857421875 0.814675935546875 0.46255508984375 0.8280070859375 0.55857395703125 1 0.49203349609375 1 0.439118634765625
0 0.82884658984375 0.2984855703125 0.77682199609375 0.328585673828125 0.907187349609375 0.47701128515625 0.9905542109375 0.430800279296875 0.9889426328125 0.425180041015625 0.85832763671875 0.28214395703125 0.82884658984375 0.2984855703125
0 1 0.65671623828125 0.97921162890625 0.66189936328125 0.90870537890625 0.68138101953125 0.97580291015625 0.860125740234375 1 0.85519107421875 1 0.65671623828125
0 0.10840656640625 0.38146103515625 0.105043677734375 0.38169619140625 0.002676052734375 0.419908759765625 0.009623095703125 0.489231359375 0.1147585 0.452919998046875 0.11225147265625 0.417067849609375 0.109473181640625 0.3851807578125 0.10840656640625 0.38146103515625
0 0.0709397421875 0.60677637109375 0.10394298046875 0.696888642578125 0.170547580078125 0.69343186328125 0.170024484375 0.6859512421875 0.14422334765625 0.60097481640625 0.11052394921875 0.603331306640625 0.07130323828125 0.606672138671875 0.0709397421875 0.60677637109375
0 0 0.356099615234375 0.044758017578125 0.415843517578125 0.103734083984375 0.402568123046875 0.102662525390625 0.3985690078125 0.047146322265625 0.304945951171875 0.037260177734375 0.30759493359375 0 0.318279119140625 0 0.356099615234375
0 0.10073640625 0.442187400390625 0.09681733984375 0.444014888671875 0.02614369140625 0.506510208984375 0.056148154296875 0.57525749609375 0.05664382421875 0.575115365234375 0.136265435546875 0.5041863671875 0.1031989921875 0.441481263671875 0.10073640625 0.442187400390625
0 0.050686072265625 0.5688819140625 0.06732611328125 0.635004072265625 0.069165810546875 0.64141986328125 0.06974869921875 0.64125272265625 0.152765828125 0.586094833984375 0.13723041796875 0.52733118359375 0.134293619140625 0.517089353515625 0.133619021484375 0.517282791015625 0.050686072265625 0.5688819140625
0 0 0.27002418359375 0.013055140625 0.28268516015625 0.07570809765625 0.256090556640625 0.0743952265625 0.251512029296875 0 0.1802492421875 0 0.27002418359375
0 0 0.32369659765625 0.016920494140625 0.3530758671875 0.0887800703125 0.3359394375 0.08877420703125 0.335909271484375 0.03624373828125 0.25995655078125 0.021993345703125 0.240084314453125 0 0.24435938671875 0 0.32369659765625
0 0 0.22389640234375 0.03228537890625 0.222871638671875 0.03292747265625 0.222687521484375 0.0327939921875 0.21886515234375 0 0.145235234375 0 0.22389640234375