0 0.8398127109375 0.0982311953125 0.813735736328125 0.097053779296875 0.77388657421875 0.19922228515625 0.7734833203125 0.204989091796875 0.83936754296875 0.208464859375 0.88371258984375 0.10288183984375 0.87642140234375 0.100791125 0.8398127109375 0.0982311953125
0 0.86212043359375 0.239901369140625 0.78632022265625 0.151352017578125 0.78424841796875 0.1507579375 0.749671853515625 0.20805967578125 0.82720597265625 0.29777590625 0.86212043359375 0.239901369140625
0 0.80656462109375 0.434960509765625 0.80232125390625 0.43289087890625 0.7362534140625 0.40281445703125 0.660821615234375 0.48334166796875 0.659941158203125 0.486412189453125 0.726651205078125 0.521624423828125 0.80656462109375 0.434960509765625
0 0.81015654296875 0.368407546875 0.715003556640625 0.3179195390625 0.713230857421875 0.3175749609375 0.7091935625 0.3316546796875 0.69762178125 0.391186341796875 0.799604513671875 0.4471739140625 0.800659169921875 0.443495890625 0.81015654296875 0.368407546875
0 0.787241435546875 0.240605359375 0.701561349609375 0.32027954296875 0.70055804296875 0.3220895546875 0.6996817265625 0.325145630859375 0.76801164453125 0.363508734375 0.855803798828125 0.2795271171875 0.856030685546875 0.27873586328125 0.787241435546875 0.240605359375
0 0.643090626953125 0.57082130859375 0.642641521484375 0.5724973984375 0.71779289453125 0.59515695703125 0.776634841796875 0.493173966796875 0.725025892578125 0.47837533984375 0.703835421875 0.472697369140625 0.643090626953125 0.57082130859375
0 0.627835677734375 0.66811679296875 0.62781272265625 0.66943199609375 0.709508373046875 0.672690423828125 0.74167865234375 0.5573116953125 0.659507892578125 0.55344582421875 0.627835677734375 0.66811679296875
0 0.628473892578125 1 0.65905262109375 0.9295230390625 0.5442408828125 0.85097592578125 0.51034848828125 0.92709948828125 0.62053166796875 1 0.628473892578125 1
0 0.531539248046875 0.8831847421875 0.52956566796875 0.8900674296875 0.60916891015625 0.920602478515625 0.68311910546875 0.80238869140625 0.683373603515625 0.801501150390625 0.604618064453125 0.76968184765625 0.531539248046875 0.8831847421875
0 0.72457480859375 0.70151125 0.61803752734375 0.60699276953125 0.613043603515625 0.60556078515625 0.57650126953125 0.674286923828125 0.686005259765625 0.76911156640625 0.72457480859375 0.70151125
0 0.693349017578125 0.703660728515625 0.64554058984375 0.69412617578125 0.612235875 0.68825365625 0.563475251953125 0.821167529296875 0.563347375 0.8218927578125 0.6366739453125 0.83325551953125 0.693349017578125 0.703660728515625
0 0.609205529296875 0.120042220703125 0.722357310546875 0.232643505859375 0.75898439453125 0.15611288671875 0.64817373828125 0.05322230859375 0.64304427734375 0.05175145703125 0.632299291015625 0.07269299609375 0.609205529296875 0.120042220703125
0 0.627005236328125 0.14211030859375 0.6608977578125 0.1519557109375 0.74259659765625 0.053869806640625 0.704601732421875 0.038518884765625 0.67222691015625 0.0292355546875 0.62794088671875 0.138847306640625 0.627005236328125 0.14211030859375
0 0.605612416015625 0.386382517578125 0.50368279296875 0.48878754296875 0.50266768359375 0.49069668359375 0.501923380859375 0.493292373046875 0.573631318359375 0.53489613671875 0.6732226328125 0.42308813671875 0.673410890625 0.42243160546875 0.605612416015625 0.386382517578125
0 0.67853741796875 0.311074072265625 0.67949572265625 0.311605267578125 0.72301712890625 0.24599877734375 0.62136497265625 0.133310283203125 0.62012801171875 0.13295558984375 0.58027287109375 0.20485616796875 0.67853741796875 0.311074072265625
0 0.61093722265625 0.3052116015625 0.532369435546875 0.43106740234375 0.53119007421875 0.435797556640625 0.531408529296875 0.435860197265625 0.61341654296875 0.44997031640625 0.68448232421875 0.325333953125 0.63676390625 0.31165091796875 0.61093722265625 0.3052116015625
0 0.547993724609375 0.349632029296875 0.6180095546875 0.373868154296875 0.7115120390625 0.25107755859375 0.645570068359375 0.22965171484375 0.63375820703125 0.22626471875 0.549695080078125 0.343698703125 0.547993724609375 0.349632029296875
0 0.62787878515625 0.473275404296875 0.627186626953125 0.473076931640625 0.60004069140625 0.468597373046875 0.549976068359375 0.46156125 0.493472115234375 0.59882864453125 0.492910248046875 0.602826525390625 0.5721601875 0.618352333984375 0.621606708984375 0.49371373828125 0.62760066015625 0.47525437109375 0.62787878515625 0.473275404296875
0 0.493857208984375 1 0.51836272265625 0.941370986328125 0.399521724609375 0.87918075390625 0.388475005859375 0.876013158203125 0.360395078125 0.951701669921875 0.44528605078125 1 0.493857208984375 1
0 0.391318455078125 0.846140923828125 0.382739013671875 0.863731384765625 0.49229717578125 0.93829304296875 0.49572136328125 0.9392749140625 0.52931506640625 0.86308114453125 0.42583091015625 0.78919671875 0.42146612109375 0.78794513671875 0.391318455078125 0.846140923828125
0 0.556397701171875 0.762660060546875 0.55744351171875 0.76284446484375 0.57367474609375 0.678011923828125 0.451308474609375 0.63012676953125 0.449110654296875 0.6377914765625 0.4361480546875 0.711306037109375 0.556397701171875 0.762660060546875
0 0.40695348046875 0.777257783203125 0.51671159375 0.856767619140625 0.55254163671875 0.78209787109375 0.44771335546875 0.702819740234375 0.443055453125 0.701484107421875 0.420097294921875 0.748555302734375 0.40695348046875 0.777257783203125
0 0.588115888671875 0.673383390625 0.59107597265625 0.594090013671875 0.47004931640625 0.55817714453125 0.46548354296875 0.558017705078125 0.463938884765625 0.56340457421875 0.46241073046875 0.64017914453125 0.588115888671875 0.673383390625
0 0.38755793359375 0 0.3420988203125 0.104239798828125 0.341210779296875 0.10984666796875 0.4117270546875 0.1177230078125 0.47232456640625 0 0.38755793359375 0
0 0.252545451171875 0.656746083984375 0.19159126953125 0.65466866796875 0.14643368359375 0.83586734765625 0.14766159765625 0.8362194453125 0.241598150390625 0.84179563671875 0.28115652734375 0.6599367421875 0.275668177734375 0.658362982421875 0.252545451171875 0.656746083984375
0 0.341596060546875 0.015702076171875 0.313804259765625 0.067589216796875 0.30558617578125 0.084438783203125 0.452432658203125 0.20515434375 0.45368569921875 0.205513646484375 0.484464892578125 0.138524884765625 0.34660176171875 0.01761515625 0.344224900390625 0.016455884765625 0.341596060546875 0.015702076171875
0 0.17656203125 0.533906982421875 0.169437349609375 0.558753697265625 0.33759129296875 0.6516901796875 0.36442464453125 0.56220569140625 0.204969455078125 0.47887827734375 0.200561865234375 0.477530744140625 0.1972776640625 0.476589013671875 0.17656203125 0.533906982421875
0 0.28479819921875 0.84427877734375 0.133592775390625 0.753832908203125 0.12533126171875 0.750495041015625 0.092203607421875 0.821789630859375 0.08597741015625 0.837200013671875 0.24841348828125 0.92828723046875 0.28479819921875 0.84427877734375
0 0.462710556640625 0.146231875 0.450120224609375 0.14114505078125 0.381833701171875 0.1144684453125 0.27415927734375 0.26156909765625 0.27194028515625 0.26930763671875 0.34681442578125 0.30059521484375 0.462710556640625 0.146231875
0 0.399303638671875 0.311829931640625 0.386467029296875 0.30814909375 0.3437642109375 0.29865628125 0.316370939453125 0.292833662109375 0.230843759765625 0.458462408203125 0.23054051171875 0.45988907421875 0.23291683203125 0.46039417578125 0.32397676171875 0.47427673046875 0.332739353515625 0.456129044921875 0.399303638671875 0.311829931640625
0 0.203190634765625 0.40702992578125 0.20252587109375 0.41653648828125 0.2002537578125 0.49273198046875 0.37302426953125 0.545408046875 0.37366029296875 0.545452521484375 0.38007367578125 0.475809728515625 0.38155184375 0.454670939453125 0.203725859375 0.40516337109375 0.203190634765625 0.40702992578125
0 0.15284996484375 0.718637021484375 0.15113091796875 0.72463205859375 0.23994421484375 0.745247654296875 0.32612611328125 0.5854443828125 0.326742029296875 0.583429810546875 0.250481103515625 0.56011450390625 0.23435745703125 0.555491125 0.15284996484375 0.718637021484375
0 0.436419193359375 0.234252345703125 0.37973639453125 0.21237443359375 0.34673020703125 0.201009494140625 0.24675049609375 0.351486197265625 0.24449949609375 0.35933637109375 0.3291052734375 0.391049998046875 0.436419193359375 0.234252345703125
0 0.82836062890625 1 0.834451703125 0.9827638359375 0.82229220703125 0.97927715625 0.76062495703125 0.9672902578125 0.74791029296875 1 0.82836062890625 1
0 0.85164760546875 0.920480806640625 0.756944732421875 0.896386294921875 0.7556739296875 0.90081811328125 0.750637771484375 0.972838498046875 0.84538455859375 0.9987957421875 0.85164760546875 0.920480806640625
0 0.18886472265625 0 0.17662226171875 0.01217835546875 0.17568778515625 0.015437263671875 0.247870251953125 0.0617591171875 0.248668453125 0.062201568359375 0.250797197265625 0.062811974609375 0.285614443359375 0 0.18886472265625 0
0 0.84808896484375 0.82451580859375 0.80550871875 0.816974396484375 0.764699173828125 0.90778875390625 0.763897974609375 0.911910560546875 0.840711255859375 0.92436969140625 0.87828961328125 0.8311618984375 0.86989165234375 0.82875382421875 0.84808896484375 0.82451580859375
0 0.784879470703125 0.80614685546875 0.873408431640625 0.86056328515625 0.894779087890625 0.790153427734375 0.814674734375 0.73814910546875 0.80722919140625 0.73601412890625 0.80382463671875 0.745901681640625 0.784879470703125 0.80614685546875
0 0.809398271484375 0.77152085546875 0.809362513671875 0.77356938671875 0.886478734375 0.77491545703125 0.9130140390625 0.67532124609375 0.91092877734375 0.674723306640625 0.83332796484375 0.67895413671875 0.809398271484375 0.77152085546875
0 0.130639515625 0.019484888671875 0.127653888671875 0.029897009765625 0.11312067578125 0.10466390625 0.27762969140625 0.19277952734375 0.27863207421875 0.18928380078125 0.295118220703125 0.100722248046875 0.130639515625 0.019484888671875
0 0.096123427734375 0.153507744140625 0.08564349609375 0.1724140390625 0.21700208984375 0.2995308671875 0.263893724609375 0.22470020703125 0.26493826953125 0.22281580078125 0.135594560546875 0.094796865234375 0.1307084296875 0.093395791015625 0.096123427734375 0.153507744140625
0 0.129824310546875 0 0.12855712109375 0.00470357421875 0.2964829140625 0.11004696875 0.29672744140625 0.110117087890625 0.324398771484375 0.026877861328125 0.283014 0 0.129824310546875 0
0 0.076881671875 0.214573806640625 0.0572318125 0.27155364453125 0.208676142578125 0.38395487109375 0.20871513671875 0.38396605078125 0.241743720703125 0.291690482421875 0.090162185546875 0.190675689453125 0.08646252734375 0.189614830078125 0.076881671875 0.214573806640625
0 0 0.753150888671875 0.01618785546875 0.76321258203125 0.13867500390625 0.61501662890625 0.1390245 0.61379778515625 0.06277651953125 0.56798337890625 0 0.63677512109375 0 0.753150888671875
0 0 0.65928628515625 0.008676697265625 0.6599593125 0.086279716796875 0.66538584375 0.137521232421875 0.48058521484375 0.13278961328125 0.4792284453125 0.10432468359375 0.477123498046875 0.04289489453125 0.47282791015625 0 0.61891926171875 0 0.65928628515625
0 0 0.54197509765625 0.08506121484375 0.569456255859375 0.187109740234375 0.40732796484375 0.09249156640625 0.37474831640625 0 0.527768775390625 0 0.54197509765625
0 0.202440205078125 0.297954216796875 0.1436604296875 0.28540380078125 0.110572453125 0.278972150390625 0.030253302734375 0.456025576171875 0.029299947265625 0.46093016796875 0.124321419921875 0.47940047265625 0.202440205078125 0.297954216796875
0 0 0.80943279296875 0.077839841796875 0.850825923828125 0.086634244140625 0.82666350390625 0.11001678515625 0.75262358203125 0 0.697590765625 0 0.80943279296875
0 1 0.402266728515625 0.977924078125 0.39150933203125 0.94385765234375 0.37562389453125 0.876947326171875 0.455212796875 0.8749757578125 0.4620884765625 0.934528240234375 0.492069806640625 1 0.41798926953125 1 0.402266728515625
0 0.895227107421875 0.605044734375 0.879729359375 0.59847558984375 0.820629888671875 0.66862108203125 0.81946759765625 0.672674474609375 0.88446172265625 0.702800625 0.9415436875 0.62674612109375 0.941818291015625 0.62578846484375 0.895227107421875 0.605044734375
0 1 0.31665365234375 0.99886798828125 0.31632905078125 0.950814318359375 0.30523498828125 0.89859933203125 0.400738501953125 0.897667994140625 0.404772576171875 0.9570714375 0.4159816484375 1 0.35430574609375 1 0.31665365234375
0 0.9839065078125 0.47563613671875 0.9288850234375 0.456690720703125 0.913061384765625 0.451677650390625 0.857063193359375 0.530225685546875 0.855743421875 0.53482828125 0.92226112890625 0.56143904296875 0.9839065078125 0.47563613671875
0 0.915287076171875 0.53400315234375 0.887796193359375 0.528255724609375 0.839947033203125 0.609162017578125 0.838557501953125 0.615180736328125 0.91032796484375 0.629294728515625 0.95691294140625 0.544867880859375 0.934459404296875 0.53842943359375 0.915287076171875 0.53400315234375
0 1 0.177514255859375 0.926544234375 0.253904423828125 0.925327630859375 0.25814722265625 0.99105256640625 0.27974190625 1 0.270551326171875 1 0.177514255859375
0 1 0.24513306640625 0.99720253125 0.244330904296875 0.970527544921875 0.23768008203125 0.909224341796875 0.3322988984375 0.90873078125 0.334278462890625 0.969542984375 0.35070901171875 0.985786080078125 0.33039389453125 1 0.31198234375 1 0.24513306640625
0 1 0.12484844140625 0.97082564453125 0.11648283203125 0.969052576171875 0.122666255859375 0.961452970703125 0.156565369140625 1 0.18668994140625 1 0.12484844140625