0 0.67220647265625 1 0.67722093359375 0.91079898828125 0.61648091015625 0.885041244140625 0.6143153515625 0.89040119140625 0.605343814453125 0.999698357421875 0.606040375 1 0.67220647265625 1
0 0.62165219921875 0.81243591796875 0.621995599609375 0.931012576171875 0.6858898046875 0.951640865234375 0.6868736171875 0.951814337890625 0.68597158984375 0.83320844140625 0.62165219921875 0.81243591796875
0 0.641344337890625 0.696276060546875 0.7506649296875 0.65281769140625 0.74151871484375 0.576420177734375 0.63630514453125 0.61920444140625 0.64070730859375 0.691662509765625 0.64110728515625 0.69623426171875 0.641344337890625 0.696276060546875
0 0.712056603515625 0.786488142578125 0.715968796875 0.67717393359375 0.64371476171875 0.646813958984375 0.6423993203125 0.65063428515625 0.6399750234375 0.763213626953125 0.702859234375 0.784866396484375 0.712056603515625 0.786488142578125
0 0.603561955078125 0.74949230859375 0.6440072265625 0.859001521484375 0.709856505859375 0.855550505859375 0.72463294921875 0.85469551171875 0.724674609375 0.85445925 0.68045496484375 0.7397430546875 0.652389099609375 0.741213923828125 0.604534080078125 0.74397911328125 0.603561955078125 0.74949230859375
0 0.65678221484375 0.501653677734375 0.672709857421875 0.615214791015625 0.751011884765625 0.62236969921875 0.75116823046875 0.621096376953125 0.731525171875 0.50690080078125 0.6574605234375 0.497806806640625 0.65678221484375 0.501653677734375
0 0.656895859375 0.42902454296875 0.694470578125 0.540806501953125 0.70675344140625 0.53994759765625 0.77630950390625 0.5335146328125 0.738252091796875 0.419377236328125 0.6571715546875 0.427461 0.656895859375 0.42902454296875
0 0.84701146875 0.13065763671875 0.710647392578125 0.102610369140625 0.68079910546875 0.17648747265625 0.68054607421875 0.177922478515625 0.816333779296875 0.2080511953125 0.84701146875 0.13065763671875
0 0.696011974609375 0.17119371484375 0.709902357421875 0.30272070703125 0.7415975 0.30550128515625 0.79681993359375 0.309362814453125 0.780117095703125 0.168776302734375 0.69757642578125 0.16232126953125 0.696011974609375 0.17119371484375
0 0.785151166015625 0.33966346484375 0.645161244140625 0.376887900390625 0.647877720703125 0.4546776484375 0.65299397265625 0.45557978125 0.79018321875 0.41733000390625 0.785151166015625 0.33966346484375
0 0.703588150390625 0.23707313671875 0.67935915234375 0.37656023828125 0.711138140625 0.388126845703125 0.75730873046875 0.403773896484375 0.77302407421875 0.263203978515625 0.70384001953125 0.236381134765625 0.703588150390625 0.23707313671875
0 0.5278593046875 0.827861484375 0.444142859375 0.825779666015625 0.443937251953125 0.826945724609375 0.4439109921875 0.8284501328125 0.49200578125 0.9777081171875 0.543842484375 0.978612931640625 0.57071637890625 0.978536892578125 0.5278593046875 0.827861484375
0 0.416126083984375 0.93605919140625 0.40638901953125 0.967907697265625 0.404424470703125 0.9790492109375 0.406653509765625 0.979730697265625 0.568136185546875 0.97749843359375 0.58176915234375 0.9450700625 0.5820864921875 0.94327033984375 0.560405248046875 0.936641716796875 0.429285953125 0.89845144921875 0.416126083984375 0.93605919140625
0 0.614366890625 0.65183308203125 0.58904211328125 0.503561375 0.506197525390625 0.50084440234375 0.50532864453125 0.505772072265625 0.537463392578125 0.646455466796875 0.614366890625 0.65183308203125
0 0.60820891015625 0.78621628515625 0.60793421484375 0.786093984375 0.455873876953125 0.772650125 0.450894732421875 0.78383346484375 0.42875232421875 0.84656733984375 0.43046059375 0.84732791015625 0.574729611328125 0.861912521484375 0.60820891015625 0.78621628515625
0 0.51313931640625 0.72317370703125 0.565471919921875 0.735255642578125 0.587830384765625 0.73919804296875 0.58106748828125 0.59531833984375 0.509193861328125 0.57301830859375 0.501142103515625 0.57159856640625 0.500272244140625 0.575366341796875 0.51313931640625 0.72317370703125
0 0.585137392578125 0.81361060546875 0.5470460078125 0.66404693359375 0.473545732421875 0.65902768359375 0.47242798046875 0.66536677734375 0.50396757421875 0.806509166015625 0.585137392578125 0.81361060546875
0 0.49486861328125 0.48243162890625 0.49495862109375 0.543535982421875 0.5033026171875 0.54500725390625 0.645736779296875 0.516355412109375 0.64797929296875 0.43753283984375 0.626626271484375 0.440150556640625 0.495796458984375 0.464727296875 0.49486861328125 0.48243162890625
0 0.56149413671875 0.10625903515625 0.572973388671875 0.10828313671875 0.705166798828125 0.11840069140625 0.71937068359375 0.031816728515625 0.5766770703125 0.025929677734375 0.5696248359375 0.06014753515625 0.56149413671875 0.10625903515625
0 0.617504154296875 0.226132673828125 0.643084111328125 0.236467646484375 0.644560802734375 0.23672802734375 0.676707970703125 0.1054733984375 0.5963566015625 0.075248732421875 0.594710142578125 0.07932386328125 0.56723222265625 0.203531767578125 0.617504154296875 0.226132673828125
0 0.64514831640625 0.367634759765625 0.667309587890625 0.28898264453125 0.667486888671875 0.287977119140625 0.6665291640625 0.28772049609375 0.53553234765625 0.27941395703125 0.51752707421875 0.34661055078125 0.51457347265625 0.36336126171875 0.64514831640625 0.367634759765625
0 0.569648328125 0.30443574609375 0.6503954921875 0.31292261328125 0.6507835234375 0.310721984375 0.641730900390625 0.17861066796875 0.5585728046875 0.16781712109375 0.557181037109375 0.17571022265625 0.568651537109375 0.304259984375 0.569648328125 0.30443574609375
0 0.51660070703125 0.35186424609375 0.54837943359375 0.47217266015625 0.629509548828125 0.470557814453125 0.632141615234375 0.470465900390625 0.59446856640625 0.34350741796875 0.517568048828125 0.346378171875 0.51660070703125 0.35186424609375
0 0.242793271484375 0.80120495703125 0.174871181640625 0.78722951171875 0.17295191015625 0.798114234375 0.188005919921875 0.95270033203125 0.191808486328125 0.953370826171875 0.2695418125 0.965682576171875 0.242793271484375 0.80120495703125
0 0.256640123046875 0.14186252734375 0.2468762578125 0.17191262109375 0.245175908203125 0.181555779296875 0.24957819921875 0.182986169921875 0.4277548359375 0.21353226953125 0.45818825 0.12311602734375 0.272986640625 0.09706769921875 0.256640123046875 0.14186252734375
0 0.14631759765625 0.85332651953125 0.32499910546875 0.836366888671875 0.333054728515625 0.75741162109375 0.1457353984375 0.781247115234375 0.14258153515625 0.8004588203125 0.13542148046875 0.851405240234375 0.14631759765625 0.85332651953125
0 0.3770787578125 0.2632545078125 0.296568458984375 0.2321408046875 0.292858302734375 0.240473955078125 0.2514498984375 0.414160181640625 0.33669072265625 0.45211183984375 0.3770787578125 0.2632545078125
0 0.2660853203125 0.06974087109375 0.262381400390625 0.08397858203125 0.261440904296875 0.0893123984375 0.27209280859375 0.092366783203125 0.445575755859375 0.118969658203125 0.46741855078125 0.02493971484375 0.28544383203125 0.002229724609375 0.2660853203125 0.06974087109375
0 0.337310583984375 0.74303050390625 0.355972177734375 0.659962611328125 0.35628037109375 0.65821476171875 0.16462126953125 0.66792129296875 0.152702505859375 0.72399466015625 0.148360265625 0.7486207265625 0.15505038671875 0.750042755859375 0.337310583984375 0.74303050390625
0 0.345312849609375 0.351775642578125 0.265753462890625 0.327007876953125 0.26140323828125 0.326240814453125 0.25032733984375 0.51035944140625 0.2900594765625 0.5210056328125 0.33851221875 0.53285162890625 0.338902109375 0.53139653515625 0.345312849609375 0.351775642578125
0 0.227955681640625 0.28821462109375 0.415820392578125 0.299551369140625 0.437093591796875 0.205177509765625 0.43677213671875 0.205103294921875 0.25342770703125 0.199783412109375 0.22995016015625 0.2769033671875 0.227955681640625 0.28821462109375
0 0.200621013671875 0.524219927734375 0.237488583984375 0.703811154296875 0.27234876953125 0.705638099609375 0.333099755859375 0.70658700390625 0.29233745703125 0.52100625 0.201593248046875 0.51870611328125 0.200621013671875 0.524219927734375
0 0.183849638671875 0.57587596875 0.341807740234375 0.56271295703125 0.36185797265625 0.56068569140625 0.380468396484375 0.467817125 0.38036303515625 0.467798546875 0.37949971484375 0.46767721484375 0.1936913515625 0.491515654296875 0.182656541015625 0.575708291015625 0.183849638671875 0.57587596875
0 1 0.114107875 0.93247148828125 0.123889046875 0.92987694140625 0.198187130859375 0.931212755859375 0.198422671875 0.93712669921875 0.19862919140625 1 0.191506962890625 1 0.114107875
0 1 0.19060139453125 0.937271259765625 0.168477099609375 0.935674751953125 0.17286347265625 0.9215700546875 0.26526533203125 0.98751370703125 0.28926685546875 0.994010248046875 0.29041237109375 1 0.255464677734375 1 0.19060139453125
0 0 0.915731701171875 0.01538644921875 0.922262861328125 0.044921671875 0.92747071875 0.06138694140625 0.79039814453125 0.02864832421875 0.775731578125 0 0.84322280078125 0 0.915731701171875
0 1 0.2780380625 0.99923255078125 0.2565297734375 0.90043501953125 0.281085291015625 0.902069974609375 0.358290837890625 0.905489189453125 0.35889373828125 1 0.33143960546875 1 0.2780380625
0 0.94469471875 0.43799170703125 0.966298134765625 0.44418638671875 0.969250689453125 0.444707001953125 0.97285273828125 0.34197309765625 0.904170771484375 0.31950312109375 0.902557787109375 0.325128265625 0.89671585546875 0.422824140625 0.94469471875 0.43799170703125
0 0.966668818359375 0.512716572265625 0.9556584140625 0.415995125 0.87920784375 0.4009674296875 0.878025724609375 0.40767155859375 0.8896249375 0.5032567734375 0.966668818359375 0.512716572265625
0 0.01671171484375 0.803082755859375 0.094270751953125 0.82828321484375 0.099686705078125 0.829238193359375 0.10839722265625 0.645544734375 0.0251899296875 0.617776892578125 0.0197295 0.616814072265625 0.01937928125 0.617891931640625 0.01671171484375 0.803082755859375
0 0 0.68099271484375 0.160649212890625 0.667770626953125 0.161060318359375 0.66565566796875 0.173239462890625 0.57819069140625 0 0.590486546875 0 0.68099271484375
0 0 0.833850416015625 0.026430638671875 0.91471067578125 0.11805167578125 0.91151119921875 0.118195376953125 0.9106962421875 0.052326552734375 0.71942332421875 0 0.723439 0 0.833850416015625
0 0.147331626953125 0.63765962109375 0.12881676953125 0.451497748046875 0.034986421875 0.437799390625 0.03331873046875 0.44725734375 0.05997344921875 0.623865767578125 0.147331626953125 0.63765962109375
0 0.049724548828125 0.18158954296875 0.23766834765625 0.206725716796875 0.26617469921875 0.12545226953125 0.26674762890625 0.122203013671875 0.07692106640625 0.08727586328125 0.052613328125 0.15787065625 0.048505087890625 0.1811696484375 0.049724548828125 0.18158954296875
0 0.111977990234375 0.144405912109375 0.09074512890625 0.140661986328125 0.090413412109375 0.14222258203125 0.0916248671875 0.333365990234375 0.1518589921875 0.346169150390625 0.16499929296875 0.34890730078125 0.1847166484375 0.352384001953125 0.184720462890625 0.3523660625 0.1864051953125 0.16022590234375 0.111977990234375 0.144405912109375
0 0.031642056640625 0.41074649609375 0.032375677734375 0.419131818359375 0.03924501171875 0.42034306640625 0.04016158984375 0.42026287890625 0.21747205859375 0.36554423828125 0.2087488515625 0.26583751171875 0.02585314453125 0.3259266015625 0.031642056640625 0.41074649609375
0 0.029449669921875 0.352224841796875 0.0807276640625 0.538374275390625 0.114414404296875 0.53719791015625 0.174433818359375 0.53399719140625 0.125661255859375 0.34256437109375 0.03056753515625 0.3458851171875 0.029449669921875 0.352224841796875
0 0.086157990234375 0 0.0736770390625 0.038412419921875 0.06606490625 0.08158296484375 0.07454004296875 0.084336703125 0.24767471875 0.11932469140625 0.27483255078125 0.046584708984375 0.28277833984375 0.0221300859375 0.15723596484375 0 0.086157990234375 0
0 0.80952780078125 0.750437345703125 0.80066351953125 0.774429810546875 0.79994567578125 0.778500904296875 0.805149939453125 0.780603564453125 0.909715755859375 0.79334308984375 0.935823228515625 0.725403283203125 0.82401578515625 0.71457832421875 0.80952780078125 0.750437345703125
0 0.865293283203125 0.57710389453125 0.95224209375 0.560376396484375 0.953691693359375 0.486968294921875 0.86054990625 0.510389890625 0.860497888671875 0.511372890625 0.85824590625 0.575861251953125 0.865293283203125 0.57710389453125
0 0.80537941015625 0.87910046484375 0.906817568359375 0.82997758203125 0.90500466796875 0.768377072265625 0.79797375 0.80662996875 0.79819809765625 0.81091692578125 0.80293582421875 0.878669595703125 0.80537941015625 0.87910046484375
0 0.88145397265625 0.729094244140625 0.92224740234375 0.735555287109375 0.9080997890625 0.63085506640625 0.836862884765625 0.623121470703125 0.835946763671875 0.62831705078125 0.848423453125 0.723270072265625 0.88145397265625 0.729094244140625
0 0.84677763671875 0.55789404296875 0.86705848046875 0.648620203125 0.89497991796875 0.651649224609375 0.938165962890625 0.655427513671875 0.91971023828125 0.559489099609375 0.84802038671875 0.550846060546875 0.84677763671875 0.55789404296875
0 0.86982426953125 1 0.84814931640625 0.91454202734375 0.780055416015625 0.900302248046875 0.779318994140625 0.904478701171875 0.802919439453125 1 0.86982426953125 1
0 0.89419978125 0.901437986328125 0.885318314453125 0.83317457421875 0.8042618359375 0.877493859375 0.781859111328125 0.890243314453125 0.78281570703125 0.901177255859375 0.78811735546875 0.950627091796875 0.792593478515625 0.951416353515625 0.793789484375 0.95131171484375 0.8946458046875 0.90653605859375 0.89419978125 0.901437986328125
0 0.866264484375 1 0.86598132421875 0.974484759765625 0.8163985078125 0.97762626171875 0.760977958984375 0.98150164453125 0.75968976953125 0.98880732421875 0.760436720703125 1 0.866264484375 1