0 0.930422267578125 0.25238466796875 0.930048380859375 0.248827396484375 0.883271056640625 0.14751067578125 0.818194888671875 0.153226853515625 0.815847736328125 0.15368309375 0.8615430546875 0.259748423828125 0.8952166171875 0.25704784375 0.919636478515625 0.25448121484375 0.930422267578125 0.25238466796875
0 0.837560708984375 0.150947736328125 0.743265935546875 0.22313478125 0.765077275390625 0.28611622265625 0.76706501171875 0.28572984765625 0.85987750390625 0.21536828125 0.837560708984375 0.150947736328125
0 0.50106774609375 0.320213048828125 0.500985642578125 0.32491670703125 0.50098872265625 0.3249325625 0.61448339453125 0.293074728515625 0.61337833984375 0.216509705078125 0.61216659765625 0.216488552734375 0.504263626953125 0.24769176171875 0.50106774609375 0.320213048828125
0 0.70603314453125 0.290681966796875 0.649620349609375 0.200228275390625 0.57205749609375 0.21559829296875 0.572357958984375 0.217144044921875 0.6347470703125 0.314077876953125 0.70682665234375 0.2947642109375 0.70603314453125 0.290681966796875
0 0.66335933984375 0.18195792578125 0.6994174921875 0.297935408203125 0.769783388671875 0.29793540625 0.779672498046875 0.29601316015625 0.74229913671875 0.18153491796875 0.66335933984375 0.18195792578125
0 0.53067187890625 0.223788265625 0.42396077734375 0.27579787109375 0.4412977265625 0.35223608203125 0.4433745 0.3518323984375 0.5451484375 0.2982636953125 0.53067187890625 0.223788265625
0 0.39718678125 0.366881826171875 0.468278814453125 0.35398268359375 0.468034708984375 0.35244146484375 0.42081168359375 0.2435251953125 0.33997862890625 0.258789404296875 0.3878059609375 0.3683676015625 0.39718678125 0.366881826171875
0 0.151164796875 0.3358569140625 0.15099080859375 0.325889193359375 0.1506616015625 0.3241955625 0.012456775390625 0.349784923828125 0.01443607421875 0.43210557421875 0.01939662109375 0.43201898828125 0.151717232421875 0.4053924765625 0.151164796875 0.3358569140625
0 0.223764681640625 0.29902625390625 0.092532701171875 0.34428628515625 0.104509251953125 0.42965153125 0.1105525859375 0.42869436328125 0.23856152734375 0.38267025 0.232129068359375 0.34205730078125 0.223764681640625 0.29902625390625
0 0.38566898828125 0.40125108984375 0.38545372265625 0.397143564453125 0.344793287109375 0.260568189453125 0.267226400390625 0.266954943359375 0.30688832421875 0.406273888671875 0.37937144140625 0.402475208984375 0.38566898828125 0.40125108984375
0 0.319477931640625 0.339310767578125 0.31545712890625 0.29579159765625 0.314510357421875 0.290920888671875 0.1801839375 0.33358586328125 0.18381973828125 0.407698474609375 0.184554361328125 0.40764710546875 0.321836990234375 0.373046880859375 0.319477931640625 0.339310767578125
0 0.93045311328125 0.269887865234375 0.796263291015625 0.353284677734375 0.815021681640625 0.427623775390625 0.819995748046875 0.4266569140625 0.95104294140625 0.351369876953125 0.932154962890625 0.26955705859375 0.93045311328125 0.269887865234375
0 0.88411872265625 0.2888057109375 0.90019678515625 0.42442378515625 0.939956865234375 0.4218429921875 0.964470994140625 0.419266453125 0.98406385546875 0.41545798828125 0.9838579296875 0.413498728515625 0.918706810546875 0.26572535546875 0.881706318359375 0.26585321875 0.88411872265625 0.2888057109375
0 0.47905023046875 0.3561322890625 0.5422078046875 0.49240097265625 0.572170333984375 0.488190013671875 0.5966183671875 0.48440278125 0.617916412109375 0.480262861328125 0.56260383984375 0.341216072265625 0.551176248046875 0.342822115234375 0.47899066015625 0.355708408203125 0.47905023046875 0.3561322890625
0 0.81136439453125 0.440733595703125 0.871521931640625 0.413243224609375 0.871121685546875 0.411184140625 0.78150683203125 0.297415966796875 0.70379883984375 0.325915998046875 0.70390168359375 0.3261985546875 0.79986096875 0.444920498046875 0.81136439453125 0.440733595703125
0 0.68596560546875 0.479769396484375 0.68629067578125 0.47356667578125 0.655711107421875 0.33777650390625 0.57131484765625 0.32705880078125 0.611159236328125 0.47601768359375 0.68528193359375 0.4799022890625 0.68596560546875 0.479769396484375
0 0.77571612890625 0.457548427734375 0.77565146484375 0.45569667578125 0.720613916015625 0.314449033203125 0.64447401953125 0.318563828125 0.69528481640625 0.46128598046875 0.769891263671875 0.45868066796875 0.77571612890625 0.457548427734375
0 0.390421998046875 0.38302572265625 0.46811953515625 0.51559713671875 0.47327062890625 0.51412008203125 0.540068412109375 0.493224859375 0.53748827734375 0.479951220703125 0.534017373046875 0.47283139453125 0.46777055859375 0.356401353515625 0.46546796484375 0.357061611328125 0.390421998046875 0.38302572265625
0 0 0.52925866015625 0.04461458984375 0.60462771875 0.10471941796875 0.576600376953125 0.123185857421875 0.567719529296875 0.122931439453125 0.56641065234375 0.121322212890625 0.56295965625 0.0470683671875 0.44701946875 0 0.467343421875 0 0.52925866015625
0 0.206464873046875 0.54576797265625 0.138367078125 0.43898133203125 0.05945978515625 0.46894373828125 0.130046533203125 0.5853224765625 0.148061900390625 0.57767540625 0.207435240234375 0.550760080078125 0.206464873046875 0.54576797265625
0 0.266983505859375 0.54370207421875 0.374049359375 0.48885362890625 0.3557908203125 0.4113979375 0.3549768125 0.408133134765625 0.23410976953125 0.46545193359375 0.255425505859375 0.545948720703125 0.266983505859375 0.54370207421875
0 0.28851098046875 0.49290719140625 0.27495650390625 0.42913839453125 0.27353040625 0.4294156015625 0.1499511328125 0.47914409765625 0.16543585546875 0.56184919140625 0.173903328125 0.560203283203125 0.291816294921875 0.5099115703125 0.28851098046875 0.49290719140625
0 0.346621708984375 0.532997208984375 0.455925296875 0.4685418515625 0.45228128515625 0.455833673828125 0.4338986328125 0.39230325 0.319960287109375 0.45493201953125 0.341359552734375 0.534020068359375 0.346621708984375 0.532997208984375
0 1 0.61696710546875 0.939595755859375 0.534546865234375 0.87016044140625 0.553637669921875 0.870377125 0.554752421875 0.970881107421875 0.71213551171875 1 0.702674212890625 1 0.61696710546875
0 0.308797283203125 0.687348166015625 0.13174179296875 0.74580750390625 0.1465858515625 0.83550076953125 0.14743795703125 0.8398844765625 0.323070802734375 0.775980345703125 0.31552429296875 0.721955638671875 0.308797283203125 0.687348166015625
0 0.968436974609375 0.5895221484375 0.966687876953125 0.575276876953125 0.964677125 0.5649324609375 0.78586990625 0.631508466796875 0.79843511328125 0.709308599609375 0.800481755859375 0.7090573046875 0.9732913984375 0.638353216796875 0.968436974609375 0.5895221484375
0 0.41664494921875 0.821982033203125 0.48097952734375 0.8176292265625 0.480839521484375 0.809608427734375 0.44469187890625 0.63336211328125 0.351277595703125 0.63449071875 0.394407328125 0.82237019140625 0.41664494921875 0.821982033203125
0 0.076217115234375 0.872072607421875 0.0777618671875 0.87177233984375 0.235779615234375 0.783162732421875 0.232354212890625 0.7746845625 0.195509158203125 0.695389681640625 0.04600468359375 0.7848181015625 0.05067831640625 0.808861861328125 0.076217115234375 0.872072607421875
0 0.70907404296875 0.742690703125 0.87402544140625 0.6579051796875 0.858359634765625 0.58628623828125 0.855304998046875 0.57305516015625 0.68471198046875 0.66337666796875 0.70424369140625 0.74362962890625 0.70907404296875 0.742690703125
0 0.44847055078125 0.619386232421875 0.476588966796875 0.79780644140625 0.5523591484375 0.806160806640625 0.55996610546875 0.80669273828125 0.56371026171875 0.805964947265625 0.539511419921875 0.623569810546875 0.51837262890625 0.62209164453125 0.44851502734375 0.618750208984375 0.44847055078125 0.619386232421875
0 0.405892541015625 0.67096447265625 0.22708051953125 0.730956099609375 0.242580783203125 0.825641302734375 0.24683292578125 0.824967830078125 0.41502212890625 0.76262596484375 0.4077321171875 0.680428275390625 0.405892541015625 0.67096447265625
0 0.639314541015625 0.776943259765625 0.783256826171875 0.66203213671875 0.769058453125 0.63014206640625 0.7423235625 0.57558175 0.595475595703125 0.696153123046875 0.63453749609375 0.77787182421875 0.639314541015625 0.776943259765625
0 0.51829290625 0.618424150390625 0.57743084765625 0.76655253515625 0.58523165234375 0.78513394921875 0.676573041015625 0.776067919921875 0.679229443359375 0.775551568359375 0.678992541015625 0.7740558203125 0.602212125 0.60409205078125 0.518256013671875 0.61819123046875 0.51829290625 0.618424150390625
0 0 0.230110423828125 0.0639331015625 0.205568802734375 0.062987724609375 0.200705263671875 0.014053818359375 0.120038314453125 0 0.12549514453125 0 0.230110423828125
0 0.13637746484375 0.17306761328125 0.1102964921875 0.1014107265625 0.108469755859375 0.10176580859375 0.024861634765625 0.15057247265625 0.05189295703125 0.222593619140625 0.05631935546875 0.22173321484375 0.05652721484375 0.22165755859375 0.13637746484375 0.17306761328125
0 1 0.750758541015625 0.91547816015625 0.776599458984375 0.916375859375 0.77953569921875 0.94691828515625 0.86040818359375 0.9477729921875 0.860242046875 0.950037677734375 0.859549662109375 1 0.826916970703125 1 0.750758541015625
0 0.093792017578125 0.121178189453125 0.152122435546875 0.20461371875 0.223614107421875 0.17541936328125 0.222951626953125 0.17201119140625 0.16226405078125 0.092052111328125 0.093792017578125 0.121178189453125
0 0.207238216796875 0.18254746484375 0.27557179296875 0.18866532421875 0.278919564453125 0.188014583984375 0.279256658203125 0.181582435546875 0.2632361875 0.086641556640625 0.193822396484375 0.08112576171875 0.18747405078125 0.080793060546875 0.207238216796875 0.18254746484375
0 0.24407863671875 0.088060888671875 0.297370150390625 0.1770376171875 0.36927926171875 0.155052794921875 0.367930634765625 0.14811470703125 0.32206315234375 0.07022970703125 0.24407863671875 0.088060888671875
0 0.790786462890625 0.74410840234375 0.8489970625 0.920274265625 0.931375376953125 0.915957 0.94187504296875 0.9139160703125 0.87799223046875 0.740051212890625 0.790786462890625 0.74410840234375
0 0.758044796875 0.940693662109375 0.76236498828125 0.940542798828125 0.846462259765625 0.93307760546875 0.84623341015625 0.926524177734375 0.794536009765625 0.758058880859375 0.78014900390625 0.75856128515625 0.70118421875 0.762580369140625 0.758044796875 0.940693662109375
0 1 0.75515525390625 0.86229704296875 0.805281064453125 0.870410349609375 0.891296369140625 0.875285671875 0.891040865234375 1 0.847852421875 1 0.75515525390625
0 0.776994251953125 0.803143923828125 0.593679203125 0.84743364453125 0.587648599609375 0.93426503515625 0.59381526171875 0.93448037890625 0.771391400390625 0.900992134765625 0.77703223828125 0.80333933984375 0.776994251953125 0.803143923828125
0 0.38596105078125 1 0.28588441015625 0.84812369921875 0.203180154296875 0.880988701171875 0.203445896484375 0.882355830078125 0.27294971484375 1 0.38596105078125 1
0 0.35996466015625 1 0.491507748046875 0.92898426953125 0.474534056640625 0.869789974609375 0.465234244140625 0.837840705078125 0.46426378125 0.83802934375 0.29413745703125 0.926582556640625 0.315189568359375 1 0.35996466015625 1
0 0.57779583984375 0.834714365234375 0.3965915078125 0.890763408203125 0.40142690234375 0.986072263671875 0.40838599609375 0.98558563671875 0.58658805078125 0.933980361328125 0.580686640625 0.849586240234375 0.57779583984375 0.834714365234375
0 0.574185919921875 0.992170599609375 0.613349568359375 0.987325423828125 0.665967021484375 0.977097626953125 0.60514048828125 0.7931053984375 0.50768691796875 0.803348181640625 0.574185919921875 0.992170599609375
0 0.25299771875 1 0.229948455078125 0.869319037109375 0.13242996875 0.875191390625 0.15125030078125 1 0.25299771875 1
0 0.57580706640625 0.12712201171875 0.66245705078125 0.07073523828125 0.65084167578125 0.034986787109375 0.639340927734375 0.001547435546875 0.545742142578125 0.065803921875 0.56825112890625 0.128590736328125 0.57580706640625 0.12712201171875
0 0.42901829296875 0.09414329296875 0.424988919921875 0.073157361328125 0.42148319140625 0.05512194140625 0.335285576171875 0.09737778125 0.34568549609375 0.163256181640625 0.35307045703125 0.161954013671875 0.434884421875 0.127411765625 0.42901829296875 0.09414329296875
0 0.62755369921875 0 0.65160473828125 0.10701098828125 0.65588708203125 0.10731076171875 0.7182380859375 0.110578439453125 0.724719443359375 0.10931858984375 0.688043046875 0.00182383203125 0.668435837890625 0 0.62755369921875 0
0 0.580818408203125 0.080982673828125 0.573414884765625 0.034238654296875 0.57136194921875 0.023677224609375 0.47651122265625 0.06931658203125 0.49136242578125 0.140379634765625 0.49369117578125 0.140010796875 0.583007572265625 0.09743642578125 0.580818408203125 0.080982673828125
0 0.393259970703125 0.065513591796875 0.449810041015625 0.147485478515625 0.50829361328125 0.13092686328125 0.518388958984375 0.12784041015625 0.518242408203125 0.127086466796875 0.465238802734375 0.045120861328125 0.399417125 0.062912359375 0.3931280859375 0.064835109375 0.393259970703125 0.065513591796875
0 0.76827790625 0 0.799047603515625 0.07919787109375 0.8300484375 0.08180733203125 0.860738984375 0.0828790703125 0.8687883125 0.081314439453125 0.83777290234375 0 0.76827790625 0
0 0.74225376171875 0 0.6872359765625 0.04772359375 0.717769015625 0.114993123046875 0.717797509765625 0.11498161328125 0.78233148046875 0.048923814453125 0.799119501953125 0.031143439453125 0.786536736328125 0 0.74225376171875 0
0 0.832684794921875 0 0.8867023515625 0.0691201953125 0.92397938671875 0.06076331640625 0.91680015234375 0.023829365234375 0.90996719140625 0 0.832684794921875 0