0 0.6474609375 0.2587890625 0.103515625 0.1591796875
0 0.48828125 0.2890625 0.123046875 0.123046875
0 0.5625 0.27734375 0.107421875 0.1455078125
0 0.404296875 0.306640625 0.1220703125 0.1513671875
0 0.16796875 0.3515625 0.125 0.1591796875
0 0.8857421875 0.2255859375 0.1279296875 0.1298828125
0 0.7333984375 0.2529296875 0.1455078125 0.1455078125
0 0.3359375 0.3251953125 0.103515625 0.150390625
0 0.810546875 0.2421875 0.1015625 0.15625
0 0.2548828125 0.345703125 0.1298828125 0.1279296875
0 0.083984375 0.380859375 0.1201171875 0.146484375
0 0.552734375 0.4169921875 0.1376953125 0.1357421875
0 0.462890625 0.435546875 0.1220703125 0.15625
0 0.298828125 0.466796875 0.126953125 0.125
0 0.63671875 0.408203125 0.146484375 0.146484375
0 0.8017578125 0.3798828125 0.134765625 0.134765625
0 0.21484375 0.484375 0.130859375 0.130859375
0 0.380859375 0.455078125 0.123046875 0.123046875
0 0.8896484375 0.3662109375 0.1513671875 0.1513671875
0 0.716796875 0.400390625 0.1298828125 0.158203125
0 0.0546875 0.51953125 0.109375 0.126953125
0 0.134765625 0.5068359375 0.1357421875 0.134765625
0 0.0810546875 0.1328125 0.1171875 0.1171875
0 0.02734375 0.1494140625 0.0546875 0.1484375
0 0.8125 0.037109375 0.134765625 0.0732421875
0 0.3876953125 0.083984375 0.109375 0.154296875
0 0.3125 0.09765625 0.134765625 0.134765625
0 0.8681640625 0.6513671875 0.146484375 0.1484375
0 0.9482421875 0.6416015625 0.103515625 0.169921875
0 0.7734375 0.677734375 0.1513671875 0.1533203125
0 0.162109375 0.1259765625 0.1298828125 0.1298828125
0 0.4619140625 0.0751953125 0.091796875 0.150390625
0 0.6806640625 0.048828125 0.126953125 0.09765625
0 0.236328125 0.1142578125 0.142578125 0.142578125
0 0.6845703125 0.697265625 0.123046875 0.1748046875
0 0.1357421875 0.802734375 0.1591796875 0.1611328125
0 0.599609375 0.7236328125 0.1298828125 0.1689453125
0 0.326171875 0.7734375 0.154296875 0.154296875
0 0.232421875 0.7939453125 0.1376953125 0.1796875
0 0.416015625 0.7626953125 0.158203125 0.158203125
0 0.513671875 0.7509765625 0.1279296875 0.185546875
0 0.53515625 0.0712890625 0.107421875 0.142578125
0 0.609375 0.064453125 0.103515625 0.1279296875
0 0.7470703125 0.046875 0.1279296875 0.09375
0 0.869140625 0.849609375 0.125 0.197265625
0 0.9482421875 0.833984375 0.103515625 0.1953125
0 0.583984375 0.9033203125 0.1669921875 0.1689453125
0 0.775390625 0.869140625 0.126953125 0.1923828125
0 0.3828125 0.919921875 0.1376953125 0.1591796875
0 0.4873046875 0.919921875 0.1591796875 0.1591796875
0 0.6845703125 0.888671875 0.158203125 0.15625
0 0.287109375 0.9306640625 0.142578125 0.138671875
0 0.189453125 0.947265625 0.162109375 0.1044921875