0 0 0.579533423828125 0.03547532421875 0.6047581796875 0.066279916015625 0.49151524609375 0.01962232421875 0.4588693671875 0.01142165234375 0.45521819140625 0.008806884765625 0.45909474609375 0 0.48846351171875 0 0.579533423828125
0 0.0562918671875 0.49009813671875 0.055135064453125 0.492696357421875 0.0635351640625 0.608022806640625 0.129717376953125 0.624392310546875 0.12053283984375 0.505994177734375 0.0562918671875 0.49009813671875
0 0.353329052734375 0.602775279296875 0.2788896015625 0.58941756640625 0.27802901953125 0.591350462890625 0.277860947265625 0.592141185546875 0.287748978515625 0.70231051953125 0.35832804296875 0.7192853984375 0.36262291015625 0.72019830078125 0.36289112109375 0.71959588671875 0.353329052734375 0.602775279296875
0 0.18356573046875 0.620316630859375 0.17935776171875 0.628575236328125 0.17251228125 0.6439504375 0.287186353515625 0.662592650390625 0.3150226875 0.6081416796875 0.320520388671875 0.595793640625 0.31670653515625 0.593850384765625 0.21054855859375 0.5750369921875 0.18356573046875 0.620316630859375
0 0.196378041015625 0.6639196640625 0.19640083203125 0.663874935546875 0.21522164453125 0.543959529296875 0.16646581640625 0.519117193359375 0.14452091796875 0.5093466953125 0.124236181640625 0.6276543359375 0.196378041015625 0.6639196640625
0 0.322286587890625 0.717596572265625 0.323506685546875 0.717993005859375 0.43935223828125 0.720500390625 0.46251395703125 0.64921594921875 0.46025551171875 0.64821042578125 0.344250771484375 0.642098396484375 0.322286587890625 0.717596572265625
0 0.54247146875 0.68899871875 0.425341169921875 0.665337939453125 0.4199435703125 0.67640466015625 0.39073665234375 0.739858458984375 0.5086112421875 0.76396847265625 0.54247146875 0.68899871875
0 0.807758125 0.91897248828125 0.809106349609375 0.915944322265625 0.817445646484375 0.779994357421875 0.736253716796875 0.76124972265625 0.72988880078125 0.900213287109375 0.807758125 0.91897248828125
0 0.732516326171875 0.88436607421875 0.7335377265625 0.88207196875 0.733632822265625 0.881690564453125 0.743218060546875 0.7436255625 0.6626274140625 0.722010767578125 0.659740638671875 0.721291013671875 0.65871923828125 0.72358512109375 0.658674427734375 0.72376484375 0.650810841796875 0.86334238671875 0.7252467421875 0.8825535625 0.732516326171875 0.88436607421875
0 0.4654951484375 0.773689841796875 0.610611796875 0.77649947265625 0.62918922265625 0.699479390625 0.627451904296875 0.69870588671875 0.48295850390625 0.69764419921875 0.471025779296875 0.745503744140625 0.464937908203125 0.7734417421875 0.4654951484375 0.773689841796875
0 0.545253056640625 0.775358462890625 0.539122650390625 0.80689665234375 0.68151594140625 0.80901918359375 0.69524361328125 0.72888869921875 0.69296441796875 0.727873935546875 0.55413916015625 0.734228875 0.545253056640625 0.775358462890625
0 0.1362036953125 0.5048206875 0.1504805546875 0.34609428515625 0.09099044921875 0.319607583984375 0.07960259765625 0.314811708984375 0.0778080234375 0.318842392578125 0.058952787109375 0.46973826953125 0.1362036953125 0.5048206875
0 0.146083935546875 0.387168140625 0.04792037890625 0.320955984375 0.04166266015625 0.3181698671875 0.01805482421875 0.353169919921875 0.005911115234375 0.38044513671875 0.1232629375 0.414556806640625 0.146083935546875 0.387168140625
0 0.426502955078125 0.4664604453125 0.383444255859375 0.450622765625 0.38243458203125 0.452890533203125 0.36361562109375 0.599644677734375 0.374389041015625 0.60378020703125 0.443302166015625 0.627345421875 0.44402478125 0.625722400390625 0.454750287109375 0.477303580078125 0.426502955078125 0.4664604453125
0 0.24163792578125 0.515514068359375 0.24182819140625 0.51443503515625 0.221121259765625 0.371224044921875 0.139565771484375 0.35684361328125 0.139485052734375 0.35702491015625 0.16326319921875 0.50804905078125 0.24163792578125 0.515514068359375
0 0.424941109375 0.468291998046875 0.418900189453125 0.465602408203125 0.2724701484375 0.47065246484375 0.251324568359375 0.544395869140625 0.396595208984375 0.54517898046875 0.424941109375 0.468291998046875
0 0.30295248828125 0.558420751953125 0.3029852265625 0.558347216796875 0.296862921875 0.405149548828125 0.2252918828125 0.383268083984375 0.22351068359375 0.387268720703125 0.225051056640625 0.53526091796875 0.30295248828125 0.558420751953125
0 0.5524646640625 0.52109405078125 0.54812940234375 0.517944298828125 0.489484609375 0.477443189453125 0.4819265390625 0.48784598046875 0.4781940390625 0.495495064453125 0.42723152734375 0.619379759765625 0.42916943359375 0.62078773046875 0.49583234765625 0.663939658203125 0.5524646640625 0.52109405078125
0 0.843565212890625 0.6707305859375 0.80097401171875 0.73631528515625 0.79816857421875 0.740750265625 0.796400111328125 0.744722296875 0.90826135546875 0.797748197265625 0.92890569921875 0.76595869921875 0.9473710703125 0.72448479296875 0.843565212890625 0.6707305859375
0 0.810629828125 0.78445536328125 0.86931886328125 0.666611333984375 0.827139900390625 0.63341094140625 0.80377476953125 0.6164351796875 0.802278517578125 0.615769005859375 0.739372546875 0.73527237109375 0.810629828125 0.78445536328125
0 0.651788326171875 0.715630693359375 0.652461591796875 0.714768953125 0.7112923359375 0.59743137109375 0.650404876953125 0.549860873046875 0.64187203515625 0.54606180859375 0.587254287109375 0.663862791015625 0.651788326171875 0.715630693359375
0 0.64310361328125 0.68182734765625 0.770878265625 0.72108730859375 0.8103806015625 0.64801521484375 0.81120355078125 0.646166837890625 0.807243552734375 0.6441491171875 0.67969462890625 0.607813443359375 0.65086575390625 0.664393291015625 0.64310361328125 0.68182734765625
0 0.52910341015625 0.648524478515625 0.61009161328125 0.6700128046875 0.608872076171875 0.537547396484375 0.53424172265625 0.51913063671875 0.53218526953125 0.52374950390625 0.53168259765625 0.525765611328125 0.52910341015625 0.648524478515625
0 0.27250909765625 0.17272485546875 0.2983711640625 0.107493712890625 0.292433544921875 0.10485011328125 0.134085623046875 0.092560478515625 0.12807809765625 0.106053599609375 0.105885431640625 0.17050578515625 0.27250909765625 0.17272485546875
0 0.7763403671875 0.455445947265625 0.771315591796875 0.483942869140625 0.958541546875 0.4895913671875 0.97584579296875 0.397152267578125 0.9728516640625 0.3958191953125 0.78907080859375 0.39579979296875 0.7763403671875 0.455445947265625
0 0.168041693359375 0.184049076171875 0.162408912109375 0.2084473359375 0.3539587890625 0.20703645703125 0.368645927734375 0.13023020703125 0.366297640625 0.12918468359375 0.18018123828125 0.136502568359375 0.168041693359375 0.184049076171875
0 0.79572794140625 0.32664611328125 0.618664830078125 0.303619701171875 0.5898311640625 0.39236059765625 0.7818756171875 0.412786416015625 0.8044032578125 0.32946489453125 0.79572794140625 0.32664611328125
0 1 0.44019492578125 0.890280513671875 0.40849782421875 0.8764364453125 0.438186525390625 0.852451615234375 0.492057333984375 1 0.53919754296875 1 0.44019492578125
0 0.255940724609375 0.223771810546875 0.25085390234375 0.236362142578125 0.442401810546875 0.26022323046875 0.472433576171875 0.183280921875 0.46793823828125 0.18127946875 0.284186986328125 0.15611946875 0.255940724609375 0.223771810546875
0 0.718376953125 0.284230123046875 0.53598699609375 0.273258212890625 0.52534080078125 0.312990349609375 0.51349480859375 0.361443091796875 0.514949900390625 0.361832984375 0.69457079296875 0.368243724609375 0.72043934765625 0.285148359375 0.718376953125 0.284230123046875
0 0.89890058203125 0.40049287109375 0.895417646484375 0.39796237109375 0.732407564453125 0.323116998046875 0.67454351171875 0.39224370703125 0.67367255859375 0.39419990234375 0.842908373046875 0.47840576171875 0.89890058203125 0.40049287109375
0 0.556810646484375 0.214006537109375 0.55306483203125 0.21249312890625 0.369789580078125 0.1912490078125 0.357309603515625 0.22213803125 0.33641128125 0.27817622265625 0.525159697265625 0.302687505859375 0.55719141796875 0.21417606640625 0.556810646484375 0.214006537109375
0 0.630108345703125 0.250061513671875 0.48196338671875 0.228617373046875 0.4619710078125 0.22608236328125 0.425363435546875 0.30703965625 0.423201013671875 0.312672951171875 0.610267654296875 0.33130883203125 0.639097654296875 0.2540638125 0.630108345703125 0.250061513671875
0 0.69785313671875 1 0.700303314453125 0.99413660546875 0.64237723046875 0.955064970703125 0.636077513671875 0.95226015625 0.615095802734375 1 0.69785313671875 1
0 0.21474850390625 0 0.204191880859375 0.046279673828125 0.23296069921875 0.062977775390625 0.236449712890625 0.06453118359375 0.272219931640625 0 0.21474850390625 0
0 0.625438818359375 1 0.63658687890625 0.94735583203125 0.63431220703125 0.94634308203125 0.634051978515625 0.9462925 0.53500828125 0.946219365234375 0.523168158203125 0.99838928515625 0.52285506640625 1 0.625438818359375 1
0 0.54597284375 1 0.5450539765625 0.9089103046875 0.48365630078125 0.894120921875 0.472658591796875 0.891783287109375 0.47135266015625 0.894716455078125 0.47127212890625 0.89509533203125 0.4747424453125 0.99487544140625 0.495120064453125 1 0.54597284375 1
0 0.507890314453125 0.89911696484375 0.504273787109375 0.8971940234375 0.40810496484375 0.873071951171875 0.383006615234375 0.920275078125 0.373317787109375 0.94203654296875 0.46590644921875 0.965991291015625 0.507890314453125 0.89911696484375
0 0.296434314453125 0 0.27962298828125 0.02690374609375 0.277386138671875 0.03192779296875 0.4535158515625 0.084819041015625 0.500588537109375 0.010801009765625 0.502843755859375 0.005735705078125 0.50188263671875 0.005135130859375 0.482481576171875 0 0.296434314453125 0
0 0.428144783203125 0 0.43728137890625 0.141092673828125 0.43938883984375 0.141540626953125 0.526627939453125 0.155244390625 0.518329384765625 0 0.428144783203125 0
0 0.23421966015625 0 0.36891522265625 0.051432763671875 0.40898618359375 0 0.23421966015625 0
0 0.67291131640625 0.06558469140625 0.662669875 0.061024908203125 0.489493853515625 0.032603283203125 0.45071174609375 0.122628490234375 0.638170611328125 0.143712953125 0.67291131640625 0.06558469140625
0 1 0.231305193359375 0.86153729296875 0.16842130078125 0.81221881640625 0.24436509765625 0.808831625 0.25197285546875 0.98871595703125 0.323258416015625 1 0.30609846484375 1 0.231305193359375
0 0.79962928515625 0.099771806640625 0.777441697265625 0.29045878125 0.7941217109375 0.296202171875 0.867044396484375 0.320985537109375 0.8676666484375 0.319587935546875 0.892613392578125 0.13015916796875 0.8002583984375 0.09835879296875 0.79962928515625 0.099771806640625
0 0.70646130078125 0.05932963671875 0.703752337890625 0.0654140703125 0.69145320703125 0.2499809375 0.783598384765625 0.28009087890625 0.79990478125 0.08789817578125 0.70646130078125 0.05932963671875
0 0.72224666015625 0.05376572265625 0.6890680859375 0.036860396484375 0.6341817890625 0.01242344140625 0.587941791015625 0.203572953125 0.67217012890625 0.24455821875 0.72224666015625 0.05376572265625
0 1 0.23674477734375 0.929066728515625 0.232499783203125 0.914539794921875 0.29817099609375 0.90841233203125 0.332921572265625 0.910197732421875 0.333716484375 1 0.33684798828125 1 0.23674477734375
0 0.093517263671875 0.8060099453125 0.197195103515625 0.845696609375 0.238285244140625 0.78705835546875 0.23503659765625 0.784698076171875 0.133123283203125 0.74854857421875 0.109837376953125 0.780598875 0.09539994921875 0.801781365234375 0.093517263671875 0.8060099453125
0 0.40288665234375 0.943367765625 0.40269381640625 0.847326490234375 0.401752599609375 0.8470382109375 0.339724623046875 0.82925197265625 0.336813978515625 0.835789390625 0.332009775390625 0.92420219921875 0.40288665234375 0.943367765625
0 0.169173337890625 0.737539546875 0.16489194921875 0.735633349609375 0.057285146484375 0.723690546875 0.02977501171875 0.79178051953125 0.030307541015625 0.792017615234375 0.1444145625 0.792337751953125 0.169173337890625 0.737539546875
0 0.281473892578125 0.79369695703125 0.219856521484375 0.75784075 0.216133984375 0.763572955078125 0.189316806640625 0.854023318359375 0.25138659765625 0.89655735546875 0.281473892578125 0.79369695703125
0 0.263953181640625 0.88847087890625 0.325301705078125 0.91822637109375 0.331399021484375 0.920941072265625 0.331645658203125 0.920387115234375 0.342754646484375 0.8213375 0.287753107421875 0.79546576953125 0.278019673828125 0.791132166015625 0.277734232421875 0.791773275390625 0.263953181640625 0.88847087890625
0 0 0.772894046875 0.08773143359375 0.76221668359375 0.099991109375 0.68963394140625 0.099586638671875 0.689453861328125 0.00956484375 0.70804492578125 0 0.71019069140625 0 0.772894046875