0 0.6064453125 0.28515625 0.0673828125 0.1220703125
0 0.44140625 0.287109375 0.0908203125 0.119140625
0 0.5302734375 0.2880859375 0.078125 0.1298828125
0 0.9306640625 0.2900390625 0.068359375 0.1220703125
0 0.8564453125 0.294921875 0.0732421875 0.1279296875
0 0.775390625 0.2958984375 0.083984375 0.1376953125
0 0.6904296875 0.298828125 0.083984375 0.142578125
0 0.11328125 0.30859375 0.0859375 0.1220703125
0 0.197265625 0.310546875 0.09375 0.111328125
0 0.3642578125 0.310546875 0.0810546875 0.1298828125
0 0.283203125 0.3125 0.078125 0.1220703125
0 0.646484375 0.427734375 0.0830078125 0.1376953125
0 0.5615234375 0.4287109375 0.078125 0.130859375
0 0.4755859375 0.4296875 0.0859375 0.1376953125
0 0.9052734375 0.4306640625 0.083984375 0.142578125
0 0.138671875 0.431640625 0.087890625 0.1357421875
0 0.80859375 0.4345703125 0.091796875 0.1279296875
0 0.052734375 0.435546875 0.083984375 0.1376953125
0 0.396484375 0.4375 0.0859375 0.123046875
0 0.728515625 0.4384765625 0.0810546875 0.1220703125
0 0.3115234375 0.439453125 0.083984375 0.1328125
0 0.2236328125 0.4404296875 0.083984375 0.1298828125
0 0.1494140625 0.068359375 0.0751953125 0.134765625
0 0.0693359375 0.0703125 0.078125 0.140625
0 0.306640625 0.0703125 0.076171875 0.1298828125
0 0.7568359375 0.0712890625 0.076171875 0.142578125
0 0.685546875 0.072265625 0.068359375 0.140625
0 0.7392578125 0.7119140625 0.0830078125 0.1484375
0 0.8359375 0.712890625 0.0830078125 0.1611328125
0 0.646484375 0.716796875 0.0888671875 0.158203125
0 0.923828125 0.716796875 0.0810546875 0.15625
0 0.373046875 0.71875 0.099609375 0.1669921875
0 0.4697265625 0.720703125 0.0859375 0.1640625
0 0.3857421875 0.0732421875 0.076171875 0.1279296875
0 0.615234375 0.07421875 0.0673828125 0.1376953125
0 0.4638671875 0.07421875 0.072265625 0.130859375
0 0.17578125 0.7265625 0.0908203125 0.1611328125
0 0.2763671875 0.732421875 0.0966796875 0.1533203125
0 0.5556640625 0.7333984375 0.0908203125 0.15625
0 0.087890625 0.7451171875 0.095703125 0.1611328125
0 0.5400390625 0.076171875 0.0703125 0.130859375
0 0.2275390625 0.080078125 0.078125 0.126953125
0 0.8984375 0.0869140625 0.078125 0.1220703125
0 0.89453125 0.90625 0.0986328125 0.1875
0 0.115234375 0.912109375 0.099609375 0.1611328125
0 0.609375 0.9111328125 0.09375 0.177734375
0 0.7080078125 0.9111328125 0.099609375 0.177734375
0 0.7978515625 0.9111328125 0.083984375 0.177734375
0 0.5107421875 0.912109375 0.103515625 0.1748046875
0 0.3115234375 0.9150390625 0.0966796875 0.169921875
0 0.4130859375 0.916015625 0.095703125 0.1669921875
0 0.2119140625 0.9189453125 0.095703125 0.162109375
0 0.83203125 0.099609375 0.0703125 0.130859375