0 0.449404095703125 1 0.44143330078125 0.94314175 0.326548119140625 0.919177626953125 0.3369599375 0.98956086328125 0.394360310546875 1 0.449404095703125 1
0 0.40075136328125 0.94340069140625 0.411998298828125 0.8252075390625 0.411992146484375 0.825182869140625 0.345543013671875 0.84039285546875 0.33486628515625 0.95848836328125 0.40075136328125 0.94340069140625
0 0.3530306640625 0.58158840234375 0.352598865234375 0.580334365234375 0.279473083984375 0.602932978515625 0.28420375390625 0.719668427734375 0.29382211328125 0.71727030078125 0.356694630859375 0.69373409765625 0.3530306640625 0.58158840234375
0 0.40148509765625 0.770943595703125 0.403193572265625 0.770517623046875 0.38488951953125 0.69710408203125 0.269572736328125 0.689512716796875 0.29392487109375 0.765400072265625 0.40148509765625 0.770943595703125
0 0.322927513671875 0.883929560546875 0.3358748671875 0.87955003515625 0.398222029296875 0.858082185546875 0.394624421875 0.73891365234375 0.393624078125 0.73600844140625 0.34632648046875 0.75201133203125 0.319753267578125 0.761161224609375 0.321729203125 0.88422833203125 0.322927513671875 0.883929560546875
0 0.323954298828125 0.63268291015625 0.355299318359375 0.52161658984375 0.355274533203125 0.52019658984375 0.3551957578125 0.51988064453125 0.276783076171875 0.518814400390625 0.248239470703125 0.63343287109375 0.24838137890625 0.634002041015625 0.323954298828125 0.63268291015625
0 0.224143439453125 0.52154855859375 0.340042173828125 0.54954396875 0.34057778125 0.54941042578125 0.341570408203125 0.46741695703125 0.22455041796875 0.439452095703125 0.224143439453125 0.52154855859375
0 0.24711923828125 0.09286809375 0.16946437890625 0.113015822265625 0.178310533203125 0.25274683203125 0.258724205078125 0.23325905078125 0.259220142578125 0.233135400390625 0.24863549609375 0.098949470703125 0.24711923828125 0.09286809375
0 0.223883248046875 0.336955572265625 0.266183279296875 0.316324466796875 0.29452887890625 0.3018731484375 0.257905427734375 0.17391110546875 0.25439098046875 0.16670542578125 0.253836865234375 0.16684358203125 0.179250453125 0.20398496484375 0.21597553515625 0.338927185546875 0.223883248046875 0.336955572265625
0 0.188190068359375 0.396569072265625 0.222665453125 0.46634629296875 0.360675068359375 0.4308575703125 0.36467607421875 0.42873019921875 0.364201478515625 0.42682669140625 0.32803711328125 0.358811416015625 0.188190068359375 0.396569072265625
0 0.20332405078125 0.407250783203125 0.235452533203125 0.407250783203125 0.27752200390625 0.4063758359375 0.31058712890625 0.26991955078125 0.31033223046875 0.26889719921875 0.2284104375 0.26706866015625 0.20332405078125 0.407250783203125
0 0.47308730078125 0.988742541015625 0.499481955078125 0.983689400390625 0.550193625 0.97291030078125 0.568564998046875 0.820210060546875 0.56722902734375 0.81485176953125 0.48640674609375 0.83265794921875 0.47308730078125 0.988742541015625
0 0.56139228125 1 0.618730091796875 0.985704078125 0.617254853515625 0.96814328515625 0.45920789453125 0.914364396484375 0.4588436171875 0.91445522265625 0.46076426953125 1 0.56139228125 1
0 0.447986525390625 0.6543823828125 0.49252184765625 0.639047640625 0.47893476171875 0.492789294921875 0.47821590234375 0.490701578125 0.40582016015625 0.5144961484375 0.41144137890625 0.6653998515625 0.41274949609375 0.665073701171875 0.447986525390625 0.6543823828125
0 0.412431419921875 0.79143602734375 0.44982647265625 0.865276353515625 0.59313447265625 0.84316126953125 0.59480059765625 0.84231233984375 0.569405294921875 0.780823283203125 0.56384768359375 0.769915857421875 0.412699333984375 0.791299515625 0.412431419921875 0.79143602734375
0 0.50205551953125 0.57391734765625 0.500460326171875 0.5692845703125 0.4237884296875 0.60220544921875 0.432078876953125 0.745602037109375 0.44962114453125 0.7412282578125 0.504709009765625 0.722259986328125 0.50205551953125 0.57391734765625
0 0.39507952734375 0.712606580078125 0.430156947265625 0.78595990234375 0.577220970703125 0.764233775390625 0.57859630078125 0.763562982421875 0.576051197265625 0.75335512109375 0.547432578125 0.694678255859375 0.39507952734375 0.712606580078125
0 0.50364537890625 0.480801345703125 0.501178029296875 0.463245251953125 0.36870405859375 0.450164603515625 0.347204146484375 0.449417884765625 0.35630796484375 0.52774506640625 0.499121904296875 0.543697947265625 0.508846251953125 0.54127339453125 0.50364537890625 0.480801345703125
0 0.365728244140625 0.01817089453125 0.2429154921875 0.068732134765625 0.284001353515625 0.14092282421875 0.41307765625 0.093015955078125 0.415870857421875 0.091530783203125 0.4138394453125 0.083383234375 0.408027267578125 0.07213017578125 0.37774371484375 0.015175099609375 0.365728244140625 0.01817089453125
0 0.41998214453125 0.142461470703125 0.417597017578125 0.12303616796875 0.28594058203125 0.12019121484375 0.28170344140625 0.12124765234375 0.295022140625 0.203412546875 0.42077216796875 0.20895929296875 0.426381359375 0.207560765625 0.41998214453125 0.142461470703125
0 0.42769136328125 0.25860138671875 0.42446934375 0.250626607421875 0.34956239453125 0.28201599609375 0.36997571484375 0.41275298828125 0.450749189453125 0.38147433203125 0.42769136328125 0.25860138671875
0 0.32661361328125 0.299273767578125 0.4576159609375 0.278337333984375 0.453646123046875 0.26241518359375 0.432110388671875 0.199870876953125 0.29664497265625 0.21867066796875 0.32661361328125 0.299273767578125
0 0.34275883203125 0.37716374609375 0.364446625 0.453490943359375 0.49064750390625 0.45024681640625 0.49531323828125 0.44890894140625 0.48972723828125 0.426504728515625 0.472572216796875 0.369897828125 0.34275883203125 0.37716374609375
0 0.818532908203125 0.935887640625 0.82467140625 0.934357140625 0.854173345703125 0.77099741796875 0.854130306640625 0.7706911796875 0.85352559375 0.768265806640625 0.77753519140625 0.77755251171875 0.77174196875 0.77836669921875 0.7526009765625 0.94476192578125 0.7526953671875 0.94514050390625 0.818532908203125 0.935887640625
0 0.7175239921875 0.14347405859375 0.717753427734375 0.11037528515625 0.53185217578125 0.080026251953125 0.533500068359375 0.1701071015625 0.71232503515625 0.204847560546875 0.714813169921875 0.2048909921875 0.7164591171875 0.204480611328125 0.7175239921875 0.14347405859375
0 0.702203107421875 0.828029017578125 0.88518315234375 0.8160411484375 0.89021302734375 0.81430922265625 0.8730374921875 0.75751281640625 0.866934111328125 0.739787310546875 0.67641298828125 0.75839418359375 0.702203107421875 0.828029017578125
0 0.58906690234375 0.38268728515625 0.76818063671875 0.36572601171875 0.775891900390625 0.363514841796875 0.761244896484375 0.300718744140625 0.755114443359375 0.279339314453125 0.562834498046875 0.293024787109375 0.58906690234375 0.38268728515625
0 0.60721335546875 0 0.496742916015625 0.02291383203125 0.52439752734375 0.110186337890625 0.6978515390625 0.079247017578125 0.706276423828125 0.076346095703125 0.684504720703125 0.00080569140625 0.684227298828125 0 0.60721335546875 0
0 0.80124417578125 0.58362488671875 0.799965041015625 0.579164015625 0.72007246484375 0.60105232421875 0.723742236328125 0.79204689453125 0.767247923828125 0.781199708984375 0.80706798046875 0.76928223828125 0.80124417578125 0.58362488671875
0 0.67104571484375 0.328861521484375 0.63074870703125 0.504021203125 0.63074870703125 0.505527626953125 0.68061643359375 0.506625767578125 0.72175016796875 0.506625767578125 0.75826477734375 0.328067271484375 0.75759908203125 0.32539732421875 0.67104571484375 0.328861521484375
0 0.546193501953125 0.192181248046875 0.545583279296875 0.19233339453125 0.565189609375 0.286984107421875 0.753823060546875 0.27890208984375 0.754602322265625 0.27870780078125 0.72929875390625 0.190065490234375 0.546193501953125 0.192181248046875
0 0.72069719140625 0.709487884765625 0.774243927734375 0.682846458984375 0.8036592265625 0.66720606640625 0.763374001953125 0.487155431640625 0.76128203125 0.48322101171875 0.67659059765625 0.524335580078125 0.72069719140625 0.709487884765625
0 0.80829018359375 0.479270322265625 0.623426962890625 0.44896178515625 0.62245337890625 0.44906411328125 0.6378120078125 0.542529291015625 0.6577792734375 0.54525506640625 0.813015615234375 0.56366581640625 0.81628933984375 0.562849583984375 0.80829018359375 0.479270322265625
0 0 0.22774839453125 0.042446642578125 0.2243800859375 0.05449008984375 0.22137731640625 0.044063423828125 0.176214458984375 0.03746168359375 0.149736326171875 0 0.15154118359375 0 0.22774839453125
0 0 0.30190266015625 0.06589182421875 0.30227190234375 0.07215278125 0.30071087109375 0.0574481015625 0.22506185546875 0 0.225789361328125 0 0.30190266015625
0 1 0.755096359375 0.9327229921875 0.756635283203125 0.92966427734375 0.756902884765625 0.94188705859375 0.896609919921875 0.941981189453125 0.896987458984375 0.99216100390625 0.892597294921875 0.99300705859375 0.892386349609375 1 0.85690825390625 1 0.755096359375
0 0 0.37119260546875 0.087612271484375 0.383814412109375 0.092149615234375 0.382683125 0.08305234375 0.306241876953125 0 0.29757472265625 0 0.37119260546875
0 0.03761208984375 0.4661696171875 0.087603556640625 0.46043551953125 0.100472205078125 0.363705544921875 0.098979287109375 0.35771778125 0.02829262890625 0.36654233203125 0.012200724609375 0.46823540234375 0.01223913671875 0.4683894609375 0.03761208984375 0.4661696171875
0 0.11074796875 0.42601213671875 0.11018323046875 0.42404266015625 0.0360430703125 0.445302009765625 0.03980081640625 0.548716857421875 0.042680296875 0.547998921875 0.11492777734375 0.5215304921875 0.11074796875 0.42601213671875
0 1 0.59551934765625 0.92568433203125 0.6064088828125 0.89601248828125 0.79012142578125 0.89623670703125 0.791020712890625 0.988501 0.778053810546875 1 0.68810496484375 1 0.59551934765625
0 0.89380850390625 0.515309375 0.87781979296875 0.695889501953125 0.878136740234375 0.697687005859375 0.94207538671875 0.6899187421875 0.967571095703125 0.68542316015625 0.9856991953125 0.50396555078125 0.984895451171875 0.50074191015625 0.89380850390625 0.515309375
0 1 0.66846748046875 0.922555173828125 0.70394341796875 0.95734279296875 0.90127844921875 0.96874984375 0.8984343515625 1 0.8825116015625 1 0.66846748046875
0 1 0.480513287109375 0.81980760546875 0.43997221484375 0.822852361328125 0.528360287109375 1 0.57776287890625 1 0.480513287109375
0 0.708622830078125 0.095259974609375 0.735270068359375 0.1806667265625 0.9239766171875 0.162105009765625 0.927565865234375 0.1610076640625 0.9218456796875 0.13806525390625 0.90008816796875 0.06689963671875 0.708622830078125 0.095259974609375
0 0.913340134765625 0.15250864453125 0.72957726171875 0.207419513671875 0.72835770703125 0.20809552734375 0.74875549609375 0.24556276171875 0.775477845703125 0.29377116015625 0.95015439453125 0.23868791015625 0.94119790234375 0.202765390625 0.913340134765625 0.15250864453125
0 0.82885554296875 0.416547271484375 0.90338058203125 0.407270435546875 0.92671958203125 0.22220037109375 0.925251384765625 0.216311751953125 0.827949001953125 0.22653864453125 0.807542384765625 0.415911126953125 0.80824119921875 0.418713927734375 0.82885554296875 0.416547271484375
0 0.795613767578125 0.435666888671875 0.98709642578125 0.484835251953125 0.98924686328125 0.484299087890625 0.99069578125 0.401290537109375 0.987003962890625 0.386483458984375 0.798968736328125 0.342056263671875 0.795613767578125 0.435666888671875
0 0.73739367578125 0 0.770960720703125 0.140629947265625 0.8403070546875 0.117354380859375 0.863448076171875 0.10893173828125 0.840299568359375 0 0.73739367578125 0
0 0.12576700390625 0.8471936484375 0.153883943359375 0.8356750546875 0.190075279296875 0.819561634765625 0.175904701171875 0.71235946484375 0.174271431640625 0.708691080078125 0.108371443359375 0.73669172265625 0.12576700390625 0.8471936484375
0 0.0597435 0.614463173828125 0.098877298828125 0.607470337890625 0.132038326171875 0.60102448828125 0.13488790234375 0.51465676171875 0.132510880859375 0.50512305078125 0.06830615234375 0.518804171875 0.0597435 0.614463173828125
0 0.09608991796875 0.82726153125 0.130966458984375 0.892842892578125 0.236242404296875 0.87174344921875 0.24102562890625 0.86930627734375 0.24045719921875 0.86702642578125 0.212238912109375 0.81677137109375 0.09608991796875 0.82726153125
0 0.068335359375 0.678678646484375 0.098372533203125 0.745527310546875 0.197424970703125 0.727518357421875 0.201886478515625 0.725245107421875 0.200753341796875 0.72070034765625 0.168001458984375 0.660180892578125 0.068335359375 0.678678646484375
0 0.16380259375 0.643133044921875 0.16197133203125 0.60666205078125 0.06664269140625 0.58131666015625 0.069384548828125 0.65296808203125 0.162260572265625 0.680656845703125 0.162998388671875 0.68064396484375 0.16445102734375 0.680281783203125 0.16380259375 0.643133044921875
0 0.263209736328125 1 0.26079142578125 0.98952514453125 0.25231466796875 0.959591791015625 0.140830513671875 0.93946837890625 0.139815986328125 0.939702599609375 0.15373673828125 1 0.263209736328125 1
0 0.24690636328125 0.9592454453125 0.25419194921875 0.957428943359375 0.24563602734375 0.908307228515625 0.24354176171875 0.897533173828125 0.21849265625 0.89145263671875 0.128477333984375 0.871218751953125 0.128368205078125 0.871245958984375 0.1386386484375 0.939259466796875 0.139615123046875 0.9442829921875 0.24690636328125 0.9592454453125