0 0.592738341796875 0 0.57820524609375 0.076969173828125 0.6381232109375 0.110751552734375 0.64005073046875 0.108610826171875 0.64101138671875 0.106804095703125 0.658343373046875 0 0.592738341796875 0
0 0.56422644140625 0.17124075 0.6246132890625 0.068986642578125 0.580179451171875 0.0180541796875 0.51940230859375 0.119871078125 0.56422644140625 0.17124075
0 0.41367223046875 0.357431490234375 0.416279796875 0.359468744140625 0.41884294140625 0.356622083984375 0.46025384375 0.2505214765625 0.398441259765625 0.20532603125 0.39769512109375 0.20628104296875 0.357677486328125 0.31123474609375 0.41367223046875 0.357431490234375
0 0.3858221015625 0.22860312890625 0.49485039453125 0.270966041015625 0.541399162109375 0.21348309765625 0.536794806640625 0.20933731640625 0.439964013671875 0.170117484375 0.3858221015625 0.22860312890625
0 0.570497017578125 0.12234006640625 0.504426052734375 0.079433080078125 0.503986615234375 0.079921125 0.47100762109375 0.197018603515625 0.537022796875 0.23938077734375 0.53975855859375 0.23634240234375 0.54037325390625 0.23539585546875 0.570497017578125 0.12234006640625
0 0.33508497265625 0.284440041015625 0.28143723046875 0.338087783203125 0.38422723828125 0.397471890625 0.437817794921875 0.340445541015625 0.43602816015625 0.338655904296875 0.33508497265625 0.284440041015625
0 0.29436387890625 0.32435626953125 0.250619556640625 0.435862375 0.31675157421875 0.481681630859375 0.3198178203125 0.478276220703125 0.362314908203125 0.370720443359375 0.29436387890625 0.32435626953125
0 0.177913693359375 0.63947568359375 0.045332560546875 0.59736123046875 0.00695849609375 0.667905818359375 0.00873759375 0.669507724609375 0.13879375 0.71304959765625 0.177913693359375 0.63947568359375
0 0.239730921875 0.604583646484375 0.238283349609375 0.603084642578125 0.124081947265625 0.52245111328125 0.06853075390625 0.575219451171875 0.063040888671875 0.581316564453125 0.06463284765625 0.5829650859375 0.17663920703125 0.6642571328125 0.23487144140625 0.60998064453125 0.239730921875 0.604583646484375
0 0.269915099609375 0.38324032421875 0.19667166015625 0.507976072265625 0.25391823828125 0.560053595703125 0.25525984375 0.558664322265625 0.32848327734375 0.437324390625 0.30781928515625 0.41736940625 0.269915099609375 0.38324032421875
0 0.21887065625 0.4424072578125 0.13981617578125 0.560257037109375 0.20038335546875 0.61618860546875 0.271914974609375 0.494163599609375 0.24226051953125 0.464310306640625 0.229352111328125 0.45184480078125 0.21887065625 0.4424072578125
0 0.61082484765625 0.17574259375 0.7637102578125 0.20858116796875 0.80372146484375 0.136399041015625 0.80094120703125 0.133895685546875 0.6474225234375 0.1064400390625 0.61082484765625 0.17574259375
0 0.82006196875 0.1153687265625 0.745608546875 0.05289488671875 0.71803491015625 0.030375173828125 0.6604946953125 0.093641673828125 0.66189253515625 0.09490029296875 0.81496110546875 0.157391416015625 0.8314795234375 0.141329080078125 0.8389741484375 0.132397330078125 0.82006196875 0.1153687265625
0 0.47322616796875 0.49581701171875 0.56020119140625 0.377447005859375 0.52992494140625 0.3413651796875 0.504312318359375 0.3130406015625 0.421734580078125 0.43955380078125 0.47153473046875 0.49723629296875 0.47322616796875 0.49581701171875
0 0.74931592578125 0.234782208984375 0.615772185546875 0.16059778125 0.56163737109375 0.217761984375 0.5623705234375 0.218576232421875 0.687970783203125 0.290428439453125 0.747361609375 0.23695269921875 0.74931592578125 0.234782208984375
0 0.61323897265625 0.315174572265625 0.571004931640625 0.254858109375 0.56879718359375 0.252870244140625 0.4772065625 0.36473680859375 0.519202744140625 0.435290732421875 0.520217337890625 0.43620427734375 0.523898638671875 0.43362660546875 0.61323897265625 0.315174572265625
0 0.60864370703125 0.189928310546875 0.53968989453125 0.326959291015625 0.5929452109375 0.380041259765625 0.59536148046875 0.37770789453125 0.665665236328125 0.24770367578125 0.618058291015625 0.198405240234375 0.60864370703125 0.189928310546875
0 0.36235133203125 0.490040162109375 0.490079154296875 0.52753762109375 0.498943470703125 0.51218417578125 0.52696159375 0.45699469140625 0.526030677734375 0.456156490234375 0.51990161328125 0.452617875 0.3799200234375 0.413465150390625 0.342137232421875 0.482678498046875 0.36235133203125 0.490040162109375
0 0.1614876640625 0.861945318359375 0.16621083203125 0.856699708984375 0.227111921875 0.756836248046875 0.16465799609375 0.70977383984375 0.1569011640625 0.7040724921875 0.097220078125 0.810151693359375 0.120131376953125 0.83078112109375 0.1614876640625 0.861945318359375
0 0.26554152734375 0.684172255859375 0.21618143359375 0.64474871875 0.214455654296875 0.646665392578125 0.149008220703125 0.75788687109375 0.210925396484375 0.81404451171875 0.21393783203125 0.8106988671875 0.282704380859375 0.699625759765625 0.26554152734375 0.684172255859375
0 0.3778523046875 0.64499923828125 0.416065818359375 0.60103962109375 0.412028673828125 0.59740455859375 0.300126833984375 0.538219267578125 0.24505242578125 0.59995554296875 0.24587775 0.600672984375 0.359552357421875 0.66532338671875 0.3778523046875 0.64499923828125
0 0.289346701171875 0.74796490625 0.33472337109375 0.623833541015625 0.288185560546875 0.59543187890625 0.261066451171875 0.579774654296875 0.216731857421875 0.70925801953125 0.287084240234375 0.750477625 0.289346701171875 0.74796490625
0 0.40802956640625 0.457137921875 0.322997716796875 0.556794158203125 0.36818091015625 0.620993021484375 0.371225546875 0.618861146484375 0.45600741015625 0.525371640625 0.4124206484375 0.46109166796875 0.40802956640625 0.457137921875
0 1 0.292635125 0.869959580078125 0.2567234140625 0.86748561328125 0.26100844921875 0.8294043203125 0.3298008984375 1 0.36532526953125 1 0.292635125
0 0.455853181640625 0.771639955078125 0.442146078125 0.76273845703125 0.440665734375 0.764382544921875 0.3685098671875 0.934321234375 0.4413739921875 0.98543230859375 0.4437973671875 0.98274087890625 0.52106295703125 0.814969884765625 0.455853181640625 0.771639955078125
0 0.941679857421875 0.297201154296875 0.932119248046875 0.28354719140625 0.92606768359375 0.2780983359375 0.8001940859375 0.419982921875 0.84781345703125 0.48277735546875 0.84950255859375 0.481594634765625 0.968890857421875 0.33803741796875 0.941679857421875 0.297201154296875
0 0.610712720703125 0.627019345703125 0.479390853515625 0.7674946875 0.532376908203125 0.835630203125 0.539849021484375 0.830398173828125 0.66479797265625 0.702846923828125 0.613392359375 0.62943210546875 0.610712720703125 0.627019345703125
0 0.46005151953125 1 0.4680028046875 0.99356117578125 0.47570086328125 0.98700548828125 0.482465681640625 0.979492396484375 0.476059451171875 0.97158136328125 0.349209322265625 0.85028383203125 0.277383390625 0.914780138671875 0.37165311328125 1 0.46005151953125 1
0 0.927811798828125 0.48488542578125 0.923582103515625 0.48001971484375 0.773802556640625 0.37593302734375 0.707538384765625 0.43220562109375 0.8665165234375 0.53984493359375 0.92086542578125 0.492600154296875 0.927811798828125 0.48488542578125
0 0.52396537890625 0.6769007265625 0.696654705078125 0.729842333984375 0.73737901953125 0.665402859375 0.74297925390625 0.65570296875 0.74241232421875 0.65519250390625 0.56763524609375 0.596907697265625 0.557040041015625 0.615259130859375 0.52341322265625 0.67658194140625 0.52396537890625 0.6769007265625
0 0.578359416015625 0.86656678515625 0.6056551796875 0.838006359375 0.61952579296875 0.822601484375 0.615558439453125 0.818770255859375 0.4661175859375 0.72297078125 0.397562955078125 0.7848456328125 0.55377772265625 0.89202187109375 0.578359416015625 0.86656678515625
0 0.869006029296875 0.533692259765625 0.704282427734375 0.448310763671875 0.64312119140625 0.521472109375 0.81225939453125 0.60621401171875 0.832102875 0.584175595703125 0.872479775390625 0.536820033203125 0.869006029296875 0.533692259765625
0 0.629584978515625 0.66059651953125 0.696951525390625 0.70859005859375 0.701974888671875 0.703011048828125 0.761984896484375 0.56324262109375 0.76960794140625 0.54458757421875 0.700883935546875 0.488274083984375 0.696002267578125 0.48472734375 0.629584978515625 0.66059651953125
0 0 0.492516751953125 0.00004301171875 0.492582875 0.00228188671875 0.491072736328125 0.072368072265625 0.421089978515625 0.04385059765625 0.37582804296875 0.03198523046875 0.35823691015625 0.02916554296875 0.35569805078125 0 0.387191630859375 0 0.492516751953125
0 0 0.354981921875 0.07514233984375 0.422659572265625 0.13339778125 0.38642133984375 0.135679802734375 0.383886896484375 0.1320780546875 0.3785470859375 0.06214669140625 0.312365287109375 0.00339088671875 0.34973444140625 0 0.352021623046875 0 0.354981921875
0 0.04963450390625 0.33359534375 0.149777638671875 0.36058044921875 0.18606140234375 0.29512280859375 0.1815596171875 0.2910693828125 0.0933452890625 0.26659606640625 0.04963450390625 0.33359534375
0 1 0.495781123046875 0.94301278515625 0.464562318359375 0.878463046875 0.530352287109375 0.877376322265625 0.53155921875 1 0.59356875390625 1 0.495781123046875
0 1 0.58502425 0.86249848828125 0.54833465625 0.8553006015625 0.56080176171875 0.816864015625 0.62989748828125 0.998044169921875 0.6760626484375 1 0.672675052734375 1 0.58502425
0 0.98029513671875 0.706811126953125 0.829107318359375 0.599683794921875 0.7547857421875 0.6635969609375 0.914029830078125 0.76472410546875 0.960183212890625 0.725959630859375 0.975349341796875 0.71230398828125 0.98029513671875 0.706811126953125
0 0.6514786171875 1 0.6917641875 0.92236595703125 0.6116391015625 0.86415167578125 0.54939209375 1 0.6514786171875 1
0 0.68770424609375 1 0.74706470703125 0.842382072265625 0.695419548828125 0.808843314453125 0.667308443359375 0.790747251953125 0.666961498046875 0.7912815 0.59653179296875 0.970056037109375 0.64264144921875 1 0.68770424609375 1
0 0.73420712109375 0.94275764453125 0.819669857421875 0.78074833203125 0.76394349609375 0.73040338671875 0.74753175 0.716136873046875 0.6542164296875 0.88552937109375 0.72799136328125 0.94966094140625 0.73420712109375 0.94275764453125
0 0.68698072265625 0.77305203515625 0.876178068359375 0.829450205078125 0.884182318359375 0.82056058203125 0.92416566796875 0.74827234375 0.735975908203125 0.688189884765625 0.68698072265625 0.77305203515625
0 0.3214763984375 0.01756630078125 0.2708629296875 0.118948158203125 0.32196871875 0.16380984765625 0.326228267578125 0.15924204296875 0.37533483984375 0.066676671875 0.35615102734375 0.04878748046875 0.3214763984375 0.01756630078125
0 0.23675177734375 0.262294619140625 0.159551810546875 0.20846930078125 0.105616634765625 0.250564111328125 0.18134024609375 0.309960982421875 0.222231080078125 0.27684823828125 0.22794347265625 0.272077232421875 0.23675177734375 0.262294619140625
0 0.35220192578125 0 0.3175258984375 0.05926231640625 0.36789051953125 0.11327989453125 0.3686459296875 0.11255040234375 0.41591265625 0.007184169921875 0.40951500390625 0 0.35220192578125 0
0 0.259892021484375 0.219880865234375 0.261409169921875 0.218818548828125 0.325937953125 0.13712419140625 0.3132253125 0.11896865625 0.281893966796875 0.07858255859375 0.28104316015625 0.079178298828125 0.218585078125 0.15765865234375 0.259892021484375 0.219880865234375
0 0.175988814453125 0.22793465234375 0.23363062109375 0.272766373046875 0.23440726953125 0.27190381640625 0.237357212890625 0.2678435703125 0.267026091796875 0.178652046875 0.244652810546875 0.16167506640625 0.209581107421875 0.13619398046875 0.175988814453125 0.22793465234375
0 0.383937287109375 0 0.425929345703125 0.024569125 0.44839601953125 0.037205552734375 0.457275552734375 0.030754193359375 0.497869982421875 0.00003119140625 0.497847322265625 0 0.383937287109375 0