0 0.7783203125 0.4482421875 0.1689453125 0.1689453125
0 0.693359375 0.5869140625 0.1435546875 0.1455078125
0 0.73046875 0.521484375 0.142578125 0.142578125
0 0.646484375 0.658203125 0.150390625 0.1484375
0 0.51953125 0.86328125 0.1689453125 0.1689453125
0 0.89453125 0.23828125 0.1640625 0.1640625
0 0.814453125 0.3701171875 0.1796875 0.1591796875
0 0.6044921875 0.7158203125 0.1611328125 0.142578125
0 0.8515625 0.302734375 0.162109375 0.162109375
0 0.556640625 0.7841796875 0.154296875 0.15625
0 0.4619140625 0.9267578125 0.162109375 0.146484375
0 0.595703125 0.48046875 0.1767578125 0.1533203125
0 0.5478515625 0.5576171875 0.171875 0.15625
0 0.458984375 0.701171875 0.158203125 0.146484375
0 0.634765625 0.4052734375 0.1767578125 0.1767578125
0 0.720703125 0.26171875 0.1689453125 0.146484375
0 0.412109375 0.771484375 0.1484375 0.150390625
0 0.4990234375 0.6279296875 0.154296875 0.140625
0 0.7646484375 0.1845703125 0.1669921875 0.1669921875
0 0.6708984375 0.333984375 0.1669921875 0.1533203125
0 0.3203125 0.9140625 0.1484375 0.1455078125
0 0.361328125 0.8388671875 0.15625 0.142578125
0 0.6904296875 0.9775390625 0.150390625 0.044921875
0 0.849609375 0.7529296875 0.1435546875 0.1455078125
0 0.80859375 0.8193359375 0.1455078125 0.1455078125
0 0.490234375 0.1025390625 0.181640625 0.181640625
0 0.53125 0.0537109375 0.171875 0.107421875
0 0.4326171875 0.181640625 0.181640625 0.181640625
0 0.7275390625 0.9345703125 0.1611328125 0.130859375
0 0.884765625 0.6884765625 0.1591796875 0.1591796875
0 0.9580078125 0.49609375 0.083984375 0.13671875
0 0.7646484375 0.884765625 0.171875 0.1484375
0 0.380859375 0.2568359375 0.1875 0.1640625
0 0.0947265625 0.7314453125 0.189453125 0.181640625
0 0.3271484375 0.326171875 0.173828125 0.173828125
0 0.181640625 0.564453125 0.181640625 0.181640625
0 0.1298828125 0.64453125 0.189453125 0.169921875
0 0.224609375 0.4853515625 0.203125 0.1826171875
0 0.271484375 0.396484375 0.1923828125 0.1669921875
0 0.9189453125 0.623046875 0.162109375 0.1611328125
0 0.9384765625 0.5576171875 0.123046875 0.140625
0 0.9736328125 0.435546875 0.052734375 0.140625
0 0.3037109375 0.056640625 0.1982421875 0.1123046875
0 0.353515625 0.0234375 0.216796875 0.046875
0 0.154296875 0.279296875 0.208984375 0.1845703125
0 0.2548828125 0.1103515625 0.203125 0.1748046875
0 0.072265625 0.451171875 0.1435546875 0.1923828125
0 0.10546875 0.361328125 0.2109375 0.1904296875
0 0.205078125 0.1904296875 0.208984375 0.1875
0 0.0498046875 0.5341796875 0.099609375 0.1845703125
0 0.0234375 0.62109375 0.046875 0.185546875