0 0.924756994140625 0.233559103515625 0.92357980859375 0.22802088671875 0.87021126171875 0.132948259765625 0.80027284765625 0.14601823046875 0.860334330078125 0.2468423515625 0.904341830078125 0.23827231640625 0.924756994140625 0.233559103515625
0 0.72267879296875 0.175176134765625 0.797568375 0.267111396484375 0.86074635546875 0.242723806640625 0.860528111328125 0.241778486328125 0.785736921875 0.150841912109375 0.72267879296875 0.175176134765625
0 0.522873205078125 0.33959270703125 0.52487376171875 0.3435190234375 0.525449212890625 0.343386169921875 0.610272609375 0.262385568359375 0.573351802734375 0.195301458984375 0.572271966796875 0.195851662109375 0.4916483203125 0.2740598359375 0.522873205078125 0.33959270703125
0 0.5877125390625 0.3132786328125 0.685462984375 0.26779994921875 0.681594685546875 0.21523232421875 0.67969719140625 0.201730962890625 0.676902283203125 0.189624873046875 0.57246511328125 0.24003618359375 0.58126507421875 0.30326722265625 0.583706375 0.313841662109375 0.5877125390625 0.3132786328125
0 0.664471599609375 0.295538646484375 0.66562992578125 0.300555916015625 0.668496751953125 0.29999866015625 0.773498533203125 0.243530013671875 0.760916654296875 0.178801861328125 0.760389005859375 0.176164013671875 0.75765994140625 0.16434312890625 0.65032813671875 0.22403455078125 0.65569070703125 0.251622576171875 0.664471599609375 0.295538646484375
0 0.443722576171875 0.35423625 0.53869046484375 0.29493058984375 0.51337849609375 0.22048796484375 0.512151666015625 0.22086304296875 0.4158183671875 0.28525539453125 0.437357220703125 0.35570580859375 0.443722576171875 0.35423625
0 0.447415212890625 0.24605617578125 0.335426009765625 0.290034921875 0.34785988671875 0.37135144921875 0.45898020703125 0.32740131640625 0.457479646484375 0.31518023828125 0.447415212890625 0.24605617578125
0 0.143237755859375 0.34466934375 0.143086236328125 0.34322773046875 0.14080569921875 0.333349638671875 0.00627146484375 0.370633552734375 0.01541794921875 0.45246844140625 0.02035207421875 0.451949845703125 0.14984851171875 0.41389215234375 0.143237755859375 0.34466934375
0 0.23164901953125 0.402004685546875 0.227771171875 0.3280109375 0.225311439453125 0.317356662109375 0.09043237109375 0.34856682421875 0.093379658203125 0.43354692578125 0.093646890625 0.43470444140625 0.09953049609375 0.434396095703125 0.23164901953125 0.402004685546875
0 0.388435751953125 0.280708455078125 0.248663525390625 0.322320638671875 0.25501423828125 0.399449802734375 0.256942908203125 0.399348724609375 0.39324876953125 0.360544578125 0.38924944921875 0.284232966796875 0.388435751953125 0.280708455078125
0 0.24933434765625 0.42923570703125 0.317910455078125 0.4058790703125 0.317137490234375 0.402530998046875 0.315507333984375 0.39805217578125 0.24783826171875 0.281532638671875 0.171028205078125 0.31144667578125 0.17103611328125 0.31148092578125 0.24933434765625 0.42923570703125
0 0.936880603515625 0.2668754296875 0.79106661328125 0.328350599609375 0.798017736328125 0.405294224609375 0.801707107421875 0.40503623828125 0.944240208984375 0.35067224609375 0.93903227734375 0.2761953515625 0.936880603515625 0.2668754296875
0 0.8485053828125 0.373891939453125 0.969828509765625 0.37389194140625 0.973657890625 0.373007857421875 0.973657890625 0.328931984375 0.967314083984375 0.30145394140625 0.85210930078125 0.338424365234375 0.8485053828125 0.373891939453125
0 0.595623525390625 0.33680675390625 0.468481861328125 0.415308294921875 0.496840478515625 0.49271143359375 0.503077240234375 0.4912715625 0.62029268359375 0.40960218359375 0.596569083984375 0.336588455078125 0.595623525390625 0.33680675390625
0 0.830486568359375 0.28149394921875 0.70900916796875 0.364134853515625 0.73103659375 0.44024659765625 0.74001307421875 0.43817421484375 0.858258134765625 0.35553937890625 0.830486568359375 0.28149394921875
0 0.554098255859375 0.41815020703125 0.58571608984375 0.48502168359375 0.59144634375 0.483698748046875 0.59153942578125 0.48365334765625 0.69692691015625 0.389785759765625 0.66946109375 0.32098609765625 0.66477008203125 0.311368103515625 0.554098255859375 0.41815020703125
0 0.788789435546875 0.424206986328125 0.693307916015625 0.30750365625 0.622246998046875 0.33491437890625 0.622291923828125 0.335108970703125 0.714593625 0.454981015625 0.78959212109375 0.42768379296875 0.788789435546875 0.424206986328125
0 0.405257814453125 0.365207646484375 0.40935866796875 0.386326048828125 0.443001765625 0.515122779296875 0.4607276953125 0.514813373046875 0.52272487890625 0.510386330078125 0.52258022265625 0.502099095703125 0.484044810546875 0.36194630859375 0.405257814453125 0.365207646484375
0 0 0.482011990234375 0.01708491015625 0.60942107421875 0.093004103515625 0.6116020078125 0.09910909375 0.610192560546875 0.09910909375 0.60159870703125 0.085839076171875 0.46682596484375 0 0.46785039453125 0 0.482011990234375
0 0.1451034921875 0.5910226640625 0.206012572265625 0.5671699453125 0.204712150390625 0.561537201171875 0.14268064453125 0.45201127734375 0.063424625 0.47744630859375 0.064406953125 0.481701240234375 0.126712595703125 0.59771640234375 0.1451034921875 0.5910226640625
0 0.31857046875 0.54830070703125 0.374587044921875 0.533291111328125 0.3738274609375 0.5300009921875 0.31315689453125 0.416496609375 0.233624537109375 0.4367161171875 0.23447101953125 0.440382634765625 0.291117912109375 0.55463862890625 0.31857046875 0.54830070703125
0 0.185725912109375 0.578970291015625 0.29350411328125 0.50919224609375 0.273429912109375 0.45850251953125 0.26119437890625 0.429677416015625 0.147862166015625 0.506406205078125 0.17878606640625 0.58057248046875 0.185725912109375 0.578970291015625
0 0.336825572265625 0.53606818359375 0.342112625 0.534847572265625 0.453879716796875 0.480825951171875 0.43510860546875 0.3995193359375 0.319069955078125 0.459995974609375 0.336825572265625 0.53606818359375
0 1 0.58328659375 0.9538163203125 0.51096577734375 0.94911055859375 0.512494771484375 0.8747795078125 0.538136166015625 0.985666888671875 0.689439517578125 1 0.685498716796875 1 0.58328659375
0 0.32634780078125 0.71951971875 0.325151126953125 0.708134130859375 0.323902900390625 0.702727466796875 0.144953771484375 0.754019859375 0.15113269921875 0.84345980078125 0.15123071875 0.843884373046875 0.333711962890625 0.797465638671875 0.32634780078125 0.71951971875
0 0.793263123046875 0.561665900390625 0.903203560546875 0.716241337890625 0.92058534765625 0.709218638671875 0.97412222265625 0.68518695703125 0.973183341796875 0.68112021875 0.97272551171875 0.679987044921875 0.86172716015625 0.53402550390625 0.792880650390625 0.56000922265625 0.793263123046875 0.561665900390625
0 0.503829169921875 0.8102143984375 0.503314146484375 0.8075648359375 0.429525880859375 0.63312866015625 0.3440871484375 0.654226197265625 0.413096419921875 0.828608404296875 0.4830730859375 0.815006318359375 0.503829169921875 0.8102143984375
0 0.198364783203125 0.88162583984375 0.21355587109375 0.87883287109375 0.218100255859375 0.877783716796875 0.216331951171875 0.866619083984375 0.16712528125 0.698147275390625 0.072674046875 0.718089751953125 0.128997646484375 0.89261251171875 0.198364783203125 0.88162583984375
0 0.84988613671875 0.739942455078125 0.84988613671875 0.733916546875 0.805133091796875 0.5570971015625 0.7182047421875 0.556093359375 0.76756932421875 0.74162882421875 0.842581666015625 0.74162882421875 0.84988613671875 0.739942455078125
0 0.553008099609375 0.793609064453125 0.605839056640625 0.77089851953125 0.60480644140625 0.766425779296875 0.50358939453125 0.62163610546875 0.426215029296875 0.6493523671875 0.42101738671875 0.6514523515625 0.5232809140625 0.805619626953125 0.553008099609375 0.793609064453125
0 0.3996064296875 0.84389771484375 0.361827595703125 0.658979728515625 0.265163537109375 0.662857146484375 0.26517505078125 0.66318685546875 0.307489470703125 0.84166086328125 0.39631798046875 0.8446569140625 0.3996064296875 0.84389771484375
0 0.639271251953125 0.766116330078125 0.7901805390625 0.662007669921875 0.77824129296875 0.62920485546875 0.755377462890625 0.57291251171875 0.60047657421875 0.68294658203125 0.633815873046875 0.767375802734375 0.639271251953125 0.766116330078125
0 0.527839208984375 0.61186774609375 0.52786794921875 0.612101810546875 0.58180026171875 0.76220384375 0.58894783203125 0.78104618359375 0.68325348046875 0.77500012109375 0.68303822265625 0.77324701171875 0.61223623046875 0.600707177734375 0.527839208984375 0.61186774609375
0 0 0.24155194921875 0.03524984765625 0.23846798828125 0.044029712890625 0.23644099609375 0.043506193359375 0.230457146484375 0.022406265625 0.1423179765625 0 0.144504017578125 0 0.24155194921875
0 0.01188986328125 0.139211791015625 0.050780693359375 0.22942395703125 0.086149046875 0.221906181640625 0.125707419921875 0.21277341015625 0.088570994140625 0.12211036328125 0.01188986328125 0.139211791015625
0 1 0.772843384765625 0.941005400390625 0.80574736328125 0.948348216796875 0.840687904296875 1 0.82876315234375 1 0.772843384765625
0 0.18341944921875 0.101172744140625 0.09233342578125 0.145988431640625 0.107479875 0.216981572265625 0.116600244140625 0.21487596875 0.200891849609375 0.177421482421875 0.200095771484375 0.173405833984375 0.18341944921875 0.101172744140625
0 0.191449205078125 0.205613724609375 0.275352666015625 0.151142994140625 0.25805737109375 0.0941602265625 0.25352976953125 0.08101111328125 0.165453046875 0.135149564453125 0.18787149609375 0.206439705078125 0.191449205078125 0.205613724609375
0 0.353440470703125 0.168215095703125 0.352633400390625 0.163637970703125 0.31272665625 0.07366376171875 0.236286232421875 0.08714226953125 0.27524191796875 0.176758248046875 0.349603861328125 0.16910084765625 0.353440470703125 0.168215095703125
0 0.80355732421875 0.729787125 0.858684541015625 0.9069420703125 0.945374796875 0.903914779296875 0.95174241796875 0.90244469921875 0.890820615234375 0.72725250390625 0.80355732421875 0.729787125
0 0.692426072265625 0.84393563671875 0.720798974609375 0.93170819140625 0.72403615234375 0.930960830078125 0.87748608203125 0.83242854296875 0.86991686328125 0.80767075 0.847810900390625 0.74717428125 0.846065419921875 0.74770792578125 0.692426072265625 0.84393563671875
0 1 0.75566550390625 0.97124408203125 0.69947373046875 0.8967518046875 0.71271339453125 0.880515529296875 0.715869408203125 0.88069049609375 0.71676953515625 0.976131712890625 0.896251607421875 0.982615203125 0.894991345703125 1 0.8908534140625 1 0.75566550390625
0 0.780817287109375 0.785595279296875 0.604497724609375 0.8518084140625 0.609094158203125 0.938727521484375 0.61524109765625 0.938189732421875 0.787412419921875 0.88331001953125 0.78121491796875 0.787317599609375 0.780817287109375 0.785595279296875
0 0.393523978515625 1 0.3126000078125 0.8514174140625 0.2202343828125 0.886620744140625 0.28939329296875 1 0.393523978515625 1
0 0.387142234375 1 0.506408337890625 0.92730495703125 0.48635991796875 0.869080119140625 0.475388833984375 0.837627169921875 0.4745940625 0.837810658203125 0.30918283984375 0.93523609765625 0.33148283984375 1 0.387142234375 1
0 0.431940609375 1 0.44368616796875 0.99728832421875 0.6036809296875 0.91523715234375 0.57778087109375 0.81857682421875 0.408928974609375 0.909067265625 0.43143987890625 1 0.431940609375 1
0 0.70634487109375 0.94229073046875 0.5785859375 0.79218040625 0.495919986328125 0.83623203125 0.61833762109375 0.98583166015625 0.63388801171875 0.9822415703125 0.706971236328125 0.94500380859375 0.70634487109375 0.94229073046875
0 0.28356370703125 1 0.3190780546875 0.9834372421875 0.3118780625 0.95988712890625 0.28873308984375 0.89049709765625 0.113744947265625 0.96685744921875 0.122332630859375 1 0.28356370703125 1
0 0.602159421875 0.117379560546875 0.63136388671875 0.116880220703125 0.63794770703125 0.115360224609375 0.637947705078125 0.112656724609375 0.60696902734375 0.007872888671875 0.53733069140625 0.00996730859375 0.56621972265625 0.117379560546875 0.602159421875 0.117379560546875
0 0.431142951171875 0.132287802734375 0.37024912890625 0.062520884765625 0.30773240234375 0.090317197265625 0.36683729296875 0.1662689296875 0.414524193359375 0.144032162109375 0.431908244140625 0.13560264453125 0.431142951171875 0.132287802734375
0 0.679594359375 0 0.6035556953125 0.033326279296875 0.612550798828125 0.106631 0.61359072265625 0.10648484765625 0.7137630234375 0.0490244609375 0.70917696875 0.00296199609375 0.70849313671875 0 0.679594359375 0
0 0.565492427734375 0.090001572265625 0.567416486328125 0.0349037421875 0.56675676953125 0.03204619140625 0.46532765234375 0.05864706640625 0.466346529296875 0.13123823828125 0.46870287109375 0.131320521484375 0.564501845703125 0.106570734375 0.565492427734375 0.090001572265625
0 0.48923616015625 0.089288662109375 0.487078048828125 0.048109416015625 0.48661797265625 0.04611660546875 0.39453113671875 0.077625224609375 0.39596789453125 0.150756205078125 0.402136466796875 0.150432923828125 0.49012253125 0.117359927734375 0.48923616015625 0.089288662109375
0 0.750529509765625 0 0.79157673046875 0.07144639453125 0.8548811953125 0.06367358203125 0.861297587890625 0.0621922421875 0.861287048828125 0.06210640234375 0.825093837890625 0 0.750529509765625 0
0 0.677674232421875 0 0.714766033203125 0.092087287109375 0.72078918359375 0.09177162890625 0.78721203515625 0.08547776171875 0.78706419921875 0.082656919921875 0.746959890625 0.002809162109375 0.74548852734375 0 0.677674232421875 0
0 0.83275087109375 0 0.8069320703125 0.022450025390625 0.8181501796875 0.06253200390625 0.81938810546875 0.06224620703125 0.9052621328125 0.032677408203125 0.89771795703125 0 0.83275087109375 0