0 0.8430842421875 0.072784673828125 0.800381720703125 0.059729203125 0.77523795703125 0.05271591796875 0.714435279296875 0.141824388671875 0.713384232421875 0.1493029765625 0.77515078125 0.16703744140625 0.8430842421875 0.072784673828125
0 0.706970693359375 0.194430177734375 0.815986904296875 0.24107787109375 0.82199728515625 0.173755087890625 0.713039841796875 0.12652427734375 0.706970693359375 0.194430177734375
0 0.78335603125 0.41335092578125 0.67446889453125 0.3700648671875 0.6730585625 0.380099900390625 0.668996248046875 0.44696417578125 0.77420981640625 0.489748439453125 0.78335603125 0.41335092578125
0 0.807824283203125 0.31596576953125 0.736706744140625 0.28866630078125 0.666199255859375 0.376465390625 0.665380212890625 0.3785990703125 0.6651333203125 0.38035580078125 0.739616103515625 0.40342438671875 0.807824283203125 0.31596576953125
0 0.796517453125 0.33202853515625 0.808189505859375 0.252132443359375 0.701306482421875 0.20167567578125 0.699743185546875 0.20145596875 0.6887998515625 0.2793218359375 0.7964677421875 0.332021546875 0.796517453125 0.33202853515625
0 0.761792271484375 0.563820935546875 0.76227759765625 0.56386339453125 0.771586984375 0.485549001953125 0.66074774609375 0.445241857421875 0.658769396484375 0.45931855078125 0.653411525390625 0.5205593125 0.761792271484375 0.563820935546875
0 0.7601352421875 0.56461790234375 0.646598298828125 0.52645325390625 0.63843723828125 0.608309078125 0.75257463671875 0.64636648828125 0.7601352421875 0.56461790234375
0 0.6415820546875 0.83479387109375 0.57083342578125 0.950291193359375 0.570054595703125 0.95583284765625 0.6435896953125 0.984732671875 0.718564833984375 0.86648826953125 0.6415820546875 0.83479387109375
0 0.58260349609375 0.77672657421875 0.584044509765625 0.858169384765625 0.72032726953125 0.88226981640625 0.723193408203125 0.88226981640625 0.723193408203125 0.8743416171875 0.722560560546875 0.79746917578125 0.5852266953125 0.77133231640625 0.583361609375 0.77133231640625 0.58260349609375 0.77672657421875
0 0.614537017578125 0.727350455078125 0.614402294921875 0.729277068359375 0.691408875 0.73697290234375 0.735025611328125 0.59930062890625 0.7065319453125 0.59529610546875 0.65571412109375 0.591742578125 0.614537017578125 0.727350455078125
0 0.738440078125 0.7256083046875 0.614716990234375 0.68021940234375 0.603739919921875 0.67867667578125 0.59272116015625 0.74978331640625 0.722315951171875 0.806458388671875 0.738440078125 0.7256083046875
0 0.68285414453125 0.05261293359375 0.631962076171875 0.04272051953125 0.554858603515625 0.17702290625 0.554228955078125 0.181503095703125 0.635877248046875 0.196747009765625 0.708711033203125 0.059057244140625 0.708829947265625 0.058211125 0.68285414453125 0.05261293359375
0 0.584087587890625 0.025183009765625 0.596405109375 0.142376416015625 0.63130167578125 0.13508487109375 0.65595281640625 0.017003953125 0.62856315234375 0.0131545859375 0.585136599609375 0.01771890234375 0.584087587890625 0.025183009765625
0 0.50639295703125 0.44094343359375 0.5034067890625 0.456305939453125 0.6400013515625 0.51911098046875 0.651733193359375 0.46298155859375 0.6554502265625 0.443859083984375 0.527114763671875 0.3760044296875 0.5217076875 0.375244513671875 0.50639295703125 0.44094343359375
0 0.53841414453125 0.249123205078125 0.537471328125 0.2558316953125 0.610247271484375 0.2788604453125 0.69136854296875 0.14877438671875 0.6914569921875 0.1481450390625 0.61101987890625 0.129366169921875 0.53841414453125 0.249123205078125
0 0.521782419921875 0.42718919140625 0.521170943359375 0.433007001953125 0.596140875 0.43996898828125 0.657817353515625 0.301280001953125 0.633709685546875 0.297891888671875 0.573944458984375 0.296052744140625 0.521782419921875 0.42718919140625
0 0.54190221875 0.3571695703125 0.54213653125 0.3605203984375 0.617231712890625 0.356707572265625 0.65741464453125 0.209707779296875 0.64867007421875 0.208478810546875 0.5766461484375 0.21351521484375 0.54190221875 0.3571695703125
0 0.491809689453125 0.580731140625 0.49095438671875 0.586816935546875 0.564760158203125 0.608497685546875 0.639791755859375 0.47519524609375 0.640001591796875 0.47441212890625 0.5981030546875 0.460730205078125 0.561462998046875 0.450912529296875 0.49819050390625 0.56677391796875 0.491977830078125 0.58010362890625 0.491809689453125 0.580731140625
0 0.53552154296875 1 0.55846080078125 0.88847932421875 0.532648349609375 0.88485162109375 0.475973708984375 0.88053600390625 0.44758459375 0.99754728125 0.46503659375 1 0.53552154296875 1
0 0.445585244140625 0.90149071484375 0.57662309765625 0.91416741015625 0.572674162109375 0.82767479296875 0.437994474609375 0.817694947265625 0.43776653125 0.819316861328125 0.43978116015625 0.8481273984375 0.445585244140625 0.90149071484375
0 0.469405353515625 0.72865446484375 0.599580349609375 0.745495912109375 0.600671251953125 0.74541962890625 0.59384069140625 0.662970240234375 0.464381599609375 0.64217521484375 0.464238615234375 0.64218521484375 0.46365113671875 0.64636533984375 0.469405353515625 0.72865446484375
0 0.4458029609375 0.8182698125 0.445131173828125 0.82304983203125 0.52423848828125 0.8512258515625 0.593001521484375 0.7364218515625 0.593122822265625 0.73555875390625 0.516206126953125 0.706033201171875 0.4458029609375 0.8182698125
0 0.60190212890625 0.670741763671875 0.60762770703125 0.59159999609375 0.487928115234375 0.551485234375 0.483342158203125 0.551164552734375 0.48102816796875 0.567629447265625 0.47743235546875 0.63317069921875 0.60190212890625 0.670741763671875
0 0.31784376953125 0 0.299508283203125 0.1381153203125 0.300197134765625 0.143725578125 0.300276748046875 0.143736767578125 0.37015571484375 0.1318840703125 0.396357951171875 0 0.31784376953125 0
0 0.18152431640625 0.872863015625 0.181521671875 0.87289325390625 0.27149360546875 0.87753287109375 0.3193985625 0.698673615234375 0.290572326171875 0.694622353515625 0.22476016015625 0.689561662109375 0.18152431640625 0.872863015625
0 0.40748474609375 0.038773021484375 0.328909759765625 0.033038126953125 0.32832411328125 0.03301767578125 0.27828562890625 0.21440905078125 0.278151826171875 0.2182406953125 0.35148370703125 0.219107560546875 0.40748474609375 0.038773021484375
0 0.3697152578125 0.56221195703125 0.19181866015625 0.53533787109375 0.18380152734375 0.5356178359375 0.18282169921875 0.600092052734375 0.183597900390625 0.62231951171875 0.373477125 0.65555728515625 0.3697152578125 0.56221195703125
0 0.13955226171875 0.85007083984375 0.146893484375 0.91991791015625 0.3300471484375 0.929152513671875 0.324864322265625 0.83275813671875 0.149397427734375 0.82883185546875 0.1396484296875 0.829856515625 0.138555458984375 0.83763339453125 0.13955226171875 0.85007083984375
0 0.232413060546875 0.23295315234375 0.406186904296875 0.311062255859375 0.4217534296875 0.2285092421875 0.256442140625 0.1517769140625 0.24685571484375 0.15042962890625 0.2339143203125 0.223823921875 0.232413060546875 0.23295315234375
0 0.203285138671875 0.43319292578125 0.2030093359375 0.435155369140625 0.20218294921875 0.4446010078125 0.19858138671875 0.5207452421875 0.37040626171875 0.57642854296875 0.371041412109375 0.57648411328125 0.37866925390625 0.506963857421875 0.380516119140625 0.485854083984375 0.203429984375 0.433205595703125 0.203285138671875 0.43319292578125
0 0.1681856484375 0.69519687890625 0.171884568359375 0.73038976171875 0.36096776953125 0.7421091484375 0.3450399453125 0.65114465234375 0.168298900390625 0.6346306953125 0.16226290234375 0.63526510546875 0.162226439453125 0.635524548828125 0.1681856484375 0.69519687890625
0 0.406217626953125 0.253109015625 0.34919263671875 0.2350765625 0.317168314453125 0.225893736328125 0.221405056640625 0.3828521953125 0.22068794140625 0.38795473046875 0.30932765234375 0.41693544921875 0.406217626953125 0.253109015625
0 0.201464802734375 0.356329078125 0.216472458984375 0.4476583828125 0.23643972265625 0.450384158203125 0.39482678125 0.469168576171875 0.3950613125 0.469143927734375 0.386950634765625 0.3843994140625 0.202906005859375 0.35422508984375 0.20174332421875 0.354347291015625 0.201464802734375 0.356329078125
0 0.892981126953125 1 0.905748908203125 0.970239580078125 0.826426884765625 0.918250224609375 0.821921578125 0.917617044921875 0.79194985546875 0.988226001953125 0.8111912578125 1 0.892981126953125 1
0 0.8110934453125 0.949230216796875 0.81327388671875 0.949536658203125 0.88787902734375 0.95081605078125 0.908999861328125 0.85411803125 0.905150689453125 0.85357706640625 0.83042253515625 0.852272681640625 0.8110934453125 0.949230216796875
0 0.130001916015625 0 0.133156326171875 0.09033051171875 0.168976486328125 0.0883705625 0.191256298828125 0 0.130001916015625 0
0 0.917322625 0.791159234375 0.81787859375 0.77548411328125 0.81706790234375 0.78125248046875 0.820598712890625 0.84961821875 0.92252759375 0.86979675390625 0.917322625 0.791159234375
0 0.82683543359375 0.779115046875 0.8251388125 0.79118713671875 0.895602708984375 0.79844896875 0.934142177734375 0.70302170703125 0.9016214296875 0.69845121484375 0.8589332890625 0.693620205078125 0.82683543359375 0.779115046875
0 0.94206345703125 0.719610958984375 0.9307631484375 0.640416017578125 0.837573462890625 0.62483080859375 0.835879173828125 0.62494928515625 0.83497721484375 0.63136705078125 0.8398985546875 0.701745455078125 0.94206345703125 0.719610958984375
0 0.05225291796875 0.20550802734375 0.05182998046875 0.20851737890625 0.137552783203125 0.242362583984375 0.249120529296875 0.095830154296875 0.24919273828125 0.095316365234375 0.168581099609375 0.062747150390625 0.05225291796875 0.20550802734375
0 0.170779611328125 0.331931138671875 0.19619724609375 0.15243527734375 0.195974802734375 0.150623646484375 0.13171722265625 0.1550349765625 0.10602117578125 0.158190052734375 0.07790301171875 0.34183436328125 0.170779611328125 0.331931138671875
0 0.14803758984375 0 0.06986647265625 0.125089171875 0.06877937109375 0.13282430859375 0.155325646484375 0.154527998046875 0.248546267578125 0 0.14803758984375 0
0 0.031076326171875 0.352996123046875 0.21090433984375 0.409980896484375 0.21209167578125 0.31196467578125 0.03284572265625 0.265008208984375 0.03181704296875 0.27232765234375 0.0311048125 0.292723259765625 0.031076326171875 0.352996123046875
0 0 0.803065201171875 0.059306095703125 0.828072388671875 0.15773229296875 0.661473365234375 0.074780599609375 0.62795870703125 0 0.74144573828125 0 0.803065201171875
0 0 0.6662528203125 0.17330207421875 0.69214566015625 0.174783490234375 0.6920680234375 0.171053568359375 0.61499769921875 0.170130302734375 0.59738075 0 0.569328322265625 0 0.6662528203125
0 0 0.56670488671875 0.18811610546875 0.59700598828125 0.181192494140625 0.500313662109375 0 0.4677525625 0 0.56670488671875
0 0.20201355859375 0.41749646484375 0.01540611328125 0.355416400390625 0.00704451953125 0.414912232421875 0.0037990859375 0.452007716796875 0.19213681640625 0.510645029296875 0.20201355859375 0.41749646484375
0 0 0.920594833984375 0.08310023046875 0.92269261328125 0.11029732421875 0.729244865234375 0.098999328125 0.72765703515625 0.074494490234375 0.72765703515625 0.00729839453125 0.7305595859375 0 0.793877537109375 0 0.920594833984375
0 0.945673564453125 0.320183021484375 0.90813693359375 0.318215810546875 0.87566326953125 0.417841431640625 0.87533639453125 0.42407855859375 0.9431082578125 0.4296774375 0.980819310546875 0.3230071328125 0.9754780625 0.32225646875 0.945673564453125 0.320183021484375
0 0.849519279296875 0.62031664453125 0.942944765625 0.64341930078125 0.9429101171875 0.5750016484375 0.853097064453125 0.547345732421875 0.8504987109375 0.565833974609375 0.85043756640625 0.56770798828125 0.849519279296875 0.62031664453125
0 0.890597994140625 0.356030087890625 0.891030759765625 0.36014759765625 0.95084713671875 0.35140611328125 0.98169960546875 0.24266021484375 0.975250673828125 0.241753876953125 0.908875328125 0.24873020703125 0.890597994140625 0.356030087890625
0 0.975098087890625 0.407484591796875 0.91779029296875 0.39737968359375 0.901377251953125 0.3949036953125 0.857377310546875 0.48320912109375 0.85700984765625 0.4858237578125 0.927634197265625 0.501874583984375 0.975098087890625 0.407484591796875
0 0.94486023046875 0.472583259765625 0.893861310546875 0.476149451171875 0.87821195703125 0.47775961328125 0.8587535546875 0.57018429296875 0.85902919140625 0.574126095703125 0.859264833984375 0.57415921484375 0.92930014453125 0.56779604296875 0.95208992578125 0.473599328125 0.94486023046875 0.472583259765625
0 1 0.1159831796875 0.951608115234375 0.10657675 0.88939860546875 0.1992306328125 0.88878550390625 0.203593080078125 0.95741680078125 0.213468982421875 1 0.15088487890625 1 0.1159831796875
0 0.96085551171875 0.26269021484375 0.997941609375 0.178079501953125 0.958600697265625 0.1764217734375 0.92362071484375 0.176421771484375 0.887028845703125 0.283060591796875 0.88702884375 0.285100759765625 0.950009576171875 0.286331443359375 0.96085551171875 0.26269021484375
0 1 0.065356630859375 0.968539474609375 0.060935142578125 0.90521262890625 0.0642539609375 0.904525736328125 0.06914145703125 0.90858652734375 0.105549689453125 1 0.13703959765625 1 0.065356630859375