0 0.255212771484375 0.176997359375 0.25996512890625 0.17800750390625 0.27272890625 0.109707546875 0.17341676171875 0.05395916796875 0.170416958984375 0.060109677734375 0.158834814453125 0.11958448046875 0.255212771484375 0.176997359375
0 0.22306859765625 0.14693879296875 0.31756146484375 0.218574259765625 0.339680166015625 0.154705294921875 0.24538539453125 0.082518248046875 0.22306859765625 0.14693879296875
0 0.49260425 0.3219854921875 0.57849126953125 0.247663166015625 0.514572880859375 0.20483008203125 0.42761943359375 0.28127602734375 0.426730544921875 0.28309851953125 0.4300421796875 0.285167861328125 0.49260425 0.3219854921875
0 0.467650140625 0.29309532421875 0.47160230078125 0.2939353828125 0.482792302734375 0.216365044921875 0.38623807421875 0.16295350390625 0.38525212890625 0.16497499609375 0.369902205078125 0.23719070703125 0.467650140625 0.29309532421875
0 0.27697637890625 0.21588527734375 0.27638742578125 0.21709280859375 0.348673541015625 0.2523491015625 0.43108032421875 0.1648118359375 0.360315138671875 0.1298267109375 0.27697637890625 0.21588527734375
0 0.58998858203125 0.371784751953125 0.592537951171875 0.373028162109375 0.631310390625 0.30527023828125 0.54465133203125 0.224504578125 0.544433841796875 0.224398501953125 0.508849685546875 0.291322568359375 0.58998858203125 0.371784751953125
0 0.630302255859375 0.25899780859375 0.5800043046875 0.32409078125 0.655770830078125 0.415807703125 0.656735099609375 0.416508287109375 0.656848259765625 0.416563478515625 0.706362861328125 0.35152867578125 0.630302255859375 0.25899780859375
0 1 0.448969955078125 0.944384439453125 0.41505225390625 0.86008558984375 0.51378903515625 0.8559322265625 0.52230469140625 0.92343541015625 0.56286469921875 1 0.47595051953125 1 0.448969955078125
0 0.793938697265625 0.509503560546875 0.865462935546875 0.530728474609375 0.93129133984375 0.40574402734375 0.93165149609375 0.40456601171875 0.92862916015625 0.403641994140625 0.847913212890625 0.380517892578125 0.78573368359375 0.50240174609375 0.7849089140625 0.50509944140625 0.793938697265625 0.509503560546875
0 0.63780141015625 0.36471654296875 0.732067984375 0.465419673828125 0.7372116015625 0.4679283828125 0.7814219375 0.406419140625 0.68260971484375 0.298285498046875 0.63780141015625 0.36471654296875
0 0.70888403515625 0.41291295703125 0.82528369140625 0.493274599609375 0.856538498046875 0.41698658984375 0.73596448828125 0.3441195859375 0.72840284375 0.359623251953125 0.723143552734375 0.373324169921875 0.70888403515625 0.41291295703125
0 0.10656665625 0.227999521484375 0.19649622265625 0.35122209375 0.19931473828125 0.353346 0.19947028515625 0.353421865234375 0.24718608203125 0.292703333984375 0.15791623828125 0.16104898828125 0.15725904296875 0.160728453125 0.10656665625 0.227999521484375
0 0.079675150390625 0.22267698046875 0.175216578125 0.30512279296875 0.18025583984375 0.30726183203125 0.180353720703125 0.30706114453125 0.210130478515625 0.228316654296875 0.099880697265625 0.179780126953125 0.08448401953125 0.21134799609375 0.079675150390625 0.22267698046875
0 0.429202060546875 0.3469566328125 0.4015165078125 0.38506252734375 0.495806462890625 0.496216234375 0.4988335859375 0.49769266015625 0.543978173828125 0.43735909375 0.45291648046875 0.3170993046875 0.45271029296875 0.316998740234375 0.429202060546875 0.3469566328125
0 0.285330076171875 0.23345083984375 0.163406716796875 0.31194258984375 0.1622299296875 0.31339580078125 0.21043954296875 0.3592396484375 0.21995312109375 0.36694359375 0.348647095703125 0.28636273828125 0.34912905859375 0.28537456640625 0.285330076171875 0.23345083984375
0 0.367466658203125 0.283210353515625 0.362116158203125 0.29247769140625 0.329918025390625 0.35919384375 0.427994125 0.45966506640625 0.43388696484375 0.4625391953125 0.47042015234375 0.39745241796875 0.367466658203125 0.283210353515625
0 0.41143236328125 0.29443003515625 0.33628180859375 0.26338926953125 0.241529556640625 0.377939966796875 0.240534107421875 0.380403791015625 0.25419428515625 0.3870663046875 0.310208373046875 0.40969746484375 0.41143236328125 0.29443003515625
0 0.5214380625 0.35921171484375 0.5203044609375 0.358658822265625 0.49389856640625 0.3935934453125 0.472686939453125 0.4250409765625 0.5616365234375 0.52258707421875 0.572217365234375 0.53280100390625 0.575875859375 0.535268689453125 0.5779873671875 0.536298541015625 0.622760080078125 0.47322816015625 0.5214380625 0.35921171484375
0 1 0.598738556640625 0.94065418359375 0.563983873046875 0.854294541015625 0.668235697265625 0.8510349609375 0.674918828125 0.8676409140625 0.68557301171875 0.92338795703125 0.72040762890625 0.92392001171875 0.72066712890625 0.991334013671875 0.633201998046875 1 0.615434095703125 1 0.598738556640625
0 0.78637825390625 0.582931853515625 0.776254115234375 0.60368941015625 0.881622068359375 0.68091419921875 0.88566844921875 0.68288775 0.922040033203125 0.60762470703125 0.8196939296875 0.52901898828125 0.81737581640625 0.527888369140625 0.78637825390625 0.582931853515625
0 0.7655165859375 0.53793985546875 0.666689251953125 0.44778751171875 0.66495627734375 0.4506716640625 0.624849697265625 0.51940462890625 0.71426664453125 0.60613280078125 0.715243109375 0.60671951953125 0.72105811328125 0.609555685546875 0.7655165859375 0.53793985546875
0 0.760219587890625 0.496793658203125 0.70018710546875 0.6150221796875 0.70878971875 0.619217955078125 0.778628767578125 0.64056989453125 0.8430439921875 0.519925830078125 0.760219587890625 0.496793658203125
0 0.682505642578125 0.51443288671875 0.60011571484375 0.410752537109375 0.598530732421875 0.412855880859375 0.550673607421875 0.478387541015625 0.632141083984375 0.574778939453125 0.63252185546875 0.57506587109375 0.635489875 0.576513470703125 0.682505642578125 0.51443288671875
0 0 0.532057908203125 0.084271970703125 0.58587352734375 0.0888429140625 0.587358716796875 0.09091025390625 0.58312004296875 0.10848143359375 0.51921176953125 0 0.439707767578125 0 0.532057908203125
0 0.66470448046875 0.9158672734375 0.79693678515625 0.783607041015625 0.71821773046875 0.72971270703125 0.5956682421875 0.859886716796875 0.59213392578125 0.867133142578125 0.62469137109375 0.88993011328125 0.66470448046875 0.9158672734375
0 0.17457525390625 0.5839565859375 0.066947384765625 0.42880213671875 0.014052630859375 0.48718931640625 0.01367595703125 0.48763822265625 0.12580754296875 0.638744765625 0.126834609375 0.639606576171875 0.12913090234375 0.640726552734375 0.17457525390625 0.5839565859375
0 0.4772274453125 0.82441210546875 0.50045949609375 0.8357431328125 0.621183689453125 0.686282076171875 0.537718234375 0.64431756640625 0.4279676484375 0.78688062109375 0.42587521484375 0.79098725 0.42437749609375 0.79405802734375 0.4772274453125 0.82441210546875
0 0.70324778515625 0.79203406640625 0.682209853515625 0.8769024453125 0.680465095703125 0.8858784453125 0.84205791015625 0.9392633671875 0.863127607421875 0.896064087890625 0.871517521484375 0.85290171484375 0.70324778515625 0.79203406640625
0 0.154474146484375 0.471871689453125 0.14630203515625 0.48271644921875 0.102860560546875 0.541771751953125 0.21907927734375 0.68633574609375 0.223571361328125 0.68852668359375 0.27358155859375 0.62377092578125 0.154474146484375 0.471871689453125
0 0.37632800390625 0.76895914453125 0.40088876953125 0.78956807421875 0.54578747265625 0.674547453125 0.541493150390625 0.67094408984375 0.47647055078125 0.62067436328125 0.335274171875 0.727243728515625 0.33332803515625 0.731233900390625 0.37632800390625 0.76895914453125
0 0.70525376953125 0.73144003515625 0.705489224609375 0.730957279296875 0.6195656953125 0.68661447265625 0.50705304296875 0.838407919921875 0.506759986328125 0.839008775390625 0.591608375 0.87514408984375 0.70525376953125 0.73144003515625
0 0.240961759765625 0.713511505859375 0.38063075390625 0.58597999609375 0.304122453125 0.53330286328125 0.16711487890625 0.65499461328125 0.164195544921875 0.66098012890625 0.214231158203125 0.69615244921875 0.240961759765625 0.713511505859375
0 0.271108384765625 0.739527087890625 0.3626053359375 0.753476265625 0.37136792578125 0.73532858203125 0.43817726171875 0.590498240234375 0.43822629296875 0.590267572265625 0.355123134765625 0.571793791015625 0.269552728515625 0.73750625390625 0.26930966015625 0.738649791015625 0.271108384765625 0.739527087890625
0 1 0.236988826171875 0.97615860546875 0.215278794921875 0.935629025390625 0.28273134765625 1 0.33923181640625 1 0.236988826171875
0 0.979401099609375 0.20952545703125 0.90662957421875 0.193999587890625 0.861356634765625 0.286014955078125 0.86118652734375 0.28675176171875 0.86314181640625 0.28770541796875 0.938062625 0.30255801171875 0.979401099609375 0.20952545703125
0 0.823132796875 0.167536060546875 0.795391474609375 0.2095175546875 0.861219126953125 0.28155233984375 0.8667656484375 0.28425755859375 0.905442158203125 0.224436123046875 0.83788442578125 0.146741966796875 0.837741716796875 0.14667236328125 0.823132796875 0.167536060546875
0 0.81364994140625 0.24658138671875 0.8155985078125 0.247214515625 0.839432361328125 0.17386145703125 0.75176380859375 0.11925228515625 0.75071134765625 0.12141015234375 0.732124314453125 0.19663341796875 0.81364994140625 0.24658138671875
0 0 0.718930412109375 0.095485015625 0.82945233984375 0.099717560546875 0.83151669140625 0.14778041796875 0.753223857421875 0.02249366015625 0.617522537109375 0 0.65351991796875 0 0.718930412109375
0 0.235137111328125 0.791834140625 0.1070820546875 0.663511408203125 0.10550135546875 0.662598791015625 0.07035322265625 0.71657198046875 0.057408712890625 0.73899252734375 0.18476078515625 0.869518162109375 0.187746876953125 0.87097457421875 0.235137111328125 0.791834140625
0 0 0.76978244921875 0.0187800390625 0.78856394140625 0.02711142578125 0.79262743359375 0.06780367578125 0.713032658203125 0 0.64732422265625 0 0.76978244921875
0 0.194217009765625 0.698979048828125 0.138422689453125 0.77957423046875 0.257737169921875 0.915290115234375 0.258790943359375 0.9160557265625 0.26320684375 0.91820950390625 0.31143570703125 0.846780119140625 0.194217009765625 0.698979048828125
0 0.6272446796875 1 0.677728890625 0.92394163671875 0.6513745234375 0.911087751953125 0.59680925390625 0.886022974609375 0.512832498046875 1 0.6272446796875 1
0 0.494168005859375 1 0.602656931640625 0.91328007421875 0.60368303125 0.911176259765625 0.571290869140625 0.88453551171875 0.52845515234375 0.84984783203125 0.38156500390625 0.97094493359375 0.38043511328125 0.97326155078125 0.4134543515625 1 0.494168005859375 1
0 0.30166230078125 0.94414273828125 0.37304093359375 0.990327333984375 0.514059490234375 0.8596858828125 0.51418060546875 0.8594375625 0.431289255859375 0.803526642578125 0.298380806640625 0.931202263671875 0.2944439921875 0.939273927734375 0.30166230078125 0.94414273828125
0 0.24966270703125 0.76019998828125 0.22755593359375 0.81214769140625 0.21492896484375 0.843400533203125 0.3734038046875 0.956027380859375 0.37758600390625 0.957717099609375 0.380638560546875 0.95145843359375 0.41429828125 0.86814769921875 0.25124811328125 0.756949427734375 0.24966270703125 0.76019998828125
0 0.7450195390625 1 0.766082251953125 0.966296333984375 0.742592154296875 0.95583787109375 0.670363677734375 0.9273475234375 0.627439513671875 1 0.7450195390625 1
0 0.4692865390625 0 0.46249890234375 0.02726516796875 0.45404341015625 0.0638899296875 0.5465165 0.113170052734375 0.552602111328125 0.11457502734375 0.569884390625 0.04880500390625 0.483516287109375 0 0.4692865390625 0
0 0.70666498046875 0.20505173046875 0.77917622265625 0.14177319140625 0.723111890625 0.102558822265625 0.650732080078125 0.15887445703125 0.648865630859375 0.162701240234375 0.66409719921875 0.17412442578125 0.70666498046875 0.20505173046875
0 0.428889517578125 0 0.373667263671875 0.02833257421875 0.372113103515625 0.031519080078125 0.422824490234375 0.07560181640625 0.42611319140625 0.07836094140625 0.521076126953125 0.01590341796875 0.50121527734375 0 0.428889517578125 0
0 0.529001771484375 0.08044523828125 0.524543994140625 0.096434193359375 0.6070659609375 0.151024671875 0.60932071484375 0.15171401953125 0.63391745703125 0.08340943359375 0.54713396484375 0.02554193359375 0.543525404296875 0.032940578125 0.529001771484375 0.08044523828125
0 0.63380975390625 0.172072072265625 0.71643236328125 0.118188458984375 0.661350318359375 0.0722818984375 0.58012418359375 0.12186119921875 0.57836866015625 0.12546055859375 0.605481169921875 0.14902910546875 0.63380975390625 0.172072072265625
0 0.343135017578125 0 0.344042697265625 0.00096133203125 0.40857666796875 0.067019130859375 0.40860516015625 0.06703064453125 0.43902976953125 0 0.343135017578125 0