0 0.095944419921875 0.252261990234375 0.07256977734375 0.22719575390625 0.06744783203125 0.23119745703125 0.015653166015625 0.32772325390625 0.06045316796875 0.37744399609375 0.06214908984375 0.37611899609375 0.118366455078125 0.27752964453125 0.095944419921875 0.252261990234375
0 0.186192505859375 0.38351095703125 0.100143248046875 0.301669650390625 0.040619173828125 0.333454783203125 0.04053472265625 0.33352076171875 0.12605619921875 0.415630587890625 0.186192505859375 0.38351095703125
0 0.3296108828125 0.544815130859375 0.292933294921875 0.4781729453125 0.290381505859375 0.479473146484375 0.21098659375 0.5564893984375 0.242211478515625 0.62202226953125 0.24435484765625 0.62622887109375 0.3296108828125 0.544815130859375
0 0.24157512109375 0.412871625 0.24021348046875 0.413565416015625 0.16266294140625 0.488325322265625 0.194070734375 0.56157467578125 0.277116982421875 0.479202919921875 0.24659005078125 0.41929044140625 0.24157512109375 0.412871625
0 0.2459727734375 0.440039302734375 0.1583953828125 0.3591425625 0.10128997265625 0.39211238671875 0.096366513671875 0.394990755859375 0.089332990234375 0.40048594921875 0.180062419921875 0.4819495625 0.204401529296875 0.46789737109375 0.247509080078125 0.442700263671875 0.2459727734375 0.440039302734375
0 0.393367859375 0.59954370703125 0.287042017578125 0.556550744140625 0.241694671875 0.62078483203125 0.24271923046875 0.62155689453125 0.35143702734375 0.66164329296875 0.395844087890625 0.60271313671875 0.393367859375 0.59954370703125
0 0.292420013671875 0.653616140625 0.378146708984375 0.7380356015625 0.44737573828125 0.69360227734375 0.36202858984375 0.609964943359375 0.351474412109375 0.61630653515625 0.292420013671875 0.653616140625
0 0.590504990234375 1 0.6586474140625 0.966207388671875 0.656472521484375 0.96174819921875 0.576419599609375 0.8530778515625 0.51363244921875 0.882965525390625 0.50342410546875 0.88794446484375 0.5031435546875 0.88816365625 0.58288567578125 1 0.590504990234375 1
0 0.4963968671875 0.942060716796875 0.498903650390625 0.94067118359375 0.6064151171875 0.853521279296875 0.57003457421875 0.785060060546875 0.564223900390625 0.777622736328125 0.56328170703125 0.77814500390625 0.455838203125 0.86758559765625 0.49255319921875 0.93512655859375 0.4963968671875 0.942060716796875
0 0.36787027734375 0.686771388671875 0.363695763671875 0.689771861328125 0.345156046875 0.70425667578125 0.450862712890625 0.803206982421875 0.51673628515625 0.75803626953125 0.51641879296875 0.75756556640625 0.408762306640625 0.659189369140625 0.36787027734375 0.686771388671875
0 0.564693650390625 0.79852735546875 0.442090501953125 0.729503146484375 0.412759296875 0.75967409765625 0.390847724609375 0.783171380859375 0.510479314453125 0.860428333984375 0.565150767578125 0.7991124375 0.564693650390625 0.79852735546875
0 0.100053361328125 0.21167175 0.228852265625 0.30573034765625 0.29122573046875 0.260143173828125 0.289104427734375 0.257113638671875 0.16909541796875 0.16293844921875 0.10485776171875 0.207918138671875 0.100053361328125 0.21167175
0 0.2238558359375 0.233713625 0.24941174609375 0.2097167109375 0.24750584765625 0.20727726953125 0.15995056640625 0.131166626953125 0.13499894921875 0.150660966796875 0.1065315703125 0.18340894140625 0.2238558359375 0.233713625
0 0.478355740234375 0.47274576953125 0.469604349609375 0.459771298828125 0.429310701171875 0.4045586484375 0.426473189453125 0.40647257421875 0.33353564453125 0.520696484375 0.344428939453125 0.536846455078125 0.37715966796875 0.583929865234375 0.478355740234375 0.47274576953125
0 0.27716964453125 0.207176388671875 0.187312724609375 0.330615994140625 0.237453462890625 0.391313859375 0.238350990234375 0.39068540234375 0.32497444140625 0.274777931640625 0.281695650390625 0.21296941015625 0.27716964453125 0.207176388671875
0 0.30571291796875 0.37281312890625 0.259831125 0.43370032421875 0.26038410546875 0.43440810546875 0.394885732421875 0.48687206640625 0.44923459765625 0.42487156640625 0.446882201171875 0.42186063671875 0.445975177734375 0.42117714453125 0.30571291796875 0.37281312890625
0 0.209809458984375 0.35509188671875 0.347676791015625 0.424466552734375 0.39998538671875 0.3719871328125 0.39680806640625 0.36792034765625 0.268421173828125 0.298491212890625 0.209809458984375 0.35509188671875
0 0.366686255859375 0.54682165234375 0.38238560546875 0.558232439453125 0.495649412109375 0.6300032421875 0.54997288671875 0.571576138671875 0.546506314453125 0.56713912890625 0.42143725390625 0.490117095703125 0.38506985546875 0.52523668359375 0.36524027734375 0.545324296875 0.366686255859375 0.54682165234375
0 0.721059873046875 0.96179820703125 0.805147453125 0.872805484375 0.804893041015625 0.8724798515625 0.761653634765625 0.82273860546875 0.748259716796875 0.807697015625 0.74251623828125 0.812184310546875 0.65298325390625 0.91387369140625 0.703522021484375 0.97550027734375 0.721059873046875 0.96179820703125
0 0.75354049609375 0.857107923828125 0.6750337109375 0.745973630859375 0.6596463984375 0.753813859375 0.59861848828125 0.7867921171875 0.676974021484375 0.89258450390625 0.75319639453125 0.857376765625 0.75354049609375 0.857107923828125
0 0.486769982421875 0.66301517578125 0.58263165625 0.75439328125 0.6514289765625 0.704717306640625 0.64708347265625 0.69851128125 0.55432915625 0.61536200390625 0.503055990234375 0.65029115234375 0.486769982421875 0.66301517578125
0 0.707121916015625 0.74733851953125 0.590941060546875 0.68535565234375 0.556338994140625 0.727487810546875 0.537059892578125 0.75216393359375 0.659112951171875 0.81408766796875 0.709521798828125 0.750410228515625 0.707121916015625 0.74733851953125
0 0.598144388671875 0.615467408203125 0.48764195703125 0.555538076171875 0.4786257265625 0.56520680078125 0.433637291015625 0.61368439453125 0.54600320703125 0.67909241796875 0.602180486328125 0.620633375 0.598144388671875 0.615467408203125
0 0.33256960546875 0 0.304799298828125 0.026817474609375 0.305039509765625 0.0271249296875 0.447945109375 0.11448475390625 0.452153361328125 0.11042089453125 0.506255748046875 0.056257109375 0.504716826171875 0.05428737890625 0.50450200390625 0.05406492578125 0.401798095703125 0 0.33256960546875 0
0 0.781179650390625 0.55314636328125 0.7667617734375 0.559266390625 0.765661806640625 0.560125779296875 0.867206779296875 0.71652747265625 0.951341451171875 0.684312076171875 0.951329591796875 0.68428413671875 0.853566630859375 0.52331480078125 0.781179650390625 0.55314636328125
0 0.353604984375 0.070156673828125 0.338200923828125 0.089872970703125 0.33822652734375 0.089905744140625 0.512388208984375 0.169562275390625 0.558516267578125 0.105664330078125 0.55689137890625 0.104394830078125 0.384701169921875 0.032195296875 0.353604984375 0.070156673828125
0 0.820629080078125 0.4209378671875 0.782845560546875 0.368685685546875 0.7761177265625 0.37305479296875 0.64580770703125 0.49710605078125 0.69626684765625 0.57572778515625 0.832742400390625 0.43959074609375 0.820629080078125 0.4209378671875
0 1 0.7042424921875 0.885003525390625 0.60171899609375 0.881382701171875 0.604547892578125 0.877921501953125 0.60755666796875 0.814942296875 0.668210240234375 0.950576693359375 0.78248001171875 0.974179400390625 0.76403955859375 1 0.741594052734375 1 0.7042424921875
0 0.594959369140625 0.131924517578125 0.590697189453125 0.1262684140625 0.548344712890625 0.07205971484375 0.5445761640625 0.074899521484375 0.42972058984375 0.221376337890625 0.48106874609375 0.28786455859375 0.6004415859375 0.1393771640625 0.594959369140625 0.131924517578125
0 0.550896388671875 0.37199686328125 0.5970558828125 0.432081353515625 0.597244220703125 0.4319394296875 0.700270236328125 0.310181666015625 0.71301439453125 0.294570517578125 0.671416876953125 0.23212282421875 0.6594511640625 0.21680741015625 0.65921491796875 0.21698543359375 0.54524725390625 0.36450020703125 0.550896388671875 0.37199686328125
0 0.770277517578125 0.364300060546875 0.73583884765625 0.3145791875 0.719200978515625 0.29328368359375 0.59749862109375 0.4311213984375 0.610251326171875 0.448044810546875 0.653560224609375 0.50295919140625 0.65406941796875 0.50257548828125 0.770277517578125 0.364300060546875
0 0.77840308203125 0.44837187890625 0.706654740234375 0.49320521484375 0.697255107421875 0.500549013671875 0.69771071875 0.50127814453125 0.822316171875 0.633330736328125 0.90031661328125 0.59173794140625 0.903350443359375 0.58936765234375 0.77840308203125 0.44837187890625
0 0.64807221484375 0.19624521484375 0.61396807421875 0.14393981640625 0.609800841796875 0.1464437421875 0.482184669921875 0.2803983828125 0.53215961328125 0.35869848046875 0.66448780859375 0.22356535546875 0.64807221484375 0.19624521484375
0 0.359348806640625 1 0.398012244140625 0.95859987109375 0.35631973046875 0.89728148046875 0.353641490234375 0.89385348828125 0.35281286328125 0.894455521484375 0.28580181640625 0.97208275 0.30538131640625 1 0.359348806640625 1
0 0.361842142578125 0.90181192578125 0.27785118359375 0.85132894921875 0.23421716796875 0.89185345703125 0.224383595703125 0.901687029296875 0.31165320703125 0.9571171328125 0.365321314453125 0.906265060546875 0.361842142578125 0.90181192578125
0 0.268999748046875 0.77536531640625 0.26559944140625 0.77717329296875 0.192360748046875 0.842930419921875 0.2288009609375 0.911464494140625 0.301992853515625 0.84672257421875 0.2722366875 0.77950841015625 0.268999748046875 0.77536531640625
0 0.58859827734375 0 0.54600265234375 0.0663116640625 0.60822037890625 0.13652438671875 0.689686828125 0 0.58859827734375 0
0 0.7273641484375 0 0.59707805859375 0.120245900390625 0.59805619921875 0.12216561328125 0.642307720703125 0.19858718359375 0.77802260546875 0.076132138671875 0.76820887890625 0.056871615234375 0.738079525390625 0 0.7273641484375 0
0 0.779125029296875 0.0603566484375 0.663071806640625 0.20668816796875 0.71256175390625 0.279985283203125 0.836084828125 0.139482283203125 0.80024855859375 0.087716609375 0.79689853125 0.08310569140625 0.779125029296875 0.0603566484375
0 1 0.40664130859375 0.978424171875 0.376476115234375 0.896604482421875 0.418165328125 0.89103325390625 0.42251805078125 1 0.5600871796875 1 0.40664130859375
0 1 0.38516270703125 0.880610296875 0.31483014453125 0.82823725390625 0.372996302734375 0.81515643359375 0.3877479296875 0.81560843359375 0.388154912109375 0.98316388671875 0.483482318359375 1 0.464783921875 1 0.38516270703125
0 0.752593720703125 0.319191841796875 0.926480208984375 0.39958445703125 0.985462904296875 0.32699500390625 0.980828673828125 0.321063458984375 0.814203048828125 0.240335498046875 0.752593720703125 0.319191841796875
0 0.87176565234375 0.32406133203125 0.929382345703125 0.247601400390625 0.926856720703125 0.24436874609375 0.92603102734375 0.24374654296875 0.74787040234375 0.165914208984375 0.727584857421875 0.19283403515625 0.69230083984375 0.241492158203125 0.87176565234375 0.32406133203125
0 0 0.603732720703125 0.08622379296875 0.65961219921875 0.137365 0.61195636328125 0.13247931640625 0.60570297265625 0.04375030859375 0.55126580078125 0.01430962109375 0.5777743125 0 0.59145973046875 0 0.603732720703125
0 0.1884584921875 0.736479693359375 0.144156349609375 0.75620427734375 0.14195126953125 0.75792707421875 0.19922387890625 0.834235583984375 0.265168478515625 0.8036688671875 0.264125005859375 0.801325193359375 0.203956240234375 0.72991055078125 0.1884584921875 0.736479693359375
0 0 0.56617505859375 0.05264601953125 0.5886964921875 0.097083095703125 0.547711630859375 0.0941555390625 0.54478407421875 0 0.491874931640625 0 0.56617505859375
0 0.124574626953125 0.59304751171875 0.11666439453125 0.599227662109375 0.0610618828125 0.67774476953125 0.10895308984375 0.733219158203125 0.1678384609375 0.650708486328125 0.13402888671875 0.605148416015625 0.124574626953125 0.59304751171875
0 0.19640176953125 0.68809755078125 0.182767380859375 0.662455001953125 0.177485294921875 0.65569423828125 0.176861185546875 0.656026083984375 0.10905376171875 0.725270412109375 0.14139298046875 0.789267435546875 0.212481599609375 0.72088361328125 0.19640176953125 0.68809755078125
0 0 0.51250303515625 0.018887939453125 0.49102714453125 0.03557904296875 0.471384390625 0.030940509765625 0.4614370234375 0.009674427734375 0.418064837890625 0.00802899609375 0.415958779296875 0.00348153515625 0.41807929296875 0 0.421434224609375 0 0.51250303515625