0 1 0.342925607421875 0.91008487109375 0.37526600390625 0.9101071953125 0.439607494140625 0.9160466796875 0.441088375 1 0.413311341796875 1 0.342925607421875
0 0.823867638671875 0.409655671875 0.942408033203125 0.402538865234375 0.95978587109375 0.33722047265625 0.841389689453125 0.343769224609375 0.823867638671875 0.409655671875
0 0.68945913671875 0.381834849609375 0.69353666796875 0.382553830078125 0.69391777734375 0.38102528125 0.68039705078125 0.26557016796875 0.604641681640625 0.254689935546875 0.604376044921875 0.255755341796875 0.61833065234375 0.367333486328125 0.68945913671875 0.381834849609375
0 0.67327034765625 0.390219439453125 0.67492674609375 0.39030624609375 0.783813181640625 0.36160555859375 0.78779998828125 0.285532759765625 0.680159798828125 0.312271408203125 0.670946001953125 0.3896399140625 0.67327034765625 0.390219439453125
0 0.886774068359375 0.330894900390625 0.766272390625 0.31453991796875 0.733242873046875 0.386389447265625 0.737922455078125 0.388571572265625 0.85407041015625 0.40266784765625 0.8858954609375 0.334418802734375 0.886774068359375 0.330894900390625
0 0.59979208984375 0.375119919921875 0.62211988671875 0.26042433984375 0.550196658203125 0.228069146484375 0.54998309375 0.22850701953125 0.531245328125 0.343688833984375 0.591397095703125 0.3730268125 0.59979208984375 0.375119919921875
0 0.4621633828125 0.335341408203125 0.53171508984375 0.354912431640625 0.53217131640625 0.353420185546875 0.53747329296875 0.234825677734375 0.45812963671875 0.2131101796875 0.45308063671875 0.33256453515625 0.4621633828125 0.335341408203125
0 0.12051991796875 0.142557783203125 0.14111716015625 0.28054482421875 0.22423615625 0.281995669921875 0.22435367578125 0.28152432421875 0.2017657578125 0.144748873046875 0.12051991796875 0.142557783203125
0 0.206150703125 0.162954509765625 0.21587368359375 0.301009880859375 0.29868822265625 0.31119826953125 0.300641306640625 0.311403548828125 0.302083583984375 0.30561888671875 0.29072023828125 0.169597533203125 0.2143350625 0.16093279296875 0.206450294921875 0.160104072265625 0.206150703125 0.162954509765625
0 0.438497529296875 0.355633 0.46515705859375 0.21986332421875 0.4264873515625 0.2026464609375 0.39433542578125 0.18862578125 0.391800388671875 0.187993724609375 0.36518571484375 0.3327071796875 0.37518499609375 0.337159146484375 0.43568 0.3619612734375 0.438497529296875 0.355633
0 0.376668388671875 0.197556314453125 0.30604965625 0.17434973828125 0.288973291015625 0.31641759765625 0.367269888671875 0.338457248046875 0.368607390625 0.334082478515625 0.376668388671875 0.197556314453125
0 0.92382184765625 0.6169429921875 0.9241030703125 0.61641408984375 0.9491956015625 0.460448517578125 0.87926488671875 0.425065912109375 0.84909953125 0.578501150390625 0.91925809375 0.61580512109375 0.92382184765625 0.6169429921875
0 1 0.49631303515625 0.88501040234375 0.4898057734375 0.875870138671875 0.572780611328125 0.88107823046875 0.574079134765625 0.88124965625 0.57409112109375 1 0.54494086328125 1 0.49631303515625
0 0.527693603515625 0.36722126953125 0.547817978515625 0.516209716796875 0.56338228515625 0.51784558984375 0.631281267578125 0.52244876171875 0.63179770703125 0.5203774375 0.63193565234375 0.51906496484375 0.604174162109375 0.3744489609375 0.58480049609375 0.37241270703125 0.527693603515625 0.36722126953125
0 0.748245271484375 0.561894498046875 0.749370154296875 0.562012728515625 0.8867366171875 0.53224428125 0.895196427734375 0.449804607421875 0.74513546484375 0.484304220703125 0.7432153515625 0.5606403984375 0.748245271484375 0.561894498046875
0 0.731404365234375 0.48060955078125 0.7300738125 0.4043821328125 0.7292023046875 0.404164841796875 0.59091353515625 0.4456301484375 0.58625736328125 0.5279477109375 0.58996479296875 0.528872076171875 0.5911003359375 0.528852255859375 0.731404365234375 0.48060955078125
0 0.805504890625 0.514756458984375 0.82212612890625 0.44276196484375 0.66871670703125 0.45966740625 0.65350083203125 0.531830720703125 0.6607969296875 0.533649841796875 0.8036578046875 0.52216471484375 0.805504890625 0.514756458984375
0 0.547735923828125 0.367832623046875 0.474064021484375 0.33819340234375 0.445728423828125 0.48922048828125 0.450585037109375 0.4914851640625 0.515880333984375 0.520052201171875 0.52131459765625 0.508398388671875 0.523519005859375 0.50017764453125 0.54990687890625 0.36884495703125 0.547735923828125 0.367832623046875
0 0.107187783203125 0.413333251953125 0.108523390625 0.4089646796875 0.13092115625 0.273118810546875 0.053164048828125 0.24688191015625 0.052201279296875 0.246641865234375 0.023637142578125 0.38860266796875 0.08705768359375 0.4079922734375 0.094476515625 0.4101639765625 0.107187783203125 0.413333251953125
0 0.09529145703125 0.39587416015625 0.22384303515625 0.399828923828125 0.22533294140625 0.39385323046875 0.22727574609375 0.38283505078125 0.2376656484375 0.31424918359375 0.106020556640625 0.31315925 0.088492515625 0.394178994140625 0.09529145703125 0.39587416015625
0 0.35577170703125 0.480143185546875 0.386892966796875 0.3517805703125 0.308092365234375 0.31641847265625 0.307643568359375 0.317380919921875 0.28073795703125 0.445339123046875 0.354920248046875 0.47993089453125 0.35577170703125 0.480143185546875
0 0.329921365234375 0.355435048828125 0.20120869921875 0.32315226171875 0.16471801171875 0.4000174296875 0.1689198828125 0.40188822265625 0.29819566796875 0.431498705078125 0.327197697265625 0.36635908203125 0.329921365234375 0.355435048828125
0 0.4463209140625 0.496278302734375 0.447741513671875 0.4919061484375 0.45538801171875 0.365895365234375 0.379864203125 0.341557001953125 0.3680722890625 0.471037732421875 0.430188095703125 0.49225594140625 0.4463209140625 0.496278302734375
0 0.890065462890625 0.71284099609375 0.885124310546875 0.71258204296875 0.806772873046875 0.709890435546875 0.806663212890625 0.71033026171875 0.85584126171875 0.890874810546875 0.916364076171875 0.8968376484375 0.92259500390625 0.871846763671875 0.890065462890625 0.71284099609375
0 0.241079982421875 0.629072017578125 0.2486600703125 0.610310640625 0.25074333203125 0.6019551328125 0.06995956640625 0.55779100390625 0.034239814453125 0.64359021484375 0.03365376171875 0.64594075390625 0.216226599609375 0.684767951171875 0.241079982421875 0.629072017578125
0 0.682762029296875 0.81620203125 0.870328333984375 0.8312207421875 0.870509419921875 0.830663419921875 0.891994607421875 0.7548656328125 0.70338208984375 0.745811353515625 0.679115697265625 0.815017263671875 0.682762029296875 0.81620203125
0 0.28248302734375 0.75362476953125 0.340861595703125 0.781007744140625 0.34462770703125 0.77392471875 0.39845817578125 0.602251494140625 0.31620904296875 0.557950451171875 0.2628453828125 0.74318325 0.28248302734375 0.75362476953125
0 0 0.684661248046875 0.054598595703125 0.70135371484375 0.0793460078125 0.7075239375 0.082467509765625 0.697313966796875 0.11209402734375 0.52432172265625 0.018459615234375 0.50084120703125 0 0.630325025390625 0 0.684661248046875
0 0.58060681640625 0.80351628515625 0.58578269921875 0.80480677734375 0.77038822265625 0.804151736328125 0.791352181640625 0.72006988671875 0.59965324609375 0.7230788359375 0.58060681640625 0.80351628515625
0 0.455373873046875 0.61300801953125 0.38996790234375 0.588242939453125 0.3897290625 0.58883408984375 0.36133638671875 0.76721086328125 0.43081647265625 0.798570607421875 0.43996822265625 0.802268154296875 0.44152640234375 0.80265665234375 0.441536 0.802632900390625 0.47502127734375 0.6209460859375 0.455373873046875 0.61300801953125
0 0.14022210546875 0.704988380859375 0.32591251953125 0.69022206640625 0.33432017578125 0.594122099609375 0.3322215703125 0.59393849609375 0.15177025 0.6139816015625 0.13757114453125 0.704327421875 0.14022210546875 0.704988380859375
0 0.65352869921875 0.833658349609375 0.632478763671875 0.651752779296875 0.537624330078125 0.64195912109375 0.56195263671875 0.829580830078125 0.590863388671875 0.833643970703125 0.6518137421875 0.84053666015625 0.65352869921875 0.833658349609375
0 0.42327901953125 0.68701579296875 0.41143723046875 0.779051240234375 0.4161625390625 0.78022939453125 0.59556693359375 0.744345451171875 0.59774164453125 0.713245654296875 0.60101247265625 0.659257462890625 0.4431389921875 0.683594830078125 0.42327901953125 0.68701579296875
0 0.13883895703125 0 0.139003625 0.042837388671875 0.1425746328125 0.0437277421875 0.237213341796875 0.02964659765625 0.23691717578125 0 0.13883895703125 0
0 0.22421247265625 0 0.2276720078125 0.059617765625 0.30281351953125 0.070178216796875 0.30366269921875 0.06677233984375 0.301010654296875 0 0.22421247265625 0
0 0.890642814453125 1 0.912823146484375 0.91103954296875 0.839399595703125 0.88674226953125 0.827796232421875 1 0.890642814453125 1
0 0.29684905859375 0 0.307054640625 0.08362826171875 0.384462138671875 0.091473078125 0.38505873046875 0.089080283203125 0.37063426171875 0 0.29684905859375 0
0 0.47422458203125 0.022096908203125 0.371887177734375 0.01776824609375 0.3504135390625 0.090061287109375 0.3528002578125 0.090700806640625 0.454054681640625 0.09248248828125 0.467822888671875 0.0477726953125 0.47422458203125 0.022096908203125
0 0.524551701171875 0.130263265625 0.52375968359375 0.038475330078125 0.44730751953125 0.014925330078125 0.44896908203125 0.118510123046875 0.45528744140625 0.12008546875 0.523181216796875 0.13575998046875 0.524551701171875 0.130263265625
0 0.67483555859375 1 0.778112380859375 0.98331951953125 0.790249048828125 0.896962646484375 0.6070466953125 0.920383111328125 0.595212037109375 1 0.67483555859375 1
0 0.64142762890625 1 0.65392105859375 0.85546155078125 0.640393453125 0.85053790625 0.56567300390625 0.824683603515625 0.552506505859375 1 0.64142762890625 1
0 0.860427642578125 1 0.88182569140625 0.9934570546875 0.88182569140625 0.97389548046875 0.87897275390625 0.905496228515625 0.6882641953125 0.96054473046875 0.68762926953125 1 0.860427642578125 1
0 0.60128975 0.8426404296875 0.41877189453125 0.883704705078125 0.416612791015625 0.9784127109375 0.42280171875 0.979955783203125 0.59824499609375 0.931028501953125 0.60128975 0.8426404296875
0 0.234105689453125 0.776909025390625 0.03929393359375 0.77480867578125 0.02026488671875 0.861878408203125 0.022053333984375 0.86232431640625 0.21351410546875 0.87378481640625 0.234105689453125 0.776909025390625
0 0.17450508984375 0.93079876953125 0.270388498046875 0.949436615234375 0.270808671875 0.94775139453125 0.26624655078125 0.756030376953125 0.2489295390625 0.752664291015625 0.173276525390625 0.738272736328125 0.17284783984375 0.73999209375 0.17450508984375 0.93079876953125
0 0.210291345703125 0.910867658203125 0.22394619921875 0.9142721953125 0.4017203359375 0.92001298828125 0.42592783984375 0.822921994140625 0.2347450234375 0.82021092578125 0.210291345703125 0.910867658203125
0 0.32032466796875 0.960846720703125 0.509505048828125 0.919248857421875 0.5100933203125 0.885546716796875 0.5100381640625 0.825442044921875 0.31631513671875 0.864128947265625 0.314651611328125 0.95943226953125 0.32032466796875 0.960846720703125
0 0 0.846871341796875 0.11535072265625 0.8537744921875 0.129877654296875 0.78810327734375 0.136133515625 0.75262452734375 0 0.747877400390625 0 0.846871341796875
0 0.714187412109375 0.18463648046875 0.725639294921875 0.18749175390625 0.823134904296875 0.185698490234375 0.840815330078125 0.114786181640625 0.72833236328125 0.11963825 0.714187412109375 0.18463648046875
0 0.597522220703125 0.05786158984375 0.52601965234375 0.041181263671875 0.52955808984375 0.13699288671875 0.5945211171875 0.15318998828125 0.595771912109375 0.14817332421875 0.597522220703125 0.05786158984375
0 0.882941501953125 0.23476326953125 0.88416096484375 0.23051050390625 0.884785150390625 0.1231428125 0.8137539453125 0.101420564453125 0.825618791015625 0.21743719140625 0.86276880078125 0.229733650390625 0.882941501953125 0.23476326953125
0 0.724573771484375 0.199919392578125 0.7255404296875 0.20034977734375 0.728562921875 0.2011033671875 0.730812525390625 0.196050671875 0.74361279296875 0.096191466796875 0.67528371875 0.069694048828125 0.662027435546875 0.17019165625 0.724573771484375 0.199919392578125
0 0.626865900390625 0.165249359375 0.64820554296875 0.17301635546875 0.66262745703125 0.176612140625 0.662847380859375 0.17600790234375 0.6669046171875 0.07917731640625 0.60004952734375 0.05325741796875 0.59297809765625 0.15164407421875 0.626865900390625 0.165249359375
0 1 0.15373673828125 0.939702599609375 0.139815986328125 0.93946837890625 0.140830513671875 0.959591791015625 0.25231466796875 0.98952514453125 0.26079142578125 1 0.263209736328125 1 0.15373673828125
0 0.905429142578125 0.245201068359375 0.953697927734375 0.25623884765625 0.956034912109375 0.24686571484375 0.94690430859375 0.141208291015625 0.9419387734375 0.139970244140625 0.874502927734375 0.12614344140625 0.8900182265625 0.217212794921875 0.894779458984375 0.2425458046875 0.905429142578125 0.245201068359375