0 0.503030224609375 1 0.47533378125 0.904776849609375 0.472547044921875 0.90079698046875 0.41663175 0.942043529296875 0.435119705078125 1 0.503030224609375 1
0 0.48146050390625 0.9435619765625 0.44514489453125 0.830682755859375 0.39039258203125 0.870314384765625 0.426229548828125 0.983531810546875 0.48146050390625 0.9435619765625
0 0.308793505859375 0.724215193359375 0.41570072265625 0.6958267734375 0.41812948046875 0.6943091171875 0.37989633203125 0.6285470234375 0.26620103515625 0.65969453125 0.26870287890625 0.6636983203125 0.308793505859375 0.724215193359375
0 0.408573 0.80139941796875 0.417834470703125 0.690325841796875 0.4158308359375 0.68560557421875 0.341989125 0.707887546875 0.334348220703125 0.81853555859375 0.408573 0.80139941796875
0 0.431112802734375 0.75349673046875 0.428453484375 0.74907087890625 0.360450078125 0.78942977734375 0.3891518671875 0.906909115234375 0.39797865234375 0.9031623671875 0.457272626953125 0.867534953125 0.431112802734375 0.75349673046875
0 0.38602955078125 0.634194546875 0.3883416640625 0.633165126953125 0.358746986328125 0.560721302734375 0.24150288671875 0.579324501953125 0.272361736328125 0.64863461328125 0.38602955078125 0.634194546875
0 0.307048783203125 0.45231151953125 0.3064110625 0.45116104296875 0.23403133984375 0.489186986328125 0.263860423828125 0.60519303515625 0.33695532421875 0.56745559765625 0.307048783203125 0.45231151953125
0 0.08415753125 0.189349923828125 0.083754703125 0.1895209140625 0.10686318359375 0.2673103515625 0.24428012890625 0.253782083984375 0.245217923828125 0.253384013671875 0.222334986328125 0.1735817265625 0.08415753125 0.189349923828125
0 0.199527708984375 0.3848092734375 0.24131187109375 0.354451302734375 0.266717392578125 0.33529737109375 0.20842995703125 0.21563895703125 0.204128033203125 0.2097178671875 0.200882107421875 0.2110956796875 0.13619219921875 0.258914216796875 0.196171029296875 0.386234099609375 0.199527708984375 0.3848092734375
0 0.22019091015625 0.52742096484375 0.24879309375 0.52376051171875 0.297510521484375 0.5160444296875 0.3089085234375 0.373728689453125 0.307475810546875 0.370353427734375 0.230081033203125 0.38200420703125 0.22019091015625 0.52742096484375
0 0.19278078515625 0.45363401171875 0.241088689453125 0.447084203125 0.2744908203125 0.441793826171875 0.2772637421875 0.303177171875 0.275817037109375 0.299768947265625 0.20417618359375 0.31264812890625 0.19278078515625 0.45363401171875
0 0.54196475 0.82844223046875 0.545033552734375 0.98506403515625 0.57075541796875 0.977279583984375 0.620062560546875 0.96125872265625 0.622417025390625 0.804461044921875 0.6223215 0.804167046875 0.621393962890625 0.801981908203125 0.54196475 0.82844223046875
0 0.6661409453125 0.87772232421875 0.540653216796875 0.931607349609375 0.51956957421875 0.940994392578125 0.5379590859375 0.97310169140625 0.698510138671875 0.95563752734375 0.69992837890625 0.955006087890625 0.673127349609375 0.891866822265625 0.6661409453125 0.87772232421875
0 0.4269021328125 0.51787303515625 0.4140849765625 0.668406732421875 0.4517063515625 0.661855365234375 0.49777855078125 0.65206241796875 0.5021171484375 0.50523841015625 0.50201040234375 0.504736212890625 0.501334029296875 0.50314277734375 0.4269021328125 0.51787303515625
0 0.58228216796875 0.728281693359375 0.579368154296875 0.722801234375 0.508645751953125 0.75346548046875 0.53284082421875 0.90532710546875 0.534885197265625 0.9044593203125 0.6061397265625 0.866797119140625 0.58228216796875 0.728281693359375
0 0.398465525390625 0.638003888671875 0.433030255859375 0.7067446015625 0.5792487421875 0.68613045703125 0.583267916015625 0.68417017578125 0.577064744140625 0.66955641796875 0.54331584765625 0.61165698046875 0.398465525390625 0.638003888671875
0 0.552211056640625 0.8051515703125 0.573701369140625 0.657633888671875 0.572137658203125 0.653950017578125 0.494364076171875 0.66844459375 0.47686169140625 0.81979800390625 0.552211056640625 0.8051515703125
0 0.486641328125 0.455506048828125 0.483881404296875 0.450912763671875 0.33664353515625 0.494879765625 0.373821201171875 0.56504994140625 0.375054916015625 0.5671031875 0.5029098671875 0.5271318671875 0.51085515234375 0.52408023046875 0.52187708984375 0.51745758203125 0.486641328125 0.455506048828125
0 0.18980469140625 0.088489908203125 0.203561583984375 0.15523917578125 0.34112448046875 0.149563802734375 0.34235392578125 0.14934701953125 0.3460004375 0.147799166015625 0.34277533203125 0.12813959375 0.331259275390625 0.062828779296875 0.232440806640625 0.070391951171875 0.18980469140625 0.088489908203125
0 0.357586341796875 0.14185185546875 0.227055341796875 0.15897716796875 0.250359673828125 0.242364666015625 0.37722905078125 0.2228101875 0.383664591796875 0.2200784609375 0.375245802734375 0.192541837890625 0.357586341796875 0.14185185546875
0 0.393711126953125 0.27391277734375 0.390038134765625 0.26728651953125 0.31523090234375 0.30734462890625 0.35548793359375 0.434033875 0.36225727734375 0.431160458984375 0.427784388671875 0.393730048828125 0.393711126953125 0.27391277734375
0 0.42531327734375 0.280061056640625 0.423760740234375 0.27640351171875 0.380891275390625 0.21039032421875 0.25437525 0.26125200390625 0.25516062109375 0.26310222265625 0.30257594140625 0.33236250390625 0.42531327734375 0.280061056640625
0 0.36196748046875 0.499291740234375 0.42731444140625 0.48910296484375 0.44037198828125 0.487034853515625 0.4526265625 0.36040278125 0.45060930078125 0.35565040625 0.37057599609375 0.36956047265625 0.36196748046875 0.499291740234375
0 0.96575541796875 0.840386427734375 0.965608427734375 0.84002261328125 0.93622566796875 0.77592416015625 0.749043541015625 0.78823541796875 0.777180171875 0.861658275390625 0.77903369921875 0.86624591796875 0.960593314453125 0.8425432421875 0.962274111328125 0.84186415625 0.96575541796875 0.840386427734375
0 0.57371889453125 0.23061251953125 0.64179236328125 0.1919369453125 0.57513568359375 0.015796060546875 0.575120970703125 0.01576951171875 0.497936416015625 0.06223476171875 0.55833862890625 0.237595388671875 0.57021955078125 0.232552236328125 0.57371889453125 0.23061251953125
0 0.915315603515625 0.71084756640625 0.72727853515625 0.693563943359375 0.73808475 0.772189978515625 0.92073486328125 0.783111806640625 0.92797238671875 0.78003966015625 0.919138025390625 0.729937501953125 0.915315603515625 0.71084756640625
0 0.605343669921875 0.408515150390625 0.6735499921875 0.392606228515625 0.690982921875 0.38760741796875 0.67785787109375 0.203201365234375 0.674742859375 0.19586285546875 0.587620171875 0.221352189453125 0.605343669921875 0.408515150390625
0 0.458185390625 0 0.536371326171875 0.146345681640625 0.6087935859375 0.09735330859375 0.616096310546875 0.091850310546875 0.5636672421875 0 0.458185390625 0
0 0.67519740234375 0.623799373046875 0.714206439453125 0.701490044921875 0.892749146484375 0.6642012734375 0.899336044921875 0.66098862890625 0.8964715546875 0.65424030859375 0.863595580078125 0.586834572265625 0.67519740234375 0.623799373046875
0 0.81283519140625 0.52507108203125 0.81576007421875 0.52382954296875 0.815112986328125 0.51974399609375 0.796075419921875 0.43266142578125 0.77599286328125 0.430984390625 0.616839771484375 0.420515052734375 0.6166068515625 0.4205519453125 0.6277629375 0.4954945 0.62923136328125 0.504765763671875 0.81283519140625 0.52507108203125
0 0.63214742578125 0.3078526875 0.62091130078125 0.31239237890625 0.654442666015625 0.494329248046875 0.66968556640625 0.488170716796875 0.734632984375 0.45885678515625 0.70664343359375 0.283012638671875 0.7054121796875 0.28011198828125 0.63214742578125 0.3078526875
0 0.577771716796875 0.324782375 0.579384666015625 0.3242269921875 0.662841572265625 0.28891887109375 0.638992107421875 0.11163936328125 0.63711490625 0.107216955078125 0.5466455 0.137844380859375 0.577771716796875 0.324782375
0 0.6811928203125 0.6195929765625 0.86174154296875 0.57919630859375 0.866034109375 0.57691391015625 0.83876456640625 0.52074168359375 0.82380129296875 0.492599857421875 0.63981553515625 0.536428556640625 0.6811928203125 0.6195929765625
0 0 0.3911548125 0.0380271015625 0.3624993359375 0 0.28341044140625 0 0.3911548125
0 1 0.67994902734375 0.949969546875 0.71158965625 0.947485541015625 0.713394390625 1 0.78567434375 1 0.67994902734375
0 0 0.472063701171875 0.01498027734375 0.467483771484375 0.056116880859375 0.454152228515625 0.049803552734375 0.35915375 0.04651126953125 0.3513976171875 0 0.36721943359375 0 0.472063701171875
0 0 0.502581890625 0.024004642578125 0.532102734375 0.11590275 0.49307901171875 0.117895962890625 0.49157701953125 0.1162289140625 0.487649697265625 0.111552083984375 0.481443337890625 0.07220057421875 0.43204841015625 0 0.46483355078125 0 0.502581890625
0 0.00816678515625 0.540158033203125 0.05268758203125 0.60374031640625 0.144527283203125 0.568337275390625 0.147806630859375 0.56604105078125 0.14621531640625 0.56229215234375 0.099080681640625 0.504335794921875 0.00816678515625 0.540158033203125
0 1 0.57093933984375 0.86464971484375 0.60676426171875 0.914992986328125 0.68592502734375 1 0.6603976640625 1 0.57093933984375
0 1 0.473337853515625 0.834619142578125 0.5083102109375 0.8704351015625 0.5890299140625 0.8714132421875 0.59094962890625 1 0.565267294921875 1 0.473337853515625
0 1 0.660397869140625 0.910720384765625 0.655561224609375 0.910472521484375 0.65561844921875 0.92662580859375 0.74183644140625 1 0.746970115234375 1 0.660397869140625
0 0.89019249609375 0.55835468359375 0.96680510546875 0.514170640625 0.927486142578125 0.33559603125 0.92524292578125 0.331377154296875 0.91885500390625 0.334088666015625 0.84076315625 0.37792247265625 0.89019249609375 0.55835468359375
0 0.67211063671875 0.13891319921875 0.86109823828125 0.120963626953125 0.864369525390625 0.119575046875 0.842986822265625 0.03381371484375 0.649645318359375 0.042653173828125 0.67211063671875 0.13891319921875
0 0.877554755859375 0.116726958984375 0.68675072265625 0.135559423828125 0.685406802734375 0.1361298828125 0.6982384375 0.1766671796875 0.715271228515625 0.229088720703125 0.90534039453125 0.20742510546875 0.906820267578125 0.2067969375 0.877554755859375 0.116726958984375
0 0.841244740234375 0.36826966015625 0.904866802734375 0.32836634765625 0.84731690234375 0.149252900390625 0.84502194921875 0.14543345703125 0.76012201953125 0.19644648046875 0.82226793359375 0.378482322265625 0.82901312109375 0.37561916015625 0.841244740234375 0.36826966015625
0 0.934058734375 0.43443888671875 0.908725015625 0.247226080078125 0.90587769921875 0.24051821875 0.819135837890625 0.27029682421875 0.842000646484375 0.46794529296875 0.934058734375 0.43443888671875
0 0.61762344140625 0 0.6517901015625 0.0657081015625 0.819370294921875 0.009881099609375 0.83111493359375 0.004404484375 0.829245341796875 0 0.61762344140625 0
0 0.12940956640625 0.804084861328125 0.157872197265625 0.87107214453125 0.26192971484375 0.85469108203125 0.26756824609375 0.852180646484375 0.2436297109375 0.79578499609375 0.240771111328125 0.789364474609375 0.12940956640625 0.804084861328125
0 0.13751559375 0.56978928125 0.13463842578125 0.563011099609375 0.06858790625 0.58987344921875 0.08545248046875 0.684452173828125 0.1344406171875 0.66365794140625 0.14811387109375 0.657561919921875 0.13751559375 0.56978928125
0 0.206119783203125 0.96127180859375 0.253701685546875 0.942706744140625 0.259349865234375 0.8288204453125 0.258413994140625 0.82661566796875 0.18968142578125 0.85163812109375 0.196227376953125 0.964036041015625 0.19646513671875 0.964596169921875 0.206119783203125 0.96127180859375
0 0.235375994140625 0.781648767578125 0.207849201171875 0.71810305078125 0.10726603515625 0.72781344921875 0.106981595703125 0.727934185546875 0.131046802734375 0.79705613671875 0.2296328203125 0.787902744140625 0.23669210546875 0.784906255859375 0.235375994140625 0.781648767578125
0 0.077648486328125 0.672684939453125 0.10974784375 0.730140115234375 0.205071421875 0.71264615234375 0.20635273828125 0.71196486328125 0.203010619140625 0.70409132421875 0.18940992578125 0.678512140625 0.17122077734375 0.64684762109375 0.075408255859375 0.6674072890625 0.077648486328125 0.672684939453125
0 0.3174938984375 1 0.317663138671875 0.958200080078125 0.31519465234375 0.95238469140625 0.252635669921875 0.97893940234375 0.25268046484375 1 0.3174938984375 1
0 0.247556865234375 1 0.3311920703125 0.9727268984375 0.33563878515625 0.969376060546875 0.30580067578125 0.928126845703125 0.299195330078125 0.91936125390625 0.27401580859375 0.924876912109375 0.184123716796875 0.94617863671875 0.2212347421875 1 0.247556865234375 1