0 0.60086153125 0 0.55942784765625 0.03425894921875 0.660839306640625 0.093323326171875 0.70395661328125 0.05711811328125 0.71056909375 0.05027069140625 0.70703022265625 0.046199685546875 0.632204771484375 0 0.60086153125 0
0 0.5894415859375 0.17345258984375 0.591623626953125 0.17119301953125 0.634057849609375 0.06382076953125 0.58220347265625 0.02046635546875 0.53810226953125 0.130537357421875 0.5894415859375 0.17345258984375
0 0.493923759765625 0.272574919921875 0.387176333984375 0.22655665625 0.33987609375 0.28672261328125 0.340665943359375 0.28748536328125 0.44427275390625 0.331189390625 0.492395546875 0.276841 0.49505696484375 0.27366924609375 0.493923759765625 0.272574919921875
0 0.4229880546875 0.24155728515625 0.475847865234375 0.29783025 0.480853673828125 0.2926465859375 0.52732136328125 0.19404794921875 0.519407271484375 0.18640540234375 0.471694841796875 0.14191283984375 0.4229880546875 0.24155728515625
0 0.449810728515625 0.158624857421875 0.44984496484375 0.15866157421875 0.55609148828125 0.217360837890625 0.596111123046875 0.180041923828125 0.612797986328125 0.162762169921875 0.50856295703125 0.103237158203125 0.449810728515625 0.158624857421875
0 0.37512387109375 0.258547103515625 0.37411294140625 0.25933692578125 0.30725421484375 0.35397512890625 0.3524270546875 0.41179373046875 0.354174798828125 0.413481505859375 0.425432478515625 0.31897428125 0.37512387109375 0.258547103515625
0 0.309938560546875 0.47638228515625 0.311677384765625 0.474581681640625 0.36976477734375 0.37216214453125 0.30892769140625 0.316792228515625 0.25009043359375 0.42112512890625 0.309938560546875 0.47638228515625
0 0.10799001953125 0.555866484375 0.015466392578125 0.660408001953125 0.06770775390625 0.724058982421875 0.071563412109375 0.720936732421875 0.15944055859375 0.618490052734375 0.1161948671875 0.56403539453125 0.1152826328125 0.56290887890625 0.10799001953125 0.555866484375
0 0.060368869140625 0.58373171484375 0.18652248046875 0.64587413671875 0.23260567578125 0.585755826171875 0.237682384765625 0.579018806640625 0.235642708984375 0.577049115234375 0.234374765625 0.57609365234375 0.1124289375 0.51403575390625 0.06072037109375 0.5801871875 0.0590263359375 0.58243524609375 0.060368869140625 0.58373171484375
0 0.22719701171875 0.39667551953125 0.17382715234375 0.45332418359375 0.29652427734375 0.530319326171875 0.308947015625 0.51789658984375 0.35158272265625 0.473746021484375 0.348800365234375 0.470963662109375 0.22719701171875 0.39667551953125
0 0.18034123828125 0.601860123046875 0.27748915625 0.499053724609375 0.2553102734375 0.46329476953125 0.24060851953125 0.440656052734375 0.2369680234375 0.437140466796875 0.13390825390625 0.53373742578125 0.18034123828125 0.601860123046875
0 0.721213470703125 0.2596802109375 0.725234099609375 0.255516724609375 0.78187746484375 0.116177890625 0.716117541015625 0.062926552734375 0.661088306640625 0.212978642578125 0.721213470703125 0.2596802109375
0 0.81321386328125 0.10738531640625 0.758965376953125 0.061865431640625 0.73139173828125 0.039345716796875 0.673599591796875 0.10288921875 0.674152287109375 0.10342294921875 0.82831793359375 0.166361958984375 0.8448363515625 0.15029962109375 0.850573154296875 0.143462765625 0.81321386328125 0.10738531640625
0 0.51213138671875 0.314051255859375 0.42333473828125 0.435673302734375 0.470047771484375 0.49588308203125 0.47181116796875 0.494554267578125 0.56486200390625 0.380898404296875 0.53651562890625 0.3432814921875 0.51497932421875 0.31680148046875 0.51213138671875 0.314051255859375
0 0.667864408203125 0.32392201171875 0.67331641796875 0.3182762890625 0.71848219921875 0.179702154296875 0.651741189453125 0.13728019140625 0.604459560546875 0.276387076171875 0.667864408203125 0.32392201171875
0 0.548857779296875 0.440409060546875 0.55429591015625 0.434777712890625 0.608742650390625 0.30018487890625 0.5499753828125 0.25087328515625 0.49017308203125 0.383266099609375 0.548857779296875 0.440409060546875
0 0.57883509765625 0.218860470703125 0.51427917578125 0.2682939453125 0.64188744921875 0.35343503515625 0.69643587109375 0.3123298515625 0.70155069921875 0.307033291015625 0.70000664453125 0.30498426171875 0.57883509765625 0.218860470703125
0 0.429083435546875 0.37415605859375 0.42863007421875 0.374828197265625 0.377250603515625 0.51890953125 0.44181803515625 0.560249189453125 0.445840744140625 0.55608355078125 0.44642937109375 0.555210873046875 0.4524135546875 0.541777029296875 0.49834476171875 0.418012763671875 0.466897228515625 0.39680113671875 0.429083435546875 0.37415605859375
0 0.176229890625 0.84796762890625 0.230411779296875 0.787038595703125 0.225024818359375 0.78183646875 0.22296173828125 0.78010533984375 0.11119002734375 0.703640513671875 0.058155978515625 0.768397984375 0.0724518671875 0.78220336328125 0.176229890625 0.84796762890625
0 0.212688142578125 0.633320720703125 0.137419447265625 0.74591683203125 0.201098904296875 0.80052391796875 0.210377013671875 0.79091615234375 0.2738309375 0.691215017578125 0.23432073828125 0.65278309765625 0.212696251953125 0.633312322265625 0.212688142578125 0.633320720703125
0 0.24442459765625 0.61114120703125 0.245344267578125 0.611672177734375 0.370470572265625 0.649627697265625 0.411108626953125 0.579240525390625 0.408689142578125 0.5769040546875 0.28652005859375 0.53572247265625 0.24442459765625 0.61114120703125
0 0.279882798828125 0.74143387890625 0.28463559765625 0.736512208984375 0.3269071171875 0.613054236328125 0.2552577890625 0.5716874765625 0.20901630859375 0.69818461328125 0.279882798828125 0.74143387890625
0 0.39207658984375 0.451427689453125 0.390150443359375 0.449631529296875 0.327016109375 0.566043603515625 0.383463275390625 0.61842800390625 0.390112392578125 0.611542642578125 0.450586111328125 0.507653474609375 0.39207658984375 0.451427689453125
0 1 0.287762591796875 0.996485623046875 0.284368798828125 0.94265316015625 0.242310267578125 0.88630762890625 0.39913358203125 0.939760396484375 0.44499144140625 0.943255751953125 0.44137189453125 0.943654966796875 0.440860923828125 1 0.3108913046875 1 0.287762591796875
0 0.390043376953125 0.78144432421875 0.327458896484375 0.84062165234375 0.321068244140625 0.847239369140625 0.472018779296875 0.956935703125 0.507481794921875 0.92505844140625 0.526241416015625 0.90694248828125 0.536816544921875 0.89599162109375 0.533023486328125 0.89206379296875 0.390043376953125 0.78144432421875
0 0.782346654296875 0.37995070703125 0.950970056640625 0.46493782421875 0.96432777734375 0.45077421875 0.99875260546875 0.41254157421875 0.99079368359375 0.40485573046875 0.83317629296875 0.31899846875 0.782346654296875 0.37995070703125
0 0.67337257421875 0.74996491015625 0.6672948984375 0.74409576953125 0.5062172109375 0.654547296875 0.45187951171875 0.723773716796875 0.613619966796875 0.818702421875 0.67337257421875 0.74996491015625
0 0.37518187890625 1 0.458837888671875 0.90940046484375 0.452960236328125 0.902395751953125 0.393415041015625 0.83836758984375 0.275752234375 0.973182421875 0.29825485546875 1 0.37518187890625 1
0 0.8600860703125 0.383480916015625 0.820536142578125 0.35545575390625 0.749792841796875 0.532356197265625 0.81755023046875 0.582790306640625 0.8217933515625 0.578396427734375 0.88892313671875 0.40443226953125 0.8600860703125 0.383480916015625
0 0.660978068359375 0.5739969296875 0.65082453515625 0.56310859765625 0.649718384765625 0.562040400390625 0.5424864375 0.7126933125 0.55075126953125 0.721556259765625 0.605562525390625 0.777798978515625 0.60742572265625 0.776061517578125 0.70745181640625 0.62801233984375 0.660978068359375 0.5739969296875
0 0.493458759765625 0.91389823828125 0.49415032421875 0.91301307421875 0.5746390703125 0.752714361328125 0.50722421484375 0.69215896484375 0.50587995703125 0.69110871484375 0.415588482421875 0.85772835546875 0.49123506640625 0.9162009375 0.493458759765625 0.91389823828125
0 0.86811637890625 0.5368510859375 0.69900262890625 0.460140720703125 0.6417541796875 0.536402734375 0.81510737890625 0.612181626953125 0.83348030859375 0.58949294921875 0.871626498046875 0.53969352734375 0.86811637890625 0.5368510859375
0 0.69581176171875 0.711103490234375 0.76268617578125 0.542962634765625 0.737788123046875 0.52420060546875 0.69429123828125 0.49205337890625 0.628718212890625 0.63771230078125 0.62077075390625 0.65623146484375 0.691121603515625 0.71596029296875 0.69581176171875 0.711103490234375
0 0 0.43849503515625 0.033791529296875 0.4611183046875 0.0828636953125 0.41686596484375 0.0885812734375 0.41094523828125 0.006734138671875 0.35138742578125 0 0.35728544921875 0 0.43849503515625
0 0.001279162109375 0.360596900390625 0.09513294921875 0.40520622265625 0.13534052734375 0.356505595703125 0.14216869140625 0.3477659453125 0.138699474609375 0.34441576171875 0.048690544921875 0.304326001953125 0.001279162109375 0.360596900390625
0 0.09435252734375 0.25164160546875 0.05672177734375 0.31952926953125 0.150882080078125 0.3456521796875 0.193614896484375 0.28015191796875 0.192255970703125 0.278839615234375 0.18938974609375 0.277250841796875 0.09435252734375 0.25164160546875
0 1 0.51934479296875 0.928175990234375 0.493450791015625 0.87534409765625 0.56271155859375 0.875690212890625 0.563045796875 1 0.6125520234375 1 0.51934479296875
0 0.922610619140625 0.739415330078125 0.99764002734375 0.57320437890625 0.97780788671875 0.55656323828125 0.92631952734375 0.51786640234375 0.9251462890625 0.519264611328125 0.84870285546875 0.6836459453125 0.920302734375 0.741805212890625 0.922610619140625 0.739415330078125
0 0.86130178515625 0.81189971484375 0.86619053515625 0.806837265625 0.9373864140625 0.641683267578125 0.85941758203125 0.582274087890625 0.793609015625 0.759063828125 0.86130178515625 0.81189971484375
0 0.631855751953125 1 0.665628078125 0.918937814453125 0.59145716796875 0.86890890234375 0.52913892578125 1 0.631855751953125 1
0 0.700423412109375 1 0.74854142578125 0.96240608984375 0.76761996484375 0.94264968359375 0.62388283984375 0.819876294921875 0.58044826171875 0.85381110546875 0.5494477890625 0.878412970703125 0.54728476171875 0.8806528515625 0.54789085546875 0.881428615234375 0.69103140234375 1 0.700423412109375 1
0 0.8146020859375 0.795119181640625 0.7426225703125 0.72560937109375 0.64468330859375 0.88982301171875 0.710967501953125 0.956328884765625 0.720743345703125 0.946205701171875 0.8146020859375 0.795119181640625
0 0.91053608203125 0.77698290234375 0.738175525390625 0.690675361328125 0.67929345703125 0.76352525390625 0.85267180078125 0.854575927734375 0.86651252734375 0.840243439453125 0.915539833984375 0.781814970703125 0.91053608203125 0.77698290234375
0 0.346005689453125 0.012437046875 0.281861484375 0.105662767578125 0.326226375 0.157200419921875 0.331080185546875 0.153269880859375 0.39259146484375 0.0684396640625 0.36893648046875 0.03922819140625 0.34845809765625 0.014805310546875 0.346005689453125 0.012437046875
0 0.187452599609375 0.180799439453125 0.12775523046875 0.254230068359375 0.17336742578125 0.31082107421875 0.17538904296875 0.30924161328125 0.230126228515625 0.233583349609375 0.22000296875 0.220135169921875 0.19485696484375 0.18794975390625 0.187452599609375 0.180799439453125
0 0.3466125 0 0.312294998046875 0.0327781640625 0.41104395703125 0.08602258203125 0.46201703515625 0.033238416015625 0.461665087890625 0.03289854296875 0.380891529296875 0 0.3466125 0
0 0.29682510546875 0.20879828125 0.3321805390625 0.113243298828125 0.31447973046875 0.099904783203125 0.272201861328125 0.07117723828125 0.2715767890625 0.072006734375 0.236427384765625 0.16594659765625 0.2940605625 0.211661048828125 0.29682510546875 0.20879828125
0 0.237614255859375 0.12714984765625 0.18300953515625 0.206900087890625 0.22528303515625 0.263390654296875 0.2284396015625 0.26092447265625 0.284104314453125 0.18461987890625 0.27482943359375 0.171912734375 0.246748203125 0.1359703984375 0.237614255859375 0.12714984765625
0 0.39719051171875 0 0.390964052734375 0.01802066796875 0.45066321875 0.06074078515625 0.451288455078125 0.0600933359375 0.466641205078125 0 0.39719051171875 0