0 0.6001913203125 0 0.5610002265625 0.02504952734375 0.654457642578125 0.09603259765625 0.7039640390625 0.063858345703125 0.708752298828125 0.05889995703125 0.70604718359375 0.05488946484375 0.63751565234375 0 0.6001913203125 0
0 0.66127973046875 0.08447567578125 0.660384107421875 0.083610783203125 0.54700125 0.05358159765625 0.5099767578125 0.11082871875 0.624914583984375 0.14069123046875 0.66127973046875 0.08447567578125
0 0.3401308828125 0.291062658203125 0.4469480625 0.329669373046875 0.492160529296875 0.272876912109375 0.49492970703125 0.26920208984375 0.49472415234375 0.26900358984375 0.3844538359375 0.22816823046875 0.3401308828125 0.291062658203125
0 0.481417625 0.158258744140625 0.45956562890625 0.14351938671875 0.426828546875 0.255954841796875 0.48750801953125 0.29700234375 0.491785931640625 0.292572435546875 0.52307137890625 0.19055864453125 0.481417625 0.158258744140625
0 0.515801275390625 0.08101133203125 0.48286894921875 0.19794310546875 0.548817451171875 0.240262490234375 0.55143434375 0.2375526171875 0.552234583984375 0.23632035546875 0.58235834765625 0.12326456640625 0.516376626953125 0.08041553515625 0.515801275390625 0.08101133203125
0 0.37720252734375 0.4112270234375 0.379558982421875 0.408786841796875 0.417038951171875 0.30140005078125 0.35565934765625 0.25680515625 0.31308625390625 0.36761937109375 0.37720252734375 0.4112270234375
0 0.230699498046875 0.40109891015625 0.337772869140625 0.45429786328125 0.34400395703125 0.44712981640625 0.389070984375 0.39287709375 0.384109259765625 0.38808561328125 0.28280956640625 0.337447359375 0.230699498046875 0.40109891015625
0 0.09889205859375 0.721919021484375 0.098979900390625 0.721778447265625 0.14871599609375 0.59630320703125 0.09009769140625 0.55889473828125 0.080159890625 0.55268491015625 0.0262328984375 0.68281080859375 0.095481599609375 0.725450654296875 0.09889205859375 0.721919021484375
0 0.158767326171875 0.4941228984375 0.0779959609375 0.60851951953125 0.135765888671875 0.669336076171875 0.14162159375 0.663681287109375 0.219801978515625 0.55596226171875 0.19810846875 0.532687697265625 0.189897041015625 0.524184513671875 0.158767326171875 0.4941228984375
0 0.19913428515625 0.50190165234375 0.257256142578125 0.55118029296875 0.261575373046875 0.54670759765625 0.32803907421875 0.427340880859375 0.31313633203125 0.412949470703125 0.26885146875 0.37307519921875 0.19913428515625 0.50190165234375
0 0.228132927734375 0.43512490625 0.142570791015625 0.5471204765625 0.1880583125 0.60574456640625 0.188630615234375 0.605281123046875 0.28124008984375 0.498196197265625 0.259957421875 0.47191429296875 0.23170219921875 0.438571712890625 0.228132927734375 0.43512490625
0 0.8162259375 0.14722026171875 0.81353473828125 0.14462140234375 0.66106776171875 0.1118247578125 0.622073755859375 0.17980785546875 0.773719984375 0.217962048828125 0.8162259375 0.14722026171875
0 0.824315421875 0.11810596484375 0.694650642578125 0.08767421875 0.67260822265625 0.117136779296875 0.67326100390625 0.11776716015625 0.692267802734375 0.12918759765625 0.810253234375 0.19796408203125 0.83212033203125 0.164657109375 0.846954744140625 0.13996850390625 0.824315421875 0.11810596484375
0 0.546488109375 0.455922736328125 0.57932453515625 0.4313528828125 0.583124109375 0.427418306640625 0.46904130859375 0.33064364453125 0.459705337890625 0.337426626953125 0.402018990234375 0.38269362890625 0.40227058984375 0.38303992578125 0.522009689453125 0.47370734765625 0.546488109375 0.455922736328125
0 0.697296109375 0.294927208984375 0.706809689453125 0.287223263671875 0.755019302734375 0.24137941796875 0.753842515625 0.23992620703125 0.63191915625 0.16143445703125 0.567723509765625 0.213681015625 0.56791273828125 0.213914693359375 0.697296109375 0.294927208984375
0 0.57258386328125 0.255134484375 0.483032494140625 0.378279365234375 0.52654671484375 0.439724236328125 0.531279349609375 0.43628577734375 0.61876582421875 0.32554390234375 0.57977033984375 0.262558849609375 0.578590705078125 0.26093522265625 0.57258386328125 0.255134484375
0 0.590479833984375 0.382369736328125 0.593126771484375 0.38030172265625 0.67663453515625 0.25835842578125 0.633605373046875 0.203283609375 0.625581712890625 0.19553525 0.54306483203125 0.324011861328125 0.590479833984375 0.382369736328125
0 0.41767582421875 0.55506763671875 0.508300900390625 0.43750008203125 0.477175126953125 0.39766090625 0.459722748046875 0.3763916171875 0.45920478515625 0.37589142578125 0.45763001171875 0.3771217734375 0.44464070703125 0.39154237109375 0.36142377734375 0.496683611328125 0.4144944921875 0.55755316796875 0.41767582421875 0.55506763671875
0 0.12614112109375 0.699029544921875 0.05861712109375 0.755056708984375 0.162447109375 0.853115154296875 0.22369999609375 0.80636079296875 0.2271981640625 0.802738333984375 0.221269095703125 0.79541654296875 0.12614112109375 0.699029544921875
0 0.255926599609375 0.67024983984375 0.196227015625 0.634923767578125 0.145901326171875 0.75657467578125 0.21533593359375 0.80377549609375 0.21621596484375 0.80286419921875 0.270572037109375 0.67940132421875 0.255926599609375 0.67024983984375
0 0.243442333984375 0.58314163671875 0.24413903125 0.58394309375 0.35009116796875 0.6605678828125 0.39919441796875 0.617883078125 0.411312271484375 0.605334673828125 0.307798310546875 0.525536765625 0.243442333984375 0.58314163671875
0 0.1823626953125 0.65488374609375 0.299641189453125 0.722813208984375 0.320516138671875 0.69913138671875 0.354214796875 0.658970890625 0.34954496875 0.6544612890625 0.23600351171875 0.59178044921875 0.1823626953125 0.65488374609375
0 0.3640386171875 0.616318896484375 0.367155798828125 0.61429457421875 0.455148751953125 0.523820865234375 0.413831880859375 0.45805889453125 0.40958145703125 0.453954310546875 0.321123455078125 0.55058226953125 0.3640386171875 0.616318896484375
0 1 0.28776258984375 0.9623094140625 0.25136521484375 0.863404888671875 0.37598215234375 0.86692559765625 0.38065429296875 0.91425323828125 0.44116015234375 0.916481806640625 0.4394808046875 1 0.319148185546875 1 0.28776258984375
0 0.532887466796875 0.90905752734375 0.530976859375 0.906522064453125 0.39776055859375 0.78226955859375 0.323915015625 0.83388458203125 0.45773791015625 0.966443138671875 0.4843805234375 0.946802548828125 0.528658685546875 0.91343655859375 0.532887466796875 0.90905752734375
0 0.778608666015625 0.3816333359375 0.949807349609375 0.46728101171875 0.961857599609375 0.45292008203125 0.997511029296875 0.4069983359375 0.99190989453125 0.401589380859375 0.827640708984375 0.32586597265625 0.778608666015625 0.3816333359375
0 0.64430334375 0.68797983203125 0.6032645703125 0.63122583984375 0.46709852734375 0.760851861328125 0.51694596875 0.83852049609375 0.521436705078125 0.835604177734375 0.654180626953125 0.70318951171875 0.64430334375 0.68797983203125
0 0.37721002734375 1 0.45321080078125 0.899558498046875 0.415107666015625 0.86010154296875 0.388831294921875 0.83420562890625 0.2751150546875 0.976054576171875 0.298238880859375 1 0.37721002734375 1
0 0.863051787109375 0.384937392578125 0.824504017578125 0.35554903125 0.74763007421875 0.5298728046875 0.813453037109375 0.5825344609375 0.81840096484375 0.577410732421875 0.89114009375 0.4068823828125 0.863051787109375 0.384937392578125
0 0.6215501640625 0.77675708984375 0.70467950390625 0.61667545703125 0.672712587890625 0.59078916015625 0.63326700390625 0.560259798828125 0.63231898046875 0.561430509765625 0.553404078125 0.722914876953125 0.618410513671875 0.78000829296875 0.6215501640625 0.77675708984375
0 0.385605125 0.79669770703125 0.552167103515625 0.886957935546875 0.5739533515625 0.85907280859375 0.609938349609375 0.812518638671875 0.603752646484375 0.80654517578125 0.447316525390625 0.72799590234375 0.385605125 0.79669770703125
0 0.794973826171875 0.4460005390625 0.77042353515625 0.4227422421875 0.67411089453125 0.586908751953125 0.74308098046875 0.6509881875 0.746231853515625 0.647837314453125 0.837398515625 0.487432294921875 0.823912796875 0.473946578125 0.794973826171875 0.4460005390625
0 0.72809810546875 0.49871445703125 0.609094478515625 0.642110376953125 0.658033296875 0.7106365 0.66157701953125 0.708155158203125 0.765976390625 0.59316565234375 0.779257609375 0.578008779296875 0.73365547265625 0.50408114453125 0.72809810546875 0.49871445703125
0 0 0.439374904296875 0.0261501328125 0.46275756640625 0.086815005859375 0.421771490234375 0.087628412109375 0.42092918359375 0.014627650390625 0.350328919921875 0 0.35990578125 0 0.439374904296875
0 0.080370912109375 0.29185948828125 0.070036166015625 0.282554041015625 0.019249369140625 0.3726050390625 0.073574560546875 0.424235837890625 0.07621892578125 0.421497517578125 0.12312351171875 0.33331281640625 0.080370912109375 0.29185948828125
0 0.05521379296875 0.285797470703125 0.130780775390625 0.35646486328125 0.18783012109375 0.319416583984375 0.1941509140625 0.3128712109375 0.19360681640625 0.312033373046875 0.125076962890625 0.2469881953125 0.05578338671875 0.285207642578125 0.05521379296875 0.285797470703125
0 1 0.515559126953125 0.925978541015625 0.493330693359375 0.87563526953125 0.5724914609375 1 0.60540869140625 1 0.515559126953125
0 0.92784458984375 0.74074331640625 0.994607220703125 0.56946121875 0.97393133203125 0.553880818359375 0.920488296875 0.51793170703125 0.91938984375 0.51938940234375 0.85165423046875 0.687546197265625 0.92652174609375 0.742113158203125 0.92784458984375 0.74074331640625
0 0.750475068359375 0.6661553671875 0.893112447265625 0.78720751171875 0.944244806640625 0.750473265625 0.969164396484375 0.731695005859375 0.97160879296875 0.72916376171875 0.822897302734375 0.61539374609375 0.750475068359375 0.6661553671875
0 0.68811108984375 1 0.551573751953125 0.88774501953125 0.479121236328125 0.95498575 0.539693859375 1 0.68811108984375 1
0 0.7029329453125 1 0.7575910390625 0.950785634765625 0.7714268671875 0.93645821484375 0.771378056640625 0.936404001953125 0.617490921875 0.822523658203125 0.576529322265625 0.859405646484375 0.5450446953125 0.88819074609375 0.545977720703125 0.88922697265625 0.70049369140625 1 0.7029329453125 1
0 0.610099759765625 0.84525646875 0.61141140234375 0.846523107421875 0.78744873046875 0.920701732421875 0.843604271484375 0.840503310546875 0.839580634765625 0.83661773046875 0.66681224609375 0.767471828125 0.610099759765625 0.84525646875
0 0.764947658203125 0.8846902578125 0.76630126953125 0.88363269921875 0.89060910546875 0.7339376328125 0.83502180078125 0.66278912890625 0.82962554296875 0.657578021484375 0.70616691796875 0.812238140625 0.764947658203125 0.8846902578125
0 0.404879953125 0.073635525390625 0.40372132421875 0.07279373046875 0.30534352734375 0.03513586328125 0.263575435546875 0.094741599609375 0.369442923828125 0.13229367578125 0.392175634765625 0.10100478515625 0.408468115234375 0.077100572265625 0.404879953125 0.073635525390625
0 0.213816001953125 0.212486888671875 0.17446826953125 0.17947022265625 0.13067282421875 0.265016115234375 0.1860193203125 0.3100451875 0.1900576640625 0.305863361328125 0.22651407421875 0.22353644921875 0.213816001953125 0.212486888671875
0 0.343914439453125 0 0.31253589453125 0.044806048828125 0.426540701171875 0.06937301953125 0.46146908203125 0.021848611328125 0.45754770703125 0.01806178125 0.457064685546875 0.01773598046875 0.40353973828125 0 0.343914439453125 0
0 0.35364651953125 0.14735309765625 0.349438552734375 0.14196714453125 0.272646873046875 0.08716324609375 0.2129176484375 0.131487578125 0.21233923828125 0.1320865390625 0.29968315625 0.193939826171875 0.35364651953125 0.14735309765625
0 0.268626259765625 0.16288109765625 0.22297189453125 0.125910923828125 0.187030142578125 0.2176267109375 0.24040823828125 0.26272104296875 0.243811412109375 0.259196953125 0.28052191015625 0.17317616796875 0.268626259765625 0.16288109765625
0 0.38889040625 0 0.3849508359375 0.006289736328125 0.43381743359375 0.06169291015625 0.43384131640625 0.061673572265625 0.465716326171875 0 0.38889040625 0