0 0.221887244140625 0.142090720703125 0.326852779296875 0.09040141796875 0.32702889453125 0.09010831640625 0.27563491796875 0.041191732421875 0.179096025390625 0.09185975390625 0.177163013671875 0.093792763671875 0.175232580078125 0.097005546875 0.221887244140625 0.142090720703125
0 0.25957047265625 0.108657177734375 0.32069564453125 0.208153740234375 0.322328283203125 0.20913473046875 0.36565348828125 0.1576976796875 0.303108650390625 0.05695699609375 0.25957047265625 0.108657177734375
0 0.516521439453125 0.18704785546875 0.51342406640625 0.190610974609375 0.46727285546875 0.246643255859375 0.525532982421875 0.34034675390625 0.528271 0.341991919921875 0.57954923828125 0.28666855859375 0.516521439453125 0.18704785546875
0 0.432985671875 0.27551615625 0.53181176171875 0.22062394140625 0.476942798828125 0.167779830078125 0.377793826171875 0.221017978515625 0.375480693359375 0.22486767578125 0.39241367578125 0.24121966796875 0.432985671875 0.27551615625
0 0.46278098828125 0.169920287109375 0.46281119921875 0.1698801953125 0.398591228515625 0.1209371953125 0.30092593359375 0.1911923046875 0.3004109140625 0.192049443359375 0.36325223828125 0.23940377734375 0.46278098828125 0.169920287109375
0 0.60408078125 0.24760059375 0.51319580859375 0.314215646484375 0.51092795703125 0.317989986328125 0.57114775390625 0.36637170703125 0.66467274609375 0.29325991796875 0.60408078125 0.24760059375
0 0.655981529296875 0.269478994140625 0.605493626953125 0.31775321484375 0.59678712109375 0.32645971875 0.65649880078125 0.42815328125 0.6578596953125 0.42897098828125 0.71715420703125 0.37308215625 0.655981529296875 0.269478994140625
0 1 0.516825041015625 0.88496182421875 0.456965923828125 0.883364783203125 0.45962384765625 0.880713265625 0.46778437890625 0.85985473828125 0.53412005078125 0.97860873046875 0.5982699140625 0.9833272109375 0.59980304296875 1 0.54961652734375 1 0.516825041015625
0 0.80006502734375 0.45343861328125 0.78513460546875 0.48153480859375 0.88853079296875 0.565348826171875 0.89565053515625 0.56929536328125 0.93571151953125 0.495599125 0.828084345703125 0.406005642578125 0.80579587109375 0.44309989453125 0.80006502734375 0.45343861328125
0 0.70203502734375 0.475128841796875 0.80377414453125 0.36821387109375 0.77122416015625 0.34908700390625 0.73456594140625 0.32792237109375 0.640396046875 0.429293796875 0.636932466796875 0.435292892578125 0.692555880859375 0.4696560546875 0.70203502734375 0.475128841796875
0 0.804749619140625 0.3694873125 0.70918119140625 0.4613071796875 0.7038365078125 0.470202224609375 0.762599005859375 0.511056236328125 0.87034883984375 0.41942192578125 0.804749619140625 0.3694873125
0 0.298399142578125 0.21551400390625 0.239396455078125 0.1639299296875 0.104187521484375 0.24562105078125 0.1041047578125 0.245719685546875 0.10326618359375 0.247115306640625 0.167436607421875 0.300960685546875 0.298399142578125 0.21551400390625
0 0.18289783984375 0.28576855859375 0.20275442578125 0.25761796484375 0.136610919921875 0.148436548828125 0.10847848046875 0.18079921875 0.091955955078125 0.208297318359375 0.17699925 0.282224328125 0.18289783984375 0.28576855859375
0 0.47213023046875 0.313045791015625 0.4450703125 0.339991091796875 0.412947181640625 0.374438931640625 0.49247959375 0.49548128515625 0.496181134765625 0.49770539453125 0.547973611328125 0.44370739453125 0.47213023046875 0.313045791015625
0 0.360506880859375 0.25667538671875 0.361054720703125 0.25572649609375 0.296217775390625 0.21106673046875 0.18185683203125 0.310663162109375 0.248640822265625 0.350791033203125 0.252590201171875 0.353071208984375 0.360506880859375 0.25667538671875
0 0.43935074609375 0.29979773046875 0.322523724609375 0.373678 0.318689845703125 0.380058646484375 0.37310240234375 0.42905193359375 0.5066064765625 0.3518963359375 0.43935074609375 0.29979773046875
0 0.372163853515625 0.411687515625 0.374680943359375 0.413025876953125 0.412933125 0.34240656640625 0.30640869921875 0.23364130859375 0.30527376953125 0.2355301484375 0.270287568359375 0.301329625 0.372163853515625 0.411687515625
0 0.534317048828125 0.52751078515625 0.53917366015625 0.52977545703125 0.6366533515625 0.41099079296875 0.5665930078125 0.37360656640625 0.56442205078125 0.37259423046875 0.480777169921875 0.477227541015625 0.47589668359375 0.48420041015625 0.470462419921875 0.495854220703125 0.534317048828125 0.52751078515625
0 0.920308884765625 0.748773267578125 0.958350587890625 0.70797853515625 0.97519834375 0.67993916015625 0.897744412109375 0.592012734375 0.842863021484375 0.65436316796875 0.920308884765625 0.748773267578125
0 0.77813059765625 0.60447916796875 0.767029921875 0.6177084375 0.856391978515625 0.717787634765625 0.85808877734375 0.718807173828125 0.90944669140625 0.652579291015625 0.82409111328125 0.552550142578125 0.82395928515625 0.552470931640625 0.77813059765625 0.60447916796875
0 0.774176951171875 0.53465593359375 0.7748595546875 0.533842435546875 0.70950803515625 0.47736950390625 0.60966461328125 0.557154181640625 0.607391490234375 0.56093729296875 0.66957823828125 0.613118169921875 0.774176951171875 0.53465593359375
0 0.689699697265625 0.63403458984375 0.69310557421875 0.636081044921875 0.766589279296875 0.664288798828125 0.8390471484375 0.54877658203125 0.83732423828125 0.5477413515625 0.758254267578125 0.5195786328125 0.689699697265625 0.63403458984375
0 0.61192855078125 0.419384134765625 0.61006626171875 0.421246421875 0.553554634765625 0.479479908203125 0.619883212890625 0.58479315234375 0.6246752734375 0.587672515625 0.679087146484375 0.533521935546875 0.61192855078125 0.419384134765625
0 0 0.48881951953125 0.07685716796875 0.55009055078125 0.082043146484375 0.55239949609375 0.107902060546875 0.48632455078125 0 0.38835793359375 0 0.48881951953125
0 0.62036953515625 0.922664630859375 0.6494863046875 0.93840614453125 0.763558259765625 0.788513091796875 0.683247953125 0.7476776953125 0.5686207109375 0.889261111328125 0.56704757421875 0.89209912890625 0.58871504296875 0.90511826171875 0.62036953515625 0.922664630859375
0 0.0467639765625 0.57821584765625 0.064310265625 0.586651734375 0.19127711328125 0.446880201171875 0.12198023046875 0.40819209765625 0.00241178125 0.54857525390625 0.000040259765625 0.55322962890625 0.0129519921875 0.56098778125 0.0467639765625 0.57821584765625
0 0.44903972265625 0.821192861328125 0.4711958046875 0.834505576171875 0.60448699609375 0.696135072265625 0.524996599609375 0.647055755859375 0.403238458984375 0.779510919921875 0.40079607421875 0.783419556640625 0.39903641796875 0.78634811328125 0.44903972265625 0.821192861328125
0 0.720351759765625 0.784499693359375 0.69407538671875 0.810395607421875 0.655972251953125 0.849852560546875 0.7659617265625 0.995213029296875 0.766977203125 0.995823189453125 0.8157313671875 0.94533677734375 0.83010837109375 0.921409423828125 0.720351759765625 0.784499693359375
0 0.10096329296875 0.5058892578125 0.089358556640625 0.53959186328125 0.246151384765625 0.64494930859375 0.249661251953125 0.646157853515625 0.2767015703125 0.564579154296875 0.117358455078125 0.460294822265625 0.117137962890625 0.46066178125 0.10096329296875 0.5058892578125
0 0.31985394921875 0.739138251953125 0.328155564453125 0.7445293828125 0.393696103515625 0.78345692578125 0.523528431640625 0.657886294921875 0.523875681640625 0.657351576171875 0.4660739921875 0.617978810546875 0.44830221875 0.606437685546875 0.323326267578125 0.733359341796875 0.31985394921875 0.739138251953125
0 0.540917783203125 0.878049126953125 0.573491443359375 0.89187582421875 0.6754108046875 0.732181603515625 0.58812950390625 0.7020119296875 0.488000310546875 0.84858700390625 0.48564873828125 0.85412696484375 0.486370845703125 0.854560849609375 0.540917783203125 0.878049126953125
0 0.226374806640625 0.4925829375 0.19160323046875 0.54124458984375 0.17297378515625 0.568863880859375 0.2930721796875 0.708926388671875 0.29676637890625 0.711418158203125 0.35224235546875 0.635355927734375 0.226374806640625 0.4925829375
0 0.252000193359375 0.6335978671875 0.26679298046875 0.647283443359375 0.3826401171875 0.750730318359375 0.386423796875 0.752827646484375 0.42793159375 0.67956141796875 0.295055685546875 0.549844013671875 0.28104483984375 0.5731619765625 0.252000193359375 0.6335978671875
0 1 0.26879535546875 0.99134269921875 0.26171587890625 0.96904051953125 0.298832935546875 0.952881625 0.327984357421875 1 0.3679734453125 1 0.26879535546875
0 0.93041827734375 0.21587844140625 0.915303357421875 0.2359366171875 0.884456138671875 0.27964403515625 0.947635404296875 0.349707609375 0.95391709765625 0.35348203125 0.99641416796875 0.295083203125 0.93041827734375 0.21587844140625
0 0.86144919140625 0.178138630859375 0.85347259375 0.189530392578125 0.821140708984375 0.239538517578125 0.8866679609375 0.314897537109375 0.88994948828125 0.31686927734375 0.93119139453125 0.2544570859375 0.86144919140625 0.178138630859375
0 0.87483174609375 0.179543765625 0.801893142578125 0.15299628515625 0.746968814453125 0.23467384765625 0.74535658203125 0.23910341796875 0.74674378125 0.239936931640625 0.820906232421875 0.261033693359375 0.87483174609375 0.179543765625
0 0 0.708611998046875 0.09750015234375 0.78557192578125 0.131138796875 0.70501294921875 0 0.594291123046875 0 0.708611998046875
0 0.21563812109375 0.748740505859375 0.0728989609375 0.636980255859375 0.071218826171875 0.63626708203125 0.04291035546875 0.694121443359375 0.0327947109375 0.71795241015625 0.177776265625 0.834125611328125 0.21563812109375 0.748740505859375
0 0.122526236328125 0.740776568359375 0.22314055078125 0.893265517578125 0.228077087890625 0.8962316875 0.289023509765625 0.822805794921875 0.17821612109375 0.67207170703125 0.122526236328125 0.740776568359375
0 0.58571087109375 1 0.637926314453125 0.934078666015625 0.550539376953125 0.88788119921875 0.470345755859375 1 0.58571087109375 1
0 0.53228365234375 1 0.552609138671875 0.9441561875 0.388772271484375 0.843766150390625 0.388330119140625 0.84360521875 0.3878712734375 0.844368865234375 0.376613625 0.874918119140625 0.35555209765625 0.932784193359375 0.4616180546875 1 0.53228365234375 1
0 0.30002695703125 0.79640595703125 0.29450712890625 0.81339423828125 0.27266987890625 0.885249478515625 0.433612333984375 0.982671984375 0.437149025390625 0.983821125 0.438836869140625 0.98101208203125 0.46845737109375 0.88984954296875 0.30198238671875 0.793151578125 0.30002695703125 0.79640595703125
0 0.38786142578125 0.780787501953125 0.38585354296875 0.77958104296875 0.29920833984375 0.73917772265625 0.182433017578125 0.892503205078125 0.22939478515625 0.92072068359375 0.263667169921875 0.937475392578125 0.38786142578125 0.780787501953125
0 0.654157580078125 1 0.599298693359375 0.9308467578125 0.54628625 0.981248611328125 0.52887292578125 0.998661935546875 0.529881125 1 0.654157580078125 1
0 0.5577943125 0 0.484649578125 0.079907484375 0.48300116015625 0.0832872421875 0.487286826171875 0.08586233203125 0.51474551953125 0.099840892578125 0.547047904296875 0.115595818359375 0.62009962890625 0.031718443359375 0.559742982421875 0 0.5577943125 0
0 0.70551215625 0.14289662109375 0.68862130859375 0.17215242578125 0.753687142578125 0.23259354296875 0.76018137109375 0.23634298828125 0.7924858359375 0.1779945234375 0.725938923828125 0.108805703125 0.716476138671875 0.124554421875 0.70551215625 0.14289662109375
0 0.43631866796875 0 0.42838325 0.024422705078125 0.518972509765625 0.08476267578125 0.522910060546875 0.08604206640625 0.539253830078125 0.02784160546875 0.50588380859375 0 0.43631866796875 0
0 0.66717180859375 0.112764486328125 0.61474362890625 0.027257384765625 0.613971765625 0.0265623984375 0.5779521328125 0.062829134765625 0.563121646484375 0.07930005859375 0.61656779296875 0.16718790234375 0.619203884765625 0.16877182421875 0.66717180859375 0.112764486328125
0 0.670647583984375 0.187242501953125 0.7482595234375 0.1263628984375 0.6893860625 0.085431740234375 0.613322623046875 0.141509130859375 0.610996728515625 0.1453800703125 0.64041847265625 0.16675621875 0.670647583984375 0.187242501953125
0 0.3979640703125 0 0.435862515625 0.0622549453125 0.436539123046875 0.0626614921875 0.481191048828125 0.004286388671875 0.478069833984375 0 0.3979640703125 0