0 0.28515625 0.31640625 0.123046875 0.123046875
0 0.2890625 0.478515625 0.1279296875 0.0859375
0 0.2900390625 0.404296875 0.1123046875 0.1123046875
0 0.294921875 0.564453125 0.1357421875 0.1015625
0 0.3017578125 0.8046875 0.142578125 0.1015625
0 0.2890625 0.076171875 0.1142578125 0.1123046875
0 0.29296875 0.2314453125 0.154296875 0.09375
0 0.3017578125 0.634765625 0.142578125 0.0908203125
0 0.2939453125 0.154296875 0.1513671875 0.091796875
0 0.30859375 0.7177734375 0.119140625 0.1201171875
0 0.3173828125 0.892578125 0.130859375 0.0966796875
0 0.4267578125 0.435546875 0.125 0.126953125
0 0.4306640625 0.5263671875 0.1357421875 0.0859375
0 0.435546875 0.693359375 0.099609375 0.1015625
0 0.4306640625 0.3505859375 0.1513671875 0.0966796875
0 0.427734375 0.18359375 0.15625 0.0966796875
0 0.439453125 0.779296875 0.138671875 0.09375
0 0.4365234375 0.611328125 0.1328125 0.0908203125
0 0.4287109375 0.0947265625 0.126953125 0.126953125
0 0.435546875 0.2705078125 0.1171875 0.119140625
0 0.4462890625 0.9462890625 0.115234375 0.107421875
0 0.4501953125 0.8623046875 0.111328125 0.111328125
0 0.072265625 0.857421875 0.134765625 0.087890625
0 0.076171875 0.93359375 0.111328125 0.111328125
0 0.060546875 0.1142578125 0.1123046875 0.1142578125
0 0.072265625 0.5458984375 0.1435546875 0.0830078125
0 0.0732421875 0.623046875 0.1142578125 0.1142578125
0 0.70703125 0.16015625 0.125 0.123046875
0 0.7119140625 0.0703125 0.154296875 0.09375
0 0.7177734375 0.2578125 0.158203125 0.091796875
0 0.0791015625 0.775390625 0.150390625 0.0966796875
0 0.072265625 0.4697265625 0.14453125 0.076171875
0 0.072265625 0.248046875 0.1435546875 0.0751953125
0 0.0771484375 0.69921875 0.115234375 0.115234375
0 0.724609375 0.349609375 0.1689453125 0.111328125
0 0.7412109375 0.9072265625 0.1513671875 0.1513671875
0 0.736328125 0.4365234375 0.1357421875 0.1357421875
0 0.7431640625 0.71484375 0.142578125 0.140625
0 0.748046875 0.810546875 0.140625 0.140625
0 0.74609375 0.625 0.150390625 0.150390625
0 0.75 0.525390625 0.1669921875 0.0908203125
0 0.076171875 0.396484375 0.1201171875 0.119140625
0 0.0751953125 0.3212890625 0.107421875 0.1064453125
0 0.0751953125 0.181640625 0.1357421875 0.091796875
0 0.904296875 0.189453125 0.1455078125 0.1435546875
0 0.9033203125 0.095703125 0.1455078125 0.1455078125
0 0.912109375 0.48046875 0.1533203125 0.1513671875
0 0.908203125 0.2841796875 0.150390625 0.1513671875
0 0.916015625 0.68359375 0.1435546875 0.1435546875
0 0.9111328125 0.5771484375 0.177734375 0.103515625
0 0.9111328125 0.3798828125 0.1748046875 0.107421875
0 0.9150390625 0.7802734375 0.169921875 0.1142578125
0 0.91796875 0.8818359375 0.1640625 0.111328125