0 0.30074089453125 0.99099380078125 0.326626158203125 0.987625111328125 0.348128544921875 0.8800890390625 0.34752427734375 0.874339818359375 0.28203742578125 0.882357533203125 0.256557037109375 0.99466874609375 0.27494469921875 0.99370508984375 0.30074089453125 0.99099380078125
0 0.24778452734375 0.88530611328125 0.3651594140625 0.90214885546875 0.353540578125 0.835564439453125 0.236071537109375 0.81814323828125 0.24778452734375 0.88530611328125
0 0.241458205078125 0.64181877734375 0.35066941796875 0.65936774609375 0.353505486328125 0.658969162109375 0.345325619140625 0.583341677734375 0.2287909609375 0.56555230078125 0.2294480234375 0.570227533203125 0.241458205078125 0.64181877734375
0 0.231629515625 0.736988248046875 0.25741179296875 0.74246844140625 0.3095815234375 0.749994248046875 0.361140408203125 0.656789146484375 0.360802111328125 0.65033407421875 0.289767724609375 0.63533493359375 0.231629515625 0.736988248046875
0 0.24901606640625 0.81123700390625 0.36948648828125 0.82194663671875 0.36979224609375 0.821876046875 0.369456779296875 0.81547496484375 0.35278694921875 0.743270001953125 0.232205994140625 0.734265251953125 0.23236560546875 0.73731083984375 0.24901606640625 0.81123700390625
0 0.24612827734375 0.47129900390625 0.230354150390625 0.54551044140625 0.330801001953125 0.6006404453125 0.332842453125 0.601074369140625 0.33330519921875 0.6010501171875 0.35191543359375 0.5251630546875 0.24612827734375 0.47129900390625
0 0.326837705078125 0.383968130859375 0.32647512890625 0.38270368359375 0.247396517578125 0.403473130859375 0.25036540234375 0.52321603515625 0.330075962890625 0.50288858203125 0.326837705078125 0.383968130859375
0 0.31878543359375 0.04979734765625 0.31781640234375 0.0452383984375 0.239243099609375 0.062722171875 0.24319083203125 0.202094583984375 0.247011396484375 0.20189435546875 0.32475222265625 0.1859044140625 0.31878543359375 0.04979734765625
0 0.36639733203125 0.24955896875 0.366099048828125 0.243867396484375 0.365500423828125 0.240787732421875 0.350435251953125 0.1665522109375 0.20917596875 0.167105822265625 0.207966763671875 0.1673408671875 0.20856980078125 0.170443234375 0.226046275390625 0.25256729296875 0.3628548515625 0.250247556640625 0.36639733203125 0.24955896875
0 0.2842577421875 0.4470533125 0.332504578125 0.436798130859375 0.336523138671875 0.291018685546875 0.336405095703125 0.29046332421875 0.258152375 0.30647059375 0.25589307421875 0.451771974609375 0.259240484375 0.45159654296875 0.2842577421875 0.4470533125
0 0.22289264453125 0.324033267578125 0.35300319921875 0.34498076953125 0.36407295703125 0.34440062890625 0.361321486328125 0.2724979375 0.2232936015625 0.241591998046875 0.22289264453125 0.324033267578125
0 0.412619083984375 0.977054330078125 0.4642663984375 0.97253577734375 0.5018323203125 0.820286453125 0.50159913671875 0.81762115625 0.418047439453125 0.825555177734375 0.385878896484375 0.97850341015625 0.40936992578125 0.977272296875 0.412619083984375 0.977054330078125
0 0.475425611328125 1 0.505499638671875 0.99305686328125 0.505141142578125 0.986216322265625 0.47850544140625 0.870844431640625 0.44475760546875 0.88233444921875 0.4348935390625 1 0.475425611328125 1
0 0.50465878515625 0.559039697265625 0.503708552734375 0.540908212890625 0.35689599609375 0.51052462890625 0.35809121484375 0.567854548828125 0.3587710703125 0.58732306640625 0.496204697265625 0.623805802734375 0.50452225390625 0.6233698984375 0.50465878515625 0.559039697265625
0 0.3828644921875 0.744813447265625 0.38176948046875 0.74477520703125 0.37277634765625 0.82298932421875 0.51237753125 0.876430595703125 0.51579792578125 0.87625133984375 0.518640765625 0.79484312109375 0.3828644921875 0.744813447265625
0 0.485934541015625 0.57106439453125 0.484918724609375 0.565303412109375 0.410934017578125 0.579275634765625 0.3898854921875 0.729514990234375 0.403810474609375 0.728785212890625 0.471939275390625 0.71149864453125 0.485934541015625 0.57106439453125
0 0.374924400390625 0.66301936328125 0.374844017578125 0.663023576171875 0.36854820703125 0.7440505703125 0.50615880859375 0.798524291015625 0.510532046875 0.79829509765625 0.51575270703125 0.723636162109375 0.374924400390625 0.66301936328125
0 0.5017412734375 0.542154138671875 0.50722581640625 0.48051143359375 0.507844537109375 0.46279360546875 0.37965457421875 0.42690781640625 0.35861095703125 0.4224390234375 0.35397509765625 0.5011571015625 0.493434 0.5421326484375 0.49866547265625 0.5423153359375 0.5017412734375 0.542154138671875
0 0.364713986328125 0.015432103515625 0.382797529296875 0.138450912109375 0.383195380859375 0.1384300625 0.3920947890625 0.13599274609375 0.467266208984375 0.114437689453125 0.44669702734375 0.00210731640625 0.403240611328125 0.004384771484375 0.364713986328125 0.015432103515625
0 0.47762003515625 0.09646663671875 0.346371654296875 0.106737013671875 0.3652798828125 0.19122988671875 0.498758603515625 0.177760826171875 0.49842296484375 0.171356443359375 0.492602384765625 0.148011376953125 0.47762003515625 0.09646663671875
0 0.47856951171875 0.252005736328125 0.477515115234375 0.244503310546875 0.393321005859375 0.25509226171875 0.385544548828125 0.387085390625 0.40109523046875 0.386270412109375 0.46744097265625 0.376075560546875 0.47856951171875 0.252005736328125
0 0.49845747265625 0.210000671875 0.37024883984375 0.166055205078125 0.357815720703125 0.247937931640625 0.48446172265625 0.294281279296875 0.48589900390625 0.29420595703125 0.494279771484375 0.24129187109375 0.49845747265625 0.210000671875
0 0.38296278125 0.334346892578125 0.371098279296875 0.41729308203125 0.485106181640625 0.462884638671875 0.48674025390625 0.463143451171875 0.49225659765625 0.4628543515625 0.504421322265625 0.38722783984375 0.38296278125 0.334346892578125
0 0.75104854296875 0.98631794140625 0.78067422265625 0.822273037109375 0.78028586328125 0.8195097265625 0.704036068359375 0.828828134765625 0.69824284765625 0.829642318359375 0.67965015234375 0.991271107421875 0.737304169921875 0.98824958984375 0.75104854296875 0.98631794140625
0 0.671974873046875 0.27458234375 0.74738273828125 0.2535240625 0.7253183828125 0.06648960546875 0.72531052734375 0.06646028515625 0.63917772265625 0.09287268359375 0.6553503515625 0.277502166015625 0.6624705859375 0.277129009765625 0.671974873046875 0.27458234375
0 0.81756337109375 0.82393766796875 0.63538428125 0.774264326171875 0.63237305859375 0.853572333984375 0.80757387109375 0.89538218359375 0.81801279296875 0.89483510546875 0.818012791015625 0.84340133984375 0.81756337109375 0.82393766796875
0 0.748644056640625 0.272857408203125 0.747060078125 0.263874220703125 0.661414193359375 0.274586509765625 0.65493937109375 0.466845662109375 0.66102843359375 0.466526548828125 0.746803955078125 0.451402009765625 0.748644056640625 0.272857408203125
0 0.77960613671875 0.11648212109375 0.77960613671875 0.046250314453125 0.5984210859375 0.01792152734375 0.59349956640625 0.114329599609375 0.76759482421875 0.13657565625 0.77684184765625 0.13657565625 0.77911175390625 0.1364566953125 0.77960613671875 0.11648212109375
0 0.72472186328125 0.8277050859375 0.759452869140625 0.81968680078125 0.7657135078125 0.63088800390625 0.76487846484375 0.62727103515625 0.681366619140625 0.64756966796875 0.677398419921875 0.83648933203125 0.686749748046875 0.835999248046875 0.72472186328125 0.8277050859375
0 0.805184080078125 0.501496787109375 0.79768844921875 0.4463369921875 0.792672876953125 0.414669923828125 0.607856119140625 0.40641498828125 0.60873306640625 0.41195180859375 0.6248263359375 0.492549515625 0.80218795703125 0.50481485546875 0.805331876953125 0.504316908203125 0.805184080078125 0.501496787109375
0 0.789272015625 0.248251263671875 0.78011325390625 0.214070302734375 0.59152466796875 0.23207433203125 0.621486373046875 0.3194272421875 0.798634794921875 0.308089494140625 0.804355564453125 0.306556619140625 0.80430170703125 0.30552897265625 0.789272015625 0.248251263671875
0 0.62820642578125 0.67123887109375 0.810741146484375 0.701418474609375 0.81557614453125 0.700910296875 0.81133475 0.63861296484375 0.80800315625 0.606914978515625 0.620996015625 0.5786299609375 0.62820642578125 0.67123887109375
0 0.806397482421875 0.53687093359375 0.629605771484375 0.474921689453125 0.628629208984375 0.474853400390625 0.62752444921875 0.569565630859375 0.646715041015625 0.5757172734375 0.7957901875 0.62062234765625 0.799774087890625 0.62041355859375 0.806397482421875 0.53687093359375
0 0.00677253515625 0.06508678515625 0.026037767578125 0.13810722265625 0.12268873828125 0.13006203515625 0.123857068359375 0.129748984375 0.123586400390625 0.124584333984375 0.10463909765625 0.05387203515625 0.00677253515625 0.06508678515625
0 0.019050884765625 0.2022257265625 0.107651169921875 0.224844359375 0.11556136328125 0.2244298046875 0.1195539453125 0.1482467734375 0.023049427734375 0.125479486328125 0.019050884765625 0.2022257265625
0 0.9140471171875 0.9789868828125 0.956427830078125 0.849708158203125 0.956211310546875 0.84557675 0.87237130859375 0.83722374609375 0.8676181171875 0.83747284765625 0.862832078125 0.97452709375 0.862987826171875 0.977498951171875 0.91066795703125 0.9791639765625 0.9140471171875 0.9789868828125
0 0.07266173828125 0.30741032421875 0.11402474609375 0.29479874609375 0.109157462890625 0.1953554140625 0.10800007421875 0.19131912109375 0.033902611328125 0.215090455078125 0.04265667578125 0.31430601171875 0.049945841796875 0.31392400390625 0.07266173828125 0.30741032421875
0 0.02681442578125 0.37581392578125 0.040645015625 0.377267578125 0.1000579140625 0.38130126171875 0.133751384765625 0.288688591796875 0.133482748046875 0.28356272265625 0.059752357421875 0.277816099609375 0.02681442578125 0.37581392578125
0 0.129856734375 0.45211868359375 0.137601189453125 0.4517128125 0.13363574609375 0.3760476328125 0.0330400390625 0.356641390625 0.042956482421875 0.43602148828125 0.129856734375 0.45211868359375
0 0.921373234375 0.86522438671875 0.984258265625 0.69407511328125 0.98401180859375 0.6893724296875 0.892234017578125 0.68529282421875 0.8342871953125 0.860660400390625 0.921373234375 0.86522438671875
0 0.948352693359375 0.580879447265625 0.94769265234375 0.578720544921875 0.860498830078125 0.600342822265625 0.86469537109375 0.78599276171875 0.870716236328125 0.78567722265625 0.95442337890625 0.760085380859375 0.948352693359375 0.580879447265625
0 0.861913359375 0.977340544921875 0.92960029296875 0.967089873046875 0.94880246484375 0.96335734765625 0.96952850390625 0.7662356015625 0.968483166015625 0.760857796875 0.87956155859375 0.77963208984375 0.861913359375 0.977340544921875
0 0.92944123046875 0.678323537109375 0.97129225 0.50637919140625 0.970779716796875 0.49659948046875 0.88525687890625 0.49805185546875 0.83141921484375 0.67884700390625 0.92944123046875 0.678323537109375
0 0.802722853515625 0.256291490234375 0.986487427734375 0.22907180859375 0.98485776171875 0.197975931640625 0.96786437890625 0.14239307421875 0.775250462890625 0.1613391328125 0.802722853515625 0.256291490234375
0 0.96975650390625 0.208378673828125 0.93726411328125 0.203679513671875 0.877181544921875 0.195235458984375 0.8101018984375 0.37596305859375 0.81001725 0.376565365234375 0.82951990234375 0.379457576171875 0.90702846484375 0.390350697265625 0.96997609375 0.212568701171875 0.96975650390625 0.208378673828125
0 0.838737072265625 0.48082912890625 0.913662978515625 0.485942783203125 0.971886208984375 0.308726267578125 0.97156858984375 0.302665693359375 0.87410254296875 0.29413851953125 0.817936876953125 0.4761379296875 0.8180880546875 0.479022576171875 0.838737072265625 0.48082912890625
0 0.80623070703125 0.418236068359375 0.80452202734375 0.516126087890625 0.996776892578125 0.56155026171875 0.9996746015625 0.480698078125 0.998990603515625 0.4676465859375 0.80650824609375 0.4182215234375 0.80623070703125 0.418236068359375
0 0.971935033203125 0.0466338359375 0.77619309765625 0.04662412890625 0.779771671875 0.072087 0.79388575 0.148437806640625 0.970465720703125 0.14404588671875 0.981946845703125 0.1424323203125 0.97989426171875 0.10326669140625 0.971935033203125 0.0466338359375
0 0.154473166015625 0.734884234375 0.16118904296875 0.69679659765625 0.060634603515625 0.646727765625 0.046772380859375 0.718178841796875 0.14220014453125 0.76278655078125 0.142416349609375 0.76282467578125 0.14874425390625 0.76249304296875 0.154473166015625 0.734884234375
0 0.0937484296875 0.52932210546875 0.11057099609375 0.529901033203125 0.140328353515625 0.444039822265625 0.14006541796875 0.43902273828125 0.06876620703125 0.434201150390625 0.04287714453125 0.525147431640625 0.04295642578125 0.526660208984375 0.0937484296875 0.52932210546875
0 0.07948315234375 0.84112348046875 0.1289728984375 0.8284955703125 0.148707056640625 0.714711787109375 0.14848871875 0.713684591796875 0.07652830859375 0.73030365234375 0.069385703125 0.841754974609375 0.078844314453125 0.84125926953125 0.07948315234375 0.84112348046875
0 0.042553748046875 0.668252650390625 0.092230740234375 0.67954276171875 0.114057833984375 0.683391466796875 0.1605444765625 0.5909448984375 0.16041362890625 0.588448162109375 0.087299095703125 0.57741848046875 0.042567666015625 0.667191958984375 0.0425140859375 0.66749582421875 0.042553748046875 0.668252650390625
0 0.144292671875 0.60626191015625 0.14463286328125 0.59652009765625 0.14549059375 0.53574362109375 0.05159552734375 0.5023078203125 0.05098951953125 0.502286658203125 0.0507565859375 0.5089569375 0.050607224609375 0.57714057421875 0.14131183203125 0.606418130859375 0.144292671875 0.60626191015625
0 0.18019044921875 0.96581239453125 0.1798519140625 0.959352744140625 0.16766502734375 0.89665664453125 0.054844904296875 0.87292668359375 0.05506063671875 0.8770430625 0.0710675859375 0.94215543359375 0.18019044921875 0.96581239453125
0 0.0626223984375 0.901909322265625 0.062646943359375 0.902377669921875 0.101792880859375 0.903343177734375 0.12650695703125 0.90291179296875 0.13688564453125 0.902367869140625 0.17129523046875 0.7960815390625 0.17115632421875 0.793431017578125 0.10846450390625 0.79330030859375 0.098032818359375 0.8171272265625 0.0626223984375 0.901909322265625
0 0.177288212890625 1 0.17376709375 0.932813056640625 0.11753924609375 0.935759833984375 0.067943158203125 0.93868437109375 0.07264389453125 0.980830244140625 0.128292646484375 1 0.177288212890625 1