0 0.6220703125 0.755859375 0.1435546875 0.1435546875
0 0.466796875 0.708984375 0.125 0.125
0 0.5380859375 0.728515625 0.115234375 0.1484375
0 0.384765625 0.681640625 0.1455078125 0.1455078125
0 0.154296875 0.6123046875 0.138671875 0.140625
0 0.8544921875 0.8134765625 0.125 0.1689453125
0 0.7060546875 0.76953125 0.1279296875 0.171875
0 0.318359375 0.6572265625 0.119140625 0.15625
0 0.78125 0.7890625 0.146484375 0.146484375
0 0.240234375 0.62890625 0.1298828125 0.169921875
0 0.0732421875 0.5751953125 0.130859375 0.1328125
0 0.5439453125 0.587890625 0.1435546875 0.1435546875
0 0.4560546875 0.560546875 0.150390625 0.150390625
0 0.2958984375 0.5126953125 0.111328125 0.1376953125
0 0.626953125 0.6064453125 0.1279296875 0.1689453125
0 0.787109375 0.6513671875 0.1533203125 0.1533203125
0 0.21484375 0.486328125 0.1220703125 0.1533203125
0 0.376953125 0.5322265625 0.1171875 0.146484375
0 0.873046875 0.673828125 0.125 0.1767578125
0 0.705078125 0.6220703125 0.138671875 0.166015625
0 0.060546875 0.4326171875 0.12109375 0.138671875
0 0.13671875 0.455078125 0.134765625 0.134765625
0 0.0517578125 0.8193359375 0.103515625 0.1513671875
0 0.0107421875 0.7978515625 0.021484375 0.1484375
0 0.7587890625 0.9716796875 0.1201171875 0.056640625
0 0.3447265625 0.90234375 0.1123046875 0.15625
0 0.271484375 0.880859375 0.130859375 0.130859375
0 0.8818359375 0.3876953125 0.158203125 0.158203125
0 0.953125 0.40625 0.09375 0.1689453125
0 0.7900390625 0.3525390625 0.150390625 0.150390625
0 0.125 0.8369140625 0.140625 0.140625
0 0.41796875 0.919921875 0.138671875 0.1376953125
0 0.630859375 0.9501953125 0.109375 0.099609375
0 0.197265625 0.8564453125 0.138671875 0.1376953125
0 0.7041015625 0.322265625 0.166015625 0.166015625
0 0.169921875 0.162109375 0.1796875 0.181640625
0 0.623046875 0.2880859375 0.1435546875 0.1767578125
0 0.35546875 0.2099609375 0.15625 0.158203125
0 0.263671875 0.1796875 0.162109375 0.162109375
0 0.443359375 0.23046875 0.1689453125 0.1689453125
0 0.5400390625 0.251953125 0.142578125 0.1923828125
0 0.490234375 0.93359375 0.138671875 0.1328125
0 0.5625 0.9423828125 0.140625 0.115234375
0 0.697265625 0.9619140625 0.138671875 0.076171875
0 0.9033203125 0.1904296875 0.1455078125 0.203125
0 0.9501953125 0.21484375 0.099609375 0.189453125
0 0.6240234375 0.1083984375 0.140625 0.197265625
0 0.814453125 0.162109375 0.171875 0.1689453125
0 0.427734375 0.0771484375 0.1591796875 0.154296875
0 0.529296875 0.091796875 0.16015625 0.18359375
0 0.724609375 0.1328125 0.173828125 0.171875
0 0.3369140625 0.05859375 0.138671875 0.1171875
0 0.23828125 0.0458984375 0.154296875 0.091796875