0 0 0.625782013671875 0.05659570703125 0.650290474609375 0.06318261328125 0.533117537109375 0.020967005859375 0.51521535546875 0.00196739453125 0.5090420078125 0.000224904296875 0.51335481640625 0 0.51609475390625 0 0.625782013671875
0 0.16391805859375 0.556734240234375 0.16210658984375 0.556145658203125 0.04691386328125 0.575289525390625 0.036458853515625 0.64206657421875 0.15352191796875 0.62317792578125 0.16391805859375 0.556734240234375
0 0.26712467578125 0.70112046484375 0.378641947265625 0.71455880859375 0.40992009765625 0.649051341796875 0.411840373046875 0.644738330078125 0.29491665234375 0.629717275390625 0.2660175234375 0.700627529296875 0.26712467578125 0.70112046484375
0 0.3361113671875 0.627167478515625 0.332648021484375 0.625086490234375 0.22303284765625 0.599308607421875 0.18705445703125 0.65918670703125 0.1851814453125 0.664951244140625 0.291392373046875 0.69153039453125 0.3361113671875 0.627167478515625
0 0.256613138671875 0.588973814453125 0.25186025390625 0.58695633203125 0.13529109765625 0.576922150390625 0.105706994140625 0.64661793359375 0.104689232421875 0.649750279296875 0.22611125390625 0.6619322890625 0.256613138671875 0.588973814453125
0 0.347676544921875 0.739659220703125 0.46462720703125 0.723256173828125 0.47175453125 0.64525600390625 0.470917115234375 0.644983912109375 0.470047548828125 0.644877142578125 0.35631321484375 0.664440859375 0.347100541015625 0.73947206640625 0.347676544921875 0.739659220703125
0 0.442284611328125 0.652347919921875 0.442175720703125 0.65312271484375 0.455491287109375 0.771086541015625 0.53725514453125 0.7801226015625 0.523555205078125 0.661349091796875 0.5141498828125 0.660027259765625 0.442529708984375 0.6515935859375 0.442284611328125 0.652347919921875
0 0.769718298828125 0.73172723828125 0.767496361328125 0.73856566015625 0.761708736328125 0.870585890625 0.84325363671875 0.887358267578125 0.847195431640625 0.74819551171875 0.769718298828125 0.73172723828125
0 0.776872259765625 0.724237005859375 0.73497422265625 0.70942344140625 0.696841318359375 0.69703330859375 0.695719904296875 0.7002901328125 0.674382669921875 0.835444451171875 0.753275248046875 0.864180306640625 0.75626349609375 0.8652092421875 0.75666454296875 0.864044515625 0.776872259765625 0.724237005859375
0 0.52952439453125 0.656894708984375 0.53167432421875 0.795161916015625 0.57307859375 0.803962666015625 0.61006631640625 0.81152882421875 0.605999498046875 0.663998759765625 0.595293107421875 0.661723046875 0.531707546875 0.65017566015625 0.52952439453125 0.656894708984375
0 0.61124011328125 0.67338646484375 0.608033365234375 0.68325582421875 0.6014345625 0.815621484375 0.682157658203125 0.832369791015625 0.680624697265625 0.69093244140625 0.61124011328125 0.67338646484375
0 0.06586873046875 0.361218443359375 0.05487915234375 0.5136916015625 0.133860263671875 0.54468294140625 0.13982034375 0.38516224609375 0.09063854296875 0.36628312109375 0.06717408984375 0.3578178671875 0.06586873046875 0.361218443359375
0 0 0.46060319921875 0.122351046875 0.43056905859375 0.128109607421875 0.397237494140625 0.12097238671875 0.394918470703125 0.010912572265625 0.387222337890625 0.00151406640625 0.41614795703125 0 0.43780013671875 0 0.46060319921875
0 0.34290830859375 0.537184798828125 0.32745011328125 0.57210373828125 0.47661306640625 0.596084703125 0.50905309765625 0.52712841796875 0.507068548828125 0.52616048828125 0.36355623828125 0.49485026953125 0.34290830859375 0.537184798828125
0 0.271678412109375 0.44185896484375 0.266008033203125 0.43933434765625 0.126165806640625 0.42519725 0.0973008984375 0.49046041015625 0.0938458359375 0.501094 0.2460222109375 0.51454812109375 0.271678412109375 0.44185896484375
0 0.365276140625 0.6139448984375 0.38408462890625 0.46130768359375 0.321644173828125 0.432191220703125 0.31589040234375 0.43032170703125 0.313505806640625 0.435435486328125 0.290990796875 0.57279324609375 0.36345052734375 0.613351720703125 0.365276140625 0.6139448984375
0 0.343077232421875 0.4457268828125 0.338881681640625 0.444363666015625 0.19266513671875 0.470905447265625 0.18065728125 0.546720064453125 0.331307662109375 0.52394618359375 0.343077232421875 0.4457268828125
0 0.436698498046875 0.52417440234375 0.41781151171875 0.57092133203125 0.40902741796875 0.5979559921875 0.40974479296875 0.59824583203125 0.42872805078125 0.6022846015625 0.5613915 0.621781955078125 0.587570724609375 0.54538658984375 0.58382752734375 0.543874240234375 0.436698498046875 0.52417440234375
0 0.85738519921875 0.63523405859375 0.82433612109375 0.7061080390625 0.823296107421875 0.708409669921875 0.821117775390625 0.715113890625 0.93912916015625 0.752011578125 0.95469087109375 0.71863937890625 0.96903256640625 0.67450018359375 0.85738519921875 0.63523405859375
0 0.84120815234375 0.752155486328125 0.884934814453125 0.623430158203125 0.867496763671875 0.61454502734375 0.80762675390625 0.5858420078125 0.80578212109375 0.5894623046875 0.767482650390625 0.711122525390625 0.84042514453125 0.7519010703125 0.84120815234375 0.752155486328125
0 0.68436940234375 0.6950369140625 0.68481819921875 0.694074466796875 0.711723810546875 0.566116265625 0.637698365234375 0.5315976328125 0.636699541015625 0.531273095703125 0.60556880078125 0.65967481640625 0.68436940234375 0.6950369140625
0 0.82839169921875 0.629091953125 0.8244910859375 0.626654578125 0.700594384765625 0.57934055078125 0.660247990234375 0.64390827734375 0.658234888671875 0.65010396875 0.78155857421875 0.70013055078125 0.82839169921875 0.629091953125
0 0.6240798125 0.533723318359375 0.55095762890625 0.507308158203125 0.54854471875 0.513937578125 0.533147865234375 0.635754361328125 0.61144626171875 0.66559054296875 0.6240798125 0.533723318359375
0 0.1330573203125 0.06369151953125 0.132308267578125 0.06537391796875 0.11376003515625 0.24915787890625 0.17852530078125 0.28162773046875 0.20934048828125 0.096249806640625 0.15305644921875 0.071190537109375 0.142934607421875 0.06690084375 0.1330573203125 0.06369151953125
0 0.914114046875 0.50062116015625 0.90434566015625 0.31385196875 0.85725477734375 0.306353041015625 0.81751330078125 0.301473400390625 0.81554505859375 0.307531021484375 0.819552037109375 0.487999123046875 0.914114046875 0.50062116015625
0 0.22336078515625 0.08646125390625 0.22113286328125 0.090651365234375 0.174719357421875 0.26911657421875 0.24615785546875 0.30369067578125 0.28782680078125 0.11951586328125 0.270852388671875 0.10998141015625 0.23173439453125 0.08918200390625 0.22336078515625 0.08646125390625
0 0.63577730078125 0.24873672265625 0.637631427734375 0.42864219140625 0.72954477734375 0.445358607421875 0.72305655078125 0.25270146875 0.70115343359375 0.248839359375 0.63717030859375 0.24083657421875 0.63577730078125 0.24873672265625
0 1 0.391764625 0.88601098046875 0.35752691015625 0.88229178125 0.36588037109375 0.850846544921875 0.44746733984375 1 0.4877499921875 1 0.391764625
0 0.29123357421875 0.121133033203125 0.288187404296875 0.130508181640625 0.29197205078125 0.310689189453125 0.376446640625 0.331221828125 0.37008366796875 0.13933701171875 0.29123357421875 0.121133033203125
0 0.588019392578125 0.207130390625 0.58418976171875 0.20534460546875 0.577379189453125 0.203131716796875 0.53457901953125 0.382197984375 0.553784052734375 0.3911534375 0.617804279296875 0.41930766015625 0.61807373046875 0.418729822265625 0.65576301171875 0.24208346484375 0.588019392578125 0.207130390625
0 0.814990841796875 0.47348835546875 0.82640225390625 0.284386318359375 0.79192248046875 0.27642603515625 0.73456394140625 0.26349661328125 0.7317026796875 0.272302671875 0.72664549609375 0.44659347265625 0.814990841796875 0.47348835546875
0 0.328234107421875 0.24506055078125 0.31738420703125 0.303876353515625 0.50752144921875 0.2952394375 0.52349020703125 0.203694130859375 0.517319875 0.20168926953125 0.33516066015625 0.212473677734375 0.328234107421875 0.24506055078125
0 0.55060301171875 0.384459939453125 0.54958660546875 0.197131388671875 0.46736633203125 0.175918330078125 0.467054501953125 0.177082099609375 0.4608691484375 0.33546697265625 0.460437796875 0.355614814453125 0.55034964453125 0.38540552734375 0.55060301171875 0.384459939453125
0 0.81753766015625 1 0.819752810546875 0.988341689453125 0.763892521484375 0.96689893359375 0.74989501171875 0.962350869140625 0.74756902734375 0.96841026953125 0.740544265625 1 0.81753766015625 1
0 0.74010196484375 1 0.74270558203125 0.960014880859375 0.741572427734375 0.9596466953125 0.66870748828125 0.94147942578125 0.665928240234375 0.95003306640625 0.66359027734375 1 0.74010196484375 1
0 0.16962103515625 0 0.1727431484375 0.08314723828125 0.208436775390625 0.09279943359375 0.208850490234375 0.091526146484375 0.2316705234375 0 0.16962103515625 0
0 0.67137650390625 1 0.69072377734375 0.94312496875 0.683985 0.94093540625 0.587624833984375 0.9345315859375 0.57429329296875 0.975668189453125 0.56685430859375 1 0.67137650390625 1
0 0.50163121875 0.97933633203125 0.5004191640625 0.993190185546875 0.602901345703125 0.97955628125 0.611357083984375 0.905836798828125 0.60765823828125 0.904634970703125 0.50900816015625 0.920245353515625 0.50163121875 0.97933633203125
0 0.44501825390625 0.866414310546875 0.44306138671875 0.872436921875 0.448618095703125 0.96343475390625 0.52619799609375 0.982951283203125 0.519109498046875 0.87947859765625 0.44501825390625 0.866414310546875
0 0.2929571015625 0 0.30788425390625 0.118580900390625 0.393762748046875 0.134243837890625 0.39376646875 0.134232388671875 0.38134922265625 0 0.2929571015625 0
0 0.529924771484375 0.0152073203125 0.347644630859375 0.02063341796875 0.34138151171875 0.045753423828125 0.32917203515625 0.10899443359375 0.33094305078125 0.10943599609375 0.512198611328125 0.106082865234375 0.533084494140625 0.0162339765625 0.529924771484375 0.0152073203125
0 0.204623509765625 0 0.19589351953125 0.084491583984375 0.265578837890625 0.11395926953125 0.27829142578125 0.11909548828125 0.28098872265625 0.11997189453125 0.281258115234375 0.11930512109375 0.2916913125 0 0.204623509765625 0
0 0.625856650390625 0.04802038671875 0.615874849609375 0.044777103515625 0.43978558984375 0.037642177734375 0.41226387109375 0.131722701171875 0.60089499609375 0.12980451171875 0.625856650390625 0.04802038671875
0 0.87417605859375 0.09902400390625 0.829532107421875 0.283310783203125 0.90776322265625 0.320337455078125 0.910504328125 0.32122809375 0.96513026953125 0.13593 0.890646365234375 0.1011975859375 0.875462974609375 0.096264205078125 0.87417605859375 0.09902400390625
0 0.73460426953125 0.24858000390625 0.75032262890625 0.25658891015625 0.819212775390625 0.291343689453125 0.81988624609375 0.29002192578125 0.870964517578125 0.105869216796875 0.81101703125 0.075324447265625 0.782290705078125 0.06599069921875 0.73460426953125 0.24858000390625
0 0.752523759765625 0.254691646484375 0.75525342578125 0.062197267578125 0.67316995703125 0.0400561328125 0.6649008984375 0.03799442578125 0.661263498046875 0.04918919140625 0.655409197265625 0.230478267578125 0.752523759765625 0.254691646484375
0 0.52301747265625 0.079764787109375 0.497666130859375 0.134261431640625 0.689588609375 0.181070078125 0.73202291796875 0.09406684765625 0.727532193359375 0.091876576171875 0.53779376953125 0.049468888671875 0.52301747265625 0.079764787109375
0 1 0.1855724921875 0.92051828515625 0.16062668359375 0.89053555859375 0.22083280078125 0.88142449609375 0.24129658203125 0.877252390625 0.25413700390625 1 0.2893277265625 1 0.1855724921875
0 0.18314427734375 0.762193701171875 0.15068671484375 0.86240753515625 0.21239673828125 0.90099886328125 0.24435667578125 0.793311138671875 0.211920923828125 0.7722471171875 0.186603201171875 0.756867427734375 0.18314427734375 0.762193701171875
0 0.349206298828125 0.913531732421875 0.44033627734375 0.93946492578125 0.47668888671875 0.883548830078125 0.47032946875 0.8795750234375 0.386416568359375 0.850500689453125 0.368515 0.879149189453125 0.350903625 0.908307896484375 0.349206298828125 0.913531732421875
0 0.19963908984375 0.7788612578125 0.19582802734375 0.77724355859375 0.08787286328125 0.7633508125 0.065238953125 0.816672962890625 0.060514603515625 0.831213015625 0.17379094921875 0.833508181640625 0.19963908984375 0.7788612578125
0 0.22821306640625 0.8850718046875 0.293972724609375 0.9174236640625 0.315937509765625 0.81846383984375 0.258035796875 0.78446411328125 0.25199909765625 0.782502671875 0.2496679296875 0.786708208984375 0.22821306640625 0.8850718046875
0 0.40451511328125 0.841915587890625 0.398422380859375 0.839935939453125 0.30467103125 0.839282546875 0.29953008984375 0.854052423828125 0.2823113828125 0.907046150390625 0.379673642578125 0.91063498046875 0.40451511328125 0.841915587890625
0 0 0.791863703125 0.03629832421875 0.7936186796875 0.0703746875 0.731663376953125 0.068783845703125 0.730887470703125 0 0.72713594140625 0 0.791863703125
0 0.092473345703125 0.75633718359375 0.09083491796875 0.73061275390625 0.080588212890625 0.72667941015625 0.0393133984375 0.71175398828125 0.03262976171875 0.70958234375 0.0307170703125 0.714565076171875 0.0267486640625 0.824842494140625 0.03152630859375 0.82667645703125 0.09677443359375 0.84861855859375 0.092473345703125 0.75633718359375