0 0.666323138671875 0.8815574609375 0.72540930078125 0.976918748046875 0.78750668359375 0.9636970234375 0.790935623046875 0.962905390625 0.790909919921875 0.96143285546875 0.73329700390625 0.86286962890625 0.66597409375 0.876670962890625 0.66603781640625 0.88032158984375 0.666323138671875 0.8815574609375
0 0.7883346328125 0.8876386796875 0.725207357421875 0.7872619453125 0.66001123828125 0.803646896484375 0.660041513671875 0.80538133203125 0.7227809375 0.904106666015625 0.7883346328125 0.8876386796875
0 0.672221486328125 0.66108135546875 0.77454163671875 0.60740905078125 0.7574598125 0.53238608984375 0.657294787109375 0.5859337890625 0.669246765625 0.657534771484375 0.66994387890625 0.661121109375 0.672221486328125 0.66108135546875
0 0.67413257421875 0.74231037109375 0.775404138671875 0.69122899609375 0.763588322265625 0.615972833984375 0.66193893359375 0.665441546875 0.66676183203125 0.718347837890625 0.670566982421875 0.742372611328125 0.67413257421875 0.74231037109375
0 0.660302814453125 0.8203512109375 0.775307140625 0.784595619140625 0.774868064453125 0.70385263671875 0.77481786328125 0.703852634765625 0.659427984375 0.74152362109375 0.659427984375 0.770232263671875 0.660302814453125 0.8203512109375
0 0.76855411328125 0.575961546875 0.73197926953125 0.463288724609375 0.65418379296875 0.46979275 0.654233296875 0.47262875390625 0.69286601953125 0.58017035546875 0.768558337890625 0.57620348828125 0.76855411328125 0.575961546875
0 0.776085216796875 0.395575216796875 0.655879265625 0.400697818359375 0.641161658203125 0.4816321796875 0.76081997265625 0.476240990234375 0.776085216796875 0.395575216796875
0 0.732759078125 0.186515048828125 0.73183923828125 0.04691669140625 0.65270362890625 0.03218573828125 0.6518942890625 0.036775728515625 0.650681205078125 0.17300812109375 0.73057246484375 0.18655321484375 0.732759078125 0.186515048828125
0 0.70794915234375 0.12048013671875 0.6264469765625 0.134160349609375 0.62658516015625 0.142076921875 0.62663897265625 0.142382107421875 0.672224177734375 0.26743230078125 0.7036505234375 0.26246253515625 0.75816680078125 0.252849845703125 0.70794915234375 0.12048013671875
0 0.639181623046875 0.41318272265625 0.766724966796875 0.381640611328125 0.765986220703125 0.33931779296875 0.765038029296875 0.301576044921875 0.62220398828125 0.33872567578125 0.622395013671875 0.3496695859375 0.62540940234375 0.413423119140625 0.639181623046875 0.41318272265625
0 0.6295075546875 0.219971572265625 0.67322058203125 0.35334898828125 0.70670995703125 0.34864236328125 0.754822013671875 0.340782111328125 0.702704259765625 0.20928833203125 0.629473693359375 0.21803163671875 0.6295075546875 0.219971572265625
0 0.496758419921875 0.940994447265625 0.498143767578125 0.94128891015625 0.654983935546875 0.9224194609375 0.669720361328125 0.845444974609375 0.51391424609375 0.85874066015625 0.496733548828125 0.93956948828125 0.496758419921875 0.940994447265625
0 0.579727234375 0.877332990234375 0.545578501953125 0.86957333203125 0.54494471484375 0.86958439453125 0.53039748828125 0.98806205078125 0.530496763671875 0.9937496484375 0.57181313671875 0.99882266015625 0.602781966796875 0.99828209765625 0.579727234375 0.877332990234375
0 0.62529850390625 0.485717095703125 0.497742517578125 0.565010876953125 0.5055736015625 0.594236884765625 0.518178935546875 0.638766369140625 0.51887357421875 0.638754244140625 0.650286158203125 0.566830078125 0.6472994140625 0.55568339453125 0.62571196484375 0.48560630859375 0.62529850390625 0.485717095703125
0 0.63205265234375 0.8852540390625 0.59768373828125 0.735761560546875 0.5206240390625 0.73382324609375 0.51997523046875 0.73999625 0.549743677734375 0.877362712890625 0.627429865234375 0.88533473046875 0.63205265234375 0.8852540390625
0 0.636874107421875 0.673922919921875 0.65163231640625 0.592206353515625 0.65159881640625 0.59028708203125 0.501154048828125 0.622197123046875 0.493952517578125 0.690715126953125 0.4940581015625 0.696764078125 0.499669623046875 0.697353873046875 0.636874107421875 0.673922919921875
0 0.577571830078125 0.79869167578125 0.63898160546875 0.79654719921875 0.5878806953125 0.65301015234375 0.50898051171875 0.65637631640625 0.509091826171875 0.66275362109375 0.562165265625 0.798960599609375 0.577571830078125 0.79869167578125
0 0.6357789609375 0.541670048828125 0.62978501171875 0.52321068359375 0.580338490234375 0.398572087890625 0.501624216796875 0.41399295703125 0.50169784375 0.41821098828125 0.55815437109375 0.555363171875 0.60821899609375 0.548327046875 0.63606866015625 0.543731361328125 0.6357789609375 0.541670048828125
0 0.57983793359375 0 0.4809857734375 0.031429001953125 0.49267215625 0.111006142578125 0.50301529296875 0.110825603515625 0.63335357421875 0.074377255859375 0.619321693359375 0 0.57983793359375 0
0 0.55461462109375 0.20701526171875 0.62112633203125 0.187457587890625 0.621124564453125 0.187356375 0.5665176875 0.067674474609375 0.484963265625 0.086192107421875 0.484998373046875 0.08820341796875 0.537933482421875 0.211484958984375 0.55461462109375 0.20701526171875
0 0.507566353515625 0.3795371015625 0.62522095703125 0.32623661328125 0.60457217578125 0.24236980859375 0.603537451171875 0.2426086953125 0.48614026171875 0.300185720703125 0.50447244140625 0.37959110546875 0.507566353515625 0.3795371015625
0 0.61461389453125 0.28548327734375 0.57541610546875 0.15662935546875 0.4925855859375 0.1647576875 0.492745861328125 0.173939826171875 0.53249705859375 0.295565958984375 0.61461389453125 0.28548327734375
0 0.564049578125 0.32849411328125 0.487915740234375 0.34486848046875 0.487973373046875 0.348170201171875 0.4880725 0.348636560546875 0.541003130859375 0.463207935546875 0.620620279296875 0.447529525390625 0.623196400390625 0.446981955078125 0.564049578125 0.32849411328125
0 0.34859708203125 1 0.33072780078125 0.844659921875 0.324934580078125 0.84384573828125 0.24868478125 0.834527330078125 0.24829642578125 0.83729064453125 0.27768091015625 1 0.34859708203125 1
0 0.328270203125 0.288902447265625 0.340325630859375 0.10388644140625 0.24722354296875 0.08307081640625 0.24067675 0.269980662109375 0.29984228515625 0.284784970703125 0.31990078515625 0.28904853515625 0.328270203125 0.288902447265625
0 0.37578273828125 0.769396419921875 0.20474625390625 0.85438157421875 0.20896337890625 0.872647955078125 0.224483875 0.929873890625 0.224691990234375 0.9298702578125 0.229678568359375 0.928719017578125 0.391207048828125 0.841920654296875 0.37621644140625 0.769388849609375 0.37578273828125 0.769396419921875
0 0.245793083984375 0.27862294140625 0.248832548828125 0.4660938828125 0.26663481640625 0.46955429296875 0.33596814453125 0.479458103515625 0.337311875 0.2914626484375 0.246814787109375 0.27336673046875 0.245793083984375 0.27862294140625
0 0.217953052734375 0.009151384765625 0.21807821484375 0.0163219296875 0.25541314453125 0.187816396484375 0.26452234765625 0.187019443359375 0.35112487109375 0.174967919921875 0.30867552734375 0.00326341796875 0.27941499609375 0.00377416015625 0.217953052734375 0.009151384765625
0 0.195803947265625 0.79940153515625 0.20192729296875 0.800262115234375 0.38325436328125 0.780553115234375 0.39634642578125 0.694610439453125 0.205746359375 0.717673064453125 0.19563339453125 0.789630552734375 0.195803947265625 0.79940153515625
0 0.291542330078125 0.37753368359375 0.215223990234375 0.389978654296875 0.21531364453125 0.39511502734375 0.27828928125 0.55954984765625 0.349192361328125 0.552462748046875 0.365472365234375 0.550174744140625 0.303542943359375 0.375847107421875 0.291542330078125 0.37753368359375
0 0.195753791015625 0.3488820625 0.380873080078125 0.31441627734375 0.378683271484375 0.2176992734375 0.3783534140625 0.21770503125 0.19916809765625 0.256898205078125 0.19542422265625 0.33000120703125 0.195753791015625 0.3488820625
0 0.2291884296875 0.56292660546875 0.260013931640625 0.74516142578125 0.29478912109375 0.748203861328125 0.355469984375 0.7512723671875 0.32120919140625 0.564382078125 0.22954484765625 0.55885273046875 0.2291884296875 0.56292660546875
0 0.1997926640625 0.55893448046875 0.218649595703125 0.650245625 0.22204314453125 0.650186390625 0.381617740234375 0.55689790234375 0.3588199921875 0.474875474609375 0.35859220703125 0.47493651171875 0.2174568828125 0.54923412109375 0.1997926640625 0.55893448046875
0 0.85101148046875 0.107247263671875 0.852561123046875 0.10746505078125 0.94947213671875 0.10367148046875 0.95969481640625 0.028847482421875 0.861191 0.02964326171875 0.85093116015625 0.10264580078125 0.85101148046875 0.107247263671875
0 0.96134555859375 0.105653822265625 0.863188015625 0.10963239453125 0.852257708984375 0.178643640625 0.85237805859375 0.18553848828125 0.94983105859375 0.1833704296875 0.96134555859375 0.105653822265625
0 0.14751648828125 1 0.168715205078125 0.9939213671875 0.091510958984375 0.87108742578125 0.058126251953125 0.87995051171875 0.05821608984375 0.88509733984375 0.091163896484375 1 0.14751648828125 1
0 0.8523036640625 0.27080558203125 0.85247831640625 0.270817794921875 0.953709578125 0.2544257578125 0.960138451171875 0.18029467578125 0.85908477734375 0.19262676953125 0.852135888671875 0.261193828125 0.8523036640625 0.27080558203125
0 0.8490778984375 0.26506003515625 0.892543943359375 0.35421053125 0.95120973828125 0.34398860546875 0.96481261328125 0.341097224609375 0.921811556640625 0.247079193359375 0.84899860546875 0.26051734375 0.8490778984375 0.26506003515625
0 0.962312091796875 0.422719453125 0.92865178515625 0.32451191796875 0.85335609765625 0.3310994375 0.8534710546875 0.337685376953125 0.88232441015625 0.42394708984375 0.962312091796875 0.422719453125
0 0.20228439453125 0.73415090234375 0.022487099609375 0.77993099609375 0.021462263671875 0.83864373828125 0.0220638671875 0.873109529296875 0.20024853515625 0.821427255859375 0.20228439453125 0.73415090234375
0 0.17967045703125 0.62109973046875 0.015679115234375 0.71090123828125 0.0166515390625 0.71511326953125 0.039834490234375 0.79557601171875 0.043157775390625 0.79551800390625 0.0464154453125 0.794765912109375 0.201921232421875 0.71187364453125 0.19868288671875 0.697846833984375 0.17967045703125 0.62109973046875
0 0.205679189453125 0.923325767578125 0.2112047421875 0.83578183984375 0.21095175390625 0.835755248046875 0.01579133984375 0.870521833984375 0.01256225390625 0.89712017578125 0.00766834375 0.94368259375 0.00798391796875 0.961761771484375 0.205679189453125 0.923325767578125
0 0.014861658203125 0.550024427734375 0.015325556640625 0.551642236328125 0.10204881640625 0.7101787421875 0.196866294921875 0.685314408203125 0.098069876953125 0.52461391796875 0.0147813203125 0.54542190234375 0.014861658203125 0.550024427734375
0 0.16689851953125 0.312379505859375 0.1119496484375 0.125466015625 0.02320493359375 0.1327183046875 0.0232387265625 0.134654328125 0.06823534375 0.321011416015625 0.16689851953125 0.312379505859375
0 0 0.383214044921875 0.18901850390625 0.35204718359375 0.18994176953125 0.334430232421875 0.19367169140625 0.25735991015625 0.19219027734375 0.257282271484375 0.00318300390625 0.28552160546875 0 0.346256916015625 0 0.383214044921875
0 0.18639444921875 0.341925900390625 0.0011234140625 0.3955782734375 0.007933126953125 0.4929616796875 0.016497126953125 0.492812193359375 0.19130627734375 0.438741271484375 0.18639444921875 0.341925900390625
0 0 0.5043633984375 0.000330162109375 0.52327847265625 0.010996638671875 0.599174390625 0.017020849609375 0.59906923828125 0.1974093203125 0.52837171875 0.18267109375 0.43586772265625 0 0.50341633203125 0 0.5043633984375
0 0.15336373828125 0.218506763671875 0.12611316796875 0.02467863671875 0.029551498046875 0.02711623828125 0.029551498046875 0.036707640625 0.05031133203125 0.216811666015625 0.10791839453125 0.219300015625 0.15336373828125 0.218506763671875
0 0.856563966796875 0.69679753125 0.86078033984375 0.731238734375 0.86684723046875 0.7311328359375 0.9659734921875 0.6901342265625 0.956698046875 0.621735560546875 0.954867693359375 0.621767509765625 0.85280724609375 0.661054716796875 0.856563966796875 0.69679753125
0 0.85879739453125 0.433994400390625 0.8577561328125 0.493648142578125 0.857866517578125 0.499972083984375 0.86272016015625 0.5000568046875 0.9513828515625 0.48138928515625 0.95155108203125 0.407967064453125 0.85883224609375 0.433010642578125 0.85879739453125 0.433994400390625
0 0.852134234375 0.79827421875 0.857150720703125 0.79862500390625 0.962301947265625 0.776912552734375 0.96878129296875 0.7029172421875 0.857766748046875 0.738644025390625 0.8520026484375 0.790735615234375 0.852134234375 0.79827421875
0 0.852659091796875 0.64928484765625 0.8581197109375 0.64957102734375 0.955933517578125 0.625734767578125 0.9561840390625 0.552448255859375 0.857610810546875 0.576087572265625 0.8525287109375 0.64181533984375 0.852659091796875 0.64928484765625
0 0.84651626171875 0.497597939453125 0.89577014453125 0.57765682421875 0.92315653515625 0.571430490234375 0.96519705078125 0.56094861328125 0.965196236328125 0.56090187109375 0.91653511328125 0.476239974609375 0.8452178203125 0.49156229296875 0.845233357421875 0.49245248828125 0.84651626171875 0.497597939453125
0 0.974852103515625 0.935027748046875 0.91463500390625 0.839522876953125 0.845172013671875 0.847054908203125 0.84522109765625 0.849866916015625 0.90509937109375 0.9461472734375 0.974853353515625 0.935099326171875 0.974852103515625 0.935027748046875
0 0.920882705078125 0.764389275390625 0.84855918359375 0.77251811328125 0.84859937109375 0.77482039453125 0.8903551015625 0.85445958203125 0.90207745703125 0.87592037890625 0.96559022265625 0.871479134765625 0.96546848046875 0.86973815625 0.920882705078125 0.764389275390625
0 0.85685083984375 0.947567380859375 0.853674509765625 0.97604573046875 0.853898623046875 0.98888520703125 0.92566257421875 0.992646197265625 0.9591941796875 0.992060900390625 0.96371423828125 0.910755318359375 0.85685083984375 0.947567380859375