0 0.42925368359375 0 0.460529966796875 0.095029462890625 0.463453900390625 0.09890965234375 0.517895650390625 0.055736814453125 0.49794716796875 0 0.42925368359375 0
0 0.47071753515625 0.042103099609375 0.480532380859375 0.15815730078125 0.481575302734375 0.159893013671875 0.54297426953125 0.1339591875 0.53352418359375 0.015581953125 0.47071753515625 0.042103099609375
0 0.56180448046875 0.26964046484375 0.584134515625 0.34189716015625 0.70124968359375 0.337151103515625 0.701814919921875 0.336811474609375 0.70038541015625 0.332659875 0.67493563671875 0.264675615234375 0.564382439453125 0.26828755078125 0.563618091796875 0.26855073828125 0.56180448046875 0.26964046484375
0 0.58675830859375 0.156212 0.56916953515625 0.173800771484375 0.53444419140625 0.213455142578125 0.58514141015625 0.30860372265625 0.588480970703125 0.311943283203125 0.589478556640625 0.311343873046875 0.641396953125 0.25928583203125 0.587972291015625 0.15548256640625 0.58675830859375 0.156212
0 0.62048940625 0.19507123828125 0.620535951171875 0.195052431640625 0.590696201171875 0.12002436328125 0.47302856640625 0.129758759765625 0.4703095390625 0.131392515625 0.49938997265625 0.2033691171875 0.62048940625 0.19507123828125
0 0.707233376953125 0.323135962890625 0.5966818984375 0.34711869140625 0.593298544921875 0.34915161328125 0.62883899609375 0.41824370703125 0.74401557421875 0.389492802734375 0.707233376953125 0.323135962890625
0 0.7382493125 0.36623496484375 0.673353904296875 0.39208094140625 0.662019861328125 0.39689195703125 0.67922250390625 0.51310324609375 0.680250634765625 0.51481433984375 0.75615720703125 0.48520983203125 0.7382493125 0.36623496484375
0 0.92050099609375 0.7846997890625 0.897228109375 0.64577807421875 0.88614810546875 0.649593224609375 0.820617109375 0.67285666796875 0.840852685546875 0.806304173828125 0.84090665234375 0.80646090625 0.843435255859375 0.8106692109375 0.92050099609375 0.7846997890625
0 0.801753294921875 0.73826501953125 0.80544099609375 0.74440238671875 0.882062197265625 0.70700911328125 0.846040017578125 0.572303755859375 0.845564478515625 0.571512326171875 0.76858216796875 0.60740976953125 0.801753294921875 0.73826501953125
0 0.82874483203125 0.52325480078125 0.78602271875 0.458199181640625 0.65336679296875 0.51024251953125 0.649827041015625 0.512721078125 0.6548830078125 0.52113562109375 0.6945416875 0.577774083984375 0.82874483203125 0.52325480078125
0 0.780811740234375 0.49748976171875 0.741233341796875 0.525952083984375 0.71422469140625 0.5463045625 0.778177080078125 0.672612869140625 0.778620265625 0.67320099609375 0.836939064453125 0.62732272265625 0.780811740234375 0.49748976171875
0 0.301042509765625 0.167703990234375 0.459066337890625 0.14510210546875 0.41998899609375 0.069793138671875 0.270559111328125 0.09647118359375 0.2665333203125 0.09889012109375 0.27712591015625 0.12076501953125 0.301042509765625 0.167703990234375
0 0.26434423828125 0.074431634765625 0.348622365234375 0.1617041875 0.37163211328125 0.134473900390625 0.31819844140625 0.02592069921875 0.29402561328125 0.04044519921875 0.262320083984375 0.071062873046875 0.26434423828125 0.074431634765625
0 0.5882530390625 0.4579507578125 0.54145336328125 0.316503080078125 0.47564051953125 0.35604742578125 0.51334755859375 0.49547366015625 0.515882017578125 0.499529642578125 0.5882530390625 0.4579507578125
0 0.335700076171875 0.228954197265625 0.34028589453125 0.2403044921875 0.4927227890625 0.23217565234375 0.49300158203125 0.23206301171875 0.462184439453125 0.155244478515625 0.31767416796875 0.1647734296875 0.31587615234375 0.16585378515625 0.335700076171875 0.228954197265625
0 0.47260645703125 0.25110977734375 0.422309310546875 0.305496927734375 0.487057869140625 0.430897369140625 0.4910474609375 0.435175681640625 0.54548644140625 0.3831626328125 0.481091552734375 0.24522309765625 0.474983388671875 0.24889325390625 0.47260645703125 0.25110977734375
0 0.53821613671875 0.2676782265625 0.484278642578125 0.206835134765625 0.348900162109375 0.26825596484375 0.347129291015625 0.26985046484375 0.350731583984375 0.275845689453125 0.39670669921875 0.326906228515625 0.53821613671875 0.2676782265625
0 0.532635271484375 0.5629181484375 0.53449073046875 0.56938890625 0.609645923828125 0.549770935546875 0.60530472265625 0.396864314453125 0.605081251953125 0.3960849765625 0.562120486328125 0.40593662109375 0.5256573515625 0.416392255859375 0.531095263671875 0.54829258984375 0.532635271484375 0.5629181484375
0 0.837546923828125 0.78936359765625 0.708302955078125 0.82980838671875 0.70220199609375 0.83239808984375 0.69914077734375 0.834237455078125 0.733151830078125 0.90836848828125 0.840034470703125 0.879003376953125 0.867553548828125 0.86246824609375 0.837546923828125 0.78936359765625
0 0.709207775390625 0.845792052734375 0.82027156640625 0.775106466796875 0.76390958984375 0.7093805625 0.65237821484375 0.783937501953125 0.655681244140625 0.789434662109375 0.67178035546875 0.807314537109375 0.709207775390625 0.845792052734375
0 0.72762639453125 0.653735662109375 0.72858086328125 0.65327013671875 0.691848890625 0.575098689453125 0.57150794921875 0.60650859375 0.5648610625 0.6105024453125 0.600157248046875 0.68287035546875 0.72762639453125 0.653735662109375
0 0.72884275 0.643797001953125 0.60552284765625 0.69382205078125 0.635657505859375 0.74397454296875 0.648410634765625 0.764383814453125 0.776175048828125 0.7155927734375 0.72884275 0.643797001953125
0 0.63543267578125 0.48090212890625 0.57248412109375 0.50118798046875 0.559910857421875 0.50527328125 0.56771844140625 0.63393870703125 0.569514544921875 0.63692792578125 0.64722458984375 0.610382861328125 0.63543267578125 0.48090212890625
0 0 0.25271080078125 0.004135580078125 0.25840973046875 0.041213734375 0.307614103515625 0.214908525390625 0.23588775 0.168701857421875 0.180086541015625 0 0.23739583203125 0 0.25271080078125
0 0.4106533125 0.93373041015625 0.430389416015625 0.96030234375 0.597121259765625 0.872661994140625 0.541593185546875 0.801711953125 0.377869888671875 0.8815865390625 0.37505190234375 0.883633923828125 0.37885655078125 0.889965919921875 0.4106533125 0.93373041015625
0 0.108372029296875 0.215368189453125 0.07267228515625 0.249036677734375 0.15670732421875 0.415771056640625 0.158087080078125 0.4173034296875 0.218611642578125 0.36683044140625 0.127947904296875 0.200389287109375 0.1191101328125 0.20569955859375 0.108372029296875 0.215368189453125
0 0.367952095703125 0.604955353515625 0.316010298828125 0.65193669140625 0.3031865859375 0.66476040234375 0.405499177734375 0.82188050390625 0.409285443359375 0.82566676953125 0.474191818359375 0.76005924609375 0.367952095703125 0.604955353515625
0 0.589429994140625 1 0.559178720703125 0.85415483203125 0.524009802734375 0.865299041015625 0.472146576171875 0.88315698046875 0.492988087890625 1 0.589429994140625 1
0 0.1299509453125 0.465261013671875 0.13585594921875 0.472383345703125 0.30881153515625 0.392478744140625 0.256720544921875 0.32657088671875 0.08680863671875 0.4025788125 0.08258925390625 0.405995603515625 0.08440253515625 0.4090134140625 0.1299509453125 0.465261013671875
0 0.1868031796875 0.520484083984375 0.18346695703125 0.522488689453125 0.184652173828125 0.5261364140625 0.2170780703125 0.60916872265625 0.23717572265625 0.607683505859375 0.396007142578125 0.593126921875 0.396231421875 0.593054048828125 0.373489087890625 0.52077935546875 0.370588396484375 0.511851947265625 0.1868031796875 0.520484083984375
0 0.401984845703125 0.5674408671875 0.227773150390625 0.62893596484375 0.2275596171875 0.62906426953125 0.23346233203125 0.63888803515625 0.27530506640625 0.702606958984375 0.447044130859375 0.6466595703125 0.447590642578125 0.6463311953125 0.41289871484375 0.58560459375 0.401984845703125 0.5674408671875
0 0.364973193359375 0.86051400390625 0.389995392578125 0.885536203125 0.54431588671875 0.77564996484375 0.47469183203125 0.714980978515625 0.326945671875 0.813373966796875 0.32265406640625 0.81766557421875 0.32278900390625 0.81789014453125 0.364973193359375 0.86051400390625
0 0.26228246484375 0.36526059375 0.20762439453125 0.391795068359375 0.176802439453125 0.40818339453125 0.218668134765625 0.58392879296875 0.22287420703125 0.590928876953125 0.30376908984375 0.55068076953125 0.26228246484375 0.36526059375
0 1 0.473586072265625 0.920196736328125 0.5087870390625 0.9194212109375 0.5093714375 0.92071541796875 0.511525359375 0.96832326171875 0.570765416015625 1 0.555286673828125 1 0.473586072265625
0 1 0.47207094921875 0.955714859375 0.38294525 0.95500033984375 0.383374578125 0.944854373046875 0.3915906171875 0.8999908671875 0.43074963671875 0.942802396484375 0.52252548046875 0.94435739453125 0.524445740234375 1 0.476849662109375 1 0.47207094921875
0 0.899464779296875 0.45672468359375 0.90204245703125 0.459907849609375 0.959677212890625 0.405935123046875 0.918501654296875 0.31963055859375 0.90818651171875 0.325828521484375 0.85743601953125 0.366925458984375 0.899464779296875 0.45672468359375
0 0 0.501722408203125 0.12401798046875 0.44724394921875 0.068681013671875 0.37972264453125 0 0.407228212890625 0 0.501722408203125
0 0 0.46615746484375 0.034364134765625 0.63821242578125 0.03607526171875 0.64106021875 0.11892302734375 0.60049803515625 0.081416587890625 0.42313375390625 0.08058794921875 0.421507458984375 0.021714337890625 0.447630138671875 0 0.458694146484375 0 0.46615746484375
0 0 0.593449513671875 0.0052377421875 0.608661021484375 0.027086857421875 0.6677079453125 0.212613509765625 0.647159119140625 0.212966490234375 0.64694702734375 0.181374890625 0.5645316875 0 0.575362556640625 0 0.593449513671875
0 0.36125421484375 1 0.3317809609375 0.839814984375 0.247188927734375 0.868942357421875 0.264716974609375 1 0.36125421484375 1
0 0.230947486328125 0.75462916015625 0.21990728515625 0.76550283203125 0.164561837890625 0.82084828125 0.269656955078125 0.97961541015625 0.271317037109375 0.981275494140625 0.2954478046875 0.95733706640625 0.338350119140625 0.914434751953125 0.234599787109375 0.75243463671875 0.230947486328125 0.75462916015625
0 0.2566385 0.703634181640625 0.0880388671875 0.78518355078125 0.10417940625 0.81204591796875 0.14698465625 0.864906 0.319074142578125 0.7777903203125 0.2566385 0.703634181640625
0 0.08056309765625 0.624116626953125 0.1286205859375 0.807216529296875 0.132184998046875 0.81314870703125 0.21463326171875 0.77302962109375 0.16785159375 0.579640916015625 0.08056309765625 0.624116626953125
0 0.770104591796875 0.0606389375 0.74364183203125 0.07487415234375 0.736528744140625 0.078980896484375 0.709467486328125 0.09524094140625 0.734222400390625 0.1981151015625 0.73716031640625 0.203004615234375 0.799251583984375 0.168557890625 0.770713978515625 0.061653126953125 0.770104591796875 0.0606389375
0 0.815416150390625 0.33487858984375 0.84993579296875 0.37458889453125 0.934823150390625 0.329243662109375 0.889017056640625 0.278422623046875 0.80337432421875 0.31814933203125 0.802931703125 0.318534095703125 0.806142943359375 0.323878498046875 0.815416150390625 0.33487858984375
0 0.7071859453125 0 0.70681958984375 0.00022012890625 0.65962660546875 0.04741311328125 0.712948451171875 0.14230308203125 0.715876005859375 0.145230638671875 0.7568608671875 0.100793564453125 0.71374240234375 0 0.7071859453125 0
0 0.78034178515625 0.270082216796875 0.83885474609375 0.22366992578125 0.80370533984375 0.129730060546875 0.80308026953125 0.128900564453125 0.760802400390625 0.157628109375 0.743101591796875 0.170966623046875 0.779227166015625 0.26860306640625 0.78034178515625 0.270082216796875
0 0.861806943359375 0.20126699609375 0.806261330078125 0.220392884765625 0.791561953125 0.225998533203125 0.796685904296875 0.320274369140625 0.79880376953125 0.32379908984375 0.86421249609375 0.29974444921875 0.861806943359375 0.20126699609375
0 0.64322921875 0 0.652471357421875 0.083294810546875 0.653525431640625 0.085049083984375 0.718200453125 0.05125630078125 0.70818065234375 0 0.64322921875 0