0 0.569385482421875 1 0.570591353515625 0.91170874609375 0.56995902734375 0.909762646484375 0.568432525390625 0.907319732421875 0.503558599609375 0.930184236328125 0.50440251171875 1 0.569385482421875 1
0 0.550030806640625 0.942760482421875 0.50022937109375 0.83514840625 0.450715052734375 0.88115725390625 0.500082630859375 0.98916334765625 0.550030806640625 0.942760482421875
0 0.39839291796875 0.6457115859375 0.29534700390625 0.69348112109375 0.344982908203125 0.75227321875 0.451200357421875 0.702017673828125 0.450094814453125 0.70024843359375 0.448383123046875 0.69834741015625 0.39839291796875 0.6457115859375
0 0.476713998046875 0.75102986328125 0.43674673828125 0.716030517578125 0.336977697265625 0.76918962109375 0.390916048828125 0.82298327734375 0.49277101953125 0.7705613515625 0.493546578125 0.76978579296875 0.490342783203125 0.764658646484375 0.476713998046875 0.75102986328125
0 0.427199287109375 0.91423573046875 0.441057447265625 0.909002365234375 0.50261741015625 0.885371708984375 0.49504810546875 0.76924017578125 0.4919171640625 0.76422962109375 0.447051658203125 0.7811766015625 0.42081395703125 0.79124830859375 0.4270769609375 0.91403996875 0.427199287109375 0.91423573046875
0 0.259565404296875 0.614123615234375 0.25914780859375 0.61437453125 0.29764840234375 0.68320412890625 0.40778031640625 0.651591033203125 0.41116538671875 0.649475806640625 0.372675814453125 0.585418396484375 0.259565404296875 0.614123615234375
0 0.26280526171875 0.63740586328125 0.327700671875 0.61155988671875 0.33903471484375 0.60674887109375 0.32155087890625 0.48863801171875 0.321499212890625 0.48855532421875 0.24489737109375 0.51843099609375 0.26280526171875 0.63740586328125
0 0.14027621484375 0.363394896484375 0.1974536484375 0.3028835390625 0.11449813671875 0.194813564453125 0.111401486328125 0.191925890625 0.11005139453125 0.192769521484375 0.05675424609375 0.2510245703125 0.14027621484375 0.363394896484375
0 0.1906311484375 0.27027695703125 0.18414982421875 0.259904671875 0.112846166015625 0.301858265625 0.159462822265625 0.43553862890625 0.207403634765625 0.40785998828125 0.226278712890625 0.396512572265625 0.2346132421875 0.391304580078125 0.1906311484375 0.27027695703125
0 0.20684914453125 0.53993673828125 0.34085903515625 0.50547653125 0.34852746875 0.500684763671875 0.312220806640625 0.43240186328125 0.172373759765625 0.470159517578125 0.20684914453125 0.53993673828125
0 0.13244584765625 0.4292713203125 0.188377416015625 0.489838501953125 0.30027677734375 0.414775603515625 0.30544329296875 0.409786359375 0.30311424609375 0.40605910546875 0.254470853515625 0.357739705078125 0.13244584765625 0.4292713203125
0 0.63917294140625 0.97473603515625 0.660681150390625 0.958623646484375 0.70153525 0.92670492578125 0.650119759765625 0.778558029296875 0.6484725703125 0.776449724609375 0.582721400390625 0.82860926953125 0.63917294140625 0.97473603515625
0 0.70510496484375 0.96117540234375 0.679650505859375 0.843523591796875 0.673843 0.834229638671875 0.604312751953125 0.878161384765625 0.66405006640625 0.9848784609375 0.70510496484375 0.96117540234375
0 0.449269876953125 0.68208550390625 0.484188818359375 0.666627306640625 0.52652334765625 0.64597937890625 0.49577177734375 0.5050276796875 0.493230060546875 0.50096008203125 0.425288912109375 0.53292255078125 0.449269876953125 0.68208550390625
0 0.564877416015625 0.88788878125 0.643756689453125 0.8624736640625 0.644314533203125 0.721919779296875 0.64244462890625 0.716164806640625 0.642357775390625 0.716025814453125 0.56742369921875 0.73393413671875 0.564877416015625 0.88788878125
0 0.58344714453125 0.62535480078125 0.43034923046875 0.622748681640625 0.429489609375 0.62328583203125 0.460090392578125 0.702026857421875 0.59924487890625 0.698847466796875 0.60165028515625 0.698112060546875 0.6050431015625 0.695991994140625 0.58344714453125 0.62535480078125
0 0.466174130859375 0.721266912109375 0.51345631640625 0.787414705078125 0.654513404296875 0.74048124609375 0.656663220703125 0.7389193125 0.648609328125 0.726030388671875 0.613099375 0.677155130859375 0.466174130859375 0.721266912109375
0 0.5207661953125 0.54045536328125 0.498798181640625 0.482973798828125 0.491587298828125 0.466777888671875 0.36063962890625 0.49071873828125 0.339766763671875 0.495927126953125 0.370107810546875 0.568710693359375 0.513415140625 0.54440451171875 0.517001736328125 0.542807658203125 0.5207661953125 0.54045536328125
0 0.12213999609375 0.166319423828125 0.182332689453125 0.23015807421875 0.28849821484375 0.14608271484375 0.295119552734375 0.139688560546875 0.292932759765625 0.136188958984375 0.237146369140625 0.08164558203125 0.12213999609375 0.166319423828125
0 0.230917412109375 0.304866685546875 0.29665712109375 0.28272481640625 0.312885220703125 0.27681826953125 0.285386333984375 0.144752091796875 0.28471500390625 0.14367773828125 0.20698410546875 0.17541084375 0.230917412109375 0.304866685546875
0 0.26901576171875 0.353108228515625 0.26808696484375 0.353623068359375 0.308859775390625 0.429764982421875 0.4285182265625 0.3917420703125 0.43409447265625 0.38825764453125 0.394785421875 0.31734224609375 0.26901576171875 0.353108228515625
0 0.29165340625 0.383278205078125 0.319041642578125 0.368096658203125 0.3660680390625 0.340511521484375 0.32357519140625 0.21766128515625 0.32068387890625 0.21303422265625 0.24958536328125 0.25304081640625 0.29165340625 0.383278205078125
0 0.401010978515625 0.36065144921875 0.39862185546875 0.357804205078125 0.338362353515625 0.408121275390625 0.39496630859375 0.52694054296875 0.39952055078125 0.52409473828125 0.458707103515625 0.472898537109375 0.401010978515625 0.36065144921875
0 1 0.76788337890625 0.984108197265625 0.723319849609375 0.796565357421875 0.71927026171875 0.818195697265625 0.794865990234375 0.81964233203125 0.79959772265625 0.97464443359375 0.79299844140625 1 0.77715452734375 1 0.76788337890625
0 0.59298799609375 0.079729900390625 0.562306560546875 0.0432273671875 0.39718302734375 0.13104747265625 0.4567052578125 0.20560210546875 0.613689146484375 0.1159581640625 0.6174626953125 0.1130099453125 0.61136437890625 0.10325059765625 0.59298799609375 0.079729900390625
0 0.93382544140625 0.6280579296875 0.75121705078125 0.67612909765625 0.7882632578125 0.7463174609375 0.96028705859375 0.6951068828125 0.96967003515625 0.689243748046875 0.943946484375 0.64468925390625 0.93382544140625 0.6280579296875
0 0.529270416015625 0.22637065234375 0.61288993359375 0.394750796875 0.670864775390625 0.355455578125 0.68534840234375 0.3445413828125 0.60589840234375 0.174711203125 0.6027225390625 0.17049669140625 0.602012548828125 0.17094034375 0.529270416015625 0.22637065234375
0 0.391749390625 0 0.45134851953125 0.14962799609375 0.48404797265625 0.132546076171875 0.532022279296875 0.105953484375 0.49322030859375 0 0.391749390625 0
0 0.83867230078125 0.69827256640625 0.888048759765625 0.644081646484375 0.7874361796875 0.48794171484375 0.784042228515625 0.484776806640625 0.72683423828125 0.544686466796875 0.828811841796875 0.707247998046875 0.83238417578125 0.705015755859375 0.83867230078125 0.69827256640625
0 0.604300439453125 0.432014474609375 0.76665968359375 0.359577890625 0.7693881796875 0.3575218203125 0.73523316015625 0.310057392578125 0.715937884765625 0.28445169921875 0.549337314453125 0.36371115625 0.55233106640625 0.36850216015625 0.604300439453125 0.432014474609375
0 0.451336158203125 0.17561672265625 0.45102816015625 0.175734953125 0.48522863671875 0.26622971484375 0.6680013125 0.229199166015625 0.670615388671875 0.227565708984375 0.63215591015625 0.144832001953125 0.451336158203125 0.17561672265625
0 0.756515685546875 0.632193955078125 0.805235537109375 0.59750397265625 0.83184198828125 0.57745457421875 0.763886615234375 0.40592266015625 0.761204923828125 0.40236393359375 0.68398791796875 0.45622097265625 0.756515685546875 0.632193955078125
0 0.731195224609375 0.54530721484375 0.765885376953125 0.51125657421875 0.787929953125 0.48921199609375 0.697028767578125 0.32977495703125 0.693986521484375 0.326732712890625 0.63163166796875 0.396796298828125 0.64207915234375 0.4140291640625 0.726655021484375 0.548144248046875 0.731195224609375 0.54530721484375
0 0 0.53183947265625 0.07294486328125 0.516278255859375 0.075395810546875 0.514746732421875 0.04559183984375 0.44766879296875 0 0.455545609375 0 0.53183947265625
0 0.02827130078125 0.621609646484375 0.0408751171875 0.615732390625 0.09387941015625 0.588590025390625 0.075167529296875 0.492398146484375 0.072172896484375 0.487605734375 0.006032005859375 0.52064482421875 0.02827130078125 0.621609646484375
0 0.10902567578125 0.5495310703125 0.045190373046875 0.594429740234375 0.074472025390625 0.687267513671875 0.126465330078125 0.65602678515625 0.14091746484375 0.64699608984375 0.11284851953125 0.55564890234375 0.10902567578125 0.5495310703125
0 1 0.43547087109375 0.933999462890625 0.47256360546875 0.971933544921875 0.653744826171875 0.972921294921875 0.6553255546875 1 0.640315583984375 1 0.43547087109375
0 1 0.51727413671875 0.961364125 0.35376823046875 0.959376625 0.350587564453125 0.87807027734375 0.393976171875 0.92174379296875 0.569923453125 0.92262868359375 0.5715198359375 0.98055476171875 0.54335841015625 1 0.53257973828125 1 0.51727413671875
0 1 0.3713701171875 0.995344361328125 0.363919537109375 0.9892552890625 0.35553865234375 0.9510972265625 0.305459861328125 0.779300201171875 0.379519470703125 0.833716666015625 0.44923726171875 1 0.38733962109375 1 0.3713701171875
0 0.676854837890625 0 0.5735169609375 0.04055080859375 0.618693572265625 0.117774265625 0.79270244140625 0.059153939453125 0.80192833203125 0.053388962890625 0.771104201171875 0 0.676854837890625 0
0 0.83924983203125 0.09937326171875 0.79605693359375 0.04789797265625 0.62614779296875 0.13686358203125 0.62539365234375 0.137496380859375 0.62704371484375 0.14013703515625 0.652251740234375 0.17064665234375 0.68768172265625 0.2128704609375 0.85380387109375 0.12266459375 0.83924983203125 0.09937326171875
0 0.812742775390625 0.326686220703125 0.82537349609375 0.314055498046875 0.877452224609375 0.25994591796875 0.77828033984375 0.100075482421875 0.77565082421875 0.09744596484375 0.7728716640625 0.099182578125 0.70509267578125 0.16696156640625 0.80952301953125 0.328698146484375 0.812742775390625 0.326686220703125
0 0.828694216796875 0.41266267578125 0.882740119140625 0.38636409765625 0.91277351953125 0.371061314453125 0.86710813671875 0.182287181640625 0.86434637890625 0.17786744140625 0.778543189453125 0.2215863515625 0.828694216796875 0.41266267578125
0 0.293025048828125 0.829655373046875 0.182961615234375 0.85210808984375 0.2160277109375 0.91694674609375 0.314033615234375 0.89441709765625 0.323405576171875 0.88856084765625 0.311181955078125 0.863803546875 0.293025048828125 0.829655373046875
0 0.11339014453125 0.7438684609375 0.149380611328125 0.726985328125 0.17974339453125 0.712176408203125 0.16028040625 0.62860722265625 0.15474263671875 0.6197449375 0.09690266015625 0.649252783203125 0.11339014453125 0.7438684609375
0 0.365386943359375 0.948923892578125 0.36580186328125 0.94866462109375 0.326917115234375 0.886436017578125 0.219255921875 0.91798585546875 0.253997126953125 0.968887310546875 0.365386943359375 0.948923892578125
0 0.229932744140625 0.73586460546875 0.168324759765625 0.778082181640625 0.19683562890625 0.874245109375 0.197401314453125 0.875116189453125 0.24158012890625 0.84940777734375 0.260168267578125 0.837336501953125 0.230941466796875 0.73741790234375 0.229932744140625 0.73586460546875
0 0.21732234765625 0.717177908203125 0.18981520703125 0.693160322265625 0.10536241796875 0.744127623046875 0.15880879296875 0.791928556640625 0.243243529296875 0.74435336328125 0.24349375 0.74408503515625 0.239747376953125 0.7380895859375 0.21732234765625 0.717177908203125
0 0.375711291015625 1 0.34296466796875 0.91496257421875 0.3416532734375 0.91339971484375 0.292616166015625 0.95294019140625 0.29950398828125 0.9780220546875 0.305943892578125 1 0.375711291015625 1