0 0 0.52168967578125 0.084321123046875 0.523614173828125 0.084652416015625 0.52351917578125 0.08959893359375 0.52110659765625 0.070610490234375 0.458921046875 0 0.45548925 0 0.52168967578125
0 0.037868224609375 0.48314026171875 0.15414798046875 0.49831612890625 0.15546294140625 0.497674779296875 0.1427400546875 0.43156046484375 0.025089099609375 0.416768763671875 0.037868224609375 0.48314026171875
0 0.349118666015625 0.30382219140625 0.241076578125 0.33454023046875 0.240060169921875 0.33520029296875 0.279696310546875 0.400716705078125 0.392830693359375 0.36758968359375 0.39025935546875 0.363630169921875 0.349118666015625 0.30382219140625
0 0.1921464296875 0.3617508359375 0.227304177734375 0.463569607421875 0.228668224609375 0.46544705859375 0.232611287109375 0.4635238984375 0.289984244140625 0.42184000390625 0.253412591796875 0.31082630078125 0.25310883984375 0.31097444921875 0.1921464296875 0.3617508359375
0 0.182505603515625 0.34481285546875 0.18247680859375 0.34477173046875 0.1160841875 0.3907243359375 0.152418537109375 0.50437495703125 0.163573365234375 0.4989343828125 0.21783225390625 0.460941900390625 0.182505603515625 0.34481285546875
0 0.337429783203125 0.360562962890625 0.452746275390625 0.35605246484375 0.45347444921875 0.355801736328125 0.45435171875 0.35537386328125 0.431148462890625 0.280513158203125 0.3127827421875 0.288823306640625 0.312735732421875 0.288846232421875 0.337429783203125 0.360562962890625
0 0.420509255859375 0.338062748046875 0.53624072265625 0.308304267578125 0.49850328515625 0.235209365234375 0.38211953515625 0.265437890625 0.3831133203125 0.26747545703125 0.414539865234375 0.32729368359375 0.420509255859375 0.338062748046875
0 0.68013380078125 0.1617689375 0.723464623046875 0.21615587890625 0.843053658203125 0.153576505859375 0.84696321875 0.1505220234375 0.796695357421875 0.08530124609375 0.672985154296875 0.152498861328125 0.673141224609375 0.152818853515625 0.68013380078125 0.1617689375
0 0.687626287109375 0.10321271484375 0.686252650390625 0.1014545390625 0.683507654296875 0.10279336328125 0.679614212890625 0.10583525390625 0.619427521484375 0.15366134375 0.683382564453125 0.2779733671875 0.684628234375 0.27956775390625 0.687373234375 0.27822892578125 0.68770724609375 0.27796796875 0.75253893359375 0.225442703125 0.687626287109375 0.10321271484375
0 0.62570837890625 0.265767611328125 0.62723027734375 0.264578572265625 0.581421935546875 0.20220201171875 0.44993430078125 0.261905515625 0.454184498046875 0.2706197109375 0.497379224609375 0.32590644140625 0.62570837890625 0.265767611328125
0 0.639859578125 0.1474547421875 0.560501423828125 0.169793208984375 0.576581708984375 0.30357411328125 0.5770510546875 0.3051092734375 0.579961990234375 0.311077576171875 0.6481965234375 0.2886544921875 0.639859578125 0.1474547421875
0 0.13379312109375 0.50811552734375 0.06386240234375 0.5434981328125 0.08895493359375 0.699463705078125 0.089384060546875 0.700270775390625 0.110574990234375 0.689935267578125 0.163958474609375 0.661550765625 0.13379312109375 0.50811552734375
0 0 0.609050646484375 0.002157568359375 0.613842748046875 0.02817251953125 0.66963198828125 0.054747162109375 0.72411808203125 0.072095869140625 0.71565655078125 0.08514369921875 0.70787786328125 0.06447642578125 0.54446347265625 0.06339744921875 0.54225124609375 0 0.57495376171875 0 0.609050646484375
0 0.445194873046875 0.5289479765625 0.459805443359375 0.52333950390625 0.44068305078125 0.37421914453125 0.386865671875 0.3940140390625 0.36867916796875 0.40099518359375 0.37903174609375 0.544253494140625 0.38209133203125 0.55052657421875 0.445194873046875 0.5289479765625
0 0.27601962890625 0.60576564453125 0.28207634375 0.602811587890625 0.253596705078125 0.528070666015625 0.10711173828125 0.53516476171875 0.106876119140625 0.535279681640625 0.129228296875 0.611026283203125 0.27601962890625 0.60576564453125
0 0.37020469140625 0.5683410390625 0.380792400390625 0.415983107421875 0.380190150390625 0.414748314453125 0.300093703125 0.44114063671875 0.295985953125 0.58027081640625 0.296212828125 0.58118076171875 0.29865170703125 0.586181201171875 0.37020469140625 0.5683410390625
0 0.35815678515625 0.545131248046875 0.360803720703125 0.543063236328125 0.31565005078125 0.48293861328125 0.17131169140625 0.531826693359375 0.17518273046875 0.53976350390625 0.2196333671875 0.59665772265625 0.35815678515625 0.545131248046875
0 0.577114138671875 0.43331748828125 0.58241865234375 0.429173146484375 0.5360755546875 0.36683948828125 0.39592924609375 0.428144408203125 0.395290373046875 0.42864355078125 0.42051804296875 0.46478558984375 0.443871669921875 0.49467687109375 0.564130453125 0.440224189453125 0.577114138671875 0.43331748828125
0 0.82407841015625 0.30369962890625 0.93830505078125 0.272316818359375 0.941562640625 0.270727986328125 0.9220029921875 0.22464833984375 0.905953501953125 0.1917420078125 0.7894407265625 0.22820277734375 0.82407841015625 0.30369962890625
0 0.71723432421875 0.26222077734375 0.727187353515625 0.28956650390625 0.74802002734375 0.340596572265625 0.869191447265625 0.318194859375 0.876750046875 0.31450828515625 0.849839310546875 0.234609701171875 0.71723432421875 0.26222077734375
0 0.56110961328125 0.345288384765625 0.5956645078125 0.41697323046875 0.714206763671875 0.392047498046875 0.724035673828125 0.38725362109375 0.68969083203125 0.31071986328125 0.559707685546875 0.342234017578125 0.559689478515625 0.342242896484375 0.56110961328125 0.345288384765625
0 0.639695404296875 0.29926789453125 0.64989039453125 0.3288762890625 0.66889040234375 0.379978359375 0.794304384765625 0.35993504296875 0.801894724609375 0.356232986328125 0.775259234375 0.2804544453125 0.639695404296875 0.29926789453125
0 0.49348322265625 0.36211958203125 0.50707803125 0.426843748046875 0.509826689453125 0.4397751640625 0.636926572265625 0.445385533203125 0.641566857421875 0.443122314453125 0.62348723828125 0.36392669140625 0.49348322265625 0.36211958203125
0 0.158116953125 0.9295696171875 0.313989232421875 0.87047441015625 0.3161578359375 0.8687183125 0.2688988515625 0.80815881640625 0.26521723046875 0.803612390625 0.123246353515625 0.86812656640625 0.14578902734375 0.914345896484375 0.158116953125 0.9295696171875
0 0.93959660546875 0.618033470703125 0.8911720390625 0.43738681640625 0.805138646484375 0.478612353515625 0.85684671875 0.650658197265625 0.85996298828125 0.657047498046875 0.8971278125 0.6397172578125 0.93959660546875 0.618033470703125
0 0.29483767578125 0.73081774609375 0.222236076171875 0.762877619140625 0.26103808984375 0.9367816171875 0.26637626171875 0.9477264921875 0.318486875 0.92231044921875 0.33005362890625 0.91633458984375 0.29483767578125 0.73081774609375
0 0.592684818359375 0.63489198046875 0.631980037109375 0.6928668203125 0.642894232421875 0.70735044921875 0.812724412109375 0.62790044921875 0.817000775390625 0.624677978515625 0.761064962890625 0.551272462890625 0.592684818359375 0.63489198046875
0 1 0.45945509765625 0.86205930859375 0.469375701171875 0.87735928125 0.555463720703125 0.879416234375 0.564373361328125 1 0.552298916015625 1 0.45945509765625
0 0.391940876953125 0.682686560546875 0.3160043125 0.718616423828125 0.350901310546875 0.896475650390625 0.355536255859375 0.90597869921875 0.42798264453125 0.870644234375 0.43089098828125 0.86918393359375 0.391940876953125 0.682686560546875
0 0.64182306640625 0.752439767578125 0.644475384765625 0.75114614453125 0.64401661328125 0.749645576171875 0.61201183984375 0.66327237109375 0.591891326171875 0.664406607421875 0.433038908203125 0.676173515625 0.4326176484375 0.67630230859375 0.448817587890625 0.731108359375 0.457005533203125 0.75788991796875 0.64182306640625 0.752439767578125
0 0.61229155078125 0.56344570703125 0.608555814453125 0.56658036328125 0.547758744140625 0.621885875 0.62859328125 0.78023157421875 0.63078933203125 0.782848724609375 0.67640117578125 0.746256416015625 0.70096194140625 0.725647486328125 0.612934228515625 0.56313225390625 0.61229155078125 0.56344570703125
0 0.89821965234375 0.60339030859375 0.901948017578125 0.601237736328125 0.85440665625 0.517898880859375 0.678131650390625 0.583641833984375 0.682754033203125 0.593119123046875 0.7282790859375 0.66078647265625 0.89821965234375 0.60339030859375
0 0.50876949609375 0.835575728515625 0.494262115234375 0.64699882421875 0.40564875390625 0.67485690234375 0.417192875 0.857741267578125 0.42011220703125 0.86372678515625 0.478633373046875 0.84595242578125 0.50876949609375 0.835575728515625
0 0.59891215625 0 0.61696788671875 0.04310962890625 0.62186034765625 0.040723416015625 0.6817050625 0.0018598046875 0.680965748046875 0 0.59891215625 0
0 0.270572349609375 1 0.260613591796875 0.94803878125 0.17930880078125 0.983071619140625 0.18756532421875 1 0.270572349609375 1
0 0.504733392578125 0 0.50721413671875 0.00925826171875 0.51910191015625 0.050835072265625 0.618215109375 0.04771663671875 0.62238851171875 0.0456811328125 0.608608005859375 0 0.504733392578125 0
0 0.47510966796875 0 0.4451895546875 0.01765477734375 0.47240979296875 0.11000998828125 0.4755000625 0.1155849765625 0.485714583984375 0.110603021484375 0.537562580078125 0.07930654296875 0.51630047265625 0 0.47510966796875 0
0 0.38905215625 0.04345654296875 0.38502305078125 0.135946388671875 0.38724666796875 0.140505486328125 0.46099805859375 0.12616966796875 0.46627962890625 0.02258903125 0.38905215625 0.04345654296875
0 0.505439650390625 1 0.48596979296875 0.9412533671875 0.2990789296875 0.943945419921875 0.29895075390625 0.944007935546875 0.317143677734375 1 0.505439650390625 1
0 0.55007221875 1 0.507194498046875 0.831721759765625 0.4380987734375 0.87015834765625 0.42563166796875 0.877356234375 0.45835676171875 1 0.55007221875 1
0 0.50692644140625 0.968699626953125 0.6776390078125 0.9314149453125 0.68837406640625 0.926179107421875 0.649584412109375 0.84996108984375 0.4634859296875 0.880827494140625 0.50692644140625 0.968699626953125
0 1 0.67238365625 0.82082823046875 0.70859412890625 0.82048598828125 0.70876105078125 0.851052119140625 0.79274080078125 1 0.77016746484375 1 0.67238365625
0 0.922913212890625 0.836295037109375 0.839931541015625 0.663384544921875 0.839073072265625 0.66228575390625 0.805258037109375 0.688293580078125 0.761823462890625 0.722228388671875 0.84459722265625 0.88822967578125 0.876116298828125 0.87285679296875 0.922913212890625 0.836295037109375
0 0.86557437890625 0.8307376484375 0.871357818359375 0.826836669921875 0.816490169921875 0.748755298828125 0.63865040234375 0.81635443359375 0.642689275390625 0.824635349609375 0.693377865234375 0.899784275390625 0.86557437890625 0.8307376484375
0 0.75081801953125 0.81044215625 0.554248814453125 0.830084818359375 0.571768970703125 0.887579330078125 0.58218508984375 0.9196368515625 0.77597900390625 0.904048359375 0.77760204296875 0.903521001953125 0.7805879765625 0.9020646640625 0.75081801953125 0.81044215625
0 1 0.646494755859375 0.90785311328125 0.694309724609375 0.94721369140625 0.75596530859375 0.960984466796875 0.7763813203125 1 0.757354568359375 1 0.646494755859375
0 0.17709198046875 0.26809173828125 0.206167806640625 0.246966916015625 0.166404185546875 0.143088029296875 0.10883451953125 0.18232599609375 0.14536263671875 0.285306708984375 0.14722203515625 0.287865953125 0.152653021484375 0.28521708203125 0.17709198046875 0.26809173828125
0 0.352615517578125 0.1714722890625 0.37924819140625 0.15905326953125 0.400214798828125 0.148827171875 0.380111908203125 0.055137716796875 0.31863371875 0.08516118359375 0.332622861328125 0.1746476640625 0.33493680078125 0.179391947265625 0.352615517578125 0.1714722890625
0 0.021693453125 0.251041359375 0.055412876953125 0.289404095703125 0.16575408984375 0.2553306015625 0.166570205078125 0.2546697265625 0.119093169921875 0.19809742578125 0.016266662109375 0.242451927734375 0.018581953125 0.247198978515625 0.021693453125 0.251041359375
0 0.268163650390625 0.15078714453125 0.16255816015625 0.147661185546875 0.1776193203125 0.20387020703125 0.182311765625 0.21979187109375 0.28122291015625 0.2223572421875 0.281915033203125 0.222171787109375 0.28343222265625 0.2214318046875 0.268163650390625 0.15078714453125
0 0.257552 0.184465525390625 0.266771119140625 0.19721318359375 0.356542439453125 0.1678523125 0.3598633515625 0.16561233203125 0.319200859375 0.10795130078125 0.226480087890625 0.135239294921875 0.232046384765625 0.14665189453125 0.257552 0.184465525390625
0 0 0.31967409375 0.096357318359375 0.31788965234375 0.09912805078125 0.31653827734375 0.078960587890625 0.25756860546875 0.0530355703125 0.2554625390625 0 0.25206212890625 0 0.31967409375