0 0.501953125 0.216796875 0.1767578125 0.1767578125
0 0.6220703125 0.3271484375 0.134765625 0.1376953125
0 0.5654296875 0.2783203125 0.150390625 0.154296875
0 0.6826171875 0.38671875 0.162109375 0.1640625
0 0.8603515625 0.5498046875 0.1748046875 0.1748046875
0 0.318359375 0.0712890625 0.158203125 0.142578125
0 0.4326171875 0.1669921875 0.1748046875 0.1748046875
0 0.732421875 0.4384765625 0.154296875 0.154296875
0 0.373046875 0.1171875 0.154296875 0.1611328125
0 0.791015625 0.498046875 0.1689453125 0.173828125
0 0.916015625 0.619140625 0.154296875 0.154296875
0 0.4990234375 0.4013671875 0.1640625 0.1689453125
0 0.5654296875 0.46484375 0.169921875 0.169921875
0 0.689453125 0.5791015625 0.146484375 0.150390625
0 0.4326171875 0.349609375 0.1669921875 0.1669921875
0 0.3076171875 0.2373046875 0.1767578125 0.181640625
0 0.75 0.638671875 0.162109375 0.166015625
0 0.625 0.525390625 0.154296875 0.158203125
0 0.240234375 0.1796875 0.177734375 0.177734375
0 0.369140625 0.30078125 0.173828125 0.1767578125
0 0.873046875 0.755859375 0.1513671875 0.154296875
0 0.806640625 0.7001953125 0.1640625 0.1669921875
0 0.8154296875 0.2060546875 0.1484375 0.1533203125
0 0.873046875 0.2578125 0.15625 0.15625
0 0.107421875 0.43359375 0.1845703125 0.189453125
0 0.064453125 0.3779296875 0.1279296875 0.1875
0 0.173828125 0.505859375 0.1796875 0.1845703125
0 0.9501953125 0.3603515625 0.099609375 0.169921875
0 0.7587890625 0.158203125 0.15625 0.1611328125
0 0.5908203125 0.044921875 0.158203125 0.08984375
0 0.9208984375 0.3115234375 0.158203125 0.169921875
0 0.2392578125 0.5703125 0.185546875 0.1904296875
0 0.6474609375 0.9228515625 0.201171875 0.154296875
0 0.296875 0.63671875 0.1748046875 0.177734375
0 0.501953125 0.82421875 0.189453125 0.193359375
0 0.5712890625 0.8916015625 0.1953125 0.2001953125
0 0.4326171875 0.767578125 0.197265625 0.197265625
0 0.35546875 0.705078125 0.1748046875 0.181640625
0 0.7001953125 0.111328125 0.158203125 0.158203125
0 0.642578125 0.068359375 0.15234375 0.13671875
0 0.537109375 0.021484375 0.1484375 0.04296875
0 0.0517578125 0.6025390625 0.103515625 0.2080078125
0 0.216796875 0.7978515625 0.1904296875 0.197265625
0 0.083984375 0.666015625 0.1669921875 0.1953125
0 0.3681640625 0.9130859375 0.2080078125 0.173828125
0 0.287109375 0.86328125 0.2080078125 0.2080078125
0 0.1376953125 0.732421875 0.201171875 0.201171875
0 0.4345703125 0.9501953125 0.197265625 0.099609375