0 0.630859375 0.7509765625 0.1279296875 0.173828125
0 0.4736328125 0.7099609375 0.1064453125 0.138671875
0 0.546875 0.7265625 0.125 0.126953125
0 0.3916015625 0.685546875 0.125 0.150390625
0 0.158203125 0.625 0.142578125 0.142578125
0 0.865234375 0.80078125 0.109375 0.1591796875
0 0.7158203125 0.7626953125 0.115234375 0.166015625
0 0.32421875 0.6630859375 0.1376953125 0.1376953125
0 0.791015625 0.779296875 0.1123046875 0.162109375
0 0.244140625 0.6376953125 0.1376953125 0.1376953125
0 0.076171875 0.58984375 0.115234375 0.142578125
0 0.546875 0.5869140625 0.1220703125 0.169921875
0 0.458984375 0.5625 0.115234375 0.1513671875
0 0.2958984375 0.51953125 0.125 0.123046875
0 0.6298828125 0.6015625 0.1298828125 0.171875
0 0.7919921875 0.6416015625 0.1279296875 0.173828125
0 0.2138671875 0.4951171875 0.1171875 0.1513671875
0 0.376953125 0.5361328125 0.140625 0.140625
0 0.8798828125 0.6611328125 0.1279296875 0.1796875
0 0.708984375 0.615234375 0.1220703125 0.1533203125
0 0.0576171875 0.4482421875 0.115234375 0.130859375
0 0.134765625 0.466796875 0.123046875 0.150390625
0 0.0595703125 0.8369140625 0.119140625 0.123046875
0 0.017578125 0.8134765625 0.03515625 0.150390625
0 0.7763671875 0.9716796875 0.140625 0.056640625
0 0.3583984375 0.908203125 0.1044921875 0.154296875
0 0.28515625 0.888671875 0.1142578125 0.158203125
0 0.876953125 0.3740234375 0.15625 0.15625
0 0.9423828125 0.3896484375 0.115234375 0.158203125
0 0.78515625 0.341796875 0.126953125 0.1748046875
0 0.1357421875 0.849609375 0.123046875 0.1640625
0 0.4326171875 0.9228515625 0.1279296875 0.1279296875
0 0.6455078125 0.9462890625 0.115234375 0.107421875
0 0.2099609375 0.8662109375 0.1455078125 0.1455078125
0 0.697265625 0.3154296875 0.1484375 0.189453125
0 0.158203125 0.173828125 0.1640625 0.166015625
0 0.615234375 0.283203125 0.1669921875 0.1669921875
0 0.345703125 0.21484375 0.166015625 0.166015625
0 0.2529296875 0.1884765625 0.1376953125 0.177734375
0 0.43359375 0.232421875 0.154296875 0.1953125
0 0.53125 0.2509765625 0.1669921875 0.1669921875
0 0.5048828125 0.9296875 0.1064453125 0.140625
0 0.576171875 0.9423828125 0.1328125 0.115234375
0 0.7138671875 0.95703125 0.1064453125 0.0859375
0 0.892578125 0.177734375 0.146484375 0.205078125
0 0.9462890625 0.1962890625 0.107421875 0.181640625
0 0.611328125 0.1044921875 0.1455078125 0.2001953125
0 0.80078125 0.15234375 0.1435546875 0.2001953125
0 0.4140625 0.0712890625 0.177734375 0.142578125
0 0.5166015625 0.080078125 0.166015625 0.16015625
0 0.7109375 0.125 0.177734375 0.177734375
0 0.3212890625 0.056640625 0.169921875 0.1123046875
0 0.22265625 0.04296875 0.1669921875 0.0859375