0 0.107062525390625 0.881617919921875 0.108594275390625 0.88560826171875 0.1993641484375 0.81390334375 0.17653323046875 0.74973437109375 0.1701693515625 0.75132106640625 0.085327189453125 0.82196497265625 0.107062525390625 0.881617919921875
0 0.267977755859375 0.74186439453125 0.156669595703125 0.78274269140625 0.1591765078125 0.850873166015625 0.27045649609375 0.80940947265625 0.267977755859375 0.74186439453125
0 0.5046383046875 0.672911404296875 0.503313828125 0.672980818359375 0.3979616015625 0.711594166015625 0.399795228515625 0.7827223984375 0.40122725 0.788465919921875 0.511078634765625 0.7491780390625 0.5046383046875 0.672911404296875
0 0.328591236328125 0.813614892578125 0.427130265625 0.765659865234375 0.420277673828125 0.690488203125 0.4195773984375 0.687679556640625 0.416024607421875 0.68824226171875 0.31548480859375 0.73895453515625 0.32507822265625 0.79952496484375 0.328591236328125 0.813614892578125
0 0.230934498046875 0.764246001953125 0.236263591796875 0.785619826171875 0.24766052734375 0.828153765625 0.2514945390625 0.84215744921875 0.252659576171875 0.841866974609375 0.3548243828125 0.77531699609375 0.34755043359375 0.74817024609375 0.334550724609375 0.70067418359375 0.32968912109375 0.70188631640625 0.230934498046875 0.764246001953125
0 0.571950134765625 0.648101724609375 0.57023628515625 0.648373171875 0.46630031640625 0.698528455078125 0.4756524921875 0.757575765625 0.479469537109375 0.77288509765625 0.58663010546875 0.72520998046875 0.571950134765625 0.648101724609375
0 0.5343591171875 0.657182978515625 0.5349608125 0.659596251953125 0.60484361328125 0.753763173828125 0.680254787109375 0.72131090625 0.608789642578125 0.624520177734375 0.5343591171875 0.657182978515625
0 0.84767358203125 0.60448751953125 0.885956869140625 0.678415005859375 0.99721680078125 0.5934194921875 0.961575861328125 0.521794583984375 0.95945169921875 0.52232419921875 0.95720366015625 0.523469630859375 0.84767358203125 0.60448751953125
0 0.803796013671875 0.698011892578125 0.91668659765625 0.61590601171875 0.88072258203125 0.53873290234375 0.87577809765625 0.539965701171875 0.8747755625 0.540454671875 0.76581615234375 0.62189394140625 0.80303401953125 0.69820187890625 0.803796013671875 0.698011892578125
0 0.65560711328125 0.58991703515625 0.599910787109375 0.622996349609375 0.600474041015625 0.6252554375 0.602750806640625 0.629362830078125 0.69513718359375 0.73236230859375 0.732159193359375 0.711840671875 0.76503803125 0.69328479296875 0.66518033203125 0.584610513671875 0.65560711328125 0.58991703515625
0 0.74272349609375 0.71249264453125 0.82327986328125 0.694959943359375 0.764351681640625 0.566374005859375 0.698056130859375 0.5778354296875 0.6926313359375 0.579187984375 0.69411521484375 0.586821880859375 0.74272349609375 0.71249264453125
0 0.07520236328125 0.729680708984375 0.08402354296875 0.755065720703125 0.212537041015625 0.665488447265625 0.187359759765625 0.58600163671875 0.1839062578125 0.58686269140625 0.059181501953125 0.68037356640625 0.07520236328125 0.729680708984375
0 0.078747978515625 0.600368974609375 0.041893861328125 0.59972568359375 0.03418609765625 0.6016474453125 0.03415723828125 0.603300849609375 0.08081368359375 0.757912666015625 0.117553962890625 0.76229498046875 0.11795674609375 0.73921957421875 0.1185262109375 0.602652955078125 0.078747978515625 0.600368974609375
0 0.416898767578125 0.52139133203125 0.374313423828125 0.53842914453125 0.37480948828125 0.54041875 0.459282017578125 0.66244634765625 0.4700554375 0.658310818359375 0.5371586171875 0.629658982421875 0.53687466796875 0.628520126953125 0.445146099609375 0.510548197265625 0.416898767578125 0.52139133203125
0 0.28478979296875 0.706799765625 0.2847515546875 0.705704751953125 0.234721880859375 0.56992848046875 0.15697316796875 0.572643525390625 0.1522289296875 0.57382639453125 0.20657567578125 0.715792896484375 0.28478979296875 0.706799765625
0 0.415321697265625 0.51789200390625 0.41037285546875 0.519125888671875 0.303732498046875 0.62201821484375 0.337076015625 0.6903825546875 0.338388498046875 0.69005531640625 0.445843365234375 0.594346330078125 0.415321697265625 0.51789200390625
0 0.22239915234375 0.62667345703125 0.24096930859375 0.7011542890625 0.370709736328125 0.621348875 0.350701939453125 0.5436655234375 0.347670865234375 0.54442125390625 0.22239915234375 0.62667345703125
0 0.60439257421875 0.502539662109375 0.461262251953125 0.5418937578125 0.4621445859375 0.592442693359375 0.46316379296875 0.61706458203125 0.4640532265625 0.620631908203125 0.465393248046875 0.620608517578125 0.484445501953125 0.61690887890625 0.614181072265625 0.583020546875 0.60842912890625 0.502469205078125 0.60439257421875 0.502539662109375
0 1 0.48306421484375 0.982181259765625 0.377973884765625 0.91602446875 0.382600017578125 0.90150877734375 0.38378928125 0.89535208984375 0.38532431640625 0.89563602734375 0.3893848203125 0.923408716796875 0.5242345078125 1 0.521085291015625 1 0.48306421484375
0 0.80330054296875 0.413106345703125 0.8038359375 0.4169158828125 0.84224428125 0.5385417734375 0.92621771484375 0.53002301953125 0.8881571875 0.39934059765625 0.868776470703125 0.40206437890625 0.80590727734375 0.412456412109375 0.80330054296875 0.413106345703125
0 0.65269765234375 0.58431356640625 0.765551810546875 0.51616713671875 0.741791978515625 0.43971448828125 0.731438796875 0.442295826171875 0.62460070703125 0.502426537109375 0.625508044921875 0.50606567578125 0.6522335 0.58442929296875 0.65269765234375 0.58431356640625
0 0.72534001953125 0.42449241796875 0.722787376953125 0.42512886328125 0.75037376953125 0.55581032421875 0.83519494921875 0.554915220703125 0.836301705078125 0.5546392734375 0.80536769921875 0.4216977890625 0.72534001953125 0.42449241796875
0 0.566972318359375 0.599213318359375 0.5676982578125 0.60174496484375 0.681771595703125 0.5344769296875 0.66023566015625 0.46004876171875 0.65331346875 0.46177466015625 0.545778291015625 0.520883783203125 0.566972318359375 0.599213318359375
0 0 0.4619697265625 0.12070463671875 0.391613591796875 0.109148556640625 0.321606169921875 0.103595845703125 0.322786435546875 0 0.374577642578125 0 0.4619697265625
0 0.835371052734375 0.14646275390625 0.834290689453125 0.14212965234375 0.66224302734375 0.2151381171875 0.67260662890625 0.26869383203125 0.68113563671875 0.3029018125 0.85488894921875 0.23525622265625 0.835371052734375 0.14646275390625
0 0.19593031640625 0.458663080078125 0.10844798828125 0.290051125 0.053338755859375 0.303791400390625 0.033805478515625 0.309456880859375 0.03622410546875 0.3191574609375 0.12348332421875 0.474959513671875 0.19593031640625 0.458663080078125
0 0.473720810546875 0.213756439453125 0.475229814453125 0.21980872265625 0.595082119140625 0.3630038671875 0.67061926171875 0.31784832421875 0.553640943359375 0.171262150390625 0.473720810546875 0.213756439453125
0 0.75518483984375 0.173974357421875 0.762687419921875 0.261088921875 0.93840727734375 0.22729383984375 0.936956705078125 0.18575487109375 0.92481591015625 0.13706080078125 0.75486571875 0.16483592578125 0.75518483984375 0.173974357421875
0 0.1337920859375 0.409377373046875 0.15325896484375 0.45376934375 0.3050082734375 0.3385715625 0.27285828125 0.26033137109375 0.26744543359375 0.261680947265625 0.119864642578125 0.37656637109375 0.1337920859375 0.409377373046875
0 0.39820957421875 0.324253962890625 0.41133919140625 0.37237473828125 0.4128008671875 0.372010302734375 0.573008828125 0.290535326171875 0.5554834921875 0.20596833203125 0.54851725390625 0.207705208984375 0.388258423828125 0.284342076171875 0.39820957421875 0.324253962890625
0 0.57405367578125 0.312610865234375 0.575261091796875 0.312547587890625 0.7511668125 0.267585568359375 0.75265025390625 0.17637473046875 0.752385375 0.175312357421875 0.568108662109375 0.216322990234375 0.572915697265625 0.308046681640625 0.57405367578125 0.312610865234375
0 0.22873539453125 0.24833800390625 0.281789947265625 0.426296296875 0.37690398046875 0.4194698671875 0.32036510546875 0.23892312109375 0.291188017578125 0.239942005859375 0.228577763671875 0.24382407421875 0.22873539453125 0.24833800390625
0 0.43600691796875 0.2116021796875 0.3176963671875 0.310047482421875 0.30243497265625 0.32320846484375 0.33810271875 0.404584193359375 0.3408421328125 0.409960595703125 0.479863306640625 0.283412828125 0.44168980078125 0.21018527734375 0.43600691796875 0.2116021796875
0 1 0.7618234140625 0.96184265234375 0.768717673828125 0.96184265234375 0.841014818359375 0.96263353515625 0.844186873046875 1 0.83862717578125 1 0.7618234140625
0 0.97611184765625 0.760944828125 0.9715014375 0.761675044921875 0.883846861328125 0.794136109375 0.89457040234375 0.86184188671875 0.89656178125 0.86982887109375 0.98902155859375 0.83749617578125 0.97611184765625 0.760944828125
0 0 0.27096465234375 0.056135283203125 0.25800480078125 0.067750158203125 0.255108888671875 0.06710646484375 0.2523207421875 0.042253626953125 0.16942736328125 0.039108134765625 0.170153556640625 0 0.19196594921875 0 0.27096465234375
0 0.81273690234375 0.782740703125 0.81047914453125 0.783303625 0.8297136796875 0.88264833203125 0.9084849453125 0.88510572265625 0.884761435546875 0.78394315234375 0.81273690234375 0.782740703125
0 0.734854181640625 0.80902408203125 0.7607109140625 0.901770271484375 0.830321005859375 0.9000001328125 0.834087654296875 0.89980273046875 0.836525 0.899195033203125 0.806377224609375 0.800536365234375 0.737473837890625 0.8015995234375 0.736998359375 0.80162444140625 0.734499041015625 0.802247591796875 0.734854181640625 0.80902408203125
0 0.74187544140625 0.80523944921875 0.73603135546875 0.806696544921875 0.659678552734375 0.857222595703125 0.68156669140625 0.934167025390625 0.76771595703125 0.876235685546875 0.74187544140625 0.80523944921875
0 0.024815021484375 0.18943508203125 0.047445505859375 0.280200998046875 0.207285794921875 0.183494548828125 0.186936095703125 0.0997864609375 0.18284564453125 0.10080632421875 0.024815021484375 0.18943508203125
0 0.253269828125 0.062313263671875 0.119697013671875 0.189980841796875 0.131851171875 0.21283948828125 0.1650942578125 0.26800644921875 0.16670584375 0.267149556640625 0.29916129296875 0.14337405078125 0.254252724609375 0.06206819921875 0.253269828125 0.062313263671875
0 0 0.24752630078125 0.04845734765625 0.305270982421875 0.12770383203125 0.267661603515625 0.127604439453125 0.26742744140625 0.002581251953125 0.11359147265625 0 0.114638458984375 0 0.24752630078125
0 0.402189154296875 0.19091615625 0.27454480859375 0.05201943359375 0.219931080078125 0.0775176640625 0.19636536328125 0.08952499609375 0.1971738125 0.092767513671875 0.313858080078125 0.23341569140625 0.402189154296875 0.19091615625
0 0.65520011328125 0 0.577357380859375 0.03725333984375 0.606313890625 0.131965814453125 0.777718361328125 0.039356208984375 0.765931986328125 0 0.65520011328125 0
0 0.48966969921875 0 0.48972076171875 0.00020480078125 0.58680591015625 0.1650382734375 0.638922201171875 0.1470931953125 0.67901899609375 0.132945041015625 0.678665796875 0.131528427734375 0.598496623046875 0 0.48966969921875 0
0 0.532334072265625 0 0.389292572265625 0.09703003125 0.42675541796875 0.18975383203125 0.42692348828125 0.18971192578125 0.583344796875 0.07941963671875 0.553010474609375 0 0.532334072265625 0
0 0.40040350390625 0.01153388671875 0.36385047265625 0.01863907421875 0.30555458984375 0.03317387109375 0.38680036328125 0.21226992578125 0.47840625 0.19271061328125 0.40040350390625 0.01153388671875
0 0.706114119140625 0 0.77678387109375 0.1196140390625 0.849012349609375 0.09112369140625 0.8725024453125 0.080665228515625 0.82209165234375 0 0.706114119140625 0
0 0.354727625 0.91198352734375 0.355264115234375 0.91331138671875 0.41873758984375 0.997379361328125 0.48574516796875 0.968964544921875 0.415864017578125 0.881017357421875 0.38000499609375 0.89550533984375 0.35352088671875 0.9071435625 0.354727625 0.91198352734375
0 0.59080391015625 0.89767155078125 0.59569717578125 0.929031275390625 0.597597345703125 0.93665244140625 0.684592408203125 0.89771025390625 0.6769253203125 0.835004326171875 0.676068880859375 0.831569337890625 0.6690720390625 0.832552677734375 0.586102408203125 0.864218619140625 0.59080391015625 0.89767155078125
0 0.37960976171875 1 0.41608030078125 0.987665529296875 0.348206064453125 0.896495419921875 0.34417201953125 0.89796334765625 0.280070966796875 0.9225694375 0.28045353125 0.92410381640625 0.350830810546875 1 0.37960976171875 1
0 0.47817496484375 0.97205672265625 0.550162796875 0.95831891796875 0.50814914453125 0.8660673515625 0.4410250625 0.8738085390625 0.435358625 0.87522133984375 0.436112888671875 0.88058820703125 0.47817496484375 0.97205672265625
0 0.63090016796875 0.92312366796875 0.566330556640625 0.8485535390625 0.53274787109375 0.8628954453125 0.49935291796875 0.878467767578125 0.49999878515625 0.881058193359375 0.56529834765625 0.95206921875 0.63090016796875 0.92312366796875
0 0.26212113671875 1 0.21048575390625 0.934458443359375 0.180076576171875 0.94102676953125 0.1422686953125 0.95115736328125 0.142453615234375 0.95189903515625 0.17986971875 1 0.26212113671875 1
0 0.33852076171875 1 0.352285244140625 0.992950458984375 0.2702379375 0.91072844140625 0.26481693359375 0.91337244140625 0.206709306640625 0.94480799609375 0.20743287890625 0.947710091796875 0.269022423828125 1 0.33852076171875 1
0 0.19765331640625 1 0.19456431640625 0.990277154296875 0.177059203125 0.936401953125 0.16715127734375 0.93887227734375 0.099534900390625 0.960604958984375 0.101478337890625 0.96839966015625 0.128001400390625 1 0.19765331640625 1