0 1 0.701035234375 0.92154236328125 0.63700680859375 0.86500182421875 0.67100649609375 0.8680652265625 0.67590896875 0.951215154296875 0.747410357421875 0.97368699609375 0.734128361328125 1 0.717686171875 1 0.701035234375
0 0.965366375 0.6453756953125 0.865732591796875 0.581082216796875 0.812829873046875 0.62408626953125 0.912914220703125 0.68800494921875 0.965366375 0.6453756953125
0 0.70829759375 0.51390807421875 0.7139204375 0.52085170703125 0.788025783203125 0.43037913671875 0.74298807421875 0.36799453515625 0.67170843359375 0.456423048828125 0.70829759375 0.51390807421875
0 0.837055572265625 0.500912669921875 0.79816319140625 0.43134759375 0.7241820703125 0.521948806640625 0.76213676953125 0.58039391796875 0.76564840625 0.584730427734375 0.767744400390625 0.5833692734375 0.837055572265625 0.500912669921875
0 0.90603553515625 0.57360766796875 0.914412912109375 0.56236381640625 0.91338648046875 0.561096279296875 0.79842293359375 0.521690958984375 0.78150929296875 0.544136115234375 0.75237368359375 0.58323453515625 0.75483774609375 0.58627739453125 0.866352064453125 0.62626941015625 0.90603553515625 0.57360766796875
0 0.60297522265625 0.37753130859375 0.60404352734375 0.378898677734375 0.698299482421875 0.445487359375 0.715586853515625 0.431980984375 0.757310859375 0.39819355078125 0.663298630859375 0.327309095703125 0.60297522265625 0.37753130859375
0 0.625297748046875 0.4025570078125 0.627039611328125 0.401146474609375 0.686535041015625 0.299821201171875 0.627197080078125 0.243084962890625 0.56602440234375 0.346688125 0.625297748046875 0.4025570078125
0 0.32629478515625 0.0744507734375 0.32877813671875 0.07639098046875 0.448367169921875 0.138970349609375 0.49169799609375 0.08458341015625 0.4989125859375 0.07534915625 0.375136435546875 0.008115720703125 0.325124044921875 0.073005029296875 0.32629478515625 0.0744507734375
0 0.458936736328125 0.228541265625 0.460867396484375 0.23010468359375 0.463693099609375 0.227816474609375 0.52937551171875 0.10544521875 0.47003266796875 0.056576009765625 0.463871298828125 0.0515866328125 0.462067580078125 0.05381404296875 0.39503161328125 0.17489253125 0.458936736328125 0.228541265625
0 0.62362214453125 0.2221901171875 0.607530974609375 0.188361857421875 0.607351212890625 0.188139869140625 0.492029705078125 0.280130693359375 0.49665550390625 0.29005075390625 0.52604000390625 0.348457451171875 0.532318140625 0.34552991015625 0.641511263671875 0.260553458984375 0.62362214453125 0.2221901171875
0 0.44007231640625 0.215959107421875 0.479851986328125 0.286907548828125 0.483891169921875 0.284759876953125 0.586129734375 0.193921287109375 0.55260427734375 0.127576775390625 0.44007231640625 0.215959107421875
0 0.82633342578125 0.66086480078125 0.741552375 0.79580950390625 0.782533736328125 0.84641726953125 0.790503103515625 0.85586040234375 0.79393197265625 0.8530837578125 0.879237404296875 0.72719464453125 0.82633342578125 0.66086480078125
0 0.88665166796875 0.74419923828125 0.860397955078125 0.718126353515625 0.84587391796875 0.736062044921875 0.7613463671875 0.84332741015625 0.79128588671875 0.86961713671875 0.814677298828125 0.888559130859375 0.83794675 0.869715900390625 0.88665166796875 0.74419923828125
0 0.688951365234375 0.499948818359375 0.5480522265625 0.445486255859375 0.502477025390625 0.50554170703125 0.50432244921875 0.507820619140625 0.63759066796875 0.568014310546875 0.666589234375 0.53089783984375 0.68896375 0.49996411328125 0.688951365234375 0.499948818359375
0 0.655330771484375 0.676920505859375 0.660916650390625 0.683818490234375 0.7834734140625 0.76055657421875 0.840781373046875 0.706060861328125 0.71724501953125 0.62653069921875 0.655330771484375 0.676920505859375
0 0.650240822265625 0.66182659765625 0.652553615234375 0.65886635546875 0.705390341796875 0.530093841796875 0.642544818359375 0.473034201171875 0.642279671875 0.4732489140625 0.589603703125 0.61778048046875 0.648148650390625 0.663520806640625 0.650240822265625 0.66182659765625
0 0.60190303515625 0.6233569296875 0.6038145390625 0.62571744140625 0.73661347265625 0.695472392578125 0.792751931640625 0.64312243359375 0.66001680859375 0.568318859375 0.60190303515625 0.6233569296875
0 0.606445755859375 0.39644178515625 0.543971763671875 0.347779783203125 0.5435637421875 0.34811019140625 0.47493082421875 0.48501021484375 0.478975072265625 0.48852582421875 0.533200111328125 0.53343193359375 0.537072998046875 0.530295732421875 0.542302771484375 0.52427956640625 0.54668773046875 0.5169848984375 0.608253576171875 0.39801330078125 0.606445755859375 0.39644178515625
0 0.34121758203125 0.09405571875 0.291979228515625 0.02715931640625 0.18709683984375 0.12711897265625 0.217618384765625 0.16618476953125 0.241256234375 0.19537508203125 0.2449524140625 0.19248730859375 0.34121758203125 0.09405571875
0 0.351172486328125 0.102689337890625 0.2443913828125 0.186832234375 0.25417697265625 0.203781373046875 0.28875540234375 0.260461294921875 0.29227419921875 0.25842971875 0.3906557421875 0.177256259765625 0.351690607421875 0.1033291640625 0.351172486328125 0.102689337890625
0 0.4530161953125 0.236446376953125 0.452105931640625 0.236993318359375 0.3582468515625 0.328030048828125 0.39733110546875 0.393077169921875 0.40157085546875 0.39831282421875 0.49857062109375 0.309827623046875 0.4530161953125 0.236446376953125
0 0.40495196875 0.1715843046875 0.299849359375 0.2564518125 0.31447733203125 0.2844270625 0.33869364453125 0.32811444921875 0.34128716796875 0.33131718359375 0.444984681640625 0.24399886328125 0.406472873046875 0.17346246484375 0.40495196875 0.1715843046875
0 0.413618576171875 0.401870869140625 0.4583656484375 0.465450064453125 0.464144669921875 0.46140355078125 0.54662826953125 0.37044835546875 0.49960330859375 0.301097869140625 0.413618576171875 0.401870869140625
0 0.6704642890625 1 0.702689931640625 0.960204646484375 0.5468738671875 0.90113075390625 0.50084744140625 0.952922849609375 0.50509687890625 0.95817046875 0.597147580078125 1 0.6704642890625 1
0 0.24082076171875 0.40512563671875 0.25109674609375 0.3914889453125 0.08462852734375 0.30664701171875 0.02900788671875 0.37521519921875 0.031956853515625 0.37885687109375 0.193047578125 0.46715401953125 0.24082076171875 0.40512563671875
0 0.59230651953125 0.98900464453125 0.657487005859375 0.944750583984375 0.5188214140625 0.816576814453125 0.45574757421875 0.85399348046875 0.457779275390625 0.85724487890625 0.59180955859375 0.989315177734375 0.59230651953125 0.98900464453125
0 0.31410473828125 0.61588393359375 0.37282517578125 0.54337023046875 0.200856193359375 0.455478509765625 0.150198404296875 0.52487302734375 0.15139477734375 0.52635042578125 0.15705401171875 0.530933181640625 0.31410473828125 0.61588393359375
0 0 0.367845015625 0.00591287109375 0.372464658203125 0.0702495546875 0.417643759765625 0.075735302734375 0.410622322265625 0.161460109375 0.25669119140625 0.087945794921875 0.20213008984375 0 0.35014084765625 0 0.367845015625
0 0.56584148046875 0.76393543359375 0.499895693359375 0.707290056640625 0.41845126171875 0.88114941015625 0.48096890234375 0.9336079375 0.483843669921875 0.93127999609375 0.486466953125 0.92815369140625 0.56584148046875 0.76393543359375
0 0.21373869921875 0.580993220703125 0.35292491796875 0.69147927734375 0.373321689453125 0.674962298828125 0.384801373046875 0.66532969921875 0.422296396484375 0.63243412109375 0.4213280859375 0.6312801328125 0.277868314453125 0.52300244921875 0.20954976171875 0.575820314453125 0.21373869921875 0.580993220703125
0 0.219455060546875 0.350299453125 0.1095688203125 0.504619947265625 0.13459101953125 0.529642146484375 0.17641271484375 0.5710324453125 0.1830955 0.56562083203125 0.280124044921875 0.4199235078125 0.219455060546875 0.350299453125
0 0.38124327734375 0.84970893359375 0.52636874609375 0.7338532578125 0.484409046875 0.6482222890625 0.338188853515625 0.76827822265625 0.350063478515625 0.79494906640625 0.37711708203125 0.85154603515625 0.38124327734375 0.84970893359375
0 0.3146693125 0.607697302734375 0.26150907421875 0.67226160546875 0.26340090625 0.674597822265625 0.26445843359375 0.675485193359375 0.402550310546875 0.746565767578125 0.42062816015625 0.75547155078125 0.48159841796875 0.6908431875 0.485477044921875 0.68622081640625 0.3146693125 0.607697302734375
0 0.61314598046875 0 0.581329943359375 0.03186442578125 0.58413826953125 0.035332419921875 0.665674931640625 0.088368587890625 0.704018671875 0.051063802734375 0.721199212890625 0.03327283203125 0.720519201171875 0.0324330859375 0.666116775390625 0 0.61314598046875 0
0 0.701235302734375 0.161595248046875 0.7028312734375 0.16284215625 0.70621457421875 0.1601024140625 0.70808333203125 0.15771051171875 0.749415984375 0.07075053125 0.695719263671875 0.02641814453125 0.690709833984375 0.02250434765625 0.64853576171875 0.117192935546875 0.701235302734375 0.161595248046875
0 0.76428710546875 0.083999111328125 0.687442099609375 0.152994154296875 0.72200549609375 0.21799844921875 0.72410032421875 0.22058534765625 0.72622886328125 0.219453583984375 0.796999294921875 0.15685356640625 0.765299736328125 0.08524960546875 0.76428710546875 0.083999111328125
0 0.41725266796875 1 0.449438791015625 0.9196317109375 0.38237280859375 0.864667904296875 0.3814116640625 0.865446224609375 0.3223050546875 1 0.41725266796875 1
0 0.43178379296875 0.92601744921875 0.4320431484375 0.925776326171875 0.2737956640625 0.82575602734375 0.211333216796875 0.888377333984375 0.21527842578125 0.89324926171875 0.36234704296875 0.988538580078125 0.43178379296875 0.92601744921875
0 0.293360208984375 0.918817158203125 0.368339845703125 0.871915388671875 0.232233328125 0.74356408203125 0.156868474609375 0.79193636328125 0.15147540234375 0.7963035859375 0.15414732421875 0.800264873046875 0.293360208984375 0.918817158203125
0 0 0.64351898046875 0.000793951171875 0.64287605078125 0.097744412109375 0.47779659765625 0.01999745703125 0.416754859375 0 0.454977693359375 0 0.64351898046875
0 0 0.60885858203125 0.10791776953125 0.698252955078125 0.129877857421875 0.681095853515625 0.182003146484375 0.63888562890625 0.03620838671875 0.51435470703125 0 0.54264380078125 0 0.60885858203125
0 0.22234228515625 0.649470453125 0.16549344921875 0.57094942578125 0.03933326171875 0.71685192578125 0.08072569921875 0.771781546875 0.09979044921875 0.795324552734375 0.10241806640625 0.793344501953125 0.22234228515625 0.649470453125
0 0.27510670703125 0.81540916796875 0.312067373046875 0.768012080078125 0.135593509765625 0.679229970703125 0.07571261328125 0.75317671875 0.07976387890625 0.758179615234375 0.253894033203125 0.84160463671875 0.27510670703125 0.81540916796875
0 0.98651230078125 0.36858264453125 0.941988234375 0.31499633984375 0.87513208984375 0.403890794921875 0.8911254453125 0.424361357421875 0.91992153125 0.4599215625 0.923013888671875 0.457505546875 0.98651230078125 0.36858264453125
0 0.769061291015625 0.276107517578125 0.77296182421875 0.27428866796875 0.84446801953125 0.21864324609375 0.81243304296875 0.152578044921875 0.74007628515625 0.215732326171875 0.7404762109375 0.21663180078125 0.767054732421875 0.273629625 0.769061291015625 0.276107517578125
0 1 0.386616978515625 0.98921407421875 0.371031828125 0.9202844140625 0.461406623046875 0.922807412109375 0.464879779296875 0.93461874609375 0.480553947265625 0.96558063671875 0.51878869921875 1 0.461867603515625 1 0.386616978515625
0 0.814438939453125 0.34207559375 0.91036314453125 0.377567638671875 0.92370166015625 0.35986683203125 0.952429203125 0.317588962890625 0.95159970703125 0.316963890625 0.857659845703125 0.281814486328125 0.81212624609375 0.339219658203125 0.814438939453125 0.34207559375
0 0.90366593359375 0.279677548828125 0.825193767578125 0.2218243359375 0.7672622890625 0.26210058984375 0.76961680859375 0.2653413046875 0.84393224609375 0.32363509765625 0.85695533984375 0.31480933984375 0.88931543359375 0.29129835546875 0.90366593359375 0.279677548828125
0 1 0.47860182421875 0.98123719921875 0.499935431640625 0.964546091796875 0.51957818359375 0.96918462890625 0.529525552734375 0.99159737890625 0.575236373046875 0.996643599609375 0.57288328125 1 0.56964893359375 1 0.47860182421875