0 0.421394404296875 0 0.450962201171875 0.09541487890625 0.453817970703125 0.0993455078125 0.5090048984375 0.057129384765625 0.48967595703125 0 0.421394404296875 0
0 0.464252248046875 0.041535267578125 0.47161353515625 0.15971592578125 0.47178937890625 0.159997333984375 0.534894869140625 0.13463841796875 0.52696594140625 0.01632665234375 0.464252248046875 0.041535267578125
0 0.621403947265625 0.226196859375 0.572383482421875 0.279736982421875 0.62656118359375 0.377996126953125 0.62751523828125 0.378917447265625 0.68241123046875 0.325583525390625 0.624809103515625 0.22302426171875 0.623948189453125 0.223562220703125 0.621403947265625 0.226196859375
0 0.58269917578125 0.164584015625 0.575106580078125 0.16990041015625 0.5340228828125 0.20292234765625 0.56742751953125 0.30542888671875 0.5698826484375 0.308935173828125 0.58134538671875 0.3017724609375 0.631392375 0.26662891796875 0.596972041015625 0.15566533984375 0.58269917578125 0.164584015625
0 0.5351758671875 0.239464501953125 0.538826904296875 0.2431155390625 0.5950466171875 0.187503958984375 0.538452740234375 0.07984181640625 0.5359270546875 0.081420041015625 0.482204759765625 0.135142333984375 0.5351758671875 0.239464501953125
0 0.740983990234375 0.389237373046875 0.706540021484375 0.32163727734375 0.593783720703125 0.342006466796875 0.592897521484375 0.3424580078125 0.59158610546875 0.343277470703125 0.624874185546875 0.41395116015625 0.740983990234375 0.389237373046875
0 0.73047316796875 0.377555837890625 0.62824955859375 0.437913955078125 0.627146169921875 0.43901734375 0.67707890625 0.491239818359375 0.68379483203125 0.497955744140625 0.786896404296875 0.4374173203125 0.73047316796875 0.377555837890625
0 0.9143764296875 0.658124263671875 0.787795146484375 0.715837833984375 0.79198418359375 0.72254169140625 0.832921923828125 0.783234388671875 0.96047476171875 0.7274483359375 0.9143764296875 0.658124263671875
0 0.91615946484375 0.65294451171875 0.9127519375 0.647491326171875 0.861933275390625 0.5847660859375 0.741089080078125 0.64894278125 0.73819502734375 0.65120386328125 0.741892703125 0.657121380859375 0.74302652734375 0.658572609375 0.7901519140625 0.717877501953125 0.9157635234375 0.65325385546875 0.91615946484375 0.65294451171875
0 0.733878501953125 0.600537576171875 0.735013701171875 0.602100046875 0.798950951171875 0.558496521484375 0.74386927734375 0.42499714453125 0.719467806640625 0.440244876953125 0.678254927734375 0.47018778515625 0.733878501953125 0.600537576171875
0 0.83051649609375 0.52791665625 0.70110220703125 0.565953884765625 0.69566098046875 0.569353939453125 0.7344287265625 0.64010210546875 0.86901405078125 0.59150508984375 0.83051649609375 0.52791665625
0 0.403011623046875 0.18557584765625 0.386304009765625 0.029817498046875 0.361358482421875 0.039814134765625 0.31363527734375 0.06007143359375 0.324955591796875 0.21647765234375 0.325543501953125 0.217862677734375 0.32617094921875 0.21886680859375 0.403011623046875 0.18557584765625
0 0.29135851953125 0.041397255859375 0.32658309375 0.1625777265625 0.32916241796875 0.166401732421875 0.33916756640625 0.16014982421875 0.39769597265625 0.117178150390625 0.331282119140625 0.015837431640625 0.3037034453125 0.0330705 0.29135851953125 0.041397255859375
0 0.49211594921875 0.476676861328125 0.6205663984375 0.398554970703125 0.580593361328125 0.35744165625 0.5668186484375 0.3436669453125 0.43696003515625 0.413102013671875 0.434539849609375 0.41552219921875 0.48104969921875 0.465610611328125 0.49211594921875 0.476676861328125
0 0.384528595703125 0.287634943359375 0.388350009765625 0.29252612890625 0.45267319140625 0.25004692578125 0.40280391796875 0.1056456875 0.393322048828125 0.1115706171875 0.33698053515625 0.155366701171875 0.384528595703125 0.287634943359375
0 0.45162256640625 0.42257992578125 0.455565466796875 0.4288898828125 0.52849270703125 0.392946080078125 0.512559822265625 0.248832177734375 0.512414369140625 0.248599404296875 0.44139985546875 0.27729112890625 0.45162256640625 0.42257992578125
0 0.53405804296875 0.265600259765625 0.482145962890625 0.20974910546875 0.34443640625 0.27312186328125 0.343846837890625 0.273691201171875 0.348846376953125 0.28169213671875 0.39836467578125 0.332969837890625 0.53405804296875 0.265600259765625
0 0.66163800390625 0.4668329140625 0.605270115234375 0.411690478515625 0.482852203125 0.490059072265625 0.477199462890625 0.49612089453125 0.520310078125 0.540895041015625 0.5332759765625 0.5529859375 0.644459505859375 0.4797829375 0.66163800390625 0.4668329140625
0 0.792774259765625 0.75924623828125 0.783123337890625 0.7652768046875 0.72567298046875 0.80801401171875 0.780639833984375 0.914225970703125 0.821091599609375 0.88894890234375 0.8531513359375 0.86650043359375 0.792774259765625 0.75924623828125
0 0.73179360546875 0.704098208984375 0.683682771484375 0.730994599609375 0.72175541796875 0.851934287109375 0.72432010546875 0.856038650390625 0.80128828125 0.81913838671875 0.758030169921875 0.691792412109375 0.75752662890625 0.690986580078125 0.73179360546875 0.704098208984375
0 0.730274783203125 0.649739619140625 0.731220982421875 0.649257505859375 0.69313032421875 0.57173902734375 0.573355888671875 0.60524438671875 0.56677971875 0.609353634765625 0.603333521484375 0.681094517578125 0.730274783203125 0.649739619140625
0 0.77943394921875 0.71159008203125 0.735097443359375 0.641635544921875 0.609183212890625 0.689720033203125 0.60796938671875 0.690478513671875 0.6376138671875 0.73791959765625 0.65384284765625 0.76253644921875 0.77943394921875 0.71159008203125
0 0.551249396484375 0.518329494140625 0.541739501953125 0.52751308984375 0.605321716796875 0.640020130859375 0.60747030078125 0.642245052734375 0.666293568359375 0.58370913671875 0.599234955078125 0.4729979765625 0.596900142578125 0.4744569296875 0.551249396484375 0.518329494140625
0 0.03277501953125 0.207117091796875 0.10193659765625 0.35252258984375 0.10502594921875 0.35620433203125 0.109025306640625 0.3537052578125 0.15779273828125 0.308819275390625 0.09881855078125 0.1610967890625 0.054955470703125 0.188505484375 0.03277501953125 0.207117091796875
0 0.397877671875 0.8885588203125 0.4142241875 0.9333536484375 0.599425798828125 0.9073053203125 0.568992384765625 0.816889078125 0.39081574609375 0.84743517578125 0.387492259765625 0.84851504296875 0.385309775390625 0.849878810546875 0.397877671875 0.8885588203125
0 0.207455123046875 0.251662169921875 0.0359753515625 0.3166244140625 0.031671623046875 0.31975125390625 0.06470233203125 0.3690442890625 0.0757214609375 0.38421081640625 0.25247759375 0.3107139921875 0.207455123046875 0.251662169921875
0 0.404515177734375 0.6059863203125 0.341106978515625 0.635728484375 0.325094310546875 0.6442425703125 0.37576592578125 0.820130900390625 0.38092058203125 0.82838007421875 0.4607647421875 0.7853743984375 0.404515177734375 0.6059863203125
0 0.6070549609375 1 0.550525212890625 0.85054158203125 0.517532619140625 0.86705021484375 0.469101513671875 0.892801490234375 0.50625080859375 1 0.6070549609375 1
0 0.25538456640625 0.474596462890625 0.20672731640625 0.29039316796875 0.164056779296875 0.31338951171875 0.13288133203125 0.33067034375 0.178903220703125 0.5138810625 0.179145416015625 0.514317994140625 0.180849107421875 0.51704447265625 0.25538456640625 0.474596462890625
0 0.402573802734375 0.70587015625 0.3559214609375 0.532295037109375 0.35521423828125 0.530964943359375 0.31066810546875 0.55340682421875 0.274349171875 0.57271794140625 0.32524696484375 0.74518078515625 0.327929958984375 0.74947447265625 0.402573802734375 0.70587015625
0 0.36122723046875 0.736944232421875 0.436352869140625 0.910106859375 0.43940574609375 0.908199208984375 0.51029841015625 0.85491 0.44327866015625 0.686171271484375 0.442591240234375 0.685112740234375 0.40155676953125 0.71075392578125 0.36122723046875 0.736944232421875
0 0.22536918359375 0.368964365234375 0.182675861328125 0.41084871875 0.1595333984375 0.43481344140625 0.25348562890625 0.593602953125 0.256691013671875 0.59669835546875 0.32453225390625 0.531424984375 0.22536918359375 0.368964365234375
0 0.35053012890625 0.62665068359375 0.3462623125 0.606955322265625 0.309687078125 0.45146064453125 0.260855375 0.47471763671875 0.232834806640625 0.488384181640625 0.266275822265625 0.665550041015625 0.270180708984375 0.67179916796875 0.35053012890625 0.62665068359375
0 1 0.44182566796875 0.989334623046875 0.448490134765625 0.975872888671875 0.457916140625 0.940869328125 0.483307103515625 0.977847017578125 0.575747986328125 0.9802554375 0.57918756640625 1 0.564423814453125 1 0.44182566796875
0 0.979416740234375 0.381717037109375 0.9551326640625 0.389607412109375 0.9077123671875 0.406440177734375 0.91695767578125 0.503845234375 0.920138865234375 0.508936201171875 0.98662453125 0.48458483203125 0.979416740234375 0.381717037109375
0 0.89392335546875 0.448953470703125 0.89633090625 0.4522671796875 0.956711388671875 0.401384791015625 0.92010391796875 0.3130310546875 0.899902658203125 0.325654201171875 0.85665192578125 0.35707769921875 0.89392335546875 0.448953470703125
0 0 0.555702447265625 0.05437253515625 0.535550294921875 0.045221580078125 0.350120615234375 0.044495533203125 0.3489586953125 0 0.36515374609375 0 0.555702447265625
0 0 0.609949095703125 0.0039136953125 0.61445128515625 0.1682917265625 0.5344911015625 0.114011791015625 0.464833783203125 0.112598283203125 0.46320773046875 0 0.516420498046875 0 0.609949095703125
0 0 0.613940158203125 0.0078199375 0.629287650390625 0.0376741640625 0.68471912109375 0.218941556640625 0.63844628515625 0.176101314453125 0.561074224609375 0 0.596638072265625 0 0.613940158203125
0 0.37563551171875 1 0.314910494140625 0.83859517578125 0.230934423828125 0.89106925 0.278130619140625 1 0.37563551171875 1
0 0.234712244140625 0.983608052734375 0.251701978515625 0.97654821875 0.323310369140625 0.94615226171875 0.28499451953125 0.757863720703125 0.2847456171875 0.75727733984375 0.253919234375 0.77021704296875 0.19723473828125 0.79427818359375 0.231968224609375 0.97921670703125 0.234712244140625 0.983608052734375
0 0.096440298828125 0.77155143359375 0.132498703125 0.84854310546875 0.321318646484375 0.81248132421875 0.321552947265625 0.81233491796875 0.28088537109375 0.720994044921875 0.10051483984375 0.75883836328125 0.09289890234375 0.763597330078125 0.096440298828125 0.77155143359375
0 0.15074435546875 0.58593500390625 0.102086232421875 0.621219021484375 0.07516640625 0.64150456640625 0.1529987421875 0.819665193359375 0.15600564453125 0.82365548828125 0.23331353125 0.76539981640625 0.15074435546875 0.58593500390625
0 0.4067047265625 1 0.390945158203125 0.928468859375 0.32120316796875 0.95053062109375 0.29791867578125 0.958548115234375 0.30597397265625 1 0.4067047265625 1
0 0.692568369140625 0.14362421484375 0.70109473046875 0.158392310546875 0.7112043515625 0.174571083984375 0.81800447265625 0.146061416015625 0.784999125 0.084705638671875 0.683075423828125 0.10923183984375 0.67595626171875 0.11368038671875 0.692568369140625 0.14362421484375
0 0.834466556640625 0.28222430859375 0.82102863671875 0.2923611796875 0.852791150390625 0.380176181640625 0.854299095703125 0.38225169140625 0.91374294921875 0.3404253515625 0.87605712890625 0.252116162109375 0.874983369140625 0.25278712109375 0.834466556640625 0.28222430859375
0 0.703225111328125 0 0.66709479296875 0.03065621484375 0.699237376953125 0.1415752890625 0.69988391015625 0.142402810546875 0.757276181640625 0.09592033203125 0.71787166015625 0 0.703225111328125 0
0 0.80569077734375 0.124084775390625 0.75479502734375 0.15229675 0.74048151171875 0.16070160546875 0.76138397265625 0.254875265625 0.76392126953125 0.25893578515625 0.828205951171875 0.227309568359375 0.80569077734375 0.124084775390625
0 0.78541598046875 0.229944248046875 0.77486365234375 0.24161229296875 0.822247423828125 0.323317427734375 0.8251289140625 0.32610005078125 0.873075705078125 0.27433773046875 0.826872546875 0.1888843203125 0.82231987890625 0.19172914453125 0.78541598046875 0.229944248046875
0 0.627028154296875 0 0.64790790234375 0.08336626953125 0.64901905859375 0.085077298828125 0.702509423828125 0.051807673828125 0.69872965234375 0.026073349609375 0.6944452734375 0 0.627028154296875 0