0 0 0.63257917578125 0.0540495625 0.65776007421875 0.056044654296875 0.65837003515625 0.069499041015625 0.543709490234375 0.03898658984375 0.529211482421875 0.013894455078125 0.518039744140625 0.0061543203125 0.51567334765625 0.004711171875 0.51891471484375 0 0.57050707421875 0 0.63257917578125
0 0.056568853515625 0.54486690625 0.055799673828125 0.547382779296875 0.08078703125 0.660694724609375 0.14801973828125 0.66764056640625 0.12303037109375 0.55172648828125 0.056568853515625 0.54486690625
0 0.277601134765625 0.714813255859375 0.27686258203125 0.71947630859375 0.39368995703125 0.70372344921875 0.403111 0.628865716796875 0.3998640625 0.62787302734375 0.290858927734375 0.643442521484375 0.277601134765625 0.714813255859375
0 0.300082111328125 0.72000042578125 0.298207119140625 0.6069684140625 0.24821948828125 0.58898027734375 0.224858314453125 0.582281568359375 0.22343076171875 0.5869508828125 0.22688328515625 0.69890456640625 0.300082111328125 0.72000042578125
0 0.12222040234375 0.66602866796875 0.12156272265625 0.6800348125 0.12312246875 0.68051167578125 0.24046674609375 0.648893365234375 0.241937615234375 0.620827501953125 0.244228572265625 0.572121017578125 0.2404842265625 0.570976255859375 0.125671416015625 0.600179388671875 0.12222040234375 0.66602866796875
0 0.37825680078125 0.62564861328125 0.37728928125 0.62881323046875 0.37681284375 0.7425883046875 0.44936707421875 0.764770359375 0.4535431484375 0.64613301953125 0.37825680078125 0.62564861328125
0 0.472503232421875 0.640293388671875 0.442674146484375 0.7562994375 0.515352083984375 0.79448205078125 0.545598134765625 0.678030826171875 0.472503232421875 0.640293388671875
0 0.800446953125 0.725835107421875 0.78820083984375 0.722091095703125 0.760404185546875 0.857236712890625 0.83546849609375 0.8883981796875 0.8656894453125 0.75219478515625 0.800446953125 0.725835107421875
0 0.789284412109375 0.82583496875 0.8141060703125 0.74471616015625 0.802461853515625 0.741156166015625 0.673331216796875 0.729348572265625 0.67048707421875 0.73865134765625 0.649674955078125 0.81123183203125 0.789284412109375 0.82583496875
0 0.52561152734375 0.785139021484375 0.597623654296875 0.81466301171875 0.62553409765625 0.67252278515625 0.5657958203125 0.64592558984375 0.55274647265625 0.64193600390625 0.551386736328125 0.64499001953125 0.52561152734375 0.785139021484375
0 0.611977185546875 0.673505794921875 0.610609162109375 0.67798039453125 0.616860017578125 0.8145318984375 0.689517640625 0.8302296796875 0.69165032421875 0.687155115234375 0.611977185546875 0.673505794921875
0 0.1445617109375 0.545643359375 0.14477251953125 0.54495383984375 0.136959990234375 0.38952473046875 0.056292314453125 0.369412021484375 0.055193060546875 0.373007515625 0.068396716796875 0.52828612890625 0.1445617109375 0.545643359375
0 0 0.440221080078125 0.11475319140625 0.462959515625 0.13510026953125 0.43368608984375 0.031952064453125 0.37651010546875 0.02489565234375 0.374352744140625 0.004096529296875 0.41187535546875 0 0.4252745 0 0.440221080078125
0 0.377576373046875 0.4728916875 0.38225823046875 0.61654413671875 0.4010748359375 0.62158603125 0.45666652734375 0.635647041015625 0.460096845703125 0.4853447421875 0.44498006640625 0.48129421484375 0.379579021484375 0.4663413203125 0.377576373046875 0.4728916875
0 0.25687823828125 0.4941621796875 0.253436419921875 0.417154986328125 0.247233197265625 0.41693836328125 0.112277890625 0.45621649609375 0.109589388671875 0.539045478515625 0.25687823828125 0.4941621796875
0 0.412654517578125 0.468394126953125 0.41255120703125 0.46838690234375 0.274349171875 0.496984876953125 0.263735435546875 0.57030004296875 0.26298897265625 0.58097497265625 0.412224638671875 0.543834873046875 0.418278529296875 0.47011355859375 0.412654517578125 0.468394126953125
0 0.354665134765625 0.47458796875 0.35210287109375 0.47333826953125 0.20294008203125 0.45578536328125 0.1726599609375 0.51786881640625 0.170493744140625 0.52495419140625 0.32001698046875 0.547043625 0.354665134765625 0.47458796875
0 0.421698033203125 0.62186575390625 0.44105914453125 0.620515576171875 0.57395763671875 0.602690630859375 0.57805555859375 0.5222300859375 0.57709662109375 0.52193691015625 0.57405025390625 0.52161672265625 0.427190744140625 0.543234279296875 0.42190613671875 0.593513962890625 0.419627865234375 0.621648169921875 0.421698033203125 0.62186575390625
0 0.96149407421875 0.642726791015625 0.84221391796875 0.65450116796875 0.83693250390625 0.7373965859375 0.952503919921875 0.73007817578125 0.96173016015625 0.6999005078125 0.963703126953125 0.643402166015625 0.96149407421875 0.642726791015625
0 0.845844822265625 0.74390389453125 0.885376431640625 0.618329732421875 0.83852307421875 0.5921363359375 0.8140946875 0.57968944921875 0.81114454296875 0.5787875 0.767770919921875 0.706473521484375 0.845844822265625 0.74390389453125
0 0.71029471484375 0.680786900390625 0.7104241328125 0.679732873046875 0.6964716328125 0.549723099609375 0.61528930859375 0.539755166015625 0.6145387890625 0.542210005859375 0.624423400390625 0.6715062734375 0.71029471484375 0.680786900390625
0 0.72720529296875 0.55475858984375 0.72072868359375 0.552778490234375 0.690539052734375 0.682715474609375 0.7659915625 0.716934931640625 0.768939099609375 0.717836083984375 0.79705888671875 0.584409677734375 0.72720529296875 0.55475858984375
0 0.519252111328125 0.56784833984375 0.51249729296875 0.633638986328125 0.641600236328125 0.618252658203125 0.65143565625 0.536495166015625 0.64834728515625 0.53555095703125 0.520634009765625 0.554700451171875 0.519252111328125 0.56784833984375
0 0.073688732421875 0.230315306640625 0.236541029296875 0.19499533203125 0.247112326171875 0.12531588671875 0.24471917578125 0.1245842265625 0.24153836328125 0.12424991015625 0.084818568359375 0.14784546484375 0.081066919921875 0.160116548828125 0.073688732421875 0.230315306640625
0 0.80752053515625 0.30112353515625 0.807337646484375 0.30461326953125 0.82394788671875 0.48462459765625 0.919160017578125 0.490619572265625 0.89638706640625 0.30498675 0.848887794921875 0.300790982421875 0.80827296484375 0.29866244921875 0.80752053515625 0.30112353515625
0 0.149094677734375 0.147592966796875 0.121085033203125 0.22122976171875 0.30819069140625 0.246688251953125 0.3383964375 0.17986064453125 0.334867240234375 0.17836258984375 0.1493236484375 0.147053548828125 0.149094677734375 0.147592966796875
0 0.73887957421875 0.43478619140625 0.70912165234375 0.24538018359375 0.686911126953125 0.24421617578125 0.62242962890625 0.244070625 0.622009787109375 0.252081654296875 0.64577505859375 0.430420171875 0.73857462109375 0.435783642578125 0.73887957421875 0.43478619140625
0 1 0.33562694140625 0.93629828515625 0.322086724609375 0.916608607421875 0.318408236328125 0.916376052734375 0.319168888671875 0.914146548828125 0.32965787890625 0.899710037109375 0.50457395703125 0.995034603515625 0.51980434765625 1 0.428521953125 1 0.33562694140625
0 0.23914371484375 0.1988699921875 0.23290494921875 0.22215338671875 0.2209146328125 0.2691197421875 0.4114175546875 0.27176885546875 0.434576638671875 0.18916505078125 0.43094705859375 0.18805537890625 0.2425513515625 0.187724111328125 0.23914371484375 0.1988699921875
0 0.59773467578125 0.21903157421875 0.539981369140625 0.214244328125 0.539177767578125 0.216872791015625 0.53910146875 0.2175987265625 0.560632388671875 0.394075361328125 0.64196189453125 0.40592841796875 0.6475370234375 0.40651438671875 0.62962083984375 0.2223829453125 0.59773467578125 0.21903157421875
0 0.831454716796875 0.43338245703125 0.884333484375 0.357672015625 0.708358302734375 0.28851903515625 0.66195162109375 0.365752724609375 0.660034111328125 0.3720246171875 0.66047982421875 0.3722924296875 0.831454716796875 0.43338245703125
0 0.3300300859375 0.220422453125 0.303495607421875 0.27508051953125 0.48891578515625 0.31656714453125 0.5298216875 0.23435016015625 0.526210931640625 0.232430287109375 0.34641841015625 0.189600494140625 0.3300300859375 0.220422453125
0 0.4566019296875 0.355491935546875 0.5465102265625 0.38528147265625 0.546541505859375 0.38517916015625 0.546767146484375 0.384337060546875 0.54575073828125 0.19700851171875 0.463530466796875 0.175795451171875 0.46321863671875 0.17695922265625 0.45703328125 0.33534409375 0.4566019296875 0.355491935546875
0 0.84960533984375 1 0.847124994140625 0.99868117578125 0.75684671875 0.966646091796875 0.73953727734375 1 0.84960533984375 1
0 0.748612515625 1 0.75532422265625 0.96084001171875 0.69151362890625 0.93761485546875 0.681983404296875 0.934701171875 0.680735560546875 0.93812959765625 0.67129134375 1 0.748612515625 1
0 0.1319755625 0 0.127959087890625 0.0206629765625 0.27245492578125 0.00763893359375 0.27409701953125 0 0.1319755625 0
0 0.67105907421875 1 0.67818692578125 0.93266137109375 0.608831021484375 0.90906845703125 0.604120583984375 0.90762833203125 0.60339531640625 0.91000057421875 0.5974142109375 1 0.67105907421875 1
0 0.4975855078125 0.97284496875 0.5990533671875 0.991508173828125 0.630379275390625 0.922907234375 0.62810478515625 0.921941771484375 0.5280837265625 0.906085537109375 0.502807720703125 0.960004798828125 0.498172845703125 0.97092387890625 0.4975855078125 0.97284496875
0 0.45373031640625 0.865110287109375 0.452263955078125 0.86990654296875 0.45467568359375 0.962353208984375 0.53152720703125 0.98456534765625 0.528054171875 0.880908310546875 0.45373031640625 0.865110287109375
0 0.28054489453125 0 0.307262068359375 0.12383607421875 0.39359765625 0.131900314453125 0.39395925 0.130717591796875 0.370238861328125 0 0.28054489453125 0
0 0.375618759765625 0 0.37576933203125 0.14421848046875 0.38967458203125 0.14794437890625 0.46615382421875 0.16713523046875 0.466355287109375 0.16647626953125 0.46430655859375 0 0.375618759765625 0
0 0.144176861328125 0 0.1358844140625 0.06753655859375 0.335940173828125 0.0322533515625 0.338541775390625 0 0.144176861328125 0
0 0.3983070546875 0.100463890625 0.57554567578125 0.1591495859375 0.62471370703125 0.0813913984375 0.62605993359375 0.07698808984375 0.62235283984375 0.07476064453125 0.446080755859375 0.02614969140625 0.398696193359375 0.099191076171875 0.3983070546875 0.100463890625
0 0.84958981640625 0.094046201171875 0.84792367578125 0.099495904296875 0.833444837890625 0.28657517578125 0.930082275390625 0.307357103515625 0.93554611328125 0.11389077734375 0.84958981640625 0.094046201171875
0 0.90047666015625 0.12083273828125 0.90001805078125 0.12069252734375 0.898322642578125 0.12039358203125 0.707337955078125 0.12827510546875 0.696644736328125 0.18891936328125 0.690981375 0.22180683203125 0.69145619921875 0.221952 0.691598447265625 0.22197708203125 0.88368035546875 0.21695519140625 0.897188884765625 0.14034451953125 0.90047666015625 0.12083273828125
0 0.651218162109375 0.0374530234375 0.649270896484375 0.043822244140625 0.659556486328125 0.228512263671875 0.7546843046875 0.24716809765625 0.7474467578125 0.054420720703125 0.651218162109375 0.0374530234375
0 0.72379294921875 0.09739319921875 0.722290560546875 0.09656041015625 0.535924583984375 0.040624970703125 0.49209458984375 0.119696375 0.48994392578125 0.126730876953125 0.680067884765625 0.179810451171875 0.72379294921875 0.09739319921875
0 1 0.17583281640625 0.8940829375 0.18059658984375 0.886500095703125 0.247426529296875 0.883987044921875 0.28336483984375 1 0.275246640625 1 0.17583281640625
0 0.18384526953125 0.764432234375 0.18214444921875 0.76791943359375 0.164053689453125 0.8756786796875 0.227562345703125 0.9043236640625 0.248683486328125 0.79511805078125 0.216381099609375 0.779363126953125 0.185428708984375 0.76491633984375 0.18384526953125 0.764432234375
0 0.37301815234375 0.88763851953125 0.361061046875 0.91703926953125 0.358764619140625 0.92455054296875 0.45339065234375 0.935976345703125 0.479114615234375 0.878278029296875 0.480149654296875 0.8748925703125 0.473645732421875 0.872131818359375 0.386217712890625 0.85654230859375 0.37301815234375 0.88763851953125
0 0.172407451171875 0.877521064453125 0.169101158203125 0.76390781640625 0.16495469140625 0.76279644140625 0.099499732421875 0.746476689453125 0.09819180859375 0.75075471484375 0.11326166796875 0.86020962890625 0.172407451171875 0.877521064453125
0 0.24777380859375 0.7924582734375 0.24532441015625 0.79883917578125 0.23789894140625 0.892888587890625 0.3066119609375 0.921239994140625 0.30746231640625 0.92149997265625 0.3154996171875 0.814719962890625 0.24777380859375 0.7924582734375
0 0.38537345703125 0.936469333984375 0.383843015625 0.83784075390625 0.34889838671875 0.827240755859375 0.31302692578125 0.81762902734375 0.312153681640625 0.82048528125 0.316513701171875 0.916474873046875 0.38537345703125 0.936469333984375
0 0 0.8205211484375 0.05552751171875 0.826172654296875 0.05560505859375 0.82591901171875 0.01621094140625 0.71696405859375 0 0.71611448046875 0 0.8205211484375
0 0.08925381640625 0.73444834375 0.02379355078125 0.72688923828125 0.02273381640625 0.73035546875 0.04515866796875 0.8160255703125 0.05212096484375 0.84088742578125 0.061025595703125 0.842297783203125 0.1152595859375 0.849804599609375 0.095210978515625 0.735391865234375 0.08925381640625 0.73444834375