0 0.28600398828125 0 0.310947890625 0.10545880859375 0.37920609765625 0.1119288515625 0.380002853515625 0.10543979296875 0.3521789296875 0 0.28600398828125 0
0 0.3921942578125 0.087097916015625 0.2743030703125 0.099834072265625 0.26025326171875 0.16654725390625 0.37825873828125 0.15323627734375 0.3921942578125 0.087097916015625
0 0.2481921875 0.343875376953125 0.23858448828125 0.42021623046875 0.35102321484375 0.404156306640625 0.3642810078125 0.33278557421875 0.3650195625 0.328122517578125 0.2481921875 0.343875376953125
0 0.351181203125 0.35954269921875 0.352158677734375 0.355622263671875 0.3447618125 0.24326002734375 0.2823215859375 0.227691931640625 0.27092271484375 0.226292326171875 0.276556072265625 0.335595609375 0.351181203125 0.35954269921875
0 0.356660474609375 0.281337595703125 0.3623373125 0.162249998046875 0.300374310546875 0.139697310546875 0.28902049609375 0.135634642578125 0.286294779296875 0.135299966796875 0.28218899609375 0.25778673046875 0.308598474609375 0.26739899609375 0.35430256640625 0.283757107421875 0.3557166484375 0.283930736328125 0.356660474609375 0.281337595703125
0 0.34311267578125 0.508455037109375 0.343458349609375 0.50563974609375 0.32016849609375 0.393768095703125 0.24466073046875 0.387162021484375 0.244631240234375 0.387402197265625 0.265169115234375 0.50406873046875 0.34311267578125 0.508455037109375
0 0.35706321875 0.497282662109375 0.237639796875 0.488050986328125 0.21265765234375 0.566255123046875 0.33259189453125 0.575820125 0.35706321875 0.497282662109375
0 0.211584484375 0.791370546875 0.19987318359375 0.791779513671875 0.22793116015625 0.929814365234375 0.309106626953125 0.926444265625 0.309832443359375 0.92053295703125 0.281099814453125 0.7896046328125 0.211584484375 0.791370546875
0 0.32218111328125 0.845603345703125 0.323201734375 0.8372910390625 0.29589849609375 0.706317505859375 0.2107119921875 0.70780444140625 0.237564798828125 0.845583173828125 0.32218111328125 0.845603345703125
0 0.279766828125 0.53789608984375 0.251703951171875 0.5312659453125 0.24633970703125 0.67691989453125 0.3236474296875 0.69700065625 0.32379437890625 0.696452232421875 0.327410830078125 0.550662259765625 0.279766828125 0.53789608984375
0 0.310592171875 0.6231474140625 0.27915338671875 0.620949 0.23045845703125 0.6186344296875 0.25409822265625 0.758090640625 0.32738603515625 0.76474932421875 0.327777115234375 0.761564228515625 0.31290275390625 0.623431119140625 0.310592171875 0.6231474140625
0 0.55691186328125 0.049311171875 0.554280537109375 0.048799693359375 0.402215466796875 0.0644537578125 0.385409880859375 0.147616556640625 0.54354205859375 0.12578561328125 0.55359403515625 0.07407266796875 0.55454455078125 0.06859138671875 0.55691186328125 0.049311171875
0 0.450241115234375 0 0.489945650390625 0.116684837890625 0.52466775390625 0.1196017578125 0.52536974609375 0.113884482421875 0.523381884765625 0 0.450241115234375 0
0 0.476960869140625 0.51074041015625 0.4781179140625 0.506099751953125 0.47089177734375 0.361793755859375 0.402748384765625 0.34480369921875 0.396085912109375 0.34398565234375 0.39528335546875 0.493560416015625 0.476960869140625 0.51074041015625
0 0.435280767578125 0.25380563671875 0.51495732421875 0.26908991796875 0.515927072265625 0.264101001953125 0.495379755859375 0.1169215703125 0.41679676953125 0.108050296875 0.435280767578125 0.25380563671875
0 0.4106043046875 0.26075964453125 0.41319583984375 0.41300087890625 0.4849262890625 0.435885421875 0.48663662109375 0.43029117578125 0.489860302734375 0.289198107421875 0.4208117734375 0.262364078125 0.418892552734375 0.2617773125 0.4106043046875 0.26075964453125
0 0.392891919921875 0.23053644140625 0.370717185546875 0.3034918828125 0.52221045703125 0.304559201171875 0.545326265625 0.233416056640625 0.54603496875 0.227644134765625 0.54444523828125 0.227127599609375 0.392891919921875 0.23053644140625
0 0.362876013671875 0.44664169140625 0.362974818359375 0.447446392578125 0.41872409765625 0.589893921875 0.495064306640625 0.578661318359375 0.49532180859375 0.57656413671875 0.4947498046875 0.57190553515625 0.490452728515625 0.55784091015625 0.44392078515625 0.43430125 0.406270951171875 0.438924068359375 0.362876013671875 0.44664169140625
0 0.315085740234375 0.891813939453125 0.30543277734375 0.979022619140625 0.4482389375 0.97743359375 0.453490681640625 0.942893544921875 0.45919694921875 0.8964197109375 0.447627494140625 0.89499916015625 0.315085740234375 0.891813939453125
0 0.42815316796875 0.93136408203125 0.44889593359375 0.79678509765625 0.43238094921875 0.7917359609375 0.36613714453125 0.773222783203125 0.36556109765625 0.773152052734375 0.34844720703125 0.90359598828125 0.42815316796875 0.93136408203125
0 0.36761924609375 0.612361921875 0.36425501171875 0.612303197265625 0.38833802734375 0.743886994140625 0.47159863671875 0.74413164453125 0.472818759765625 0.734194548828125 0.447161357421875 0.61477253515625 0.36761924609375 0.612361921875
0 0.401462580078125 0.69419877734375 0.38311365625 0.690298595703125 0.370815119140625 0.688788525390625 0.368680283203125 0.82453427734375 0.44381427734375 0.84100699609375 0.449167404296875 0.84166427734375 0.449691638671875 0.83919794921875 0.45449926171875 0.706829388671875 0.401462580078125 0.69419877734375
0 0.378619271484375 0.551926673828125 0.351659994140625 0.626555078125 0.48065031640625 0.64285862109375 0.50886809375 0.56880736328125 0.509241087890625 0.56576957421875 0.50428643359375 0.5639662265625 0.378619271484375 0.551926673828125
0 0.663717490234375 0.086903234375 0.664062640625 0.09183911328125 0.670939736328125 0.169934556640625 0.671389646484375 0.169989798828125 0.8445951484375 0.09917546875 0.8431376640625 0.038377095703125 0.81757369921875 0.035238234375 0.663717490234375 0.086903234375
0 0.623401357421875 0.751239263671875 0.59468051171875 0.754765740234375 0.644018400390625 0.935462271484375 0.73747762109375 0.924983828125 0.737877046875 0.92173077734375 0.68416327734375 0.74597459765625 0.623401357421875 0.751239263671875
0 0.8322844453125 0.12047889453125 0.65607895703125 0.1685234609375 0.654384892578125 0.24189087890625 0.65677891796875 0.242184828125 0.840563869140625 0.19832646484375 0.8405638671875 0.179579603515625 0.838348158203125 0.12122342578125 0.8322844453125 0.12047889453125
0 0.7846144921875 0.65777537890625 0.7858845390625 0.593348869140625 0.7850769609375 0.5932497109375 0.7778828984375 0.59274665234375 0.599156779296875 0.613395865234375 0.59214208984375 0.706518654296875 0.592271939453125 0.70653459765625 0.783063037109375 0.67996220703125 0.7846144921875 0.65777537890625
0 0.749688392578125 0.898345310546875 0.5744986875 0.8795808984375 0.55299926171875 0.968569900390625 0.73754413671875 0.99358088671875 0.741845875 0.977526587890625 0.75829511328125 0.900651474609375 0.749688392578125 0.898345310546875
0 0.745389953125 0.188606173828125 0.70317862109375 0.1770414609375 0.69861856640625 0.176481556640625 0.69266656640625 0.36622568359375 0.77298164453125 0.39026262890625 0.7751003671875 0.390522775390625 0.776024810546875 0.387298861328125 0.77965371484375 0.1984311484375 0.745389953125 0.188606173828125
0 0.80735609765625 0.5448123828125 0.810212671875 0.53774211328125 0.810677509765625 0.53395630859375 0.62973157421875 0.500607578125 0.6217935078125 0.520254982421875 0.597028427734375 0.585660953125 0.597619580078125 0.58589979296875 0.7759963515625 0.614292466796875 0.80735609765625 0.5448123828125
0 0.575225865234375 0.783846958984375 0.575545974609375 0.783926771484375 0.75876963671875 0.79244564453125 0.7861974453125 0.70768822265625 0.786584607421875 0.704535033203125 0.598142876953125 0.6898587421875 0.575225865234375 0.783846958984375
0 0.80412387109375 0.45912032421875 0.803881068359375 0.45564808203125 0.742632576171875 0.28160856640625 0.709398845703125 0.28393249609375 0.64987083203125 0.289714736328125 0.71058209375 0.4701057265625 0.80400191796875 0.46011355859375 0.80412387109375 0.45912032421875
0 0.674134884765625 0.363957666015625 0.678408716796875 0.550726291015625 0.76030049609375 0.570336857421875 0.7613470703125 0.5661392734375 0.76469837109375 0.410863443359375 0.76477803125 0.390711142578125 0.682237673828125 0.3649525625 0.674134884765625 0.363957666015625
0 0 0.908420064453125 0.08059451953125 0.911991236328125 0.09036028125 0.86175074609375 0.093669130859375 0.83480233203125 0.093285447265625 0.834727751953125 0 0.83349305078125 0 0.908420064453125
0 0 0.759309068359375 0.023487390625 0.84531510546875 0.0995868828125 0.837890548828125 0.100223263671875 0.83270763671875 0.074078451171875 0.74342125390625 0 0.74990227734375 0 0.759309068359375
0 1 0.070948984375 0.952668404296875 0.05182577734375 0.861693533203125 0.04065546875 0.84076258984375 0.10390635546875 1 0.120220380859375 1 0.070948984375
0 0.11204574609375 0.668035279296875 0.108994267578125 0.66766060546875 0.0105354375 0.688944337890625 0.00799509765625 0.763310287109375 0.108264869140625 0.745706353515625 0.11204574609375 0.668035279296875
0 0.11678220703125 0.59031912890625 0.116570501953125 0.58830491015625 0.112249458984375 0.587774353515625 0.10923071875 0.58809163671875 0.01796487109375 0.618766892578125 0.023375697265625 0.688188943359375 0.02404019140625 0.694511177734375 0.121450033203125 0.6590724453125 0.11678220703125 0.59031912890625
0 0.021094845703125 0.605321556640625 0.124170896484375 0.60186798828125 0.138306638671875 0.53536454296875 0.13939545703125 0.5264968359375 0.13717780859375 0.5260254609375 0.042725998046875 0.52848949609375 0.02151980078125 0.60186057421875 0.021094845703125 0.605321556640625
0 1 0.20879051171875 0.847668978515625 0.206889822265625 0.82109558203125 0.2968605234375 1 0.293191900390625 1 0.20879051171875
0 0.976625015625 0.43889091015625 0.946097390625 0.260392095703125 0.9456294765625 0.260334642578125 0.92034875390625 0.257677533203125 0.85602397265625 0.25438832421875 0.85583318359375 0.25620355859375 0.884379580078125 0.43522848828125 0.97607262109375 0.443389810546875 0.976625015625 0.43889091015625
0 1 0.11204831640625 0.85189939453125 0.117481291015625 0.832416806640625 0.190589544921875 0.8292280078125 0.203379123046875 0.82881556640625 0.20673817578125 0.829305115234375 0.206860236328125 1 0.197907875 1 0.11204831640625
0 1 0.448655189453125 0.994645666015625 0.394955041015625 0.9905848984375 0.36188275390625 0.98765849609375 0.3615234375 0.816989619140625 0.43250530078125 0.82473935546875 0.52060560546875 1 0.4579232109375 1 0.448655189453125
0 0.89219121484375 0.9414648671875 0.8941702734375 0.93571726171875 0.91902266015625 0.749895341796875 0.840442416015625 0.722837994140625 0.834190984375 0.722070416015625 0.799415029296875 0.911075244140625 0.89219121484375 0.9414648671875
0 0.98011762890625 0.692510220703125 0.790673126953125 0.683785439453125 0.786107267578125 0.700825458984375 0.767229279296875 0.772423775390625 0.76684589453125 0.77554620703125 0.767867931640625 0.77582005859375 0.95861623046875 0.78749464453125 0.976776939453125 0.7197179609375 0.98011762890625 0.692510220703125
0 0.97144633203125 0.565757501953125 0.791981416015625 0.607686779296875 0.79372639453125 0.70765658203125 0.794000615234375 0.70769025390625 0.98036996875 0.66057457421875 0.98051189453125 0.57555748046875 0.98035994140625 0.566851955078125 0.97144633203125 0.565757501953125
0 1 0.486092123046875 0.80918628515625 0.497432271484375 0.79461786328125 0.589963166015625 0.991714595703125 0.58206926171875 0.998180763671875 0.545397794921875 1 0.53058130859375 1 0.486092123046875
0 0.95505482421875 0.883809287109375 0.950609556640625 0.883184546875 0.76017102734375 0.8831939921875 0.749020259765625 0.98025067578125 0.93988465625 0.98499787890625 0.9477778515625 0.94229924609375 0.948532220703125 0.936931630859375 0.95505482421875 0.883809287109375
0 0.06819123828125 0.319532486328125 0.17473532421875 0.283945392578125 0.173385580078125 0.24529375390625 0.17156030859375 0.217240625 0.163964330078125 0.21630795703125 0.064407990234375 0.24684751953125 0.06819123828125 0.319532486328125
0 0.04929826171875 0.538285357421875 0.1400442890625 0.506835044921875 0.14001043359375 0.505851251953125 0.13662298046875 0.4412148046875 0.130602904296875 0.4404756328125 0.044344404296875 0.46503025390625 0.04929826171875 0.538285357421875
0 0.080161814453125 0.16228853125 0.06471300390625 0.23494266015625 0.1792540625 0.21301144921875 0.189499041015625 0.1697203203125 0.1913837421875 0.1543706640625 0.187175341796875 0.153552634765625 0.080161814453125 0.16228853125
0 0.168321763671875 0.38065872265625 0.168317431640625 0.38062343359375 0.12888609375 0.289875623046875 0.112365962890625 0.291489224609375 0.05460785546875 0.29858102734375 0.09706670703125 0.39532573046875 0.168026486328125 0.383063568359375 0.168321763671875 0.38065872265625
0 0.06891219921875 0.35733773046875 0.06702506640625 0.454647630859375 0.136237107421875 0.478309787109375 0.13804309765625 0.472402658203125 0.137057654296875 0.378411171875 0.11037613671875 0.369643150390625 0.070942185546875 0.35758698046875 0.06891219921875 0.35733773046875
0 0.091846306640625 0.00345493359375 0.13667656640625 0.10969612109375 0.204740255859375 0.10969612109375 0.205320724609375 0.104968583984375 0.162216990234375 0.0045548671875 0.12471495703125 0.0027131875 0.091937380859375 0.0027131875 0.091846306640625 0.00345493359375
0 0.168568462890625 0.07717684765625 0.114650322265625 0.05755225 0.108243630859375 0.05676560546875 0.108143345703125 0.057041138671875 0.106025228515625 0.171416798828125 0.176446822265625 0.1937384296875 0.17645733203125 0.193709552734375 0.1705484765625 0.101550173828125 0.168568462890625 0.07717684765625
0 0.105001427734375 0 0.10420305859375 0.038694572265625 0.2049654375 0 0.105001427734375 0