0 0.855382224609375 0.241723830078125 0.92774371484375 0.3320698359375 0.964682953125 0.27523157421875 0.89966607421875 0.18962933984375 0.892524412109375 0.185166732421875 0.873575474609375 0.213259685546875 0.855382224609375 0.241723830078125
0 0.92180926953125 0.34624939453125 0.866328142578125 0.244338603515625 0.86409707421875 0.2429444765625 0.818438220703125 0.2917241484375 0.87562498046875 0.39560011328125 0.92180926953125 0.34624939453125
0 0.812075404296875 0.51652785546875 0.80835506640625 0.513621208984375 0.74998420703125 0.470465751953125 0.65970451171875 0.533378466796875 0.65787728515625 0.536302642578125 0.71588984765625 0.584683025390625 0.812075404296875 0.51652785546875
0 0.70807459765625 0.487035873046875 0.7066926796875 0.490832658203125 0.78195076171875 0.51270946484375 0.84820392578125 0.424629826171875 0.84548910546875 0.42293341796875 0.777039041015625 0.3980196328125 0.70807459765625 0.487035873046875
0 0.880685724609375 0.40709080859375 0.815649955078125 0.30663713671875 0.81339373046875 0.30522729296875 0.76323926171875 0.36716290234375 0.830678564453125 0.468172345703125 0.880685724609375 0.40709080859375
0 0.69865473828125 0.667440384765625 0.6990279375 0.667753537109375 0.75157303515625 0.60894178515625 0.68542754296875 0.51453234375 0.682585369140625 0.512756357421875 0.6346882734375 0.56983789453125 0.69865473828125 0.667440384765625
0 0.72681069921875 0.64736783984375 0.67197972265625 0.60408975390625 0.66214623828125 0.59667969140625 0.57157528515625 0.6685175859375 0.569549751953125 0.671759119140625 0.63272938671875 0.72236396484375 0.72681069921875 0.64736783984375
0 0.5030048046875 1 0.536499298828125 0.94930923828125 0.43707137109375 0.85201858203125 0.406228400390625 0.89774516796875 0.39120303515625 0.921790779296875 0.4736476796875 1 0.5030048046875 1
0 0.550447966796875 0.9382133515625 0.552776197265625 0.93448740625 0.55412530078125 0.93114825390625 0.582335458984375 0.85963630078125 0.46479275390625 0.783956453125 0.4630354140625 0.78324644140625 0.460752115234375 0.786900484375 0.4311669140625 0.86402752734375 0.54849791015625 0.937425478515625 0.550447966796875 0.9382133515625
0 0.625650689453125 0.80464377734375 0.66655595703125 0.73843069921875 0.563325861328125 0.64019806640625 0.55937478515625 0.63791691015625 0.55263748046875 0.648698849609375 0.51952273828125 0.706055265625 0.625650689453125 0.80464377734375
0 0.520740060546875 0.710624052734375 0.51673897265625 0.708406212890625 0.475727142578125 0.77864959765625 0.58669948046875 0.86898242578125 0.621377701171875 0.803233115234375 0.520740060546875 0.710624052734375
0 0.860210263671875 0.15600348046875 0.834983068359375 0.14674061328125 0.7859630390625 0.1298616640625 0.689719482421875 0.253668904296875 0.688848431640625 0.256198619140625 0.76840376171875 0.28293406640625 0.860210263671875 0.15600348046875
0 0.718435533203125 0.182864259765625 0.74536357421875 0.20482466796875 0.858892966796875 0.14645839453125 0.8274735625 0.115038990234375 0.8013280546875 0.09870146484375 0.720551478515625 0.179478041015625 0.718435533203125 0.182864259765625
0 0.675483314453125 0.438583931640625 0.6401068828125 0.42420351171875 0.59584597265625 0.408093859375 0.51436176171875 0.530308572265625 0.513606576171875 0.53238342578125 0.58484304296875 0.5594516875 0.675483314453125 0.438583931640625
0 0.6447605859375 0.314463314453125 0.642842517578125 0.32036652734375 0.714028435546875 0.349938791015625 0.806382251953125 0.2271473828125 0.80527581640625 0.226456005859375 0.727827390625 0.20108072265625 0.6447605859375 0.314463314453125
0 0.556443423828125 0.45733073046875 0.55476762109375 0.461934962890625 0.635070654296875 0.4846018203125 0.718959013671875 0.367820705078125 0.71312989453125 0.364178265625 0.647736322265625 0.340376951171875 0.556443423828125 0.45733073046875
0 0.774043494140625 0.3288541875 0.711626291015625 0.27647993359375 0.586842896484375 0.35568106640625 0.58548238671875 0.3573024609375 0.584815740234375 0.35836931640625 0.64135133203125 0.40767699609375 0.774043494140625 0.3288541875
0 0.5936323828125 0.4940216875 0.566698982421875 0.478471681640625 0.462888158203125 0.584577041015625 0.46086957421875 0.58807333203125 0.528532765625 0.63215616015625 0.62106922265625 0.53511626171875 0.633541716796875 0.52024640625 0.63408759765625 0.51930091015625 0.5936323828125 0.4940216875
0 0.39805425390625 0.884722576171875 0.390334150390625 0.87897159375 0.327068384765625 0.83300632421875 0.252072359375 0.9174071015625 0.2461895546875 0.9268215546875 0.287196220703125 0.956614642578125 0.31370667578125 0.97318021484375 0.39805425390625 0.884722576171875
0 0.28992198046875 0.8159918203125 0.37001843359375 0.920472326171875 0.4305819609375 0.85859643359375 0.34694052734375 0.7544264140625 0.3454021171875 0.753465109375 0.324991064453125 0.775353287109375 0.28992198046875 0.8159918203125
0 0.53340069921875 0.666862248046875 0.530611193359375 0.664980705078125 0.46407144140625 0.621331884765625 0.377843455078125 0.701388462890625 0.370244134765625 0.71354991796875 0.438199681640625 0.76083593359375 0.53340069921875 0.666862248046875
0 0.475988423828125 0.75912923046875 0.364682673828125 0.6870673671875 0.359610666015625 0.69518427734375 0.331075525390625 0.76240885546875 0.44432546484375 0.839081943359375 0.475988423828125 0.75912923046875
0 0.50379987109375 0.702509451171875 0.55892601171875 0.639406794921875 0.488141884765625 0.53907734375 0.486597755859375 0.53768700390625 0.48231004296875 0.535007744140625 0.4307371953125 0.592008693359375 0.50379987109375 0.702509451171875
0 0.528829490234375 0 0.458790814453125 0.08277113671875 0.457745486328125 0.085358412109375 0.528438951171875 0.11541333203125 0.53386312109375 0.11760483984375 0.621083474609375 0 0.528829490234375 0
0 0.055639720703125 0.70761868359375 0.0556240859375 0.70764469921875 0.13445644921875 0.751255861328125 0.256226212890625 0.611145904296875 0.21468308984375 0.585186880859375 0.174853859375 0.56182186328125 0.055639720703125 0.70761868359375
0 0.472285232421875 0 0.44020573046875 0.033017576171875 0.427661630859375 0.04694920703125 0.535545814453125 0.203464828125 0.53665127734375 0.20415559765625 0.5847027421875 0.14824576171875 0.489353884765625 0 0.472285232421875 0
0 0.1668671796875 0.545039072265625 0.1631570234375 0.553372220703125 0.2401509140625 0.59238390234375 0.353435431640625 0.436053287109375 0.353039564453125 0.435805921875 0.268233568359375 0.398047859375 0.1668671796875 0.545039072265625
0 0 0.75869030078125 0.04922077734375 0.80791108203125 0.07289357421875 0.822703486328125 0.21169796875 0.715352994140625 0.186264583984375 0.688628677734375 0.147478630859375 0.6498427265625 0.00022072265625 0.757278560546875 0 0.757631791015625 0 0.75869030078125
0 0.56273766796875 0.153491916015625 0.552335466796875 0.14476343359375 0.495634650390625 0.09829077734375 0.346758673828125 0.20565047265625 0.343124642578125 0.21146613671875 0.40481300390625 0.264486302734375 0.56273766796875 0.153491916015625
0 0.391771013671875 0.3513025078125 0.376933248046875 0.34648142578125 0.3083380078125 0.3271898046875 0.21643273828125 0.48041251953125 0.215645486328125 0.48283543359375 0.2897829375 0.5087421015625 0.30130836328125 0.512486939453125 0.39246844140625 0.35173830859375 0.391771013671875 0.3513025078125
0 0.26260884375 0.673109921875 0.26290784375 0.67324934765625 0.304246681640625 0.585784640625 0.14856386328125 0.478600037109375 0.14688037890625 0.48129417578125 0.114856212890625 0.56442394140625 0.26260884375 0.673109921875
0 0.3303449765625 0.200529037109375 0.313599484375 0.224444078125 0.43422544921875 0.370194373046875 0.491753388671875 0.29414297265625 0.37140058984375 0.152724646484375 0.36821382421875 0.150493251953125 0.36768115625 0.15016040234375 0.3303449765625 0.200529037109375
0 0.408444859375 0.434429029296875 0.4424360546875 0.356377673828125 0.296095798828125 0.2407600078125 0.29446993359375 0.240069869140625 0.26266392578125 0.329055755859375 0.27880620703125 0.34112009375 0.408227783203125 0.43433688671875 0.408444859375 0.434429029296875
0 0.71990103515625 1 0.727647322265625 0.988633490234375 0.71954021484375 0.983567607421875 0.658175453125 0.95624625390625 0.62717191015625 1 0.71990103515625 1
0 0.736202787109375 1 0.76332864453125 0.93967926171875 0.681979642578125 0.878472517578125 0.65048166796875 0.945886353515625 0.716836576171875 1 0.736202787109375 1
0 0.778313296875 0.94212289453125 0.79946133203125 0.87244650390625 0.715720431640625 0.818081306640625 0.71274986328125 0.81705845703125 0.711840099609375 0.818514380859375 0.70850687890625 0.828194755859375 0.68956171484375 0.888439931640625 0.777920384765625 0.942751685546875 0.778313296875 0.94212289453125
0 0.81452123828125 0.880428 0.83640937890625 0.803483572265625 0.757615439453125 0.75134211328125 0.75601944140625 0.75076121875 0.75258512109375 0.756257279296875 0.72845551171875 0.82255283984375 0.81452123828125 0.880428
0 0.301839533203125 0 0.21998271484375 0.087245689453125 0.21925587890625 0.088735923828125 0.22144759375 0.09010545703125 0.30322611328125 0.129190986328125 0.41666380859375 0 0.301839533203125 0
0 0.248432796875 0.011159439453125 0.19220773828125 0.073444435546875 0.18948729296875 0.076803904296875 0.297515345703125 0.22940603515625 0.3482473203125 0.16876069921875 0.357306875 0.15757308203125 0.25387677734375 0.01490075390625 0.25204058984375 0.013413837890625 0.248432796875 0.011159439453125
0 0.269782490234375 0 0.264549705078125 0.005232380859375 0.26197772265625 0.01006957421875 0.3428978359375 0.051439390625 0.39274766796875 0 0.269782490234375 0
0 0.130676015625 0.178105666015625 0.276062775390625 0.298305787109375 0.31388117578125 0.207871513671875 0.165634646484375 0.097453587890625 0.161038205078125 0.10480943359375 0.153281041015625 0.122232310546875 0.130676015625 0.178105666015625
0 0 0.595829724609375 0.12126633984375 0.506341017578125 0.058004125 0.44307880078125 0 0.481642494140625 0 0.595829724609375
0 0 0.43926126953125 0.082696693359375 0.558972080078125 0.083716482421875 0.559923046875 0.113046677734375 0.5289455859375 0.1506379296875 0.488633904296875 0.04080319921875 0.334664763671875 0.03758270703125 0.33265237890625 0 0.3729548984375 0 0.43926126953125
0 0.1493517890625 0.269547484375 0.00643643359375 0.384658169921875 0.00167541796875 0.39227738671875 0.07577550390625 0.44997176953125 0.227120892578125 0.332523662109375 0.1493517890625 0.269547484375
0 0.056247576171875 0.3167379296875 0.053315052734375 0.321430947265625 0.13431009765625 0.3740297421875 0.27471153515625 0.235059515625 0.224913345703125 0.201403681640625 0.20750898828125 0.19010116015625 0.196475001953125 0.183206359375 0.056247576171875 0.3167379296875
0 0 0.715883419921875 0.003034220703125 0.71852129296875 0.017038583984375 0.69695646484375 0.05647719140625 0.630074111328125 0 0.583393234375 0 0.715883419921875
0 1 0.535730568359375 0.9881840546875 0.52582299609375 0.958972580078125 0.50216801171875 0.875278416015625 0.56285552734375 0.871199435546875 0.569383259765625 0.9217494765625 0.612897990234375 1 0.55905751171875 1 0.535730568359375
0 0.85346230859375 0.71171316796875 0.82450574609375 0.69431430859375 0.76293827734375 0.758315390625 0.75907606640625 0.76474319140625 0.816851853515625 0.79806105859375 0.887191537109375 0.73273179296875 0.871610365234375 0.72299559765625 0.85346230859375 0.71171316796875
0 1 0.451131748046875 0.90878206640625 0.50628991796875 0.906599109375 0.509783376953125 0.965062103515625 0.552252521484375 1 0.525605078125 1 0.451131748046875
0 0.884258986328125 0.673904541015625 0.9706680625 0.6229766484375 0.971376412109375 0.622217033203125 0.935743830078125 0.585569943359375 0.919534244140625 0.570454259765625 0.830727021484375 0.62235841015625 0.82909733203125 0.62496645703125 0.884258986328125 0.673904541015625
0 0.882421494140625 0.746029326171875 0.91225219921875 0.689470828125 0.84566358203125 0.619053642578125 0.844314240234375 0.618305689453125 0.8376933828125 0.62890127734375 0.82556625390625 0.6507791953125 0.80891667578125 0.683279634765625 0.878388759765625 0.752483052734375 0.882421494140625 0.746029326171875
0 1 0.371291048828125 0.992460517578125 0.364025736328125 0.987414296875 0.36167264453125 0.965001544921875 0.40738346484375 0.960363009765625 0.417330833984375 0.977054115234375 0.436973587890625 1 0.463063427734375 1 0.371291048828125