0 0.541740109375 0 0.549462005859375 0.09407323046875 0.55162756640625 0.099433177734375 0.6123675859375 0.07367543359375 0.60822590234375 0 0.541740109375 0
0 0.564828390625 0.168603865234375 0.6294717890625 0.150198599609375 0.63395324609375 0.03170616015625 0.574424373046875 0.04866152734375 0.568938615234375 0.05044395703125 0.5640184453125 0.166111111328125 0.564828390625 0.168603865234375
0 0.71583074609375 0.299096220703125 0.605277548828125 0.302708158203125 0.602569638671875 0.30364056640625 0.625029625 0.376317765625 0.7428175859375 0.371544443359375 0.74128051953125 0.36708048046875 0.71583074609375 0.299096220703125
0 0.69040083984375 0.195732259765625 0.66444301171875 0.20030932421875 0.61325286328125 0.212874642578125 0.600380078125 0.31847155859375 0.602369541015625 0.324594498046875 0.674576033203125 0.31176253125 0.69040083984375 0.195732259765625
0 0.67407522265625 0.14959537890625 0.557446 0.13303780078125 0.553202634765625 0.1344165546875 0.5668894375 0.212038283203125 0.68736639453125 0.22740935546875 0.67407522265625 0.14959537890625
0 0.65474165234375 0.47566657421875 0.65561816015625 0.47836418359375 0.73129273046875 0.45918612890625 0.7291922421875 0.34074427734375 0.729117466796875 0.34051414453125 0.656257490234375 0.36140640625 0.65474165234375 0.47566657421875
0 0.66447886328125 0.52824315234375 0.78399443359375 0.531539166015625 0.767866568359375 0.45087398828125 0.65018731640625 0.44791536328125 0.64776620703125 0.448702029296875 0.662342333984375 0.51898882421875 0.66447886328125 0.52824315234375
0 0.82648249609375 0.72101354296875 0.75141743359375 0.757015203125 0.79013426171875 0.8876358125 0.79198466796875 0.891429708984375 0.79479898828125 0.89051528125 0.86418705078125 0.855851876953125 0.82648249609375 0.72101354296875
0 0.724765466796875 0.6765188046875 0.75819144140625 0.808379384765625 0.76034306640625 0.8129935625 0.76735150390625 0.810716384765625 0.83824549609375 0.776118146484375 0.8022857421875 0.641646228515625 0.793262892578125 0.6445779296875 0.724765466796875 0.6765188046875
0 0.770340939453125 0.490678390625 0.74196952734375 0.495830748046875 0.69372269140625 0.5060859296875 0.68977687109375 0.64922651953125 0.690752876953125 0.652230353515625 0.76807489453125 0.636413466796875 0.770340939453125 0.490678390625
0 0.700406240234375 0.596691826171875 0.742654853515625 0.73168044921875 0.81425156640625 0.690807056640625 0.76396737890625 0.55880785546875 0.75915419140625 0.56037175390625 0.73601618359375 0.57427447265625 0.700406240234375 0.596691826171875
0 0.54566884375 0.128118974609375 0.51399462109375 0.056432314453125 0.35692955078125 0.07332784765625 0.3565018828125 0.073527275390625 0.359709490234375 0.083399279296875 0.39086515234375 0.15021280859375 0.54566884375 0.128118974609375
0 0.51887412109375 0.05750930859375 0.518136515625 0.055239189453125 0.503075150390625 0.0240860390625 0.341696951171875 0.03030818359375 0.33944021484375 0.0311295703125 0.35102251171875 0.06677621875 0.35344213671875 0.073424083984375 0.36855220703125 0.11029155078125 0.49749308203125 0.065291369140625 0.51887412109375 0.05750930859375
0 0.48021936328125 0.444177814453125 0.48582998828125 0.46144554296875 0.63550387890625 0.45279594921875 0.6195113125 0.39772884375 0.613815798828125 0.37909966015625 0.471622681640625 0.37943048046875 0.463701359375 0.382004275390625 0.48021936328125 0.444177814453125
0 0.5462552890625 0.23850340234375 0.547337478515625 0.23833200390625 0.54124142578125 0.159838927734375 0.39311301171875 0.13385971484375 0.39065507421875 0.13465834765625 0.40342749609375 0.21530025 0.5462552890625 0.23850340234375
0 0.45002265234375 0.3607041640625 0.599926412109375 0.395243912109375 0.60025089453125 0.395138482421875 0.58662477734375 0.311354884765625 0.4498501171875 0.285532953125 0.446107810546875 0.28586036328125 0.44354744921875 0.2866922734375 0.45002265234375 0.3607041640625
0 0.534396279296875 0.32605053125 0.53332316015625 0.173733982421875 0.460319146484375 0.197454423828125 0.456949216796875 0.347277888671875 0.45791454296875 0.350248861328125 0.534396279296875 0.32605053125
0 0.4988549453125 0.523251796875 0.503443451171875 0.540376337890625 0.63652411328125 0.53721496875 0.65795476953125 0.53533594140625 0.63937312890625 0.45870207421875 0.495865259765625 0.46027071484375 0.486225755859375 0.463402779296875 0.4988549453125 0.523251796875
0 0.7780342265625 0.93539231640625 0.760077970703125 0.86142702734375 0.62509503515625 0.8717245 0.618023298828125 0.87402224609375 0.62189478515625 0.893368587890625 0.635562009765625 0.9576678125 0.635744935546875 0.958230806640625 0.745491787109375 0.94596599609375 0.7780342265625 0.93539231640625
0 0.654475578125 0.754848650390625 0.607838326171875 0.784226107421875 0.652335232421875 0.90340104296875 0.65453281640625 0.90720737109375 0.72989575 0.866094099609375 0.67979432421875 0.740590853515625 0.678368240234375 0.74105421484375 0.654475578125 0.754848650390625
0 0.582480376953125 0.733312380859375 0.5855627265625 0.74134217578125 0.6610060859375 0.711264873046875 0.64287755078125 0.58019153125 0.561570490234375 0.610055732421875 0.582480376953125 0.733312380859375
0 0.60990925 0.82194258984375 0.610944138671875 0.8247859296875 0.688091419921875 0.7961470234375 0.667167966796875 0.66254791796875 0.62928271484375 0.67485758203125 0.58672626953125 0.691531322265625 0.60990925 0.82194258984375
0 0.6664372890625 0.608790728515625 0.6368899375 0.5351486484375 0.51171950390625 0.55156658984375 0.50745709375 0.55328871484375 0.51259502734375 0.5691016484375 0.53809452734375 0.62958603515625 0.6664372890625 0.608790728515625
0 0.12664109765625 0.256007212890625 0.19440126171875 0.240827806640625 0.21827519921875 0.0759084140625 0.15029347265625 0.08789542578125 0.136821828125 0.09227262890625 0.124325716796875 0.248881208984375 0.12664109765625 0.256007212890625
0 0.388623447265625 0.76260266796875 0.322667392578125 0.804787927734375 0.39845122265625 0.977198876953125 0.39846730859375 0.9772246171875 0.47311428125 0.92678351953125 0.40359144921875 0.754760759765625 0.398553474609375 0.756397697265625 0.388623447265625 0.76260266796875
0 0.107636314453125 0.26477635546875 0.11596346875 0.282374509765625 0.30259631640625 0.253654451171875 0.273089734375 0.17997820703125 0.091821615234375 0.213829546875 0.087303755859375 0.21584102734375 0.09123289453125 0.22793366796875 0.107636314453125 0.26477635546875
0 0.247666107421875 0.692989943359375 0.2496045390625 0.71514631640625 0.44096307421875 0.738401029296875 0.43232104296875 0.6453805078125 0.25326176953125 0.627853640625 0.246177361328125 0.628473447265625 0.24527818359375 0.628765607421875 0.247666107421875 0.692989943359375
0 0.478852693359375 1 0.46333911328125 0.855160970703125 0.377837498046875 0.87345605078125 0.37340762890625 0.87464302734375 0.36903762890625 0.876062927734375 0.38583456640625 1 0.478852693359375 1
0 0.33519754296875 0.36522701953125 0.305947384765625 0.283361439453125 0.1241911484375 0.2986133828125 0.11815883203125 0.300690474609375 0.141750216796875 0.373297291015625 0.14369878125 0.378956330078125 0.33519754296875 0.36522701953125
0 0.316522861328125 0.48732730859375 0.303292166015625 0.495594763671875 0.244421755859375 0.5357413515625 0.302721595703125 0.70463453515625 0.30407162109375 0.7067950234375 0.371571916015625 0.66665492578125 0.38184902734375 0.66023307421875 0.31730500390625 0.48707317578125 0.316522861328125 0.48732730859375
0 0.41636862109375 0.67155447265625 0.414683734375 0.671821333984375 0.32636353515625 0.69210090625 0.31915243359375 0.868721607421875 0.32130066015625 0.875333173828125 0.41456051953125 0.861057470703125 0.41636862109375 0.67155447265625
0 0.3230296484375 0.35520755859375 0.14316450390625 0.401386228515625 0.139214125 0.403575958984375 0.168133208984375 0.45924283203125 0.1822871640625 0.484777244140625 0.36616560546875 0.440252068359375 0.3230296484375 0.35520755859375
0 0.192799865234375 0.539149513671875 0.3786082265625 0.562987955078125 0.379577646484375 0.562851712890625 0.360966484375 0.46997948046875 0.34091625390625 0.467952212890625 0.183845021484375 0.45486310546875 0.181838224609375 0.45551515234375 0.192799865234375 0.539149513671875
0 1 0.64778979296875 0.950649794921875 0.672934978515625 0.9759103125 0.762929154296875 0.978029486328125 0.767088267578125 1 0.756168794921875 1 0.64778979296875
0 0 0.2324726953125 0.094465234375 0.19237458203125 0.09328503515625 0.18874230859375 0.079685568359375 0.15838566015625 0 0.16795755859375 0 0.2324726953125
0 1 0.593783134765625 0.987835748046875 0.55999955078125 0.98229367578125 0.56180027734375 0.966247267578125 0.57222094140625 0.922311544921875 0.602742107421875 0.95948177734375 0.6945464296875 0.96095261328125 0.69681131640625 1 0.670516669921875 1 0.593783134765625
0 1 0.55539219921875 0.99289883203125 0.5206234140625 0.89948738671875 0.51641764453125 0.88989525390625 0.519534318359375 0.89006824609375 0.52051541796875 0.9045322265625 0.58789197265625 1 0.59455420703125 1 0.55539219921875
0 0.8900973515625 0.542690625 0.891405490234375 0.546716662109375 0.96459153515625 0.52434144140625 0.959036919921875 0.421145287109375 0.958898515625 0.42071932421875 0.88438847265625 0.449501294921875 0.8900973515625 0.542690625
0 0 0.43323974609375 0.0590091796875 0.4266872578125 0.094989548828125 0.24455181640625 0.09456616015625 0.243248763671875 0.002221099609375 0.25295462109375 0 0.266540166015625 0 0.43323974609375
0 0 0.48784405078125 0.169381623046875 0.45510308984375 0.13497987109375 0.37377060546875 0.134035380859375 0.37183411328125 0 0.39618021484375 0 0.48784405078125
0 0 0.359999275390625 0.06290427734375 0.32709753125 0.01763900390625 0.1309974765625 0.009385236328125 0.133679287109375 0 0.13909785546875 0 0.359999275390625
0 0.049855744140625 0.437165572265625 0.04175791015625 0.61669544140625 0.0444034609375 0.624837611328125 0.13633930078125 0.601393251953125 0.135293515625 0.414315865234375 0.049855744140625 0.437165572265625
0 0.294926794921875 0.84666233984375 0.1097044140625 0.85189335546875 0.10089573828125 0.854755466796875 0.122574193359375 0.94865516796875 0.31555144921875 0.93371986328125 0.294926794921875 0.84666233984375
0 0.19378106640625 0.6914995078125 0.184014814453125 0.69555773046875 0.111966638671875 0.726140365234375 0.149933919921875 0.912716009765625 0.15085124609375 0.91487708984375 0.18219239453125 0.901721310546875 0.238042216796875 0.878014466796875 0.20248171484375 0.68867249609375 0.19378106640625 0.6914995078125
0 0.125405423828125 0.816773251953125 0.12868049609375 0.822932771484375 0.21206936328125 0.77652741796875 0.163511029296875 0.592902796875 0.15479514453125 0.595734759765625 0.074736478515625 0.638302708984375 0.125405423828125 0.816773251953125
0 0.1868122734375 0.543525712890625 0.00502155078125 0.594646958984375 0.02198820703125 0.64686496484375 0.03908931640625 0.6805040625 0.232815966796875 0.63004607421875 0.1868122734375 0.543525712890625
0 0.288503888671875 1 0.25800240234375 0.87763935546875 0.2428598203125 0.88255948046875 0.22432833203125 0.890046685546875 0.16311251171875 0.917909984375 0.1857620625 1 0.288503888671875 1
0 0.773240671875 0.182710884765625 0.775938515625 0.22129187109375 0.88561880859375 0.245547125 0.88178368359375 0.172864876953125 0.778398951171875 0.15266826953125 0.774232564453125 0.152959611328125 0.77208528125 0.153657306640625 0.773240671875 0.182710884765625
0 0.892027884765625 0.364929501953125 0.875236958984375 0.3661121796875 0.85405264453125 0.45703820703125 0.854883396484375 0.45959499609375 0.926816099609375 0.45691801953125 0.943273892578125 0.36251896484375 0.943185986328125 0.36224841796875 0.892027884765625 0.364929501953125
0 0.754756638671875 0.159410740234375 0.867649392578125 0.1726065 0.8555587265625 0.112176994140625 0.744828154296875 0.0869398359375 0.74328177734375 0.08744228515625 0.754010880859375 0.15518319140625 0.754756638671875 0.159410740234375
0 0.79549083203125 0.238176357421875 0.789068154296875 0.240514021484375 0.8101444765625 0.30861803515625 0.91713673828125 0.302440427734375 0.88965551171875 0.23239340625 0.79549083203125 0.238176357421875
0 0.85443726171875 0.29899184765625 0.8309342265625 0.314366791015625 0.8543091484375 0.40541064453125 0.857582478515625 0.4106490703125 0.9183119609375 0.369879787109375 0.891619015625 0.27746650390625 0.88592340234375 0.27931712109375 0.85443726171875 0.29899184765625
0 0.707482244140625 0 0.7097441796875 0.016094517578125 0.821184673828125 0.045701001953125 0.821910736328125 0.04546508984375 0.813228376953125 0 0.707482244140625 0
0 0.80191009375 0.093452712890625 0.828408306640625 0.004953015625 0.789158607421875 0.008102095703125 0.75443936328125 0.01236508203125 0.73111624609375 0.122668458984375 0.73136487890625 0.12469341796875 0.79402614453125 0.11823951171875 0.80191009375 0.093452712890625