0 0.871634443359375 0.741973869140625 0.941572857421875 0.75504383984375 0.994941404296875 0.65997121484375 0.99497887109375 0.65979494140625 0.994644162109375 0.653408310546875 0.931695923828125 0.641149748046875 0.871634443359375 0.741973869140625
0 0.808528560546875 0.725967982421875 0.926419748046875 0.73870413671875 0.912484228515625 0.67256577734375 0.79447875390625 0.65925480078125 0.808528560546875 0.725967982421875
0 0.676061302734375 0.6649443046875 0.602169185546875 0.648119958984375 0.54763344921875 0.75208614453125 0.547658412109375 0.752562462890625 0.552043462890625 0.753414830078125 0.623644447265625 0.76536680859375 0.675793015625 0.66781896484375 0.6761229921875 0.6661213828125 0.676061302734375 0.6649443046875
0 0.658511375 0.765505521484375 0.722544951171875 0.75641847265625 0.74197679296875 0.643525173828125 0.74179446875 0.642227873046875 0.728654763671875 0.64291649609375 0.71671489453125 0.64459453515625 0.664710275390625 0.655450677734375 0.64728439453125 0.76609390234375 0.658511375 0.765505521484375
0 0.735265916015625 0.76918462109375 0.735278908203125 0.769233109375 0.81338428125 0.74875940234375 0.818139591796875 0.6288389296875 0.812012521484375 0.62916003515625 0.741788193359375 0.6479765859375 0.735265916015625 0.76918462109375
0 0.59326923828125 0.760209427734375 0.594549 0.7601199375 0.591501908203125 0.68155076171875 0.475476953125 0.659031412109375 0.476985234375 0.68781112890625 0.480258203125 0.734616755859375 0.59326923828125 0.760209427734375
0 0.47605446484375 0.772568310546875 0.51154360546875 0.660554748046875 0.511426302734375 0.658316462890625 0.43024601953125 0.651651359375 0.39418637890625 0.76643556640625 0.47605446484375 0.772568310546875
0 0.16838720703125 0.778695591796875 0.15729997265625 0.641567046875 0.15005616015625 0.641946677734375 0.07668812109375 0.661605583984375 0.0900847890625 0.80047674609375 0.16838720703125 0.778695591796875
0 0.1479598828125 0.654573693359375 0.140809638671875 0.654948421875 0.13785446484375 0.74015600390625 0.273703625 0.771590642578125 0.27462566796875 0.7715423203125 0.27907111328125 0.68671814453125 0.1479598828125 0.654573693359375
0 0.33897325 0.786345552734375 0.414046681640625 0.765817701171875 0.405543462890625 0.623572142578125 0.404218603515625 0.61923872265625 0.40225951171875 0.61934139453125 0.3285933828125 0.641863392578125 0.33897325 0.786345552734375
0 0.356676130859375 0.671804515625 0.215238783203125 0.6702715546875 0.23198708984375 0.7509946484375 0.373530921875 0.7439382890625 0.37332636328125 0.74003509765625 0.3669922265625 0.712598927734375 0.356676130859375 0.671804515625
0 0.92009136328125 0.4735117265625 0.86876073046875 0.485362337890625 0.852461818359375 0.64416007421875 0.934987451171875 0.62446238671875 0.945324982421875 0.47194362890625 0.94461662890625 0.468875408203125 0.941409091796875 0.4690435078125 0.92009136328125 0.4735117265625
0 1 0.486907046875 0.999148431640625 0.470658154296875 0.99292520703125 0.470332009765625 0.969912419921875 0.471458328125 0.91051212109375 0.6278966796875 0.996702712890625 0.62897052734375 0.999038013671875 0.5934460390625 1 0.575090255859375 1 0.486907046875
0 0.64027881640625 0.55244955859375 0.5057560078125 0.50908620703125 0.49789851953125 0.509498 0.49343309765625 0.59137796484375 0.63893338671875 0.62952910546875 0.64027881640625 0.55244955859375
0 0.88419856640625 0.54011513671875 0.74775687109375 0.493274189453125 0.738556896484375 0.49375633984375 0.73836201953125 0.5729912265625 0.877912509765625 0.61894705078125 0.88419856640625 0.54011513671875
0 0.7181559140625 0.535364609375 0.571224521484375 0.51477953125 0.5665329765625 0.51560677734375 0.56656934765625 0.516300775390625 0.586920681640625 0.596508255859375 0.72954682421875 0.610721958984375 0.72874470703125 0.595416646484375 0.7181559140625 0.535364609375
0 0.789803326171875 0.63293315234375 0.805350419921875 0.55295029296875 0.675583359375 0.48220975 0.67234353515625 0.4815799921875 0.67228298828125 0.481583166015625 0.656532908203125 0.55509202734375 0.789803326171875 0.63293315234375
0 0.566901861328125 0.61221108984375 0.56686417578125 0.6114920234375 0.562261830078125 0.58436663671875 0.55261516796875 0.534738869140625 0.404430408203125 0.52600322265625 0.4004674140625 0.52677355078125 0.41158873046875 0.606760548828125 0.545535048828125 0.612934796875 0.564940162109375 0.612592404296875 0.566901861328125 0.61221108984375
0 0.01777534765625 0.66609030859375 0.098929171875 0.649364669921875 0.09325380078125 0.511801771484375 0.092455908203125 0.50727668359375 0.087892482421875 0.50751583984375 0.071829591796875 0.51015091796875 0.00651877734375 0.521666978515625 0.017573173828125 0.666100904296875 0.01777534765625 0.66609030859375
0 0.210418462890625 0.56533769921875 0.21132228125 0.548091783203125 0.080048974609375 0.52200869921875 0.077757021484375 0.52212881640625 0.076597390625 0.605951232421875 0.204619642578125 0.6343931953125 0.2051240546875 0.634366759765625 0.210418462890625 0.56533769921875
0 0.245695310546875 0.530885546875 0.23742742578125 0.53325632421875 0.260814953125 0.61103401171875 0.39281729296875 0.604405896484375 0.392780314453125 0.60370030859375 0.370305345703125 0.52079775390625 0.245695310546875 0.530885546875
0 0.2719452890625 0.630466490234375 0.27176001171875 0.497879751953125 0.259411623046875 0.498526904296875 0.190269544921875 0.510718517578125 0.187646419921875 0.64745706640625 0.2719452890625 0.630466490234375
0 0.45458203125 0.6275573515625 0.45499402734375 0.624956103515625 0.466484111328125 0.544627521484375 0.35094530859375 0.498423759765625 0.34538223828125 0.49871530859375 0.33316106640625 0.57469276171875 0.45458203125 0.6275573515625
0 0.83052441015625 0.28276767578125 0.990013607421875 0.326210513671875 0.98569815234375 0.24386673828125 0.8300315 0.2120203203125 0.823587501953125 0.21235803515625 0.83052441015625 0.28276767578125
0 0.27090742578125 0.32048357421875 0.25507279296875 0.261585423828125 0.068693490234375 0.27137287890625 0.068802068359375 0.273444671875 0.09074298046875 0.36411787109375 0.276154134765625 0.348782890625 0.2757762734375 0.341572876953125 0.27090742578125 0.32048357421875
0 0.919651560546875 0.34879396484375 0.9231364609375 0.32399762109375 0.92884236328125 0.27525870703125 0.75771023046875 0.20172871875 0.755143234375 0.201863248046875 0.741329958984375 0.2788314609375 0.919651560546875 0.34879396484375
0 0.333684388671875 0.20693278125 0.30709355078125 0.397856318359375 0.40025073046875 0.390839037109375 0.420899943359375 0.21211291796875 0.42034035546875 0.204110439453125 0.36185980859375 0.205263271484375 0.344695103515625 0.2061628359375 0.333684388671875 0.20693278125
0 0 0.3350544375 0.156032326171875 0.385410630859375 0.17409558203125 0.299859740234375 0.17552601953125 0.29082831640625 0.00090775 0.23982641015625 0.00008781640625 0.2398693828125 0 0.24042383984375 0 0.3350544375
0 0.710697650390625 0.187854078125 0.701528396484375 0.189087544921875 0.677638845703125 0.37810519140625 0.761135896484375 0.368855365234375 0.78671711328125 0.18448383203125 0.78615400390625 0.17989766796875 0.76756173828125 0.180872046875 0.710697650390625 0.187854078125
0 0.363445935546875 0.30218707421875 0.36281169921875 0.314289015625 0.541873470703125 0.360789123046875 0.54273387109375 0.344371654296875 0.543614392578125 0.273120701171875 0.375010234375 0.22491446484375 0.36918112890625 0.225219955078125 0.363445935546875 0.30218707421875
0 0.16883658984375 0.259501982421875 0.164641787109375 0.2604704296875 0.18573989453125 0.3540675234375 0.374407009765625 0.34268235546875 0.3742756171875 0.34017522265625 0.348132580078125 0.2542995703125 0.16883658984375 0.259501982421875
0 0.717282091796875 0.36792491015625 0.72925502734375 0.309327404296875 0.73504009765625 0.2765186484375 0.56835619921875 0.19741359765625 0.56396788671875 0.1966398203125 0.54422535546875 0.288690236328125 0.717282091796875 0.36792491015625
0 0.45750978515625 0.302996833984375 0.6388300390625 0.3526374296875 0.6388300390625 0.3466033515625 0.63366642578125 0.257904228515625 0.61409346484375 0.253106236328125 0.46810333984375 0.22003566015625 0.458276798828125 0.2205506484375 0.45750978515625 0.302996833984375
0 0.07120776953125 0.8854695234375 0.050654833984375 0.9801968515625 0.12914063671875 0.983722931640625 0.145261279296875 0.89642797265625 0.144783248046875 0.887306591796875 0.07959269921875 0.88503008984375 0.07120776953125 0.8854695234375
0 0.13432886328125 0.984993888671875 0.210603498046875 0.97560483984375 0.21777812109375 0.88065244921875 0.217428673828125 0.87780641015625 0.19878059765625 0.87878371484375 0.13999243359375 0.886001994140625 0.13432886328125 0.984993888671875
0 0.84750560546875 0.032735091796875 0.84140718359375 0.0677926953125 0.97050249609375 0.133997470703125 0.9791683515625 0.089415513671875 0.97750672265625 0.05770971875 0.84870108203125 0.032672439453125 0.84750560546875 0.032735091796875
0 0.288547810546875 0.969771091796875 0.29729551171875 0.868926833984375 0.289076013671875 0.869357599609375 0.223484111328125 0.877360685546875 0.210464927734375 0.980448857421875 0.288547810546875 0.969771091796875
0 0.30415428125 0.86858741796875 0.27975813671875 0.969599064453125 0.35332578515625 0.968165923828125 0.378743361328125 0.87325273046875 0.378477697265625 0.86818357421875 0.3673052265625 0.867988556640625 0.30415428125 0.86858741796875
0 0.368447251953125 0.97527351171875 0.443761255859375 0.95649562109375 0.44362207421875 0.858068556640625 0.44248169140625 0.853494728515625 0.440865556640625 0.85357942578125 0.367584939453125 0.87756053515625 0.368447251953125 0.97527351171875
0 0.705340841796875 0.17869948046875 0.705449587890625 0.180774470703125 0.792071271484375 0.180266076171875 0.84641406640625 0.004438552734375 0.846276177734375 0.00180750390625 0.75368369921875 0.00180750390625 0.705340841796875 0.17869948046875
0 0.69025927734375 0 0.640663224609375 0.01229880078125 0.63652928515625 0.013562673828125 0.6407545703125 0.200484095703125 0.7167257265625 0.17857579296875 0.73049247265625 0.174366875 0.724585712890625 0 0.69025927734375 0
0 0.841769623046875 0 0.80587428125 0.182944599609375 0.805896451171875 0.183198013671875 0.89352348046875 0.179201154296875 0.931621107421875 0 0.841769623046875 0
0 0.56579610546875 0.00526605859375 0.51210005859375 0.1844748125 0.60048521484375 0.18760311328125 0.66228148828125 0.013892291015625 0.66210697265625 0.01056231640625 0.62868621484375 0.00822530859375 0.56579610546875 0.00526605859375
0 0.2775730390625 0.193396607421875 0.293108697265625 0.105289517578125 0.1185365078125 0.03693765234375 0.116695583984375 0.036613046875 0.11236625390625 0.0368399375 0.0941506484375 0.13175914453125 0.2775730390625 0.193396607421875
0 0.39190768359375 0.169076857421875 0.39085983984375 0.14908276953125 0.38974349609375 0.135706716796875 0.38437646484375 0.074361255859375 0.19480544921875 0.04986430859375 0.19321605859375 0.05000336328125 0.194344443359375 0.07153423046875 0.20097612109375 0.14733463671875 0.391889412109375 0.16907845703125 0.39190768359375 0.169076857421875
0 0.344259533203125 0.21215840234375 0.441781884765625 0.189643591796875 0.439030455078125 0.00410232421875 0.43866702734375 0.00252815234375 0.40630521484375 0.004224162109375 0.34488976953125 0.019645697265625 0.344259533203125 0.21215840234375
0 0.573420318359375 0.181003755859375 0.583911705078125 0.12182178515625 0.58918468359375 0.08852950390625 0.41067199609375 0.014947818359375 0.40424329296875 0.015284732421875 0.3893582890625 0.109264943359375 0.573420318359375 0.181003755859375
0 0 0.14768048828125 0.18754216796875 0.187553529296875 0.19005521875 0.151615220703125 0.1918471015625 0.08438033984375 0.01486244921875 0.05133776171875 0.003921501953125 0.05191115234375 0 0.09304329296875 0 0.14768048828125
0 0.70859490234375 0.83973123828125 0.67331551953125 0.84658885546875 0.665452482421875 0.9575399296875 0.734211001953125 0.946308248046875 0.74462681640625 0.83753857421875 0.744048037109375 0.834561017578125 0.735244482421875 0.835022392578125 0.70859490234375 0.83973123828125
0 0.52576099609375 0.95831224609375 0.529344025390625 0.907072552734375 0.53021645703125 0.89026265234375 0.44635873828125 0.8595501171875 0.439806546875 0.85989350390625 0.433801556640625 0.9303908828125 0.52576099609375 0.95831224609375
0 0.735123474609375 0.95348457421875 0.808486560546875 0.941859359375 0.82281114453125 0.83544969140625 0.822111279296875 0.83046989453125 0.814581861328125 0.83086449609375 0.76301924609375 0.84024828125 0.735123474609375 0.95348457421875
0 0.5823110625 0.94980475390625 0.655544185546875 0.946996720703125 0.675952271484375 0.84841062890625 0.6754657109375 0.842849197265625 0.665571224609375 0.84336774609375 0.602495822265625 0.85046657421875 0.5823110625 0.94980475390625
0 0.52439797265625 0.96185606640625 0.58924541796875 0.9405460390625 0.590261462890625 0.84363581640625 0.589955984375 0.842636638671875 0.585201318359375 0.8428858203125 0.553766232421875 0.852496490234375 0.519212826171875 0.864309580078125 0.521107896484375 0.9620284921875 0.52439797265625 0.96185606640625
0 0.96972986328125 0.824298177734375 0.94208566015625 0.82574694921875 0.900182396484375 0.830892021484375 0.86850504296875 0.94225753515625 0.871264033203125 0.94211294140625 0.9388320546875 0.930427990234375 0.96972986328125 0.824298177734375
0 0.90318692578125 0.875830814453125 0.881142041015625 0.8652476953125 0.7979563125 0.82704187109375 0.79716804296875 0.82708318359375 0.79279286328125 0.900447376953125 0.89928656640625 0.93907969921875 0.90208547265625 0.938933013671875 0.90318692578125 0.875830814453125
0 1 0.839445697265625 0.933681857421875 0.82775201953125 0.931854724609375 0.8278477734375 0.927077203125 0.868913791015625 1 0.91449462109375 1 0.839445697265625