0 0.123666818359375 0.144633392578125 0.064647734375 0.238290615234375 0.1064001875 0.291693123046875 0.1706121484375 0.19538419140625 0.150007314453125 0.1686140078125 0.12862852734375 0.142213404296875 0.123666818359375 0.144633392578125
0 0.140365919921875 0.357938205078125 0.204284599609375 0.25785385546875 0.162046294921875 0.205882734375 0.16102281640625 0.20638191796875 0.09736187109375 0.305035484375 0.140365919921875 0.357938205078125
0 0.2042533203125 0.456809849609375 0.20317566015625 0.45701932421875 0.2000546953125 0.458541521484375 0.254379044921875 0.56210472265625 0.32900713671875 0.545112802734375 0.32875406640625 0.54381087890625 0.2758543046875 0.44485787109375 0.2042533203125 0.456809849609375
0 0.18627913671875 0.382481333984375 0.167428529296875 0.38753233984375 0.161530595703125 0.390408955078125 0.22419766015625 0.487774642578125 0.29633160546875 0.46855020703125 0.2950359765625 0.463714861328125 0.2379835 0.37223548828125 0.18627913671875 0.382481333984375
0 0.177270048828125 0.434334767578125 0.2515911328125 0.338275705078125 0.2059690625 0.27312063671875 0.203448615234375 0.27434994140625 0.13164553515625 0.36991369921875 0.177270048828125 0.434334767578125
0 0.3714351328125 0.602689408203125 0.300083341796875 0.507947359375 0.228130078125 0.539651111328125 0.228610654296875 0.54084058203125 0.301153974609375 0.631195138671875 0.37011741796875 0.603332099609375 0.3714351328125 0.602689408203125
0 0.352737759765625 0.568347712890625 0.27332649609375 0.65185498046875 0.318961267578125 0.72029799609375 0.40114090234375 0.63345709375 0.39610786328125 0.62540254296875 0.357218072265625 0.56616251953125 0.352737759765625 0.568347712890625
0 0.51484246484375 1 0.559181947265625 0.987805736328125 0.5578978671875 0.983013482421875 0.5000510234375 0.861064896484375 0.432714611328125 0.87842309765625 0.426369296875 0.880123318359375 0.421802900390625 0.8823505 0.475393630859375 1 0.51484246484375 1
0 0.43603601953125 0.78535060546875 0.369133623046875 0.837620486328125 0.36947788671875 0.838326330078125 0.473260828125 0.931679208984375 0.5412701796875 0.880455904296875 0.5390363046875 0.875875783203125 0.53834958203125 0.87499681640625 0.43603601953125 0.78535060546875
0 0.364495724609375 0.799111306640625 0.45211960546875 0.68035224609375 0.445083923828125 0.671967447265625 0.402413775390625 0.624087365234375 0.39778179296875 0.62634653515625 0.396277400390625 0.627608869140625 0.31279846484375 0.737951076171875 0.34000719140625 0.77037717578125 0.364495724609375 0.799111306640625
0 0.5007587109375 0.80452374609375 0.40238618359375 0.7066513125 0.374683697265625 0.726048802734375 0.33538401953125 0.754894755859375 0.44151820703125 0.84839560546875 0.50230321484375 0.807690447265625 0.5007587109375 0.80452374609375
0 0.34561366796875 0.22052604296875 0.24096819921875 0.103734001953125 0.19324499609375 0.123991298828125 0.1687253984375 0.134991361328125 0.269162494140625 0.25520865234375 0.346659060546875 0.22298883203125 0.34561366796875 0.22052604296875
0 0.15182325390625 0.11351617578125 0.1661567265625 0.182645978515625 0.167115353515625 0.184611453125 0.3088570390625 0.096755349609375 0.3055716171875 0.07395046484375 0.303191224609375 0.06440323046875 0.3019775 0.061914724609375 0.211233990234375 0.084539623046875 0.15182325390625 0.11351617578125
0 0.332919162109375 0.41981580078125 0.40199290234375 0.55142330859375 0.4821753828125 0.528247072265625 0.481018337890625 0.5236064140625 0.4068904765625 0.399584248046875 0.34042082421875 0.41615699609375 0.332919162109375 0.41981580078125
0 0.36416709375 0.217821458984375 0.324807412109375 0.164744525390625 0.32257172265625 0.165834943359375 0.23018903515625 0.27682397265625 0.27422267578125 0.3469083671875 0.274477673828125 0.34674902734375 0.370654201171875 0.228203001953125 0.36416709375 0.217821458984375
0 0.280496927734375 0.381434818359375 0.39645556640625 0.4666425234375 0.46489337109375 0.420892078125 0.462657525390625 0.41630791796875 0.339841869140625 0.333390427734375 0.279903958984375 0.3802190546875 0.280496927734375 0.381434818359375
0 0.38763434375 0.2446659453125 0.38586242578125 0.24520767578125 0.2636724453125 0.3349274453125 0.28735348828125 0.40740794921875 0.41206169921875 0.32138927734375 0.39023558984375 0.2499992890625 0.38763434375 0.2446659453125
0 0.44253323046875 0.628946884765625 0.5201284375 0.606573068359375 0.519220271484375 0.60263937109375 0.45096769140625 0.470818966796875 0.401706818359375 0.482191734375 0.377834880859375 0.48830784765625 0.37453043359375 0.48991953515625 0.37483191796875 0.49122541015625 0.3824118984375 0.509092126953125 0.44253323046875 0.628946884765625
0 0.61543409765625 1 0.637447408203125 0.989263390625 0.71499280859375 0.91532102734375 0.669343853515625 0.848538736328125 0.66331703515625 0.851478212890625 0.66045177734375 0.85355994140625 0.55921826171875 0.943513041015625 0.601297427734375 1 0.61543409765625 1
0 0.625514966796875 0.772562841796875 0.53112934765625 0.86131442578125 0.582492013671875 0.931016958984375 0.6763498515625 0.83870051953125 0.647277849609375 0.793576806640625 0.6307692890625 0.770000138671875 0.625514966796875 0.772562841796875
0 0.45198411328125 0.657278833984375 0.529187740234375 0.766028533203125 0.60619968359375 0.730392392578125 0.60311818359375 0.72347123046875 0.527933654296875 0.624151279296875 0.460199171875 0.65327208203125 0.45198411328125 0.657278833984375
0 0.58101973046875 0.699180404296875 0.50450908984375 0.71684427734375 0.50077605078125 0.718665001953125 0.55285862890625 0.84184216015625 0.63617271484375 0.824733248046875 0.636204544921875 0.824717724609375 0.635171857421875 0.820244669921875 0.58101973046875 0.699180404296875
0 0.53803130078125 0.545896740234375 0.532415943359375 0.547721279296875 0.42597658203125 0.6156024140625 0.450678212890625 0.691008189453125 0.5623614375 0.62444118359375 0.53832026171875 0.546489197265625 0.53803130078125 0.545896740234375
0 0.47302541796875 0 0.41887287890625 0.065081283203125 0.4541411953125 0.12774083203125 0.4554750390625 0.1270902734375 0.575817771484375 0 0.47302541796875 0
0 0.9061586171875 0.6479811171875 0.87555769140625 0.594978759765625 0.872297349609375 0.596568935546875 0.87185704296875 0.596823146484375 0.732295712890625 0.71390390234375 0.774526498046875 0.79348930078125 0.922405892578125 0.676818724609375 0.9061586171875 0.6479811171875
0 0.616671 0.053859744140625 0.60827729296875 0.03408540625 0.594452904296875 0.005741212890625 0.590196462890625 0.00754796484375 0.44181459765625 0.117032513671875 0.475574552734375 0.188859341796875 0.62386237109375 0.071951748046875 0.616671 0.053859744140625
0 0.828695998046875 0.58724674609375 0.735149908203125 0.424754525390625 0.7179020546875 0.43035869140625 0.65246029296875 0.455310091796875 0.742427046875 0.620386072265625 0.83035065625 0.59233926171875 0.828695998046875 0.58724674609375
0 0.961925830078125 0.762162888671875 0.928798177734375 0.690868296875 0.920536662109375 0.694206166015625 0.76933123828125 0.78465203515625 0.80571594921875 0.86866048828125 0.96815202734375 0.7775732734375 0.961925830078125 0.762162888671875
0 0.672408595703125 0.17073054296875 0.650042830078125 0.10189579296875 0.64849946484375 0.09873142578125 0.64333586328125 0.10040918359375 0.487049595703125 0.20151241796875 0.51395378515625 0.28109558984375 0.6751657890625 0.1795619921875 0.672408595703125 0.17073054296875
0 0.790931197265625 0.50707708203125 0.70249337890625 0.344583607421875 0.6631569921875 0.356609947265625 0.6158508046875 0.372219724609375 0.61579189453125 0.37224845703125 0.616229751953125 0.3736806171875 0.70597770703125 0.52940494921875 0.79028328515625 0.50727516796875 0.790931197265625 0.50707708203125
0 0.885092970703125 0.64084930078125 0.75989189453125 0.5171166875 0.68146795703125 0.56251937890625 0.6800537109375 0.563473298828125 0.810616806640625 0.70083389453125 0.888454890625 0.6477422578125 0.885092970703125 0.64084930078125
0 0.65637099609375 0.16818201171875 0.532758642578125 0.302553591796875 0.5840925 0.37996958203125 0.71404214453125 0.24254758984375 0.69715224609375 0.21551810546875 0.6629305859375 0.16498268359375 0.65637099609375 0.16818201171875
0 0.70189708203125 0.43813355078125 0.76959505859375 0.389786162109375 0.767289201171875 0.385058455078125 0.652952357421875 0.28125163671875 0.637795484375 0.267970419921875 0.5621756875 0.31461636328125 0.557232861328125 0.3180773671875 0.70189708203125 0.43813355078125
0 0.33690105859375 1 0.286467841796875 0.936188734375 0.266144375 0.94610115234375 0.217717744140625 0.970775751953125 0.239960076171875 1 0.33690105859375 1
0 0.22950103125 0.9894166953125 0.303995765625 0.916979103515625 0.267240728515625 0.853429076171875 0.26405523046875 0.85498274609375 0.19103722265625 0.920630892578125 0.22950103125 0.9894166953125
0 0.206764896484375 0.922357091796875 0.26915834765625 0.839582466796875 0.22779783984375 0.784463365234375 0.226523267578125 0.78288940234375 0.22261037109375 0.78479784765625 0.22025144921875 0.78670806640625 0.16041641015625 0.862141443359375 0.20276426953125 0.91741673046875 0.206764896484375 0.922357091796875
0 0.253545013671875 0.793102607421875 0.25181851953125 0.79072629296875 0.1759569765625 0.72688787890625 0.11315908203125 0.77251322265625 0.18717544921875 0.83574173046875 0.254054314453125 0.794146826171875 0.253545013671875 0.793102607421875
0 0.642556005859375 0 0.72695344921875 0.151167869140625 0.812450884765625 0.133518640625 0.74358062890625 0 0.642556005859375 0
0 0.791834140625 0.235137111328125 0.87097457421875 0.187746876953125 0.869518162109375 0.18476078515625 0.73899252734375 0.057408712890625 0.71657198046875 0.07035322265625 0.662598791015625 0.10550135546875 0.663511408203125 0.1070820546875 0.791834140625 0.235137111328125
0 0.651452572265625 0 0.707823474609375 0.06960676171875 0.786511111328125 0.033931634765625 0.78468227734375 0.029405111328125 0.76162496484375 0 0.651452572265625 0
0 0.71855112890625 0.229717701171875 0.7353779765625 0.31606641796875 0.735576265625 0.316472970703125 0.90406988671875 0.2354559296875 0.89130888671875 0.17380303125 0.886010326171875 0.150852439453125 0.881243482421875 0.141078962890625 0.71855112890625 0.229717701171875
0 1 0.50500602734375 0.88832921484375 0.60691219921875 0.93396831640625 0.683863228515625 1 0.62928662109375 1 0.50500602734375
0 1 0.490243841796875 0.931044400390625 0.3935631953125 0.861214470703125 0.424653482421875 0.841836095703125 0.434104947265625 0.841838373046875 0.434110060546875 0.95613474609375 0.589346923828125 1 0.569816853515625 1 0.490243841796875
0 1 0.42732703125 0.86783358984375 0.3089506328125 0.786875150390625 0.367770384765625 0.931866365234375 0.492978337890625 1 0.44543996484375 1 0.42732703125
0 0.897463578125 0.20705294921875 0.761683193359375 0.34474790625 0.812771998046875 0.4232599375 0.9524205078125 0.28701348828125 0.9435994609375 0.268927662109375 0.903190470703125 0.2042597578125 0.897463578125 0.20705294921875
0 1 0.574316396484375 0.99041848046875 0.579848291015625 0.928013396484375 0.61800941796875 1 0.71502707421875 1 0.574316396484375
0 0 0.53030005859375 0.0387101796875 0.584125986328125 0.111604431640625 0.50011172265625 0.09150720703125 0.47031636328125 0.071266390625 0.44138751171875 0.068123498046875 0.44292040234375 0.067579244140625 0.443287505859375 0 0.52518023046875 0 0.53030005859375
0 0.16495041015625 0.761690990234375 0.2172752578125 0.72230291796875 0.214742541015625 0.717110076171875 0.213618341796875 0.71567116796875 0.144710017578125 0.659650328125 0.118089681640625 0.680448416015625 0.0871380390625 0.70539535546875 0.16495041015625 0.761690990234375
0 0 0.511495087890625 0.004268560546875 0.51898300390625 0.08081260546875 0.43495973046875 0.0786019140625 0.43127989453125 0.042598826171875 0.37366291015625 0.039843015625 0.375007009765625 0 0.429523912109375 0 0.511495087890625
0 0.102425892578125 0.632137474609375 0.159705822265625 0.58644642578125 0.158094849609375 0.58314344140625 0.0726131484375 0.5269828046875 0.05563468359375 0.541229427734375 0.01813297265625 0.575961427734375 0.01880059765625 0.57675707421875 0.102425892578125 0.632137474609375
0 0.14520563671875 0.581666958984375 0.14378550390625 0.582269771484375 0.07020106640625 0.645340796875 0.0939563828125 0.70470762109375 0.0972924296875 0.71154752734375 0.173617662109375 0.6499850234375 0.160456513671875 0.61592226953125 0.15068268359375 0.592896572265625 0.14520563671875 0.581666958984375
0 0 0.435463572265625 0.05116179296875 0.362562103515625 0.047616615234375 0.35768258203125 0.00664617578125 0.30601460546875 0.00362948828125 0.30748594140625 0 0.3136892421875 0 0.435463572265625