0 0.51440212890625 0 0.48957162109375 0.052725681640625 0.53623976953125 0.09936145703125 0.54025551171875 0.09520303515625 0.58812212109375 0 0.51440212890625 0
0 0.478791357421875 0.01385058203125 0.46110670703125 0.131280251953125 0.520088470703125 0.1612012421875 0.5219498359375 0.15822243359375 0.539594986328125 0.044688296875 0.478791357421875 0.01385058203125
0 0.45106301171875 0.29525356640625 0.343122654296875 0.24872103515625 0.295568802734375 0.3092095859375 0.400219076171875 0.35335376953125 0.4483418671875 0.29900537890625 0.44981752734375 0.297246755859375 0.45106301171875 0.29525356640625
0 0.398978197265625 0.15681969921875 0.37050033203125 0.269086037109375 0.433521150390625 0.3085836015625 0.436654408203125 0.30356933984375 0.464402240234375 0.200370849609375 0.436629087890625 0.180346587890625 0.398978197265625 0.15681969921875
0 0.42762060546875 0.108294388671875 0.380720994140625 0.1689907734375 0.3795652890625 0.17084028515625 0.492944869140625 0.2137488828125 0.5381384375 0.15590375390625 0.54187374609375 0.1499260078125 0.541329974609375 0.14950116796875 0.42762060546875 0.108294388671875
0 0.33789759765625 0.288159201171875 0.277000193359375 0.3894454375 0.33325280078125 0.444188736328125 0.3345010078125 0.44298335546875 0.39087248046875 0.34228333203125 0.3396824453125 0.289274498046875 0.33789759765625 0.288159201171875
0 0.26050730859375 0.36520839453125 0.247113439453125 0.48423688671875 0.32328559765625 0.511534421875 0.32470515234375 0.50926266015625 0.338142890625 0.392405728515625 0.26050730859375 0.36520839453125
0 0.207548263671875 0.70417378515625 0.07624541015625 0.6674578515625 0.04019312890625 0.739626126953125 0.04207872265625 0.740804376953125 0.173687134765625 0.77981399609375 0.209871330078125 0.705625400390625 0.207548263671875 0.70417378515625
0 0.085725259765625 0.64237705859375 0.083569849609375 0.644688451171875 0.084470759765625 0.64552856640625 0.203972056640625 0.720854068359375 0.25608687890625 0.66588209765625 0.25678720703125 0.665131087890625 0.26097329296875 0.658431951171875 0.25885625 0.6564577734375 0.14406526953125 0.58199302734375 0.085725259765625 0.64237705859375
0 0.30206633203125 0.455543365234375 0.249074185546875 0.42370247265625 0.205219150390625 0.56346468359375 0.27134119921875 0.600559962890625 0.27569930078125 0.593585541015625 0.31765696875 0.4652854765625 0.30206633203125 0.455543365234375
0 0.17624960546875 0.52232144140625 0.13028952734375 0.5807442265625 0.257949185546875 0.64538083203125 0.305438697265625 0.579344099609375 0.3017852109375 0.576591 0.17624960546875 0.52232144140625
0 0.6440772734375 0.026234798828125 0.58444072265625 0.17281037109375 0.643763265625 0.22230254296875 0.64618962109375 0.21951133984375 0.70853459765625 0.08028406640625 0.652188916015625 0.031303515625 0.6440772734375 0.026234798828125
0 0.59958777734375 0.108726498046875 0.65851258984375 0.164227623046875 0.661482755859375 0.16608358984375 0.66463777734375 0.16245415234375 0.7143679765625 0.0464697421875 0.70574762109375 0.038976181640625 0.6749159140625 0.019710392578125 0.59958777734375 0.108726498046875
0 0.5101836484375 0.342762009765625 0.484326228515625 0.31701411328125 0.48293375390625 0.31614399609375 0.40728034765625 0.4464783125 0.460031119140625 0.5014754140625 0.46164595703125 0.499969552734375 0.54230677734375 0.37720984765625 0.5101836484375 0.342762009765625
0 0.63508525390625 0.28971552734375 0.636009892578125 0.28742696875 0.64392324609375 0.13903102734375 0.56847676953125 0.11532840234375 0.558809736328125 0.261932720703125 0.633678064453125 0.291967501953125 0.63508525390625 0.28971552734375
0 0.4268759296875 0.371037947265625 0.58085683984375 0.379174505859375 0.607096294921875 0.3108183828125 0.60078353125 0.30687373046875 0.463148951171875 0.294084287109375 0.4268759296875 0.371037947265625
0 0.540174115234375 0.176944384765625 0.51679823828125 0.3295019609375 0.58353423046875 0.36336872265625 0.585485486328125 0.3602460625 0.61211657421875 0.215196869140625 0.540174115234375 0.176944384765625
0 0.39145059765625 0.41235915234375 0.33840156640625 0.471450884765625 0.470629259765625 0.54973194140625 0.47441841796875 0.545942783203125 0.52359495703125 0.494355775390625 0.51450258203125 0.485263400390625 0.50753156640625 0.4803802734375 0.393144390625 0.410665357421875 0.39145059765625 0.41235915234375
0 0.265439427734375 0.89855855078125 0.292794875 0.821928099609375 0.290372623046875 0.820414509765625 0.283346779296875 0.81813167578125 0.15106962890625 0.78910514453125 0.129555587890625 0.858109841796875 0.16485173828125 0.88016532421875 0.265439427734375 0.89855855078125
0 0.277328587890625 0.847503064453125 0.3178096875 0.73302518359375 0.27066683203125 0.704466134765625 0.245214775390625 0.690357828125 0.19719964453125 0.81701090234375 0.271948931640625 0.856112310546875 0.277328587890625 0.847503064453125
0 0.345994146484375 0.5437938984375 0.29075082421875 0.6629441328125 0.354103916015625 0.713764705078125 0.359399267578125 0.70698696484375 0.41543224609375 0.595229505859375 0.3550739921875 0.549467615234375 0.345994146484375 0.5437938984375
0 0.385046857421875 0.669532384765625 0.25174251953125 0.65339842578125 0.225646533203125 0.732000986328125 0.359832083984375 0.751050791015625 0.3703156328125 0.7212734921875 0.38677622265625 0.67061301171875 0.385046857421875 0.669532384765625
0 0.4255025859375 0.631015033203125 0.447237353515625 0.510262021484375 0.37302603515625 0.47743850390625 0.3706017265625 0.4764094453125 0.3510901328125 0.6073942265625 0.421667591796875 0.637152306640625 0.4255025859375 0.631015033203125
0 0.8830371328125 0.153739208984375 0.84117611328125 0.316330302734375 0.8462927734375 0.319166513671875 0.913222109375 0.3547048046875 0.915949923828125 0.350339388671875 0.946535970703125 0.18943744140625 0.93944628125 0.185007310546875 0.8830371328125 0.153739208984375
0 0.59980462890625 0.901611375 0.61779855078125 0.86471837109375 0.6158032578125 0.86347157421875 0.612521130859375 0.8618707734375 0.44032969140625 0.8068245546875 0.3976089453125 0.892125357421875 0.5773829609375 0.94369526953125 0.59980462890625 0.901611375
0 0.939345505859375 0.36392598046875 0.961650826171875 0.333225341796875 0.96963313671875 0.32045097265625 0.9654070546875 0.31738054296875 0.79513816796875 0.24658117578125 0.750958220703125 0.31251265625 0.9275414609375 0.37940826171875 0.939345505859375 0.36392598046875
0 0.69815000390625 0.74830241015625 0.71600426953125 0.68656350390625 0.71520248046875 0.686062490234375 0.70847845703125 0.68374722265625 0.530497873046875 0.65743510546875 0.49960884765625 0.74560182421875 0.690909041015625 0.769331697265625 0.69815000390625 0.74830241015625
0 0.54833153515625 1 0.55304248046875 0.99494812890625 0.561454669921875 0.98546731640625 0.565461673828125 0.979054771484375 0.557961720703125 0.97206094921875 0.415464736328125 0.86959800390625 0.3533139609375 0.943462876953125 0.436776287109375 1 0.54833153515625 1
0 0.91875068359375 0.404828482421875 0.9136688671875 0.401136326171875 0.74431375 0.3334104375 0.69240650390625 0.40314696484375 0.87152362109375 0.472265189453125 0.907881287109375 0.422223154296875 0.91875068359375 0.404828482421875
0 0.74561032421875 0.66863187890625 0.76604758203125 0.61465592578125 0.76276302734375 0.612603505859375 0.5875742109375 0.584718267578125 0.55376287109375 0.659630060546875 0.551662888671875 0.664827703125 0.733599759765625 0.69835906640625 0.74561032421875 0.66863187890625
0 0.672898900390625 0.79827358203125 0.50296059375 0.71738697265625 0.44788335546875 0.79691980859375 0.448153603515625 0.797109037109375 0.616154736328125 0.870723580078125 0.666812380859375 0.808014046875 0.672898900390625 0.79827358203125
0 0.797555767578125 0.58698664453125 0.811683494140625 0.40334472265625 0.778677306640625 0.39197978125 0.720541265625 0.37432239453125 0.70857151171875 0.563949677734375 0.794976939453125 0.591113630859375 0.797555767578125 0.58698664453125
0 0.599085671875 0.5673864921875 0.74775189453125 0.6251590546875 0.7666616171875 0.63212640234375 0.8223258203125 0.559140521484375 0.82375984765625 0.556845599609375 0.822504357421875 0.55599876171875 0.645836607421875 0.496237390625 0.598890166015625 0.56725462109375 0.599085671875 0.5673864921875
0 0 0.56990137890625 0.010025833984375 0.57956850390625 0.01186762109375 0.57759343359375 0.0644148046875 0.493638369140625 0.02644651171875 0.45595152734375 0.016280126953125 0.446471220703125 0.007013837890625 0.440681001953125 0 0.45292680078125 0 0.56990137890625
0 0.081339533203125 0.50657026953125 0.090058458984375 0.40707402734375 0.03450737890625 0.385620810546875 0.021358265625 0.38109320703125 0.009794501953125 0.483829572265625 0.079278572265625 0.50986849609375 0.081339533203125 0.50657026953125
0 0.02378597265625 0.405038201171875 0.12480987109375 0.428511923828125 0.15930601953125 0.360809423828125 0.15505271484375 0.3581516640625 0.065131890625 0.336554255859375 0.02378597265625 0.405038201171875
0 1 0.41438245703125 0.9395875234375 0.382496533203125 0.87749580078125 0.44386366015625 1 0.513780943359375 1 0.41438245703125
0 1 0.469236501953125 0.9979032109375 0.46734854296875 0.94779671484375 0.42687836328125 0.946575396484375 0.4282347734375 0.864441705078125 0.589848134765625 0.934841505859375 0.65123220703125 1 0.519364625 1 0.469236501953125
0 1 0.316761802734375 0.974919703125 0.307634419921875 0.925094921875 0.379828341796875 0.92529808203125 0.37998143359375 1 0.408505953125 1 0.316761802734375
0 1 0.5912991875 0.82425205859375 0.55611656640625 0.78235174609375 0.64473345703125 0.96896057421875 0.67234729296875 0.99535685546875 0.6181619140625 1 0.607733244140625 1 0.5912991875
0 0.714329623046875 1 0.78270887890625 0.91380579296875 0.718013830078125 0.84442884765625 0.714532560546875 0.842253509765625 0.601703787109375 0.999748220703125 0.60193589453125 1 0.714329623046875 1
0 0.753768888671875 0.984350720703125 0.81162130859375 0.802383130859375 0.758291642578125 0.771593236328125 0.729383197265625 0.75505680859375 0.7288096484375 0.755974677734375 0.66797662890625 0.93776041015625 0.73534692578125 0.97665666796875 0.75249741796875 0.98638549609375 0.753768888671875 0.984350720703125
0 0.7902023984375 0.670283787109375 0.719302373046875 0.847435041015625 0.796414279296875 0.903657041015625 0.800415599609375 0.897942564453125 0.872456955078125 0.726977302734375 0.802171669921875 0.67776301953125 0.7902023984375 0.670283787109375
0 0.882768544921875 0.81329086328125 0.901666580078125 0.62051518359375 0.869795724609375 0.60954116796875 0.812615740234375 0.59102026171875 0.789545462890625 0.787216720703125 0.87967025 0.818249171875 0.882768544921875 0.81329086328125
0 0.272330359375 0.07507478515625 0.25083111328125 0.0605621953125 0.2429125859375 0.05561415234375 0.206940353515625 0.162936921875 0.26379232421875 0.200249470703125 0.267374705078125 0.195133302734375 0.303120763671875 0.09663445703125 0.272330359375 0.07507478515625
0 0.19376929296875 0.29759101953125 0.1049454375 0.277272181640625 0.07070660546875 0.336506279296875 0.16316677734375 0.363211537109375 0.18867584375 0.31719195703125 0.19780668359375 0.300113861328125 0.19376929296875 0.29759101953125
0 0.273121361328125 0 0.261427373046875 0.10833620703125 0.313134794921875 0.138568869140625 0.31572574609375 0.13442248046875 0.338806025390625 0.028859681640625 0.28452886328125 0 0.273121361328125 0
0 0.17693366796875 0.232930990234375 0.245595328125 0.255500298828125 0.24648984765625 0.25406876953125 0.246746630859375 0.25339982421875 0.254534341796875 0.15476237109375 0.239190392578125 0.14843136328125 0.184863611328125 0.127577267578125 0.17693366796875 0.232930990234375
0 0.20209814453125 0.316264654296875 0.214172296875 0.223290076171875 0.18897071484375 0.210894033203125 0.14968135546875 0.19257310546875 0.1342111953125 0.289037955078125 0.19869237109375 0.32171503125 0.20209814453125 0.316264654296875
0 0.299884005859375 0 0.28652751171875 0.043521521484375 0.34806841796875 0.084389275390625 0.34808648046875 0.0843644140625 0.3665294375 0 0.299884005859375 0