0 0 0.63731904296875 0.10125936328125 0.609774248046875 0.10640576953125 0.60560676953125 0.066824375 0.5499407109375 0 0.5699795 0 0.63731904296875
0 0.047913541015625 0.589859828125 0.16500783203125 0.5722256875 0.165263728515625 0.572018466796875 0.13450549609375 0.51137155078125 0.017334994140625 0.52958185546875 0.047913541015625 0.589859828125
0 0.210050248046875 0.38411651171875 0.212690298828125 0.388030546875 0.254868513671875 0.4471114140625 0.362185771484375 0.414564703125 0.363269765625 0.41368690234375 0.32258925390625 0.349020068359375 0.210050248046875 0.38411651171875
0 0.29904507421875 0.455100466796875 0.30200007421875 0.452344884765625 0.24487649609375 0.398686052734375 0.14705247265625 0.44650301171875 0.16453858984375 0.46809656640625 0.19718477734375 0.50310531640625 0.29904507421875 0.455100466796875
0 0.08219775 0.51538432421875 0.088333033203125 0.520408064453125 0.139577765625 0.56190523046875 0.23873197265625 0.495704583984375 0.24066562890625 0.49331671484375 0.2020305 0.4616863203125 0.18018929296875 0.44399966015625 0.077977990234375 0.51017335546875 0.08219775 0.51538432421875
0 0.35543940234375 0.4274786171875 0.357433798828125 0.42903680859375 0.407504037109375 0.368895943359375 0.3360356171875 0.274109220703125 0.2893257734375 0.333895095703125 0.35543940234375 0.4274786171875
0 0.350548611328125 0.2849283125 0.423333603515625 0.3800572890625 0.475872623046875 0.31675934375 0.4025298671875 0.221383498046875 0.350548611328125 0.2849283125
0 0.75721461328125 0.08588740234375 0.760210513671875 0.082317025390625 0.69805855859375 0.031164501953125 0.59052875390625 0.12019195703125 0.59190504296875 0.12189153515625 0.65363430078125 0.174385171875 0.75721461328125 0.08588740234375
0 0.63397316796875 0.23870796875 0.6839626796875 0.1769459609375 0.59505548828125 0.07088308984375 0.592859896484375 0.06904076953125 0.58776375 0.07511412109375 0.53883588671875 0.134408615234375 0.62723928125 0.24270712109375 0.62812099609375 0.24344696484375 0.63397316796875 0.23870796875
0 0.438716443359375 0.32038247265625 0.566922658203125 0.27088822265625 0.57172912890625 0.266996017578125 0.531183615234375 0.20284190234375 0.39390813671875 0.253951427734375 0.438716443359375 0.32038247265625
0 0.598562162109375 0.258905921875 0.553975333984375 0.12470898828125 0.553953212890625 0.124681669921875 0.48309163671875 0.166791900390625 0.533249046875 0.29185244921875 0.535774779296875 0.295894466796875 0.53793721484375 0.298564849609375 0.598562162109375 0.258905921875
0 0.2397920078125 0.69253622265625 0.242625130859375 0.69015894921875 0.194175818359375 0.629981681640625 0.04636098046875 0.68713642578125 0.092239076171875 0.743791154296875 0.09949787109375 0.752441849609375 0.2397920078125 0.69253622265625
0 0.11398893359375 0.817823896484375 0.146600271484375 0.795827271484375 0.17853321484375 0.77238204296875 0.17871120703125 0.772237904296875 0.103860052734375 0.658022734375 0.090954486328125 0.63888944140625 0.0625282734375 0.662574951171875 0.10410953515625 0.80562385546875 0.11398893359375 0.817823896484375
0 0.314082150390625 0.50093825390625 0.34284941796875 0.5260526484375 0.379454140625 0.55569456640625 0.496288193359375 0.46666694921875 0.497677740234375 0.464951001953125 0.43913490234375 0.416165130859375 0.314082150390625 0.50093825390625
0 0.303312376953125 0.63896469921875 0.307624123046875 0.63449975390625 0.25660626953125 0.576714525390625 0.119996474609375 0.646478322265625 0.1229061328125 0.65007144921875 0.17894876953125 0.70445820703125 0.303312376953125 0.63896469921875
0 0.319505791015625 0.44324721484375 0.27503850390625 0.50603787109375 0.361885130859375 0.625463376953125 0.36610653515625 0.62853040625 0.369068767578125 0.626131640625 0.4107718359375 0.558773333984375 0.319505791015625 0.44324721484375
0 0.3698643359375 0.61141346875 0.372768955078125 0.60906135546875 0.337926232421875 0.543273224609375 0.18604182421875 0.56926662890625 0.18585898046875 0.5694146953125 0.2253020859375 0.64057194140625 0.3698643359375 0.61141346875
0 0.38146259765625 0.42107081640625 0.38048242578125 0.421864544921875 0.40098433203125 0.460560423828125 0.420521056640625 0.49307498828125 0.54651955859375 0.453684048828125 0.56024818359375 0.448411142578125 0.564030810546875 0.44613830859375 0.56585653515625 0.4446598671875 0.527617123046875 0.377427314453125 0.38146259765625 0.42107081640625
0 0.722629423828125 0.16120924609375 0.727195744140625 0.16968406640625 0.76510823828125 0.23808001171875 0.874259814453125 0.19089869140625 0.878282365234375 0.187641294921875 0.851910892578125 0.140065896484375 0.8338154453125 0.11771987890625 0.722629423828125 0.16120924609375
0 0.659866650390625 0.214935328125 0.6941454375 0.27524234375 0.70303993359375 0.290045267578125 0.82489199609375 0.2389182109375 0.82798369921875 0.23641459765625 0.78237733203125 0.166740404296875 0.659866650390625 0.214935328125
0 0.62919976171875 0.254870615234375 0.62870120703125 0.253932974609375 0.55185930859375 0.29337071484375 0.58829600390625 0.41537519140625 0.591390166015625 0.4191961640625 0.662765314453125 0.38124532421875 0.62919976171875 0.254870615234375
0 0.6141513203125 0.316836533203125 0.65491830078125 0.35303701953125 0.76059073828125 0.273175357421875 0.76265434375 0.270962412109375 0.7021127578125 0.215225474609375 0.59282305078125 0.294340939453125 0.601443474609375 0.304986275390625 0.6141513203125 0.316836533203125
0 0.53749396875 0.30590162109375 0.48223657421875 0.36284740234375 0.548146509765625 0.470518505859375 0.55185127734375 0.474096158203125 0.556713349609375 0.4701589296875 0.608693130859375 0.414690353515625 0.53749396875 0.30590162109375
0 0.35466240234375 1 0.37422055859375 0.979746935546875 0.276427435546875 0.8197742578125 0.274537689453125 0.821304544921875 0.22831953515625 0.873778107421875 0.294764689453125 1 0.35466240234375 1
0 0.96013972265625 0.5134140703125 0.86703475 0.3503692421875 0.79806583203125 0.408339609375 0.88335066015625 0.5686961953125 0.88628486328125 0.572319634765625 0.91789784765625 0.54762086328125 0.96013972265625 0.5134140703125
0 0.2534856171875 0.902288326171875 0.30804081640625 0.95912711328125 0.308462353515625 0.959534185546875 0.467022712890625 0.858216404296875 0.46968601953125 0.85545846875 0.415769857421875 0.805745658203125 0.2534856171875 0.902288326171875
0 0.61697753125 0.57604619140625 0.65107037890625 0.637225224609375 0.660680712890625 0.65260497265625 0.83432543359375 0.58915916796875 0.840521048828125 0.58414205859375 0.792004861328125 0.50742016796875 0.61697753125 0.57604619140625
0 1 0.40182997265625 0.95713193359375 0.296330462890625 0.87195931640625 0.34176572265625 0.94255641015625 0.502452052734375 0.94329766015625 0.503685701171875 0.949722580078125 0.511619814453125 0.96596621484375 0.5023988203125 1 0.481949259765625 1 0.40182997265625
0 0.41948844921875 0.70408417578125 0.360937548828125 0.76834409765625 0.4597336015625 0.92166497265625 0.46491833203125 0.92649981640625 0.46839746484375 0.923682470703125 0.52151393359375 0.866722029296875 0.41948844921875 0.70408417578125
0 0.68763630078125 0.744135798828125 0.6906283984375 0.74081273828125 0.7393294765625 0.68216872265625 0.635615078125 0.53429126953125 0.635141267578125 0.5338646484375 0.587211068359375 0.584795443359375 0.57303191796875 0.600542986328125 0.682270734375 0.748480748046875 0.68763630078125 0.744135798828125
0 0.69000235546875 0.530408765625 0.691028984375 0.531771150390625 0.75039860546875 0.60023257421875 0.91092946875 0.5231053203125 0.915250228515625 0.5196064375 0.858172421875 0.443038958984375 0.69000235546875 0.530408765625
0 0.5905222890625 0.699545861328125 0.40274428515625 0.730629439453125 0.42558558203125 0.78590415234375 0.43913596484375 0.816338814453125 0.621558162109375 0.78871141796875 0.62400265625 0.787623060546875 0.6254491640625 0.786451701171875 0.5905222890625 0.699545861328125
0 0.47783066015625 0.718424013671875 0.51299703515625 0.75552444140625 0.5346535234375 0.777950392578125 0.695652724609375 0.689845611328125 0.69874759765625 0.686856923828125 0.62978292578125 0.6232887890625 0.612370353515625 0.63343392578125 0.475988009765625 0.71614853125 0.47783066015625 0.718424013671875
0 0.395098482421875 0 0.39491006640625 0.00023231640625 0.456342875 0.08234490234375 0.45672587890625 0.08266628125 0.459574677734375 0.08035937109375 0.50590663671875 0.02150975390625 0.48846206640625 0 0.395098482421875 0
0 0.33073388671875 0.074562587890625 0.37575560546875 0.11353960546875 0.460680080078125 0.058371984375 0.46236523828125 0.05656487109375 0.405845083984375 0.00663619140625 0.32066116796875 0.065010998046875 0.321185759765625 0.06565881640625 0.33073388671875 0.074562587890625
0 0.340745431640625 0.038308025390625 0.28042364453125 0.087155646484375 0.321912267578125 0.17580080859375 0.3248381875 0.17941401953125 0.335790703125 0.17054484765625 0.382822240234375 0.126501626953125 0.340745431640625 0.038308025390625
0 0.60970693359375 1 0.63191319140625 0.989779283203125 0.575406244140625 0.9232340234375 0.40440154296875 0.995206494140625 0.40828324609375 1 0.60970693359375 1
0 0.570886783203125 1 0.703098794921875 0.913169693359375 0.63359269140625 0.850775478515625 0.48319355078125 0.951992671875 0.48199608984375 0.95337019140625 0.528271060546875 0.998171126953125 0.530374939453125 1 0.570886783203125 1
0 0.475749298828125 1 0.46183921484375 0.93454574609375 0.46117528515625 0.93372586328125 0.44690178125 0.94163779296875 0.38132709375 0.9793783359375 0.38604973828125 1 0.475749298828125 1
0 0.607404431640625 0.946967830078125 0.7715422421875 0.879256849609375 0.77978567578125 0.87258144921875 0.719695728515625 0.799181490234375 0.55058800390625 0.87919161328125 0.607404431640625 0.946967830078125
0 1 0.578221103515625 0.858351177734375 0.620496119140625 0.90484766796875 0.707943294921875 1 0.674387197265625 1 0.578221103515625
0 1 0.671830171875 0.9535534375 0.612381283203125 0.78186012109375 0.69799328125 0.7811412734375 0.698575392578125 0.801572810546875 0.72494335546875 0.82334381640625 0.75280897265625 0.839909115234375 0.773265412109375 1 0.69643601171875 1 0.671830171875
0 0.70288585546875 0.75850424609375 0.716273892578125 0.77564015234375 0.76363334765625 0.833924994140625 0.92989340625 0.75705829296875 0.93711255078125 0.75121234375 0.876929953125 0.67418212890625 0.70288585546875 0.75850424609375
0 0.81797346875 0.74979199609375 0.627801501953125 0.80327012890625 0.655039306640625 0.85684882421875 0.6708639140625 0.88661058203125 0.85900674609375 0.837606953125 0.86253444921875 0.835731240234375 0.86332694921875 0.83508948828125 0.81797346875 0.74979199609375
0 0.12640696484375 0.35308980078125 0.153273017578125 0.325269189453125 0.0979077421875 0.227530916015625 0.04646050390625 0.27901488671875 0.100629390625 0.3693588828125 0.104966453125 0.373547134765625 0.10768278515625 0.371347490234375 0.12640696484375 0.35308980078125
0 0.210833408203125 0.14599196484375 0.23197683203125 0.17965662890625 0.25037566015625 0.20798833984375 0.3309499921875 0.17848590234375 0.339071333984375 0.171909369140625 0.302734517578125 0.118096625 0.210833408203125 0.14599196484375
0 0 0.33682706640625 0.03670184765625 0.417987650390625 0.040108205078125 0.422047185546875 0.049376892578125 0.41454155078125 0.084865388671875 0.3822333359375 0.048516251953125 0.2714210078125 0 0.31360193359375 0 0.33682706640625
0 0.16294054296875 0.18407645703125 0.109513037109375 0.23424095703125 0.158789154296875 0.322033736328125 0.162122392578125 0.32525260546875 0.170294060546875 0.318635318359375 0.21287862109375 0.27229032421875 0.16294054296875 0.18407645703125
0 0.228194244140625 0.2557923125 0.260474263671875 0.238719318359375 0.24315736328125 0.14161080078125 0.179377880859375 0.17437696875 0.1935344453125 0.2702530078125 0.193857931640625 0.27091625390625 0.194800091796875 0.2720797265625 0.228194244140625 0.2557923125
0 0 0.4251914765625 0.06866715234375 0.386607666015625 0.068685646484375 0.386583123046875 0.01161080078125 0.3396798359375 0 0.347529400390625 0 0.4251914765625