0 0 0.470524734375 0.047927814453125 0.46719000390625 0.079750830078125 0.35459851171875 0.07965085546875 0.35427151171875 0.00890946484375 0.359733095703125 0 0.3946673203125 0 0.470524734375
0 0.048705251953125 0.4177517421875 0.165673408203125 0.43719066796875 0.165839748046875 0.437139810546875 0.1553133046875 0.36986333984375 0.0382502421875 0.35097469140625 0.048705251953125 0.4177517421875
0 0.405971296875 0.36380976953125 0.39023077734375 0.292945203125 0.278548716796875 0.2809531953125 0.277359056640625 0.28118444140625 0.289566166015625 0.35677816015625 0.406640849609375 0.36842120703125 0.406854943359375 0.368355751953125 0.405971296875 0.36380976953125
0 0.19537169140625 0.31001496484375 0.201748333984375 0.33559028125 0.217853888671875 0.385779220703125 0.3216751484375 0.391130041015625 0.329996373046875 0.38858598828125 0.312223201171875 0.317707361328125 0.19537169140625 0.31001496484375
0 0.156566546875 0.31787859765625 0.1298379375 0.432918470703125 0.1310717890625 0.436954220703125 0.20942998046875 0.430098767578125 0.2352428203125 0.311419939453125 0.156566546875 0.31787859765625
0 0.3465508984375 0.270083775390625 0.34533080078125 0.270480208984375 0.367294984375 0.34597838671875 0.48532142578125 0.33975983984375 0.47689550390625 0.312199888671875 0.462396451171875 0.267576392578125 0.3465508984375 0.270083775390625
0 0.567062927734375 0.31436872265625 0.568282546875 0.31387596484375 0.5393609140625 0.23740155078125 0.420584306640625 0.25287071484375 0.44913242578125 0.33001981640625 0.567062927734375 0.31436872265625
0 0.75903326953125 0.14157562890625 0.7842473203125 0.27748372265625 0.8053335859375 0.27103700390625 0.86072146484375 0.250877466796875 0.8374503203125 0.113617623046875 0.75903326953125 0.14157562890625
0 0.710680451171875 0.309778732421875 0.716130798828125 0.30811239453125 0.718974162109375 0.30678651171875 0.787359978515625 0.27420964453125 0.75264909765625 0.137280294921875 0.7521285 0.13616387109375 0.74926417578125 0.13749952734375 0.673807494140625 0.174324482421875 0.709155314453125 0.306508064453125 0.710680451171875 0.309778732421875
0 0.49690190234375 0.226783005859375 0.50056235546875 0.255385189453125 0.508278435546875 0.30410262109375 0.64949828515625 0.3154128515625 0.65396626953125 0.3140468515625 0.64231866015625 0.23667312890625 0.49690190234375 0.226783005859375
0 0.69843588671875 0.176854970703125 0.6160866171875 0.180769203125 0.601660609375 0.31473858984375 0.6020896953125 0.32087480078125 0.6026971953125 0.32286184765625 0.674796125 0.31631118359375 0.69843588671875 0.176854970703125
0 0.190241017578125 0.5717781796875 0.19361965625 0.5702739140625 0.163634291015625 0.49907337109375 0.005721716796875 0.51327702734375 0.008614818359375 0.52273993359375 0.03886941015625 0.590692859375 0.190241017578125 0.5717781796875
0 0 0.56639038671875 0.12022296875 0.5981366640625 0.1258610078125 0.59641294140625 0.11822428125 0.5138752265625 0 0.51849736328125 0 0.56639038671875
0 0.373415951171875 0.38674854296875 0.382067333984375 0.536453359375 0.38222187109375 0.536958826171875 0.4268596328125 0.523995146484375 0.455794537109375 0.515148859375 0.455445103515625 0.3649559453125 0.455319953125 0.364546603515625 0.384451607421875 0.38337460546875 0.373415951171875 0.38674854296875
0 0.20955029296875 0.4345377578125 0.209019095703125 0.433579453125 0.13734470703125 0.46615408203125 0.16387860546875 0.61583376953125 0.16855443359375 0.614404224609375 0.23659644140625 0.57668792578125 0.20955029296875 0.4345377578125
0 0.38850306640625 0.391832732421875 0.388450099609375 0.39165948828125 0.31291653515625 0.40592421484375 0.292840099609375 0.549225015625 0.295534134765625 0.55803680859375 0.37392179296875 0.538147228515625 0.38850306640625 0.391832732421875
0 0.2888617890625 0.40808159765625 0.21915256640625 0.43898207421875 0.23423883984375 0.589821169921875 0.234742271484375 0.59090078515625 0.245667150390625 0.58756071484375 0.308383537109375 0.558315583984375 0.2888617890625 0.40808159765625
0 0.5812956484375 0.471877638671875 0.571637716796875 0.39225060546875 0.4378195546875 0.38373961328125 0.418411421875 0.383743287109375 0.416361474609375 0.384104748046875 0.42059673828125 0.412011498046875 0.429375806640625 0.46180006640625 0.57726130859375 0.473111060546875 0.5812956484375 0.471877638671875
0 0.91163722265625 0.386587345703125 0.972683576171875 0.360674705078125 0.92941277734375 0.22240002734375 0.853915923828125 0.257037712890625 0.89039075390625 0.38979819921875 0.89186300390625 0.393266603515625 0.90558671484375 0.38907084375 0.91163722265625 0.386587345703125
0 0.77544511328125 0.284659001953125 0.79821359765625 0.416996419921875 0.83699239453125 0.40514055078125 0.87781398046875 0.3901151484375 0.858413197265625 0.259902908203125 0.77544511328125 0.284659001953125
0 0.604296998046875 0.424290607421875 0.6080724140625 0.436639435546875 0.728422232421875 0.42689652734375 0.74025085546875 0.42328015625 0.71714435546875 0.3464370546875 0.5851271328125 0.3530659140625 0.58499856640625 0.353105220703125 0.604296998046875 0.424290607421875
0 0.674124744140625 0.315924001953125 0.67630912890625 0.347162171875 0.681435541015625 0.401440546875 0.8106234453125 0.4148362421875 0.81607208984375 0.41317042578125 0.80993862890625 0.33283810546875 0.674124744140625 0.315924001953125
0 0.5116607265625 0.36757885546875 0.519562720703125 0.433241591796875 0.52117387109375 0.446363361328125 0.64754121484375 0.46306158984375 0.6521848125 0.461641900390625 0.64101253515625 0.380709681640625 0.5116607265625 0.36757885546875
0 0.091054154296875 0.86492754296875 0.256592787109375 0.845296634765625 0.259121810546875 0.84411733203125 0.227917291015625 0.7739237265625 0.225444908203125 0.76862168359375 0.06813964453125 0.797600234375 0.084286537109375 0.850414341796875 0.091054154296875 0.86492754296875
0 0.865412166015625 0.700344552734375 0.91146123046875 0.687964369140625 0.90165340625 0.5011972421875 0.80892878125 0.5236345546875 0.8238295234375 0.70379544140625 0.82413811328125 0.70513208984375 0.82549211328125 0.70956082421875 0.865412166015625 0.700344552734375
0 0.2670762265625 0.88468195703125 0.283881654296875 0.8748527109375 0.239004763671875 0.69143317578125 0.168180544921875 0.727248783203125 0.21770162890625 0.904876783203125 0.220043759765625 0.909102099609375 0.226683029296875 0.90707226953125 0.2670762265625 0.88468195703125
0 0.583481181640625 0.60742041015625 0.5873045078125 0.67735308203125 0.589200181640625 0.695389203125 0.7755914140625 0.714745736328125 0.780899408203125 0.71312291796875 0.77087837109375 0.622466681640625 0.583481181640625 0.60742041015625
0 1 0.56267891015625 0.97065449609375 0.4708277734375 0.886750771484375 0.50745335546875 0.935651486328125 0.676723126953125 0.93941715234375 0.684798630859375 1 0.6602260078125 1 0.56267891015625
0 0.41429612109375 0.73247934765625 0.221291521484375 0.729449904296875 0.22457660546875 0.74262565625 0.24313258984375 0.81355073046875 0.42888009375 0.8142098203125 0.428891275390625 0.814207033203125 0.43332694921875 0.81285091015625 0.41429612109375 0.73247934765625
0 0.67920200390625 0.655912376953125 0.67647592578125 0.644104423828125 0.491533537109375 0.64876176171875 0.49523173046875 0.664780404296875 0.51402474609375 0.733513921875 0.687919529296875 0.73338025390625 0.694858306640625 0.731258857421875 0.67920200390625 0.655912376953125
0 0.72348241796875 0.54940315234375 0.72497967578125 0.738630703125 0.72504711328125 0.739013171875 0.814614666015625 0.716794736328125 0.81889758203125 0.533423150390625 0.81884029296875 0.533098251953125 0.72348241796875 0.54940315234375
0 0.431569642578125 0.837317314453125 0.459897302734375 0.830254435546875 0.46448053125 0.641117537109375 0.37116943359375 0.66077253515625 0.369222076171875 0.84646083984375 0.37016323046875 0.8502356015625 0.370346873046875 0.85083626953125 0.431569642578125 0.837317314453125
0 0.3979234609375 0.700545123046875 0.41716544921875 0.744868501953125 0.42984576171875 0.77334895703125 0.611269134765625 0.74562251171875 0.61519955859375 0.743872576171875 0.572135544921875 0.66055076171875 0.55230323828125 0.664128619140625 0.396267177734375 0.695127669921875 0.3979234609375 0.700545123046875
0 0.74345755859375 0 0.7410613359375 0.02505594921875 0.741199423828125 0.027690806640625 0.74259222265625 0.03224644921875 0.815871341796875 0.0284060546875 0.81948086328125 0 0.74345755859375 0
0 0.66224617578125 0 0.666352806640625 0.03907196484375 0.75942216796875 0.047740271484375 0.76150925390625 0.04752091015625 0.764017142578125 0.046754169921875 0.75957481640625 0 0.66224617578125 0
0 0.223896888671875 1 0.20523269140625 0.903981021484375 0.204904765625 0.902908427734375 0.16877821875 0.91067432421875 0.160726904296875 1 0.223896888671875 1
0 0.592632744140625 0 0.6074318203125 0.09299321484375 0.615302951171875 0.09058676953125 0.67701037109375 0.066953291015625 0.66902416015625 0 0.592632744140625 0
0 0.571252619140625 0 0.530009345703125 0.00693381640625 0.52233598828125 0.10276598046875 0.5245318359375 0.10994826953125 0.5263126796875 0.10969798828125 0.594152978515625 0.09759423046875 0.60439663671875 0 0.571252619140625 0
0 0.44328412109375 0.105802267578125 0.54095004296875 0.122881041015625 0.5419723046875 0.12280955859375 0.54493726171875 0.121903080078125 0.53388210546875 0.044426208984375 0.43883847265625 0.0285309453125 0.437900830078125 0.028817611328125 0.44328412109375 0.105802267578125
0 0.37902452734375 1 0.441559748046875 0.99140565625 0.44258689453125 0.99092669140625 0.440965791015625 0.98562430078125 0.403264505859375 0.906421271484375 0.22200181640625 0.93745346484375 0.22360971484375 0.9427126640625 0.25032323828125 1 0.37902452734375 1
0 0.46650762890625 1 0.462694974609375 0.831332908203125 0.3867238203125 0.8532412109375 0.372957072265625 0.85745012890625 0.377786017578125 1 0.46650762890625 1
0 0.339743115234375 1 0.333713310546875 0.96159071484375 0.13719944140625 0.93361944140625 0.14372165234375 1 0.339743115234375 1
0 0.543414880859375 1 0.57612122265625 0.97796177734375 0.52280519140625 0.797012115234375 0.44088211328125 0.85083774609375 0.4931772890625 1 0.543414880859375 1
0 1 0.808676408203125 0.96353376171875 0.734983671875 0.776302736328125 0.78381549609375 0.77873752734375 0.79177933984375 0.818433169921875 0.87316747265625 1 0.81617899609375 1 0.808676408203125
0 0.690222478515625 0.78169297265625 0.689317822265625 0.7819695546875 0.693239169921875 0.801132962890625 0.709512474609375 0.87769285546875 0.89990469921875 0.876023447265625 0.900450923828125 0.87590734375 0.902169162109375 0.875382025390625 0.8952672109375 0.842259765625 0.882652576171875 0.78291258203125 0.690222478515625 0.78169297265625
0 0.732752515625 0.74424646484375 0.639312701171875 0.780114650390625 0.667859708984375 0.963467318359375 0.670066923828125 0.96921730859375 0.6883043046875 0.96364158203125 0.758921001953125 0.934973359375 0.732752515625 0.74424646484375
0 0.513190109375 0.912456630859375 0.52471867578125 0.944131107421875 0.71785050390625 0.92178880078125 0.72254557421875 0.92007993359375 0.689438037109375 0.8291177265625 0.494321150390625 0.85552102734375 0.499831162109375 0.873543466796875 0.513190109375 0.912456630859375
0 1 0.7245551328125 0.883037435546875 0.71841956640625 0.886177314453125 0.754308544921875 0.894925345703125 0.82099596484375 1 0.8238855 1 0.7245551328125
0 0.260795474609375 0.200604474609375 0.269211171875 0.198031537109375 0.252646310546875 0.132937322265625 0.13911762890625 0.13200605859375 0.148282125 0.166159673828125 0.153312236328125 0.18370175390625 0.158993984375 0.202285916015625 0.260795474609375 0.200604474609375
0 0.41608947265625 0.15400657421875 0.462971271484375 0.130119103515625 0.43950909765625 0.0367832578125 0.379116162109375 0.068933994140625 0.39694396484375 0.161643533203125 0.397210220703125 0.162166087890625 0.4031727421875 0.160343162109375 0.41608947265625 0.15400657421875
0 0.1658160078125 0.11838741796875 0.09601900390625 0.14379737890625 0.102261525390625 0.25098526171875 0.103701888671875 0.255168376953125 0.12358371484375 0.249089892578125 0.160039263671875 0.23486600390625 0.1658160078125 0.11838741796875
0 0.30540694140625 0.192666466796875 0.321527966796875 0.087259462890625 0.32137720703125 0.086766349609375 0.24737927734375 0.0990449453125 0.233457919921875 0.19235424609375 0.234059734375 0.196636373046875 0.234808740234375 0.19908626171875 0.30540694140625 0.192666466796875
0 0.30342891796875 0.137312548828125 0.3158249609375 0.16251412890625 0.409038873046875 0.15040889453125 0.414637169921875 0.147798369140625 0.381572837890625 0.08255302734375 0.28558208203125 0.09794716015625 0.286552232421875 0.101120380859375 0.30342891796875 0.137312548828125
0 0 0.264332990234375 0.05979948046875 0.27839405078125 0.064354396484375 0.27700147265625 0.05253526171875 0.20997182421875 0 0.1979607421875 0 0.264332990234375
0 0.025905486328125 0.27467437109375 0.091092689453125 0.26483071484375 0.09701329296875 0.263679865234375 0.1130567421875 0.148637142578125 0.0591177734375 0.158032126953125 0.05026778515625 0.159752388671875 0.0441773984375 0.18484208203125 0.0247985234375 0.27105366015625 0.025905486328125 0.27467437109375