0 0.86010334375 0.08978208984375 0.81899941796875 0.0723345078125 0.794726482421875 0.06273140625 0.72429598828125 0.14575827734375 0.72313678125 0.152332478515625 0.78268993359375 0.17641755078125 0.86010334375 0.08978208984375
0 0.78136940234375 0.135436904296875 0.70680173046875 0.22697698828125 0.70671598046875 0.22746330078125 0.76953794921875 0.251706388671875 0.844971859375 0.15998834765625 0.78136940234375 0.135436904296875
0 0.667210681640625 0.437983494140625 0.7611819765625 0.507974931640625 0.761864109375 0.508095208984375 0.763367806640625 0.50396383203125 0.786373498046875 0.435114078125 0.69819159375 0.36835309765625 0.69530277734375 0.367843720703125 0.667210681640625 0.437983494140625
0 0.6855561015625 0.355999322265625 0.77093842578125 0.4300912265625 0.80182935546875 0.360457515625 0.716589037109375 0.284333837890625 0.71383458203125 0.28384815234375 0.7039078203125 0.30614402734375 0.6855561015625 0.355999322265625
0 0.803323978515625 0.34164811328125 0.80337355859375 0.341655966796875 0.81643821484375 0.261975751953125 0.70844319140625 0.20866973046875 0.69973880078125 0.258034775390625 0.695247779296875 0.286389966796875 0.803323978515625 0.34164811328125
0 0.75320066796875 0.578937091796875 0.77283710546875 0.505652916015625 0.675413193359375 0.44534148046875 0.67445248046875 0.44508405859375 0.67292958203125 0.44481553125 0.65037751953125 0.519610388671875 0.75320066796875 0.578937091796875
0 0.632374884765625 0.640770671875 0.632191814453125 0.6420732734375 0.71288141796875 0.655263611328125 0.758873033203125 0.54466546875 0.677785892578125 0.53081431640625 0.632374884765625 0.640770671875
0 0.68738296484375 0.9804630234375 0.70192454296875 0.901659736328125 0.5723861640625 0.850952802734375 0.5616851640625 0.90600467578125 0.556939490234375 0.93291872265625 0.6813020078125 0.97939078515625 0.68738296484375 0.9804630234375
0 0.585242076171875 0.76254071484375 0.584582587890625 0.765397283203125 0.56725412109375 0.847016984375 0.693280064453125 0.900586033203125 0.69752309375 0.901334193359375 0.69919868359375 0.894076416015625 0.715874591796875 0.8190318515625 0.58924574609375 0.763246669921875 0.585242076171875 0.76254071484375
0 0.744284623046875 0.67823518359375 0.631581630859375 0.59459857421875 0.624406439453125 0.59333339453125 0.59440179296875 0.664019916015625 0.711753599609375 0.748939818359375 0.744284623046875 0.67823518359375
0 0.663815302734375 0.67769016015625 0.63004315625 0.67592023828125 0.597844115234375 0.81378581640625 0.59780557421875 0.81452122265625 0.6719703515625 0.81686302734375 0.7122845078125 0.68181245703125 0.70739801953125 0.680950837890625 0.663815302734375 0.67769016015625
0 0.569123697265625 0.179964666015625 0.567984365234375 0.186426130859375 0.649065658203125 0.201564185546875 0.72231337890625 0.063091884765625 0.696042552734375 0.057430111328125 0.67220498046875 0.052796556640625 0.644895857421875 0.047981220703125 0.569123697265625 0.179964666015625
0 0.607588919921875 0.14191885546875 0.607876505859375 0.14740636328125 0.69192706640625 0.1396296640625 0.68745878515625 0.025340736328125 0.65277634765625 0.01922528515625 0.63980812109375 0.019904923828125 0.607588919921875 0.14191885546875
0 0.642221236328125 0.379365076171875 0.60405987109375 0.377951357421875 0.556958392578125 0.377951357421875 0.52218817578125 0.52066486328125 0.52218817578125 0.522872875 0.59838644921875 0.5239444140625 0.642221236328125 0.379365076171875
0 0.565321025390625 0.280986533203125 0.565675546875 0.2860564453125 0.64662089453125 0.280596220703125 0.68273022265625 0.138179951171875 0.603651845703125 0.137408244140625 0.565321025390625 0.280986533203125
0 0.63996076171875 0.292568291015625 0.56664559765625 0.30318202734375 0.53804762109375 0.44138405859375 0.5384556875 0.4472196640625 0.61349559375 0.441057494140625 0.6502760546875 0.293266923828125 0.64450985546875 0.292250185546875 0.63996076171875 0.292568291015625
0 0.652644244140625 0.372666083984375 0.6813235859375 0.302014044921875 0.5656897890625 0.20398928515625 0.56468951171875 0.203605314453125 0.56297426953125 0.20330287109375 0.53424017578125 0.278157744140625 0.652644244140625 0.372666083984375
0 0.48201777734375 0.5749880078125 0.48195141796875 0.57536436328125 0.553769421875 0.61209081640625 0.635655521484375 0.505909818359375 0.646505365234375 0.489817693359375 0.647352017578125 0.487916083984375 0.62184794140625 0.47582201953125 0.575662158203125 0.455258783203125 0.483511048828125 0.5716340703125 0.48201777734375 0.5749880078125
0 0.557510193359375 1 0.555513326171875 0.91309255078125 0.4203595703125 0.9045341171875 0.41116043359375 0.904855357421875 0.410443845703125 0.9089193203125 0.4154045703125 0.986781330078125 0.54931617578125 1 0.557510193359375 1
0 0.42417606640625 0.8766875625 0.5419675234375 0.935482044921875 0.569277056640625 0.85331905859375 0.451027359375 0.797579388671875 0.44644681640625 0.796771716796875 0.43788119140625 0.824788619140625 0.42417606640625 0.8766875625
0 0.456392271484375 0.714685232421875 0.579442392578125 0.760378037109375 0.5805224921875 0.760549107421875 0.59241407421875 0.6786763515625 0.470950873046875 0.629292341796875 0.4708584375 0.62927769921875 0.4616311640625 0.681608169921875 0.456392271484375 0.714685232421875
0 0.43742112890625 0.81891009765625 0.43636955859375 0.82487383984375 0.5157536640625 0.85159665234375 0.5820817578125 0.736341373046875 0.582378056640625 0.734660978515625 0.50518856640625 0.70656630078125 0.43742112890625 0.81891009765625
0 0.47546782421875 0.6644884453125 0.475014857421875 0.6681775546875 0.552911314453125 0.677932408203125 0.601050203125 0.555896375 0.582944408203125 0.552703833984375 0.518211482421875 0.54573983984375 0.47546782421875 0.6644884453125
0 0.352539587890625 0 0.297780640625 0.121634109375 0.29748895703125 0.12440929296875 0.37372813671875 0.13381417578125 0.379546244140625 0.13442568359375 0.4299720234375 0 0.352539587890625 0
0 0.14392772265625 0.79175508984375 0.32116196875 0.853724228515625 0.33518148828125 0.764725755859375 0.16561282421875 0.699654984375 0.1610211640625 0.698845349609375 0.153366392578125 0.738225734375 0.14392772265625 0.79175508984375
0 0.264075720703125 0.108088396484375 0.425505673828125 0.20605283984375 0.45026049609375 0.13064709765625 0.291730498046875 0.041239783203125 0.28320764453125 0.03973697265625 0.269008625 0.08925483984375 0.264075720703125 0.108088396484375
0 0.370970787109375 0.528713736328125 0.28640529296875 0.48928019921875 0.182488990234375 0.63447993359375 0.17863396484375 0.6427470625 0.254935283203125 0.68309653125 0.370970787109375 0.528713736328125
0 0.125174998046875 0.88910899609375 0.302756580078125 0.944357787109375 0.320879859375 0.854620310546875 0.1542086796875 0.79760018359375 0.145397646484375 0.79604655859375 0.12892534375 0.86783972265625 0.125174998046875 0.88910899609375
0 0.429106064453125 0.240472466796875 0.28399199609375 0.13031170703125 0.27599698046875 0.128901970703125 0.24456638671875 0.20294780859375 0.396064400390625 0.32088262890625 0.429106064453125 0.240472466796875
0 0.380621447265625 0.5561619765625 0.38047447265625 0.551953263671875 0.37432355078125 0.46999504296875 0.199778724609375 0.43620618359375 0.196364357421875 0.436325416015625 0.197118037109375 0.494796515625 0.198236978515625 0.52683878515625 0.3803841875 0.55750754296875 0.380621447265625 0.5561619765625
0 0.33116153515625 0.763750978515625 0.3317792109375 0.763859890625 0.3540085625 0.669801369140625 0.179654033203125 0.597414958984375 0.17884163671875 0.5972717109375 0.16431558984375 0.6882839453125 0.33116153515625 0.763750978515625
0 0.30735958203125 0.40984371875 0.4181592734375 0.255085212890625 0.362922912109375 0.232151322265625 0.3318207890625 0.220212333984375 0.222364333984375 0.36873982421875 0.221116955078125 0.371989357421875 0.220943185546875 0.37297484765625 0.30735958203125 0.40984371875
0 0.382507201171875 0.482480775390625 0.390097330078125 0.38953035546875 0.371382599609375 0.382055029296875 0.22317174609375 0.32586277734375 0.221978646484375 0.32569509765625 0.209379353515625 0.409667861328125 0.381419048828125 0.483798564453125 0.38225414453125 0.483915931640625 0.382507201171875 0.482480775390625
0 0.868300021484375 1 0.874974921875 0.938970154296875 0.870026837890625 0.938097673828125 0.796679177734375 0.942490837890625 0.79219061328125 1 0.868300021484375 1
0 0.90197912890625 0.90059876171875 0.8201664140625 0.85473554296875 0.815356037109375 0.853887345703125 0.790859955078125 0.925029140625 0.87566009375 0.97462418359375 0.90197912890625 0.90059876171875
0 0.100732701171875 0 0.09911442578125 0.023142412109375 0.10025168359375 0.02334294140625 0.287677322265625 0.03644901953125 0.289503408203125 0 0.100732701171875 0
0 0.91829281640625 0.79893865234375 0.88828987109375 0.79089938671875 0.84633941015625 0.78040609765625 0.800351322265625 0.866181150390625 0.7992455859375 0.872452087890625 0.8739646796875 0.889995388671875 0.91829281640625 0.79893865234375
0 0.87288897265625 0.814116611328125 0.93493653125 0.73175256640625 0.9114325546875 0.72177571875 0.864600712890625 0.703369056640625 0.807658744140625 0.78296945703125 0.8066871796875 0.78525831640625 0.806092501953125 0.788630908203125 0.87288897265625 0.814116611328125
0 0.928693880859375 0.74011459765625 0.928525353515625 0.66011767578125 0.838411625 0.63171464453125 0.836952275390625 0.631612595703125 0.83432258984375 0.64652627734375 0.830009638671875 0.7082043515625 0.928693880859375 0.74011459765625
0 0.252893158203125 0.12315261328125 0.07478771484375 0.068105783203125 0.074434583984375 0.070108482421875 0.07443458203125 0.1615401875 0.2534055234375 0.210451203125 0.252893158203125 0.12315261328125
0 0.05641016015625 0.25940492578125 0.23517021875 0.29759666015625 0.23528237109375 0.20928787890625 0.23516961328125 0.2071362890625 0.056301779296875 0.16681004296875 0.05269894140625 0.166998859375 0.05527883203125 0.2378179609375 0.05641016015625 0.25940492578125
0 0.15308051953125 0 0.09207798046875 0.125061462890625 0.0912209609375 0.13047247265625 0.181201125 0.143243390625 0.24830402734375 0 0.15308051953125 0
0 0.033324216796875 0.334533296875 0.204653275390625 0.40966915625 0.21852969921875 0.322324052734375 0.05061344921875 0.238301556640625 0.050569474609375 0.238293802734375 0.043925787109375 0.27247260546875 0.033324216796875 0.334533296875
0 0 0.79707396484375 0.0632749765625 0.80899773046875 0.137460611328125 0.628851892578125 0.0932430390625 0.6202568671875 0.03992002734375 0.61085458203125 0 0.723121349609375 0 0.79707396484375
0 0 0.70156044140625 0.0292103828125 0.704748796875 0.08955104296875 0.71109085546875 0.15008198828125 0.5287364453125 0.13060166796875 0.5253015390625 0.0529128828125 0.51713612109375 0 0.68497855859375 0 0.70156044140625
0 0 0.523122291015625 0.16485285546875 0.60779994921875 0.189066236328125 0.51068538671875 0.0262490546875 0.43074436328125 0.0146570078125 0.42870037109375 0.012595298828125 0.4369694296875 0 0.4919442109375 0 0.523122291015625
0 0.178167697265625 0.32623545703125 0.11814828125 0.323034740234375 0.084461541015625 0.321858373046875 0.03282851171875 0.50929666015625 0.032654138671875 0.5142900078125 0.1293951328125 0.51766827734375 0.178167697265625 0.32623545703125
0 0 0.898417232421875 0.031203169921875 0.91260187890625 0.1326501875 0.743784658203125 0.09948801953125 0.72970815234375 0.036499568359375 0.70612435546875 0 0.770439951171875 0 0.898417232421875
0 0.882016873046875 0.3631364140625 0.873932201171875 0.398154978515625 0.970695951171875 0.44972165234375 0.972217962890625 0.449990025390625 0.98979882421875 0.38308371875 0.896433470703125 0.33032469921875 0.8904480546875 0.329269310546875 0.882016873046875 0.3631364140625
0 0.85433280078125 0.571778701171875 0.841842708984375 0.62187372265625 0.84166791796875 0.622865009765625 0.927437705078125 0.66635912890625 0.94279456640625 0.59968722265625 0.861752861328125 0.552680560546875 0.859508333984375 0.552284791015625 0.85433280078125 0.571778701171875
0 0.884878453125 0.3198985859375 0.97947587890625 0.382908330078125 0.99613744140625 0.32357619921875 0.91013812109375 0.251824392578125 0.907092474609375 0.25128736328125 0.88613324609375 0.315793244140625 0.884878453125 0.3198985859375
0 0.862326923828125 0.4629453203125 0.93826393359375 0.530094923828125 0.972448666015625 0.465269162109375 0.897827208984375 0.3987944296875 0.890914064453125 0.39757545703125 0.89002809375 0.39947542578125 0.862326923828125 0.4629453203125
0 0.85242687109375 0.5427565078125 0.9323408515625 0.60058119921875 0.9554586796875 0.532706240234375 0.880652462890625 0.47509626171875 0.876075775390625 0.47428926953125 0.86378727734375 0.50805163671875 0.85242687109375 0.5427565078125
0 1 0.159104751953125 0.9216526640625 0.115260498046875 0.9168457109375 0.142522083984375 0.912432734375 0.18450876171875 1 0.23280489453125 1 0.159104751953125
0 1 0.23942549609375 0.98545784375 0.230810095703125 0.90781841015625 0.18658183984375 0.905009173828125 0.186286576171875 0.89524762890625 0.252289 0.89461717578125 0.25828737890625 0.999942427734375 0.3072650390625 1 0.306804099609375 1 0.23942549609375
0 1 0.08045018359375 0.9887590703125 0.07846810546875 0.92240689453125 0.074990736328125 0.92197250390625 0.077454291015625 0.922220390625 0.116453505859375 1 0.152735443359375 1 0.08045018359375