0 0.982007087890625 0.37080841015625 0.98267651171875 0.3653563671875 0.963168181640625 0.25808833203125 0.8927849453125 0.247676515625 0.91674906640625 0.36256169921875 0.96917451953125 0.3699110703125 0.982007087890625 0.37080841015625
0 0.9199803671875 0.31783316015625 0.922023052734375 0.25601980859375 0.808121775390625 0.28961999609375 0.805890943359375 0.35692685546875 0.80656969921875 0.35697431640625 0.919533181640625 0.32422822265625 0.9199803671875 0.31783316015625
0 0.56605418359375 0.352686357421875 0.671180419921875 0.31415583984375 0.669309689453125 0.24158827734375 0.6690626015625 0.23687356640625 0.55806338671875 0.27657196484375 0.564481576171875 0.352576390625 0.56605418359375 0.352686357421875
0 0.639693828125 0.28808808203125 0.64861883984375 0.36159247265625 0.651794923828125 0.36181456640625 0.653660673828125 0.36158548046875 0.75218994140625 0.317819701171875 0.749239666015625 0.265192576171875 0.74602740234375 0.23903077734375 0.639693828125 0.28808808203125
0 0.71469549609375 0.257844984375 0.768452591796875 0.366753853515625 0.84694462890625 0.354321935546875 0.847126017578125 0.351727943359375 0.792597240234375 0.24507827734375 0.71469549609375 0.257844984375
0 0.59144882421875 0.23126970703125 0.48061085546875 0.273780916015625 0.49110212109375 0.350577830078125 0.494314595703125 0.35080246875 0.59937933203125 0.306723451171875 0.59144882421875 0.23126970703125
0 0.409345189453125 0.222513421875 0.42284045703125 0.34206922265625 0.5046043125 0.35110528515625 0.4908793125 0.23211451953125 0.409345189453125 0.222513421875
0 0.20162386328125 0.24062506640625 0.20197545703125 0.237279857421875 0.20255523046875 0.22898872265625 0.062252349609375 0.23754500390625 0.054184533203125 0.319493265625 0.059118658203125 0.32001186328125 0.19369792578125 0.309709646484375 0.20162386328125 0.24062506640625
0 0.248218263671875 0.360221099609375 0.25466912109375 0.3606721875 0.25500407421875 0.3587725859375 0.25311206640625 0.218986509765625 0.1775173828125 0.20501451953125 0.17654378125 0.20484284765625 0.169582978515625 0.204356099609375 0.16921193359375 0.2064603984375 0.16928097265625 0.344857712890625 0.248218263671875 0.360221099609375
0 0.293236880859375 0.33147239453125 0.439067767578125 0.332543908203125 0.451000494140625 0.28468436328125 0.457139859375 0.25651005078125 0.3114144765625 0.253688634765625 0.29268598046875 0.331335037109375 0.293236880859375 0.33147239453125
0 0.358721890625 0.34763367578125 0.3584087109375 0.34540528125 0.308016005859375 0.218263828125 0.23420617578125 0.22707629296875 0.278770205078125 0.36305028515625 0.35855533984375 0.35001548046875 0.358721890625 0.34763367578125
0 0.979490189453125 0.42374389453125 0.9805355 0.415026673828125 0.98178186328125 0.39720286328125 0.827914560546875 0.42123595703125 0.815618654296875 0.5042579140625 0.818268095703125 0.50463026953125 0.972274814453125 0.47508394140625 0.979490189453125 0.42374389453125
0 1 0.42149930078125 0.882379857421875 0.470922884765625 0.881905951171875 0.504777048828125 0.893279359375 0.50557235546875 1 0.4962355078125 1 0.42149930078125
0 0.648996890625 0.385187109375 0.49968351953125 0.397443431640625 0.48968756640625 0.48030746875 0.494411408203125 0.48105565234375 0.637538474609375 0.46127991796875 0.64852772265625 0.39189655078125 0.648996890625 0.385187109375
0 0.826907912109375 0.37765367578125 0.74475368359375 0.3821618359375 0.744663921875 0.38344546484375 0.801333908203125 0.52407919140625 0.813558818359375 0.52343851171875 0.8795075546875 0.51468695703125 0.879409689453125 0.512819583984375 0.826907912109375 0.37765367578125
0 0.71243199609375 0.369187353515625 0.580660638671875 0.42700662890625 0.58606278515625 0.5091507265625 0.59115070703125 0.509506509765625 0.7243671875 0.44460377734375 0.71378136328125 0.3692817109375 0.71243199609375 0.369187353515625
0 0.791800396484375 0.515739240234375 0.747538087890625 0.373528955078125 0.67129662890625 0.372322478515625 0.711947498046875 0.517953443359375 0.7200917421875 0.5185229453125 0.791431537109375 0.521014185546875 0.791800396484375 0.515739240234375
0 0.44729637109375 0.344012779296875 0.44541734375 0.3654434375 0.44225597265625 0.49852409765625 0.459380513671875 0.50311260546875 0.520196291015625 0.515945798828125 0.52234151171875 0.507939724609375 0.52393023828125 0.362594421875 0.44729637109375 0.344012779296875
0 0.006202935546875 0.45450613671875 0.126571416015625 0.43836533203125 0.128956603515625 0.355336091796875 0.008062564453125 0.36723958203125 0.00554356640625 0.40326294140625 0.00554356640625 0.454460029296875 0.006202935546875 0.45450613671875
0 0.204454275390625 0.47062337109375 0.16785415234375 0.344955314453125 0.082430578125 0.359075498046875 0.12207455859375 0.484614228515625 0.17547849609375 0.47919662109375 0.204136412109375 0.475169013671875 0.204454275390625 0.47062337109375
0 0.35850219140625 0.502636033203125 0.35994189453125 0.3713481328125 0.275206205078125 0.354618640625 0.2749854140625 0.35565737890625 0.277553724609375 0.48638846484375 0.35178157421875 0.50216608203125 0.35850219140625 0.502636033203125
0 0.27321273046875 0.36415012109375 0.19566581640625 0.347148380859375 0.1922948515625 0.34691266015625 0.18739375390625 0.481855009765625 0.218103755859375 0.48916855078125 0.26565693359375 0.499276291015625 0.271081673828125 0.499655626953125 0.27321273046875 0.36415012109375
0 0.44997583203125 0.504333546875 0.450480716796875 0.4985626796875 0.4295849765625 0.37406145703125 0.3505218984375 0.367336044921875 0.368159037109375 0.496150796875 0.443430357421875 0.503875841796875 0.44997583203125 0.504333546875
0 0.827944994140625 0.69997547265625 0.826728677734375 0.70569778515625 0.812114052734375 0.78111182421875 0.81484354296875 0.781691994140625 0.98055542578125 0.76358167578125 0.983884830078125 0.747918064453125 0.9877372890625 0.692825318359375 0.827944994140625 0.69997547265625
0 0.27018816796875 0.660914794921875 0.271442560546875 0.65501334765625 0.272201564453125 0.644159109375 0.08701106640625 0.637672541015625 0.065142708984375 0.72506962109375 0.065172396484375 0.72507593359375 0.253105291015625 0.737321421875 0.27018816796875 0.660914794921875
0 0.8963504765625 0.81255181640625 0.84471880859375 0.63737094140625 0.7656770859375 0.64452869921875 0.824816869140625 0.82385841796875 0.84427738671875 0.8232885703125 0.89578846484375 0.820588990234375 0.8963504765625 0.81255181640625
0 0.329829076171875 0.78754306640625 0.392075748046875 0.80437269921875 0.394554689453125 0.796743302734375 0.417756609375 0.6183306171875 0.32906423046875 0.58898501953125 0.30867662109375 0.780670216796875 0.329829076171875 0.78754306640625
0 0.03578508203125 0.766506244140625 0.1134157265625 0.77890960546875 0.115268287109375 0.770193986328125 0.124838263671875 0.594262318359375 0.03484602734375 0.577449681640625 0.0195276484375 0.76305062109375 0.03578508203125 0.766506244140625
0 0.82349379296875 0.73370225 0.836185697265625 0.68737666015625 0.83621555859375 0.686949595703125 0.64587428515625 0.68097886328125 0.621232796875 0.76331391015625 0.62480110546875 0.76433710546875 0.81366881640625 0.76796601171875 0.82349379296875 0.73370225
0 0.366927798828125 0.67369406640625 0.35549904296875 0.752112248046875 0.354908466796875 0.760557865234375 0.538418173828125 0.742702177734375 0.5427178203125 0.701793779296875 0.546838291015625 0.652084447265625 0.54534012109375 0.651926982421875 0.366927798828125 0.67369406640625
0 0.3648503125 0.640782197265625 0.176604189453125 0.652449701171875 0.167069958984375 0.74792034765625 0.171351521484375 0.748370359375 0.349945076171875 0.731683310546875 0.364177794921875 0.65039964453125 0.3648503125 0.640782197265625
0 0.540874318359375 0.708728953125 0.555742009765625 0.80149780078125 0.556740263671875 0.80156760546875 0.560195041015625 0.80114341015625 0.73079054296875 0.73087033203125 0.72673048046875 0.6978037734375 0.71784070703125 0.63865995703125 0.540874318359375 0.708728953125
0 0.54278271875 0.80788858984375 0.62520937109375 0.7925625703125 0.62541309765625 0.78964913671875 0.564724896484375 0.64502035546875 0.556600990234375 0.6265779140625 0.46252308203125 0.63757674609375 0.46269307421875 0.638540822265625 0.54278271875 0.80788858984375
0 0.06578182421875 0.10468500390625 0.15421379296875 0.0915273515625 0.154658130859375 0.085173041015625 0.153936037109375 0.01289085546875 0.056316052734375 0.03052880859375 0.0563160546875 0.05389224609375 0.05650880859375 0.104036572265625 0.06578182421875 0.10468500390625
0 0.131446357421875 0.0192451953125 0.15756773828125 0.11489635546875 0.23292276953125 0.10830364453125 0.23352344921875 0.099713541015625 0.20800630078125 0.012570681640625 0.131446357421875 0.0192451953125
0 0.96625754296875 1 0.9681530546875 0.972892912109375 0.90862471875 0.826661458984375 0.87168936328125 0.8298072265625 0.88957734375 1 0.96625754296875 1
0 0.2959920703125 0.0259986015625 0.2179091875 0.015320833984375 0.23092837109375 0.118409005859375 0.304789931640625 0.1274211015625 0.2959920703125 0.0259986015625
0 0.383134751953125 0.128975650390625 0.384978408203125 0.128943470703125 0.385606119140625 0.11996680078125 0.363407740234375 0.0280549609375 0.293778275390625 0.0273946640625 0.28742218359375 0.027505609375 0.314236236328125 0.127633466796875 0.383134751953125 0.128975650390625
0 0.3524236875 0.0447203828125 0.396122662109375 0.13878016796875 0.469874052734375 0.124444349609375 0.470227888671875 0.11938424609375 0.431844861328125 0.035138482421875 0.3524236875 0.0447203828125
0 0.8372682890625 1 0.786446662109375 0.824782572265625 0.69984704296875 0.8227625 0.6997021015625 0.82483527734375 0.74430264453125 1 0.8372682890625 1
0 0.77010680859375 0.848371373046875 0.58614191015625 0.87983383203125 0.58155426171875 0.96955137890625 0.58379944140625 0.969787357421875 0.760871197265625 0.941552404296875 0.768997376953125 0.86423698046875 0.77010680859375 0.848371373046875
0 0.969404330078125 0.865401447265625 0.769306869140625 0.893531203125 0.759359294921875 0.97935372265625 0.764181201171875 0.980117435546875 0.95606506640625 0.95621391796875 0.968579017578125 0.87720395703125 0.969404330078125 0.865401447265625
0 0.659130423828125 0.94957636328125 0.68886978515625 0.867747818359375 0.68896262890625 0.86642008984375 0.50306521484375 0.84910851953125 0.47264914453125 0.935934169921875 0.47232794921875 0.94052745703125 0.47644109765625 0.9418638984375 0.659130423828125 0.94957636328125
0 0.27012170703125 0.798318447265625 0.08997587109375 0.87250408203125 0.1063885625 0.9596001171875 0.108454255859375 0.959744564453125 0.28901944140625 0.89553885546875 0.27012170703125 0.798318447265625
0 0.3924384453125 0.841647791015625 0.1996755 0.83950505859375 0.18602703515625 0.898623046875 0.17851345703125 0.931772529296875 0.18080099609375 0.932300650390625 0.3711350859375 0.93729260546875 0.388742068359375 0.8610283828125 0.39303108203125 0.84178461328125 0.3924384453125 0.841647791015625
0 0.2989820546875 0.96523598828125 0.477967998046875 0.9166482734375 0.476782673828125 0.841557421875 0.476023755859375 0.819824892578125 0.288497029296875 0.86710379296875 0.291906603515625 0.964741224609375 0.2989820546875 0.96523598828125
0 0.512504064453125 0.8052599609375 0.414554763671875 0.80355025 0.41454848046875 0.803640130859375 0.4573375 0.998237697265625 0.46907333203125 0.999058345703125 0.55119096484375 0.99898298828125 0.512504064453125 0.8052599609375
0 0 0.93551628515625 0.18564011328125 0.909416876953125 0.18564011328125 0.884790716796875 0.183794146484375 0.811665765625 0 0.832850943359375 0 0.93551628515625
0 0.73545346875 0.15890259375 0.77023525 0.15215458203125 0.77033995703125 0.150657189453125 0.769877935546875 0.1480369375 0.72117437109375 0.05022439453125 0.65295769140625 0.064379564453125 0.70005977734375 0.16514345703125 0.73545346875 0.15890259375
0 0.523330755859375 0.147644150390625 0.52149548046875 0.05335146484375 0.45573776171875 0.034459697265625 0.452193904296875 0.130633990234375 0.50301770703125 0.1442521875 0.513860072265625 0.14698189453125 0.523330755859375 0.147644150390625
0 0.72567843359375 0.066863 0.78546237890625 0.16699547265625 0.843288291015625 0.160217091796875 0.843759283203125 0.15348159765625 0.79923478515625 0.05653095703125 0.72567843359375 0.066863
0 0.672290634765625 0.165892017578125 0.67353514453125 0.16124744140625 0.6705563984375 0.060615263671875 0.5989234609375 0.04513309375 0.601551671875 0.146467150390625 0.665958734375 0.16544924609375 0.672290634765625 0.165892017578125
0 0.60978686328125 0.10408775390625 0.619762697265625 0.06407687109375 0.61990536328125 0.062036625 0.52263005859375 0.0652448828125 0.502622607421875 0.135600453125 0.50861616015625 0.137094814453125 0.602427259765625 0.131191587890625 0.60978686328125 0.10408775390625
0 0.92703853515625 0.18147972265625 0.95640594140625 0.190458240234375 0.964585951171875 0.1910302421875 0.952934166015625 0.077855787109375 0.885776177734375 0.057323529296875 0.885471755859375 0.058319248046875 0.897769408203125 0.1709355703125 0.92703853515625 0.18147972265625
0 0.803976873046875 0.178233046875 0.909702744140625 0.141954443359375 0.909702744140625 0.10697446484375 0.908062046875 0.06803773046875 0.90725210546875 0.06798109375 0.82343430078125 0.104719650390625 0.799793072265625 0.115565583984375 0.8010135859375 0.17802583203125 0.803976873046875 0.178233046875
0 1 0.09254454296875 0.99535608984375 0.09169434765625 0.93889933984375 0.081739501953125 0.92469349609375 0.160834865234375 0.92448035546875 0.163882931640625 0.928084078125 0.16451836328125 1 0.14922207421875 1 0.09254454296875