0 0.02828975390625 0.28741349609375 0.00186231640625 0.391036109375 0.0030297421875 0.39934277734375 0.0673081015625 0.39487040234375 0.09922783203125 0.2819367265625 0.02828975390625 0.28741349609375
0 0.106282341796875 0.276944919921875 0.074040642578125 0.38816840234375 0.074409875 0.390795623046875 0.140821537109375 0.388594462890625 0.1744217265625 0.27469318359375 0.106282341796875 0.276944919921875
0 0.310232818359375 0.35102811328125 0.38531009375 0.361348314453125 0.4305770546875 0.2530246484375 0.430510673828125 0.252552318359375 0.42606801953125 0.252085376953125 0.35369781640625 0.24641931640625 0.31024954296875 0.3481410078125 0.31006877734375 0.349860888671875 0.310232818359375 0.35102811328125
0 0.307582912109375 0.367392857421875 0.348004052734375 0.261818794921875 0.27200444921875 0.256606947265625 0.229777259765625 0.362362396484375 0.23021884765625 0.365504458984375 0.2544576015625 0.3671993984375 0.307582912109375 0.367392857421875
0 0.24216835546875 0.252344484375 0.2421511875 0.2522973125 0.1661274296875 0.27950044140625 0.17184197265625 0.39937903515625 0.177917740234375 0.398525140625 0.246234873046875 0.37365973828125 0.24216835546875 0.252344484375
0 0.382849556640625 0.251070044921875 0.381590240234375 0.251314830078125 0.39418979296875 0.328927015625 0.511821478515625 0.337119623046875 0.50978137109375 0.322603501953125 0.4981371875 0.26269937109375 0.382849556640625 0.251070044921875
0 0.47395294140625 0.3131615390625 0.4771397421875 0.32505484375 0.596632716796875 0.32417829296875 0.577699501953125 0.244125109375 0.45739019140625 0.24530062109375 0.47395294140625 0.3131615390625
0 0.810845556640625 0.187275853515625 0.81693032421875 0.32607419140625 0.82344896484375 0.3251580546875 0.89633225 0.309666234375 0.89239045703125 0.170503478515625 0.810845556640625 0.187275853515625
0 0.811758919921875 0.183216125 0.8046174921875 0.184219787109375 0.726741576171875 0.202218416015625 0.731448599609375 0.338965671875 0.73224439453125 0.342709587890625 0.740398986328125 0.34156353515625 0.74095315234375 0.341445744140625 0.814914447265625 0.32508727734375 0.81189560546875 0.183859171875 0.811758919921875 0.183216125
0 0.590209267578125 0.213515078125 0.552769013671875 0.34780083203125 0.553901216796875 0.35585687890625 0.63065137109375 0.358537052734375 0.667875806640625 0.218547130859375 0.590209267578125 0.213515078125
0 0.6032850859375 0.252026001953125 0.620533935546875 0.297622390625 0.63320256640625 0.3289783515625 0.771759115234375 0.299896083984375 0.77244191015625 0.29962021875 0.743220916015625 0.231414412109375 0.6032850859375 0.252026001953125
0 0.091286376953125 0.402142873046875 0.028201580078125 0.544768634765625 0.02872225390625 0.5484734296875 0.11093793359375 0.55566637109375 0.169205958984375 0.4105555234375 0.091286376953125 0.402142873046875
0 0 0.497928982421875 0.112500271484375 0.527635990234375 0.122083228515625 0.526289193359375 0.11450955078125 0.44443290625 0 0.44890980859375 0 0.497928982421875
0 0.354941203125 0.45744820703125 0.49441741015625 0.49447316015625 0.49937240234375 0.49377678125 0.4995483203125 0.41088783984375 0.352250755859375 0.38040387890625 0.354941203125 0.45744820703125
0 0.248247021484375 0.406802935546875 0.248227900390625 0.405707423828125 0.16965030859375 0.400820025390625 0.12291870703125 0.54509445703125 0.123108896484375 0.54644773828125 0.205391892578125 0.545011482421875 0.248247021484375 0.406802935546875
0 0.37626633984375 0.3596987265625 0.299957451171875 0.39730925 0.31525285546875 0.535657111328125 0.317579626953125 0.54141606640625 0.31826931640625 0.54131913671875 0.387088998046875 0.513514181640625 0.37626633984375 0.3596987265625
0 0.3360512421875 0.44101626171875 0.1861342578125 0.411091134765625 0.19746775390625 0.49173315234375 0.34111042578125 0.51601905078125 0.34506894921875 0.515462716796875 0.3360512421875 0.44101626171875
0 0.445638787109375 0.494918755859375 0.50668071484375 0.505774830078125 0.524277197265625 0.507935404296875 0.571198919921875 0.383360896484375 0.577484779296875 0.36278683984375 0.49947029296875 0.35130788671875 0.4464960234375 0.4866648515625 0.445555412109375 0.49432551171875 0.445638787109375 0.494918755859375
0 0.8885150234375 0.43521752734375 0.89055329296875 0.44972057421875 0.970631044921875 0.44321368359375 0.98025640234375 0.32455360546875 0.9769570390625 0.301077408203125 0.89450825390625 0.304412314453125 0.8885150234375 0.43521752734375
0 0.78147983984375 0.36888751171875 0.784563755859375 0.423919845703125 0.90881029296875 0.442545458984375 0.914770228515625 0.441707845703125 0.915341728515625 0.35685640625 0.783976013671875 0.34017275 0.78098595703125 0.340592974609375 0.78147983984375 0.36888751171875
0 0.61182287890625 0.35999148046875 0.61182287890625 0.36335623046875 0.61284492578125 0.442928294921875 0.731566078125 0.47061122265625 0.741764251953125 0.4691779609375 0.742966328125 0.38636728125 0.61182287890625 0.35999148046875
0 0.8226394609375 0.46096740234375 0.82863626953125 0.46012460546875 0.829520138671875 0.37636803515625 0.699409345703125 0.348902109375 0.6977196328125 0.34913958203125 0.694852873046875 0.4312328828125 0.8226394609375 0.46096740234375
0 0.664463841796875 0.475308259765625 0.65331726953125 0.394562232421875 0.5239654609375 0.38143140625 0.5310124765625 0.43998958984375 0.533862224609375 0.460266603515625 0.65633679296875 0.47645044140625 0.664463841796875 0.475308259765625
0 0.18966637890625 0.7452127890625 0.02699779296875 0.7158356640625 0.03847355859375 0.79748998046875 0.196323453125 0.81564797265625 0.20271349609375 0.81474991015625 0.18966637890625 0.7452127890625
0 0.865929322265625 0.751325283203125 0.897959666015625 0.74298030859375 0.879159796875 0.55555858203125 0.7925748828125 0.580464958984375 0.805301482421875 0.76218810546875 0.805924515625 0.764686951171875 0.820624857421875 0.762620953125 0.865929322265625 0.751325283203125
0 0.28492746875 0.80319548828125 0.274352044921875 0.73090439453125 0.087477232421875 0.70380335546875 0.09317845703125 0.771335587890625 0.09481234765625 0.782961330078125 0.280326005859375 0.80384218359375 0.28492746875 0.80319548828125
0 0.68966981640625 0.7778697734375 0.70286165625 0.585790408203125 0.610420904296875 0.59928891015625 0.60229870703125 0.778812083984375 0.60344390625 0.78696060546875 0.663065767578125 0.781608728515625 0.68966981640625 0.7778697734375
0 1 0.596783861328125 0.835762296875 0.61437521484375 0.854057376953125 0.69987683203125 0.85642401953125 0.7087092578125 1 0.689250701171875 1 0.596783861328125
0 0.379783228515625 0.7194281953125 0.190902708984375 0.679627396484375 0.19161338671875 0.69318789453125 0.196295302734375 0.7663505234375 0.37850433984375 0.80243980078125 0.381081828125 0.80230471875 0.38313131640625 0.80201668359375 0.379783228515625 0.7194281953125
0 0.53579085546875 0.80896318359375 0.54474591796875 0.80570380859375 0.615278115234375 0.77678798828125 0.59312799609375 0.597528986328125 0.59290993359375 0.596929861328125 0.52667951953125 0.61939721875 0.506767048828125 0.626644765625 0.533867978515625 0.80923342578125 0.53579085546875 0.80896318359375
0 0.6795500703125 0.767132810546875 0.7388513203125 0.770549021484375 0.77418955859375 0.77240101953125 0.815281798828125 0.58775760546875 0.8152428828125 0.587480703125 0.72300755859375 0.588980806640625 0.679048521484375 0.760962525390625 0.678949212890625 0.762857478515625 0.6795500703125 0.767132810546875
0 0.329500203125 0.64733023828125 0.33727369140625 0.832865982421875 0.33859423828125 0.83718530859375 0.399057275390625 0.820471966796875 0.42697647265625 0.811936212890625 0.421654755859375 0.62281865234375 0.329500203125 0.64733023828125
0 0.42615791796875 0.64016670703125 0.42553422265625 0.660309513671875 0.423421876953125 0.81880104296875 0.423672373046875 0.819979537109375 0.506890169921875 0.803098625 0.517709205078125 0.616079998046875 0.517505669921875 0.6151224453125 0.42615791796875 0.64016670703125
0 0.82092134765625 0 0.82601110546875 0.082340896484375 0.82720378515625 0.08795201171875 0.84884282421875 0.08491084375 0.9004241484375 0.07394689453125 0.898154134765625 0 0.82092134765625 0
0 0.754251939453125 0 0.73926486328125 0.091777103515625 0.73934710546875 0.09236228125 0.816036765625 0.091023658203125 0.83261315234375 0 0.754251939453125 0
0 0.058578955078125 0.95177432421875 0.18899485546875 0.98708633984375 0.19407154296875 0.986372859375 0.198078716796875 0.901072552734375 0.198062388671875 0.900137126953125 0.197763046875 0.8980071953125 0.057421548828125 0.900456865234375 0.05828019140625 0.94964851171875 0.058578955078125 0.95177432421875
0 0.682820875 0.004618822265625 0.655325275390625 0.100775294921875 0.655574931640625 0.1025516875 0.72905643359375 0.10774612890625 0.761506568359375 0.00903615234375 0.682820875 0.004618822265625
0 0.613135404296875 0.12802448828125 0.67301046484375 0.107940224609375 0.66499826171875 0.004333615234375 0.5954741328125 0.028430267578125 0.60071343359375 0.128133142578125 0.60150343359375 0.1307171171875 0.60673149609375 0.129982361328125 0.613135404296875 0.12802448828125
0 0.589254400390625 0.01452834765625 0.516242123046875 0.047219986328125 0.526947216796875 0.14109552734375 0.52752811328125 0.142691525390625 0.53394587890625 0.14178956640625 0.600241439453125 0.11765995703125 0.589254400390625 0.01452834765625
0 0.2904327734375 1 0.320332521484375 0.833402876953125 0.227312515625 0.84557458984375 0.204825193359375 1 0.2904327734375 1
0 0.39618659765625 1 0.403740603515625 0.99726142578125 0.40771978515625 0.99557236328125 0.3839790390625 0.810116578125 0.3107141015625 0.839846015625 0.29746272265625 0.845470892578125 0.31901587109375 1 0.39618659765625 1
0 0.197519302734375 1 0.23306481640625 0.8460626328125 0.23281802734375 0.844306638671875 0.21670141796875 0.84543362109375 0.141320724609375 0.851925109375 0.1095737421875 1 0.197519302734375 1
0 0.357762083984375 0.83595278515625 0.35657475 0.933969009765625 0.531382296875 0.979762763671875 0.5326840390625 0.97980822265625 0.53754936328125 0.9791244453125 0.537590099609375 0.8929375625 0.357762083984375 0.83595278515625
0 0.93667151953125 0.90253826171875 0.94263862109375 0.901378375 0.92545669921875 0.8052756640625 0.73338976953125 0.813411404296875 0.73670990625 0.83703540234375 0.749199224609375 0.901287375 0.93667151953125 0.90253826171875
0 0.767584455078125 0.965425896484375 0.8086483359375 0.77808194921875 0.8086483359375 0.77668756640625 0.76598970703125 0.776363396484375 0.71087044140625 0.776363396484375 0.67351928515625 0.959989080078125 0.67428337890625 0.965425896484375 0.767584455078125 0.965425896484375
0 0.7447139609375 0.929303638671875 0.75145234375 0.92749809375 0.72499476953125 0.835807548828125 0.53541492578125 0.841806498046875 0.5375234296875 0.85680928515625 0.55941957421875 0.9385268046875 0.7447139609375 0.929303638671875
0 0.534963404296875 1 0.56665570703125 0.9955459375 0.60411318359375 0.981912533203125 0.577661669921875 0.786439380859375 0.48906630859375 0.816854296875 0.51025337890625 1 0.534963404296875 1
0 1 0.926104767578125 0.975344423828125 0.73690787890625 0.879984998046875 0.758142748046875 0.899881849609375 0.947539021484375 0.90016490234375 0.94867427734375 0.94045659375 0.9430116484375 0.95837672265625 0.93854366015625 1 0.926235326171875 1 0.926104767578125
0 0.21876398046875 0.182955623046875 0.253735541015625 0.17926734765625 0.27205920703125 0.177017482421875 0.289451818359375 0.174573111328125 0.304851216796875 0.0657414609375 0.304716158203125 0.064780458984375 0.235616279296875 0.071163064453125 0.21794310546875 0.17711477734375 0.21876398046875 0.182955623046875
0 0.43052869921875 0.050010267578125 0.43589778515625 0.101093701171875 0.43795761328125 0.117799716796875 0.525789455078125 0.13346874609375 0.53231634765625 0.13255144921875 0.5259395625 0.06153885546875 0.43052869921875 0.050010267578125
0 0.21547067578125 0.18654833984375 0.23445905078125 0.075074173828125 0.173479583984375 0.083985630859375 0.14275808984375 0.192269880859375 0.1431125703125 0.194792134765625 0.19744831640625 0.18908121484375 0.21547067578125 0.18654833984375
0 0.303641091796875 0.170812923828125 0.3060904921875 0.17719382421875 0.37381630078125 0.15493213671875 0.365817013671875 0.048657224609375 0.363568775390625 0.0489731953125 0.29621562109375 0.07676351171875 0.303641091796875 0.170812923828125
0 0.367028912109375 0.050064759765625 0.363252671875 0.0932274140625 0.36138716796875 0.121250646484375 0.44816540234375 0.157374162109375 0.45344819140625 0.15783634765625 0.454329859375 0.157712435546875 0.45830705078125 0.08487623828125 0.36707520703125 0.05005825390625 0.367028912109375 0.050064759765625
0 0 0.210902294921875 0.03341751953125 0.209735330078125 0.06441835546875 0.2071258671875 0.10544422265625 0.10152971875 0.1054078828125 0.100489138671875 0.035224111328125 0.102940009765625 0 0.195288583984375 0 0.210902294921875
0 0.14075610546875 0.20048019140625 0.1450744921875 0.175067943359375 0.158998048828125 0.083741681640625 0.09181378515625 0.09874329296875 0.08687061328125 0.1000678125 0.07929015234375 0.2101559296875 0.0807312265625 0.21553409765625 0.13015438671875 0.20332091015625 0.14075610546875 0.20048019140625
0 0 0.2073636328125 0.00488705078125 0.206676802734375 0.05050141796875 0.19945219921875 0.0415605859375 0.15866537890625 0 0.149064486328125 0 0.2073636328125