0 0.429350998046875 1 0.46460837109375 0.960815390625 0.35911541015625 0.91452359765625 0.314395828125 0.96596759375 0.319613490234375 0.97050323828125 0.39183 1 0.429350998046875 1
0 0.427748376953125 0.83080711328125 0.42684755859375 0.831843384765625 0.389032521484375 0.942708185546875 0.443557494140625 0.98363584375 0.481364919921875 0.871061103515625 0.427748376953125 0.83080711328125
0 0.572447060546875 0.642915505859375 0.549753798828125 0.7562718203125 0.61847541796875 0.790047 0.619044384765625 0.788976931640625 0.64022904296875 0.67866872265625 0.57706300390625 0.6428971953125 0.57391705859375 0.641224466796875 0.572447060546875 0.642915505859375
0 0.46575017578125 0.79940999609375 0.46859953515625 0.80188691015625 0.573319876953125 0.824240779296875 0.616483326171875 0.75724201953125 0.501755173828125 0.73445526171875 0.46575017578125 0.79940999609375
0 0.50888051953125 0.918480310546875 0.53149839453125 0.79911194921875 0.46210925 0.762699701171875 0.460023486328125 0.765099099609375 0.459051919921875 0.76692634765625 0.438896248046875 0.882177384765625 0.508340490234375 0.91910154296875 0.50888051953125 0.918480310546875
0 0.655525630859375 0.73549453515625 0.694187919921875 0.623312853515625 0.6278834765625 0.581524853515625 0.62724312890625 0.58226148828125 0.6268124765625 0.58289995703125 0.59260956640625 0.69311973046875 0.655491318359375 0.7355340078125 0.655525630859375 0.73549453515625
0 0.616092265625 0.589661708984375 0.71501687890625 0.655287076171875 0.77449569921875 0.59846059765625 0.674703759765625 0.53260921875 0.667645552734375 0.53896445703125 0.61504813671875 0.588502083984375 0.616092265625 0.589661708984375
0 0.91396749609375 0.252742271484375 0.910521083984375 0.25631113671875 0.835784072265625 0.36870372265625 0.879122248046875 0.41135871484375 0.894430775390625 0.42466621484375 0.9735765625 0.309552189453125 0.91396749609375 0.252742271484375
0 0.78962569140625 0.439516341796875 0.8194071015625 0.48366909765625 0.820967865234375 0.4850258515625 0.9210814765625 0.385693892578125 0.875833767578125 0.317405439453125 0.874300603515625 0.316072681640625 0.868001201171875 0.320321681640625 0.77230333984375 0.41282833203125 0.78962569140625 0.439516341796875
0 0.66097859375 0.532279251953125 0.7808005078125 0.588431337890625 0.8068610078125 0.555075419921875 0.82987577734375 0.525147859375 0.69549385546875 0.46413016796875 0.688755087890625 0.47275540234375 0.651251447265625 0.5238235703125 0.66097859375 0.532279251953125
0 0.81574720703125 0.53678244140625 0.87576748046875 0.48026438671875 0.759029517578125 0.400394982421875 0.706795158203125 0.445496083984375 0.704249408203125 0.4484246328125 0.709356548828125 0.454096685546875 0.81574720703125 0.53678244140625
0 0.333723232421875 0.917033396484375 0.39534476171875 0.86860798046875 0.269033640625 0.77642434765625 0.205986982421875 0.8239334140625 0.2025795625 0.827853201171875 0.202974982421875 0.82837794140625 0.333723232421875 0.917033396484375
0 0.345785185546875 0.913186748046875 0.19342451953125 0.844687513671875 0.187107626953125 0.85041491796875 0.169399927734375 0.870785294921875 0.242176482421875 0.936313599609375 0.2862404609375 0.97461783203125 0.3427172890625 0.9167159609375 0.345785185546875 0.913186748046875
0 0.421417568359375 0.576363935546875 0.423524767578125 0.57906102734375 0.5439534296875 0.663804322265625 0.559304181640625 0.651811 0.603989716796875 0.61587562890625 0.486017380859375 0.522681873046875 0.47368498046875 0.532317 0.421417568359375 0.576363935546875
0 0.441657748046875 0.760933361328125 0.4407388359375 0.760336611328125 0.30082158203125 0.72344044921875 0.255752771484375 0.792840328125 0.2560329296875 0.793083865234375 0.40416271875 0.83016086328125 0.441657748046875 0.760933361328125
0 0.435287859375 0.564916220703125 0.43400271484375 0.567438458984375 0.406327451171875 0.70582822265625 0.46966730078125 0.744244732421875 0.479201958984375 0.74910288671875 0.503325337890625 0.597218935546875 0.4373230390625 0.562575013671875 0.435287859375 0.564916220703125
0 0.312609666015625 0.74081896484375 0.31268496484375 0.740859001953125 0.458901171875 0.76770435546875 0.496479697265625 0.695691796875 0.496371263671875 0.69559753515625 0.344882666015625 0.672385455078125 0.309796287109375 0.73837333203125 0.312609666015625 0.74081896484375
0 0.53084999609375 0.457031525390625 0.517675056640625 0.46889429296875 0.47378958984375 0.51290923828125 0.47933567578125 0.51906879296875 0.60036722265625 0.59956193359375 0.65768889453125 0.54541165234375 0.6407390234375 0.532163794921875 0.53084999609375 0.457031525390625
0 0.83154588671875 0.1328899609375 0.82997178515625 0.1347007578125 0.7749538125 0.241011490234375 0.8415109921875 0.290523244140625 0.841866494140625 0.29011428515625 0.90061888671875 0.185746189453125 0.87405859765625 0.1626576796875 0.83154588671875 0.1328899609375
0 0.864695236328125 0.2571041484375 0.743941162109375 0.2046630234375 0.71299374609375 0.248521755859375 0.696752763671875 0.273530669921875 0.698656064453125 0.27518518359375 0.81930896484375 0.330837814453125 0.864695236328125 0.2571041484375
0 0.673540880859375 0.312387220703125 0.66818373046875 0.317744373046875 0.60240429296875 0.42352826171875 0.654371513671875 0.47684781640625 0.660694064453125 0.48234392578125 0.734408693359375 0.371513212890625 0.673540880859375 0.312387220703125
0 0.727867134765625 0.244785990234375 0.724789455078125 0.2482041015625 0.656679798828125 0.362002537109375 0.686026888671875 0.38842677734375 0.71856851171875 0.41671477734375 0.78969401171875 0.30324333984375 0.727867134765625 0.244785990234375
0 0.52830196484375 0.47077387109375 0.53390005078125 0.475640212890625 0.65299459375 0.513127798828125 0.6948808671875 0.445735353515625 0.57209898828125 0.402969486328125 0.52830196484375 0.47077387109375
0 0 0.71015476171875 0.135993861328125 0.73847374609375 0.175055654296875 0.67745729296875 0 0.629114259765625 0 0.71015476171875
0 0.662854875 0.11712662890625 0.486685154296875 0.050459037109375 0.47033446484375 0.07923813671875 0.4410777109375 0.132018716796875 0.44472 0.13518491015625 0.6163873359375 0.19431498828125 0.662854875 0.11712662890625
0 0.01132441015625 0.59059116015625 0.014752599609375 0.594979044921875 0.158910607421875 0.70996823046875 0.21955227734375 0.65876846875 0.068248501953125 0.545791349609375 0.052634228515625 0.557420234375 0.013752478515625 0.58779798828125 0.01132441015625 0.59059116015625
0 0.35839902734375 0.33550149609375 0.41261646875 0.379608921875 0.510593083984375 0.219157435546875 0.44234202734375 0.157036763671875 0.438759109375 0.161015998046875 0.344809763671875 0.3232753984375 0.35808637890625 0.33522971484375 0.35839902734375 0.33550149609375
0 0.591839203125 0 0.52660301171875 0.100020240234375 0.550946845703125 0.121939525390625 0.59545126953125 0.1606266328125 0.69892883203125 0.011287171875 0.686393158203125 0 0.591839203125 0
0 0.1755869921875 0.65390977734375 0.186975390625 0.661305490234375 0.246947146484375 0.477829765625 0.178207779296875 0.43433848828125 0.17370871875 0.439514064453125 0.11456725390625 0.6132738046875 0.1755869921875 0.65390977734375
0 0.260501833984375 0.324164650390625 0.25449632421875 0.332134232421875 0.25872173828125 0.335807328125 0.42063290234375 0.412835822265625 0.433385609375 0.395912408203125 0.474235150390625 0.33914476953125 0.473725958984375 0.33876106640625 0.30877579296875 0.26516854296875 0.260501833984375 0.324164650390625
0 0.573956625 0.17010525390625 0.526299427734375 0.091003884765625 0.39154948046875 0.22363816015625 0.443230669921875 0.297446546875 0.448180408203125 0.301749287109375 0.448606353515625 0.301451037109375 0.573956625 0.17010525390625
0 0.132621142578125 0.455840306640625 0.28489014453125 0.5609301875 0.354408435546875 0.49932168359375 0.20023833203125 0.38976214453125 0.175822513671875 0.41024944921875 0.12949614453125 0.45211608203125 0.132621142578125 0.455840306640625
0 0.193613744140625 0.40964077734375 0.335534716796875 0.470574990234375 0.354189763671875 0.47819803125 0.41422331640625 0.40493412890625 0.41343133203125 0.404358720703125 0.23818081640625 0.3381750703125 0.189694271484375 0.406233634765625 0.193613744140625 0.40964077734375
0 1 0.531211203125 0.97901030078125 0.51177308203125 0.91663619921875 0.552346712890625 0.98856887890625 0.624385701171875 1 0.617183474609375 1 0.531211203125
0 0.9268786484375 0.693031326171875 0.990184630859375 0.613222162109375 0.94432022265625 0.55335683984375 0.9423999609375 0.5549118359375 0.881442693359375 0.635781138671875 0.917184208984375 0.683412087890625 0.92044448828125 0.687438197265625 0.9268786484375 0.693031326171875
0 0.865011669921875 0.62788055859375 0.81530272265625 0.6850641640625 0.821155556640625 0.69015195703125 0.899544310546875 0.73096833203125 0.95622984375 0.6745211328125 0.865011669921875 0.62788055859375
0 0 0.561648380859375 0.028322068359375 0.5767074921875 0.06897292578125 0.396543322265625 0 0.359164458984375 0 0.561648380859375
0 0 0.41666877734375 0.12832279296875 0.46577362890625 0.13678441796875 0.45412719921875 0.182232916015625 0.38942770703125 0.00687085546875 0.3245769609375 0.00432996484375 0.32807419921875 0 0.334760333984375 0 0.41666877734375
0 0.24200100390625 0.34325225390625 0.089356015625 0.235092416015625 0.04161983203125 0.27614335546875 0.02634205859375 0.28989952734375 0.01721985546875 0.30039341796875 0.17427852734375 0.4001327265625 0.24200100390625 0.34325225390625
0 0.341025697265625 0 0.296612482421875 0.07268766015625 0.337476689453125 0.10821037109375 0.371983298828125 0.13716485546875 0.44682300390625 0 0.341025697265625 0
0 0.205051025390625 0.094540806640625 0.377581494140625 0.176842380859375 0.41075309765625 0.13282217578125 0.43607360546875 0.0986840546875 0.434863751953125 0.097632345703125 0.260720814453125 0.01776790234375 0.20373219140625 0.093394361328125 0.205051025390625 0.094540806640625
0 0.170383720703125 0.22175026953125 0.245902455078125 0.287397705078125 0.33511321484375 0.1182833671875 0.265439212890625 0.05533768359375 0.25620657421875 0.06595862109375 0.170383720703125 0.22175026953125
0 0.11516041015625 0.30721801953125 0.15017264453125 0.35531534375 0.1506269375 0.35571025390625 0.28451930078125 0.21064540234375 0.230013447265625 0.132802970703125 0.22863523828125 0.131604912109375 0.224904322265625 0.134217326171875 0.0958267109375 0.279606638671875 0.11516041015625 0.30721801953125
0 0.758053275390625 0.89736878515625 0.65285728515625 0.85797478515625 0.62958196875 0.888862171875 0.613635943359375 0.91140247265625 0.62197640234375 0.91865272265625 0.71525127734375 0.9562364921875 0.758053275390625 0.89736878515625
0 0.76695571875 0.73353608984375 0.7692545703125 0.7361806171875 0.842454162109375 0.789578828125 0.89713007421875 0.74057479296875 0.816478056640625 0.68842869140625 0.81572366015625 0.6890610546875 0.774361794921875 0.725016375 0.76695571875 0.73353608984375
0 0.66494597265625 1 0.680539193359375 0.92219740234375 0.616156064453125 0.8879580859375 0.61475468359375 0.88957019140625 0.604781056640625 1 0.66494597265625 1
0 0.751778703125 0.917457427734375 0.777882658203125 0.815081283203125 0.71389902734375 0.780779515625 0.71268468359375 0.782800525390625 0.687887072265625 0.878587130859375 0.70189854296875 0.887486404296875 0.751778703125 0.917457427734375
0 0.71430937109375 0.791717140625 0.714747908203125 0.792187412109375 0.79918264453125 0.839762603515625 0.85262901953125 0.791961669921875 0.76817623046875 0.74099437109375 0.74066908984375 0.765011955078125 0.72406065234375 0.78049957421875 0.71430937109375 0.791717140625
0 0.6335131015625 1 0.640730291015625 0.98701244140625 0.5890310859375 0.93424267578125 0.589008248046875 0.93426323828125 0.559283490234375 1 0.6335131015625 1