0 0.66587092578125 1 0.650195888671875 0.90908556640625 0.586356556640625 0.897851802734375 0.58466892578125 0.90579148046875 0.59842498828125 1 0.66587092578125 1
0 0.710910498046875 0.855513875 0.592162419921875 0.85434438671875 0.570270533203125 0.91829144921875 0.688835125 0.92001755078125 0.710910498046875 0.855513875
0 0.6449501796875 0.581043091796875 0.64101965234375 0.580560482421875 0.640609294921875 0.582491056640625 0.660084669921875 0.696674166015625 0.7363457734375 0.70357838671875 0.736493470703125 0.7023754921875 0.716740126953125 0.591802005859375 0.6449501796875 0.581043091796875
0 0.69233986328125 0.66856422265625 0.618366865234375 0.66458783203125 0.617606693359375 0.668164158203125 0.617533740234375 0.66955619140625 0.64352519140625 0.7741884296875 0.695865103515625 0.780421578125 0.722187248046875 0.7818010625 0.69233986328125 0.66856422265625
0 0.70991854296875 0.74630755859375 0.594588025390625 0.78438430859375 0.595974974609375 0.863842654296875 0.598518478515625 0.86438329296875 0.71171917578125 0.825227951171875 0.70991854296875 0.74630755859375
0 0.768175779296875 0.527363994140625 0.649625921875 0.53354373828125 0.6357811015625 0.6103289296875 0.639018001953125 0.611016955078125 0.75240165234375 0.601575427734375 0.768175779296875 0.527363994140625
0 0.78869074609375 0.451332654296875 0.66860783984375 0.443862251953125 0.64551091015625 0.5228148359375 0.7650772578125 0.52996087890625 0.78869074609375 0.451332654296875
0 0.787395279296875 0.24303131640625 0.79663859765625 0.246765859375 0.798326224609375 0.24712457421875 0.828772021484375 0.10990780078125 0.75222208984375 0.079564513671875 0.75036355078125 0.0841645546875 0.723171603515625 0.216370126953125 0.787395279296875 0.24303131640625
0 0.825746109375 0.192887484375 0.825746109375 0.18972705078125 0.82451426953125 0.18972705078125 0.68574468359375 0.21613715234375 0.685121109375 0.291883330078125 0.685121109375 0.29973762890625 0.68948193359375 0.30066455078125 0.68952309375 0.30066455078125 0.82426073828125 0.276837361328125 0.825746109375 0.192887484375
0 0.66348688671875 0.33958667578125 0.70183059765625 0.477112833984375 0.751125248046875 0.47539142578125 0.779900376953125 0.47352707421875 0.74244513671875 0.332669154296875 0.66424924609375 0.3360000546875 0.66348688671875 0.33958667578125
0 0.805174611328125 0.362607025390625 0.809088841796875 0.28025775390625 0.66963262890625 0.303897517578125 0.6630396640625 0.376462041015625 0.671205224609375 0.377033033203125 0.805174611328125 0.362607025390625
0 0.408284322265625 0.91226149609375 0.4026789140625 0.927798875 0.400905330078125 0.936142927734375 0.40321964453125 0.93703130859375 0.5556928046875 0.948020888671875 0.58668414453125 0.86903977734375 0.427163447265625 0.8630796953125 0.408284322265625 0.91226149609375
0 0.5537942109375 0.96224953515625 0.5613619765625 0.9260310078125 0.538409484375 0.92361860546875 0.402412171875 0.911148740234375 0.396669982421875 0.95057654296875 0.39269850390625 0.98836266015625 0.41054234375 0.992155486328125 0.5537942109375 0.96224953515625
0 0.59650578515625 0.657889955078125 0.601601908203125 0.658777392578125 0.58878475390625 0.5082436953125 0.514165884765625 0.49347643359375 0.513587169921875 0.49619906640625 0.517871177734375 0.64117565234375 0.59650578515625 0.657889955078125
0 0.56352838671875 0.888014421875 0.529910064453125 0.7449896484375 0.45095002734375 0.7382771875 0.44931823828125 0.745954154296875 0.4844485859375 0.887405904296875 0.56352838671875 0.888014421875
0 0.45905101171875 0.70765900390625 0.458960087890625 0.70852407421875 0.46565337109375 0.709946775390625 0.60963480078125 0.679407638671875 0.61854792578125 0.60347108984375 0.61731975390625 0.60321003515625 0.47347836328125 0.6277743984375 0.45905101171875 0.70765900390625
0 0.43700612890625 0.781332443359375 0.438565087890625 0.781721134765625 0.586932525390625 0.7723961640625 0.60599240234375 0.69335278125 0.453241125 0.70749221484375 0.44958121484375 0.7221713203125 0.43700612890625 0.781332443359375
0 0.540967421875 0.567148716796875 0.57875565625 0.5704547578125 0.62280689453125 0.57192809765625 0.622877556640625 0.57112044140625 0.597963037109375 0.420194802734375 0.521193044921875 0.415324984375 0.51991530078125 0.421336291015625 0.519858681640625 0.42198346484375 0.52113765625 0.43663416015625 0.540967421875 0.567148716796875
0 0.666220787109375 0.159940630859375 0.671037345703125 0.160964423828125 0.715720314453125 0.046810052734375 0.67488242578125 0.026002109375 0.634536345703125 0.01742628515625 0.597622306640625 0.12246884765625 0.666220787109375 0.159940630859375
0 0.699979470703125 0.1080121953125 0.56660926953125 0.12495042578125 0.566267703125 0.144518625 0.566713275390625 0.21067298046875 0.567938279296875 0.21093336328125 0.570777419921875 0.210982919921875 0.69691428515625 0.19207392578125 0.7016055859375 0.108357837890625 0.699979470703125 0.1080121953125
0 0.513827380859375 0.352279978515625 0.642301421875 0.38342825390625 0.677663521484375 0.30462765234375 0.67670107421875 0.304178853515625 0.54874287109375 0.2772732421875 0.51387824609375 0.352040671875 0.513827380859375 0.352279978515625
0 0.558783283203125 0.29316297265625 0.62994945703125 0.3263483046875 0.63401208203125 0.327211841796875 0.668805880859375 0.1980816796875 0.5926201875 0.160270412109375 0.592585546875 0.16026305078125 0.590645427734375 0.164423650390625 0.558783283203125 0.29316297265625
0 0.527255142578125 0.349229009765625 0.543951501953125 0.47117266015625 0.62467368359375 0.479457123046875 0.62729733203125 0.479686666015625 0.605377439453125 0.3490833203125 0.528672994140625 0.34255854296875 0.527255142578125 0.349229009765625
0 0.297493041015625 0.88197800390625 0.2995254140625 0.810414798828125 0.297795154296875 0.81004701953125 0.11851721875 0.859974439453125 0.119592470703125 0.92157560546875 0.119904875 0.930378583984375 0.14407284765625 0.93551564453125 0.297493041015625 0.88197800390625
0 0.3123107890625 0.052816158203125 0.319562958984375 0.2356115546875 0.39733666796875 0.24461418359375 0.414318119140625 0.2463990078125 0.40130437890625 0.060011068359375 0.313422708984375 0.047584986328125 0.3123107890625 0.052816158203125
0 0.25500207421875 0.706727947265625 0.17661491015625 0.698730287109375 0.1765726796875 0.69892896875 0.176313826171875 0.700770794921875 0.199882302734375 0.885991654296875 0.248305912109375 0.8939410546875 0.273102255859375 0.897425953125 0.25500207421875 0.706727947265625
0 0.272109587890625 0.24194794140625 0.287888421875 0.42491733984375 0.3058887109375 0.42712749609375 0.37574400390625 0.432170734375 0.36397055859375 0.244539494140625 0.274010904296875 0.2330029453125 0.272109587890625 0.24194794140625
0 0.2998099296875 0 0.28322466015625 0.061897064453125 0.277921869140625 0.086844740234375 0.28823455859375 0.089608017578125 0.462155369140625 0.113179146484375 0.4823537890625 0.01878231640625 0.30699694921875 0 0.2998099296875 0
0 0.15873673828125 0.659273232421875 0.1429451640625 0.714344998046875 0.13907430859375 0.73255593359375 0.143515921875 0.733829546875 0.3296193203125 0.73740533984375 0.35181708203125 0.656383265625 0.161389408203125 0.65040982421875 0.15873673828125 0.659273232421875
0 0.40362305859375 0.38705742578125 0.40488409765625 0.381595265625 0.2199417109375 0.37693792578125 0.21381135546875 0.40349140234375 0.20898769140625 0.426184958984375 0.20083273046875 0.465431 0.2041616171875 0.466199533203125 0.381946779296875 0.46633619140625 0.40362305859375 0.38705742578125
0 0.278170513671875 0.15331184375 0.3086394453125 0.334480556640625 0.405106498046875 0.334480556640625 0.405106498046875 0.33237393359375 0.36941229296875 0.15435615625 0.279265498046875 0.14816034765625 0.278170513671875 0.15331184375
0 0.172956052734375 0.578666763671875 0.15273544140625 0.63774361328125 0.15727416796875 0.6394858671875 0.34140022265625 0.6575780703125 0.37233389453125 0.569990921875 0.184378166015625 0.548911140625 0.172956052734375 0.578666763671875
0 0.178096361328125 0.557755533203125 0.33656505859375 0.56117574609375 0.356717361328125 0.561255404296875 0.3844997578125 0.47222996484375 0.38480274609375 0.470804515625 0.383984490234375 0.47060050390625 0.196702212890625 0.47488608984375 0.17692732421875 0.55746405859375 0.178096361328125 0.557755533203125
0 1 0.12213243359375 0.95195047265625 0.11726889453125 0.95027500390625 0.12515136328125 0.95419362890625 0.2162577109375 1 0.220609982421875 1 0.12213243359375
0 1 0.20267308203125 0.92634167578125 0.218698806640625 0.929029666015625 0.2956727421875 0.932413763671875 0.2963920546875 0.93322635546875 0.296363677734375 1 0.280553126953125 1 0.20267308203125
0 0 0.891678505859375 0.119081810546875 0.852640591796875 0.118520185546875 0.815575771484375 0 0.819714587890625 0 0.891678505859375
0 1 0.2763454453125 0.907711126953125 0.29798799609375 0.906469732421875 0.37234524609375 0.906572087890625 0.37236700390625 1 0.354278041015625 1 0.2763454453125
0 0.89116498828125 0.350635654296875 0.917001595703125 0.4471135859375 0.976539966796875 0.448273427734375 0.990444623046875 0.448030720703125 0.9661731015625 0.347535078125 0.89197359765625 0.346831443359375 0.89116498828125 0.350635654296875
0 0.980808966796875 0.428217515625 0.88354113671875 0.437573712890625 0.86709929296875 0.514133076171875 0.87221440625 0.515220326171875 0.97000640234375 0.505081765625 0.980808966796875 0.428217515625
0 0 0.66453217578125 0.02820070703125 0.795244529296875 0.1150744140625 0.80284499609375 0.082097974609375 0.621119447265625 0 0.613279634765625 0 0.66453217578125
0 0 0.66599787890625 0.15498259765625 0.657713322265625 0.1579756484375 0.64363212890625 0.17317926171875 0.5660406328125 0 0.57725502734375 0 0.66599787890625
0 0 0.876153474609375 0.0038751328125 0.89590351953125 0.09562112109375 0.90393025390625 0.053377564453125 0.70522773046875 0 0.702793064453125 0 0.876153474609375
0 0 0.562846146484375 0.165142802734375 0.578224958984375 0.197550595703125 0.48571374609375 0.00907759765625 0.477757115234375 0 0.50273433203125 0 0.562846146484375
0 0.25284803515625 0.1905587109375 0.275525716796875 0.113148162109375 0.2773397578125 0.1046137734375 0.086069529296875 0.079685421875 0.06171260546875 0.164628115234375 0.0596984765625 0.17410383984375 0.063846283203125 0.175293203125 0.25284803515625 0.1905587109375
0 0.095877544921875 0.131653275390625 0.103750634765625 0.32243356640625 0.164394892578125 0.33312678515625 0.197215736328125 0.338778673828125 0.197440765625 0.3377199921875 0.19243072265625 0.1460911640625 0.115820046875 0.13258263671875 0.09637640234375 0.12930633984375 0.095877544921875 0.131653275390625
0 0.19751130078125 0.42398051953125 0.15055778125 0.238252625 0.057278181640625 0.238096904296875 0.05553523828125 0.24629680859375 0.09745640234375 0.425726984375 0.19751130078125 0.42398051953125
0 0.13899681640625 0.53987712890625 0.158247421875 0.34350489453125 0.06948949609375 0.31475572265625 0.06893024609375 0.31637989453125 0.046206701171875 0.509627638671875 0.126090263671875 0.537133755859375 0.13899681640625 0.53987712890625
0 0.098713923828125 0 0.09004591796875 0.023815150390625 0.08093179296875 0.06669373828125 0.089305662109375 0.069741576171875 0.2611138046875 0.1107505625 0.290793681640625 0.0390026875 0.299588083984375 0.014840265625 0.22975308984375 0 0.098713923828125 0
0 0.850407818359375 0.8207566015625 0.87920704296875 0.832993279296875 0.88305588671875 0.833811376953125 0.8978315390625 0.7220317421875 0.83490452734375 0.696252595703125 0.832364177734375 0.70195831640625 0.81606933984375 0.805468126953125 0.850407818359375 0.8207566015625
0 0.86008712109375 0.504360728515625 0.883900701171875 0.59252573828125 0.900722671875 0.593121705078125 0.9520796640625 0.59401814453125 0.932279341796875 0.499975130859375 0.86105399609375 0.499811935546875 0.86008712109375 0.504360728515625
0 0.868260294921875 0.90574461328125 0.870559166015625 0.792285341796875 0.815912244140625 0.766437203125 0.81429454296875 0.770248267578125 0.800401796875 0.8782034296875 0.862300263671875 0.90447776953125 0.868260294921875 0.90574461328125
0 0.82707334765625 0.73884674609375 0.923168322265625 0.713644806640625 0.922139779296875 0.6403650859375 0.82399412890625 0.665721140625 0.819861322265625 0.73484930078125 0.81977589453125 0.737295625 0.82707334765625 0.73884674609375
0 0.83861437890625 0.57532119140625 0.86570980859375 0.664564341796875 0.88143994921875 0.6648044453125 0.94017719140625 0.66377918359375 0.9087563984375 0.57041790234375 0.8397056484375 0.57018717578125 0.83861437890625 0.57532119140625
0 0.84514785546875 1 0.8401411796875 0.926144072265625 0.774595486328125 0.90357487890625 0.77357081640625 0.90655073046875 0.78048574609375 1 0.84514785546875 1
0 0.79460508984375 0.88189649609375 0.76990854296875 0.889279666015625 0.76838101953125 0.90014855859375 0.76251496484375 0.948761443359375 0.7716956953125 0.950712869140625 0.876139451171875 0.93052631640625 0.87685167578125 0.9254585703125 0.883553767578125 0.8569468515625 0.79460508984375 0.88189649609375