0 0.730524580078125 0.94726998046875 0.74107081640625 0.945787802734375 0.83395853515625 0.89782955859375 0.82333733984375 0.827477615234375 0.7204785234375 0.883983794921875 0.730524580078125 0.94726998046875
0 0.698457591796875 0.77816953515625 0.69874658203125 0.78022580859375 0.76745307421875 0.874218548828125 0.8322532890625 0.853029447265625 0.761722908203125 0.757489197265625 0.698457591796875 0.77816953515625
0 0.78648799609375 0.614055470703125 0.791088173828125 0.612993435546875 0.732718072265625 0.51057410546875 0.6588635546875 0.530124390625 0.659057677734375 0.53150565625 0.715347748046875 0.6284990078125 0.78648799609375 0.614055470703125
0 0.78484108203125 0.68132390625 0.79839474609375 0.60278591796875 0.6838834296875 0.62663845703125 0.67628140234375 0.69896691796875 0.67664148046875 0.701529009765625 0.67908456640625 0.701785787109375 0.78484108203125 0.68132390625
0 0.811332599609375 0.6831548828125 0.69272743359375 0.706791703125 0.684810958984375 0.7821119296875 0.685482462890625 0.78688991796875 0.685740638671875 0.7869170546875 0.80400791796875 0.761605599609375 0.811622791015625 0.68521969140625 0.811332599609375 0.6831548828125
0 0.762191919921875 0.55480850390625 0.76230373046875 0.553530498046875 0.738687271484375 0.440090021484375 0.66747968359375 0.4338601640625 0.663277919921875 0.43445068359375 0.683687888671875 0.550390654296875 0.762191919921875 0.55480850390625
0 0.646598298828125 0.47354674609375 0.7601352421875 0.43538209765625 0.75257463671875 0.35363351171875 0.63843723828125 0.391690921875 0.646598298828125 0.47354674609375
0 0.58066505078125 0.02984824609375 0.58195894921875 0.03905482421875 0.6258433203125 0.163050462890625 0.707733478515625 0.14805428125 0.65898112109375 0.01680559375 0.58066505078125 0.02984824609375
0 0.58231112890625 0.12014988671875 0.583476666015625 0.1284431171875 0.643748015625 0.247887236328125 0.72564701171875 0.224403078125 0.664049431640625 0.09826905859375 0.58231112890625 0.12014988671875
0 0.60367374609375 0.283379837890625 0.60407404296875 0.286228095703125 0.66993462109375 0.41066526953125 0.74733456640625 0.389926015625 0.677262314453125 0.261292353515625 0.60367374609375 0.283379837890625
0 0.610807373046875 0.325063625 0.618243669921875 0.324018521484375 0.735728328125 0.2599080078125 0.71798639453125 0.187722314453125 0.588456921875 0.24852523046875 0.610807373046875 0.325063625
0 0.714134921875 0.93462762890625 0.629154654296875 0.803154994140625 0.548905134765625 0.8255240625 0.5493514375 0.82869966796875 0.63867867578125 0.95693659765625 0.68851490234375 0.9426462890625 0.714149265625 0.934729697265625 0.714134921875 0.93462762890625
0 0.7174005625 0.97436012890625 0.71270253515625 0.90198162890625 0.710889685546875 0.8890825234375 0.558722939453125 0.956170615234375 0.558786 0.9744192578125 0.561197216796875 0.99157595703125 0.68206778515625 0.97887194921875 0.702710994140625 0.97642461328125 0.7174005625 0.97436012890625
0 0.645909904296875 0.487749099609375 0.505567513671875 0.541247201171875 0.507678134765625 0.57143048828125 0.511210810546875 0.61345014453125 0.511812640625 0.61773238671875 0.512099515625 0.61771232421875 0.654961380859375 0.5721396796875 0.6541563984375 0.56062789453125 0.64633691015625 0.4877192421875 0.645909904296875 0.487749099609375
0 0.62623376953125 0.72105492578125 0.54531626171875 0.72691325390625 0.545670783203125 0.731983166015625 0.603610806640625 0.868829541015625 0.681812197265625 0.85705976171875 0.62623376953125 0.72105492578125
0 0.65579971484375 0.65943987109375 0.665042869140625 0.5748694140625 0.5168020546875 0.617307427734375 0.514227021484375 0.691046728515625 0.514384728515625 0.692168865234375 0.520563916015625 0.692384646484375 0.65579971484375 0.65943987109375
0 0.52398275390625 0.6594191328125 0.524878595703125 0.66579337109375 0.59848992578125 0.7902814921875 0.677881478515625 0.7719525078125 0.595436701171875 0.641479888671875 0.52398275390625 0.6594191328125
0 0.642826974609375 0.521594251953125 0.64257644140625 0.5208231875 0.56067116015625 0.39163028515625 0.48834338671875 0.41705887890625 0.48914932421875 0.42279344140625 0.489474609375 0.423794560546875 0.496376392578125 0.436780861328125 0.565625890625 0.54917203515625 0.601701916015625 0.537450224609375 0.642826974609375 0.521594251953125
0 0.46817569921875 0 0.44445822265625 0.00375648046875 0.444590279296875 0.0046961171875 0.479278552734375 0.12077795703125 0.561658689453125 0.11014514453125 0.532920107421875 0 0.46817569921875 0
0 0.43748319921875 0.1786671328125 0.441345734375 0.179141392578125 0.568768134765625 0.17352087890625 0.58227357421875 0.090203953125 0.446193259765625 0.0931445 0.4438081328125 0.11256980078125 0.437381759765625 0.177945353515625 0.43748319921875 0.1786671328125
0 0.571105837890625 0.229685470703125 0.57009190234375 0.230095126953125 0.460474193359375 0.30229708203125 0.492336865234375 0.381159958984375 0.49614576171875 0.38062465234375 0.60111000390625 0.30678480859375 0.571105837890625 0.229685470703125
0 0.474063005859375 0.2937904140625 0.477930826171875 0.293246828125 0.590811330078125 0.228285390625 0.563376166015625 0.146785138671875 0.446268669921875 0.21742610546875 0.474063005859375 0.2937904140625
0 0.60569840625 0.4140453125 0.6068922734375 0.334705685546875 0.47962161328125 0.36128552734375 0.477122294921875 0.438259904296875 0.4778567578125 0.443485873046875 0.482958076171875 0.44357491796875 0.60569840625 0.4140453125
0 0.34327192578125 1 0.44321037109375 0.941748033203125 0.431524208984375 0.87095257421875 0.429457794921875 0.87124298828125 0.26332436328125 0.95429893359375 0.273038423828125 1 0.34327192578125 1
0 0.163280423828125 0.28215873046875 0.168334712890625 0.28180530078125 0.344979982421875 0.2433810078125 0.33932683203125 0.148147970703125 0.15785301171875 0.193374126953125 0.159477224609375 0.2410306796875 0.161434958984375 0.269027578125 0.163280423828125 0.28215873046875
0 0.41058365234375 0.9466394375 0.43371677734375 0.937759462890625 0.43363734765625 0.937194275390625 0.325677533203125 0.77965280078125 0.253329767578125 0.810622845703125 0.25339807421875 0.81110887109375 0.253967154296875 0.81259137890625 0.36437746484375 0.963162970703125 0.41058365234375 0.9466394375
0 0.190778662109375 0.46316184765625 0.3691171796875 0.439396578125 0.37450757421875 0.346131119140625 0.18407719140625 0.376049982421875 0.182913185546875 0.3982605078125 0.1827676328125 0.462742005859375 0.190778662109375 0.46316184765625
0 0.16014323046875 0.199057669921875 0.17059171484375 0.19664544921875 0.335220650390625 0.13580664453125 0.308738169921875 0.04297660546875 0.138569470703125 0.111337095703125 0.15436819140625 0.17976886328125 0.15935556640625 0.19916837109375 0.16014323046875 0.199057669921875
0 0.333728615234375 0.865475677734375 0.37881791796875 0.870470681640625 0.38181023046875 0.870050138671875 0.358017076171875 0.681795203125 0.274437958984375 0.67055196875 0.272786048828125 0.67078412890625 0.2723885390625 0.67402157421875 0.29834973046875 0.8611316953125 0.333728615234375 0.865475677734375
0 0.207764544921875 0.56263839453125 0.209483408203125 0.572386556640625 0.216159666015625 0.57144826953125 0.38182366015625 0.505999541015625 0.378143984375 0.485131060546875 0.36448608203125 0.41654016015625 0.36385819140625 0.416650875 0.197540283203125 0.48709780859375 0.207764544921875 0.56263839453125
0 0.20140905078125 0.406268640625 0.360841419921875 0.304516400390625 0.32258541796875 0.21567430078125 0.322535310546875 0.215681341796875 0.3222765546875 0.21579117578125 0.170820845703125 0.319254455078125 0.200921857421875 0.406337111328125 0.20140905078125 0.406268640625
0 0.21885321875 0.7388135078125 0.401886845703125 0.711824169921875 0.41071240625 0.619355203125 0.223240103515625 0.6443721875 0.2193558125 0.676007203125 0.21402782421875 0.7382210234375 0.21885321875 0.7388135078125
0 0.212705681640625 0.56261243359375 0.209039185546875 0.6526573515625 0.209652265625 0.65701963671875 0.210627005859375 0.657002623046875 0.389622470703125 0.604623814453125 0.38734493359375 0.51952253125 0.38710914453125 0.519526646484375 0.23219192578125 0.557473576171875 0.212705681640625 0.56261243359375
0 0.793972861328125 0 0.838111884765625 0.0788427109375 0.909580677734375 0.05423403125 0.88139289453125 0 0.793972861328125 0
0 0.82669933984375 0.157448552734375 0.829542296875 0.157049001953125 0.915448908203125 0.11463894140625 0.8930401328125 0.03933753515625 0.80576060546875 0.084426517578125 0.82669933984375 0.157448552734375
0 0.230715111328125 1 0.193622966796875 0.898090169921875 0.190737734375 0.89914030859375 0.111491029296875 0.93391005859375 0.112595150390625 0.936943603515625 0.158661685546875 1 0.230715111328125 1
0 0.815636955078125 0.13284492578125 0.815966072265625 0.1355253671875 0.846502701171875 0.22974412109375 0.891859115234375 0.2256058671875 0.9244149921875 0.2210304375 0.88911100390625 0.125066041015625 0.815636955078125 0.13284492578125
0 0.91995515625 0.1949141015625 0.82471444921875 0.236480103515625 0.835090734375 0.2987756328125 0.837086076171875 0.309040783203125 0.844756291015625 0.3079628046875 0.93131867578125 0.267612955078125 0.91995515625 0.1949141015625
0 0.837938583984375 0.277962994140625 0.8379385859375 0.28001183984375 0.86024912109375 0.372982087890625 0.93753441015625 0.378550037109375 0.939911888671875 0.37821590234375 0.915066552734375 0.277962994140625 0.837938583984375 0.277962994140625
0 0.066374533203125 0.906199515625 0.06912140234375 0.925744501953125 0.24185101171875 0.86530574609375 0.23605004296875 0.77167230859375 0.06169041796875 0.839213548828125 0.066374533203125 0.906199515625
0 0.22712777734375 0.82388241796875 0.22746833203125 0.823785322265625 0.131877056640625 0.662823728515625 0.04710317578125 0.69048751171875 0.04756026953125 0.69373989453125 0.136875181640625 0.84806552734375 0.22712777734375 0.82388241796875
0 0.26342500390625 1 0.14351537109375 0.847078615234375 0.05946290625 0.87947478515625 0.05992443359375 0.88275871875 0.060766490234375 0.88484288671875 0.1540262578125 1 0.26342500390625 1
0 0.03171241796875 0.5922036015625 0.0326749765625 0.5990525625 0.12771169921875 0.753637595703125 0.213515013671875 0.732201345703125 0.123732759765625 0.56807276953125 0.03171241796875 0.5922036015625
0 0 0.255412408203125 0.07134594921875 0.372377099609375 0.15541675390625 0.341777828125 0.06286473828125 0.17184526953125 0 0.19580491796875 0 0.255412408203125
0 0.1220577890625 0.46703403515625 0.136689044921875 0.4674336796875 0.1417435 0.466723322265625 0.10711006640625 0.27733430859375 0.046473994140625 0.275216849609375 0.012499900390625 0.27416653515625 0.01241796484375 0.27651281640625 0.04383518359375 0.46430244140625 0.1220577890625 0.46703403515625
0 0 0.49771323046875 0.010743162109375 0.5529820078125 0.019225111328125 0.55178994921875 0.186141671875 0.476818185546875 0.169467630859375 0.381323064453125 0 0.45378343359375 0 0.49771323046875
0 0.017083189453125 0.488111228515625 0.018046361328125 0.494964552734375 0.095927181640625 0.6675034609375 0.191752556640625 0.647135150390625 0.106405283203125 0.46740323828125 0.017083189453125 0.488111228515625
0 0 0.193419890625 0.042176193359375 0.27773483984375 0.106312599609375 0.257479927734375 0.140166029296875 0.245158287109375 0.047693251953125 0.07126309765625 0 0.08999812890625 0 0.193419890625
0 0.95387841015625 0.67639383984375 0.988336736328125 0.66845145703125 0.93421598828125 0.568648783203125 0.870024181640625 0.58432398828125 0.8715141796875 0.59492587890625 0.917111658203125 0.6842088515625 0.95387841015625 0.67639383984375
0 0.94548041796875 0.44843680078125 0.92119681640625 0.35710626953125 0.8486035546875 0.360743955078125 0.848693087890625 0.363307861328125 0.87772819921875 0.452061982421875 0.894558306640625 0.45177673828125 0.9306944140625 0.4505148359375 0.94548041796875 0.44843680078125
0 0.99656348046875 0.6528783984375 0.884516056640625 0.67196442578125 0.88399257421875 0.6762252109375 0.877466173828125 0.738319748046875 0.878385087890625 0.74485816015625 0.98765201953125 0.7138578671875 0.99656348046875 0.6528783984375
0 0.96435865234375 0.57719666015625 0.96716668359375 0.50396353515625 0.86782850390625 0.524148294921875 0.860132474609375 0.59253002734375 0.86078434765625 0.5971683359375 0.86577255859375 0.59760474609375 0.96435865234375 0.57719666015625
0 0.90641304296875 0.525284556640625 0.96407990234375 0.51407525390625 0.916924443359375 0.427588501953125 0.84809105078125 0.43948867578125 0.848851021484375 0.4448961640625 0.8908801875 0.527779611328125 0.90641304296875 0.525284556640625
0 1 0.775523447265625 0.9007853125 0.832524046875 0.9050204375 0.867016365234375 0.90997263671875 0.902253107421875 0.9101253046875 0.90223436328125 1 0.84985886328125 1 0.775523447265625
0 0.88894691015625 0.71299630078125 0.888875708984375 0.715035224609375 0.921723650390625 0.82288612109375 0.9566823203125 0.824106904296875 0.99605712109375 0.8238231640625 0.96194648828125 0.73796970703125 0.951932224609375 0.713964359375 0.88894691015625 0.71299630078125
0 1 0.84588921484375 0.955664642578125 0.855010392578125 0.90025479296875 0.866788119140625 0.901675921875 0.876899986328125 0.91622171484375 0.946417638671875 0.924176861328125 0.945299615234375 1 0.894141453125 1 0.84588921484375