0 0.604461095703125 1 0.582292162109375 0.9090078984375 0.576471419921875 0.90069501953125 0.52226650390625 0.934539865234375 0.536440427734375 1 0.604461095703125 1
0 0.553683533203125 0.86230138671875 0.44521869140625 0.910217146484375 0.490356390625 0.960526888671875 0.5992076171875 0.913051794921875 0.553683533203125 0.86230138671875
0 0.342845240234375 0.6603374453125 0.35377656640625 0.77771416796875 0.35815396875 0.77594558203125 0.42471312109375 0.7469726640625 0.41518492578125 0.635172416015625 0.41496318359375 0.63462358984375 0.41452768359375 0.63400162890625 0.342845240234375 0.6603374453125
0 0.35883677734375 0.775121759765625 0.40047566015625 0.82460991015625 0.506511912109375 0.781264712890625 0.50751546875 0.78042262890625 0.499968501953125 0.76964444140625 0.49221827734375 0.76040808203125 0.45545349609375 0.72205854296875 0.35238841015625 0.76591253515625 0.35883677734375 0.775121759765625
0 0.482409828125 0.916698353515625 0.486601908203125 0.91283158203125 0.53482711328125 0.867860849609375 0.483070326171875 0.760458255859375 0.48097480859375 0.75821108984375 0.44427526953125 0.792068123046875 0.4237210234375 0.811235265625 0.47509834765625 0.921817908203125 0.482409828125 0.916698353515625
0 0.269495357421875 0.61019169140625 0.295444208984375 0.68148557421875 0.409842421875 0.67500974609375 0.411803615234375 0.674295931640625 0.4121831953125 0.674030146484375 0.38775155078125 0.599812345703125 0.269495357421875 0.61019169140625
0 0.297200412109375 0.49327875390625 0.296286658203125 0.49233253515625 0.23621505078125 0.54779602734375 0.29505230859375 0.652128927734375 0.355889396484375 0.59675901171875 0.297200412109375 0.49327875390625
0 0.158429791015625 0.23686858203125 0.031713599609375 0.284271484375 0.028296541015625 0.2866641328125 0.069063 0.355748224609375 0.200093595703125 0.30903241015625 0.158429791015625 0.23686858203125
0 0.2133562734375 0.414930505859375 0.23584883984375 0.39242721484375 0.16147541796875 0.2820453515625 0.1558206328125 0.27618964453125 0.095963427734375 0.33495301171875 0.17291867578125 0.45244306640625 0.17871033203125 0.448387705078125 0.2133562734375 0.414930505859375
0 0.2627073515625 0.41188022265625 0.2615183125 0.41035832421875 0.199141751953125 0.4561666640625 0.25922104296875 0.58848191015625 0.27694312890625 0.57607276953125 0.3228461796875 0.540209376953125 0.2627073515625 0.41188022265625
0 0.198806322265625 0.521884884765625 0.2274330078125 0.507298859375 0.264519962890625 0.48742013671875 0.2323019765625 0.351963263671875 0.2310472421875 0.35017131640625 0.15751710546875 0.385592716796875 0.198806322265625 0.521884884765625
0 0.727308783203125 0.82509487109375 0.56831862890625 0.839395451171875 0.603401048828125 0.916646361328125 0.754646791015625 0.89774740625 0.75805880859375 0.89535828515625 0.74873601171875 0.873221212890625 0.727308783203125 0.82509487109375
0 0.79105562890625 0.90658794921875 0.78560454296875 0.897864388671875 0.77148232421875 0.879659451171875 0.6106252421875 0.9203865078125 0.60954554296875 0.921142521484375 0.657822166015625 0.99195005859375 0.68826159765625 0.973487017578125 0.755665521484375 0.931368369140625 0.79105562890625 0.90658794921875
0 0.5661647578125 0.60436030078125 0.57001963671875 0.601661083984375 0.53312315234375 0.544580626953125 0.52414665625 0.53176086328125 0.38408193359375 0.586390720703125 0.4163084375 0.63382067578125 0.427481927734375 0.649778072265625 0.5661647578125 0.60436030078125
0 0.52524373828125 0.768443189453125 0.5626270546875 0.842260345703125 0.705935056640625 0.82014526171875 0.7076011796875 0.81929633203125 0.68220587890625 0.757807275390625 0.67664826953125 0.746899849609375 0.525499919921875 0.7682835078125 0.52539660546875 0.7683361484375 0.52524373828125 0.768443189453125
0 0.586316279296875 0.6153629375 0.43369668359375 0.63416925390625 0.433375171875 0.634394380859375 0.47483071484375 0.70845676953125 0.6121884765625 0.685941759765625 0.6149247109375 0.68466583203125 0.617720041015625 0.682708521484375 0.586316279296875 0.6153629375
0 0.47842548046875 0.7377462890625 0.538427333984375 0.79261807421875 0.66664397265625 0.71738280859375 0.668183216796875 0.715673306640625 0.66456981640625 0.7105128359375 0.612968701171875 0.66405098046875 0.47842548046875 0.7377462890625
0 0.428234912109375 0.433813658203125 0.4236440234375 0.428890533203125 0.36558662890625 0.480490013671875 0.4388728203125 0.61475994921875 0.43942574609375 0.615352888671875 0.47323151953125 0.58707123046875 0.5009736484375 0.5612012734375 0.43624693359375 0.4461459765625 0.428234912109375 0.433813658203125
0 0.105422666015625 0.18710564453125 0.167093548828125 0.24138888671875 0.273540638671875 0.154068916015625 0.276520779296875 0.15087310546875 0.274393078125 0.147834431640625 0.261965658203125 0.1359652734375 0.21346349609375 0.090736275390625 0.10490437109375 0.18636544140625 0.105422666015625 0.18710564453125
0 0.26598042578125 0.169257505859375 0.16149991796875 0.249353958984375 0.22337580859375 0.309917486328125 0.328680537109375 0.225364958984375 0.327741103515625 0.22402330859375 0.30661895703125 0.20432658984375 0.26598042578125 0.169257505859375
0 0.3517885 0.30116280078125 0.347020669921875 0.295275021484375 0.280305947265625 0.3477146953125 0.342031796875 0.46564354296875 0.348894212890625 0.4608384296875 0.406150162109375 0.41324301953125 0.3517885 0.30116280078125
0 0.327481294921875 0.372289140625 0.365082478515625 0.33281037109375 0.28895737890625 0.22441517578125 0.28681780078125 0.22227559765625 0.229001947265625 0.280835111328125 0.304295197265625 0.392879060546875 0.31295512109375 0.38681531640625 0.327481294921875 0.372289140625
0 0.309092142578125 0.44314789453125 0.35779338671875 0.505792849609375 0.473589533203125 0.455509267578125 0.47792192578125 0.452124431640625 0.4735939296875 0.44594341015625 0.426731158203125 0.38778210546875 0.309092142578125 0.44314789453125
0 1 0.70063917578125 0.98406094921875 0.679198140625 0.80352885546875 0.73015771875 0.846316103515625 0.79612617578125 0.849082951171875 0.80022819921875 1 0.74696962109375 1 0.70063917578125
0 0.5247008046875 0.2183550859375 0.57849214453125 0.16146669140625 0.463307318359375 0.012585673828125 0.462859595703125 0.012899171875 0.403000767578125 0.079491287109375 0.51238187890625 0.2300080546875 0.515673189453125 0.227703455078125 0.5247008046875 0.2183550859375
0 0.934462548828125 0.599113025390625 0.91926362890625 0.58694629296875 0.764109181640625 0.694574166015625 0.822927060546875 0.747859103515625 0.97101031640625 0.63797100390625 0.9748752265625 0.633364986328125 0.974295146484375 0.632536544921875 0.934462548828125 0.599113025390625
0 0.487403021484375 0.282982607421875 0.53804322265625 0.35495797265625 0.70817236328125 0.27171877734375 0.710717939453125 0.26972995703125 0.70839229296875 0.26640859375 0.65389000390625 0.19664884375 0.487403021484375 0.282982607421875
0 0.41280416015625 0 0.325825494140625 0.03117396484375 0.365356958984375 0.11374836328125 0.532817005859375 0.058970009765625 0.53448193359375 0.058121685546875 0.540348970703125 0.05401354296875 0.51621282421875 0 0.41280416015625 0
0 0.824984291015625 0.68826989453125 0.855753154296875 0.66395138671875 0.88345419140625 0.64151953125 0.80631726953125 0.469083810546875 0.80411159765625 0.46636003515625 0.802022650390625 0.46782273046875 0.73781955078125 0.521052435546875 0.81749567578125 0.69351348046875 0.824984291015625 0.68826989453125
0 0.63265634375 0.460625501953125 0.6474941953125 0.45370649609375 0.710818431640625 0.42103365234375 0.673628048828125 0.24672559765625 0.67188598046875 0.24423766796875 0.6005703828125 0.27560018359375 0.58958724609375 0.280721705078125 0.6325519765625 0.46047644921875 0.63265634375 0.460625501953125
0 0.53412730859375 0.090962416015625 0.53124660546875 0.0877630703125 0.45961330859375 0.151592662109375 0.56073100390625 0.31060125 0.56575006640625 0.30708686328125 0.62560186328125 0.245256041015625 0.53412730859375 0.090962416015625
0 0.71157080078125 0.586724576171875 0.870075357421875 0.489976216796875 0.87321291015625 0.4867271875 0.829282033203125 0.441947814453125 0.808280998046875 0.4216673515625 0.645455072265625 0.51800783984375 0.71157080078125 0.586724576171875
0 0.71634548828125 0.537351826171875 0.755808625 0.504859109375 0.779690626953125 0.48481973046875 0.70303119921875 0.3180668359375 0.700265681640625 0.31477101953125 0.632041662109375 0.37913341015625 0.640947447265625 0.39721125390625 0.71394701171875 0.5390312578125 0.71634548828125 0.537351826171875
0 0 0.5796301640625 0.01319725 0.57231480859375 0.05915499609375 0.544932791015625 0.029935287109375 0.455229208984375 0.02573187109375 0.449226107421875 0 0.4640563515625 0 0.5796301640625
0 0.032072099609375 0.644935 0.055213572265625 0.634143955078125 0.100229005859375 0.611657576171875 0.079594224609375 0.51797711328125 0.07511903515625 0.511585880859375 0.01238160546875 0.543712375 0.032072099609375 0.644935
0 0.14167859765625 0.67033834375 0.12801164453125 0.578951951171875 0.124969798828125 0.574607744140625 0.055257982421875 0.60277314453125 0.069851716796875 0.70555816015625 0.14167859765625 0.67033834375
0 1 0.412788001953125 0.93801561328125 0.44483023828125 0.9699106953125 0.62899903515625 0.9699924921875 0.629115853515625 1 0.613826263671875 1 0.412788001953125
0 1 0.3710277109375 0.98521923828125 0.357244431640625 0.830099802734375 0.453948765625 0.891363560546875 0.5175506953125 0.89293929296875 0.519020091796875 1 0.45393914453125 1 0.3710277109375
0 1 0.56388916796875 0.929231015625 0.5828487265625 0.927848658203125 0.5838166640625 0.93644232421875 0.59756940234375 0.97756305859375 0.66107903515625 1 0.654688091796875 1 0.56388916796875
0 1 0.345074740234375 0.99542619140625 0.33854266796875 0.982014611328125 0.3251310859375 0.937953255859375 0.2840042578125 0.773634818359375 0.376658619140625 0.8445095859375 0.4443738828125 1 0.34599984765625 1 0.345074740234375
0 0.61870944140625 0 0.552189021484375 0.01711114453125 0.551428310546875 0.01764380078125 0.58672619921875 0.0994939609375 0.7723450625 0.06133209765625 0.7766198515625 0.05833885546875 0.7518564765625 0 0.61870944140625 0
0 0.796546203125 0.05273274609375 0.609279041015625 0.090840748046875 0.60791351953125 0.09142037890625 0.6377781015625 0.16256708203125 0.644671041015625 0.17880582421875 0.8318493203125 0.143651685546875 0.834385265625 0.14187599609375 0.796546203125 0.05273274609375
0 0.7547304609375 0.313199529296875 0.8454248046875 0.2709080625 0.8041657265625 0.090030298828125 0.804000080078125 0.08967506640625 0.80017820703125 0.084216865234375 0.71551425390625 0.1256853359375 0.7547304609375 0.313199529296875
0 0.81300814453125 0.16429939453125 0.8117316015625 0.16314998828125 0.748040044921875 0.231325279296875 0.86054538671875 0.394417845703125 0.863498763671875 0.392349869140625 0.926570970703125 0.3223010859375 0.81300814453125 0.16429939453125
0 0.331409833984375 0.881276455078125 0.31629823046875 0.84567574609375 0.20469673828125 0.85845036328125 0.231985947265625 0.925924185546875 0.33631350390625 0.91136167578125 0.339275248046875 0.91010448828125 0.341916146484375 0.9082553125 0.331409833984375 0.881276455078125
0 0.176252978515625 0.6577743984375 0.082155171875 0.677964908203125 0.11217863671875 0.739443095703125 0.20278580859375 0.72527876171875 0.206273501953125 0.72283665234375 0.198489744140625 0.705461298828125 0.176252978515625 0.6577743984375
0 0.23992577734375 0.942348734375 0.29058763671875 0.99666875390625 0.386815451171875 0.94904083984375 0.390530703125 0.94569561328125 0.387024919921875 0.9406888359375 0.34940203515625 0.902154447265625 0.23992577734375 0.942348734375
0 0.23133225 0.74869885546875 0.179848078125 0.802802896484375 0.227729314453125 0.89093669140625 0.228463744140625 0.891671123046875 0.26633206640625 0.8573392109375 0.282004248046875 0.84166702734375 0.23264187890625 0.750008484375 0.23133225 0.74869885546875
0 0.12278109765625 0.75672317578125 0.166124611328125 0.80624898828125 0.25572794140625 0.769318421875 0.256839609375 0.76838562109375 0.251933521484375 0.76137900390625 0.23331182421875 0.73918652734375 0.208936728515625 0.71199569140625 0.119492537109375 0.752026625 0.12278109765625 0.75672317578125
0 0.396856486328125 1 0.378141857421875 0.925278373046875 0.37661949609375 0.92310421484375 0.323384552734375 0.956214970703125 0.32716432421875 0.98194929296875 0.330130419921875 1 0.396856486328125 1