0 0.73203258984375 0.909463650390625 0.794154998046875 0.929672271484375 0.862524728515625 0.84147490234375 0.8636892421875 0.83809291015625 0.85365151171875 0.83362382421875 0.830434896484375 0.825629703125 0.7982318828125 0.81542343359375 0.7298482265625 0.908491107421875 0.73203258984375 0.909463650390625
0 0.672316568359375 0.84039059765625 0.77035849609375 0.90693462890625 0.7705984453125 0.90639569140625 0.78917479296875 0.842043478515625 0.69123126953125 0.774890369140625 0.672316568359375 0.84039059765625
0 0.521740982421875 0.81263290234375 0.524381033203125 0.808718869140625 0.56335962109375 0.74747982421875 0.494114171875 0.66157490234375 0.491196068359375 0.6602756796875 0.4470422734375 0.721435912109375 0.521740982421875 0.81263290234375
0 0.622900041015625 0.815561009765625 0.62312905859375 0.81493178515625 0.63784225 0.764317158203125 0.551683435546875 0.699508830078125 0.54704394140625 0.69782019140625 0.54665106640625 0.69870260546875 0.521541244140625 0.76798063671875 0.61265554296875 0.838570529296875 0.622900041015625 0.815561009765625
0 0.717758865234375 0.81739569140625 0.64659025 0.72604088671875 0.640738576171875 0.7234355546875 0.596999162109375 0.787527337890625 0.67353509765625 0.88296012109375 0.717758865234375 0.81739569140625
0 0.49747670703125 0.715216423828125 0.422498083984375 0.629689365234375 0.419399109375 0.62830961328125 0.37628725 0.692760302734375 0.457272068359375 0.77955729296875 0.49747670703125 0.715216423828125
0 0.33348928125 0.59348083203125 0.29785795703125 0.665625958984375 0.390176837890625 0.7419437265625 0.4234759765625 0.67571732421875 0.426824044921875 0.668197435546875 0.33894607421875 0.595910353515625 0.33348928125 0.59348083203125
0 0 0.57938385546875 0.07849230078125 0.599504166015625 0.13386078515625 0.472103484375 0.131344212890625 0.47098303515625 0.055309779296875 0.45202551953125 0 0.574082482421875 0 0.57938385546875
0 0.116154970703125 0.47790330078125 0.10961393359375 0.47499104296875 0.068297419921875 0.54956993359375 0.175068880859375 0.63925262890625 0.175912365234375 0.639628173828125 0.21838265625 0.56606746875 0.116154970703125 0.47790330078125
0 0.294686658203125 0.548783328125 0.219605740234375 0.67584439453125 0.25562408203125 0.687158888671875 0.296103759765625 0.69953476953125 0.365056478515625 0.579577869140625 0.367081783203125 0.57295339453125 0.30515396484375 0.55198350390625 0.294686658203125 0.548783328125
0 0.276339728515625 0.65950965234375 0.289186001953125 0.61248277734375 0.297367435546875 0.579668837890625 0.168178703125 0.521755390625 0.1674641640625 0.521577236328125 0.151014076171875 0.593932560546875 0.276339728515625 0.65950965234375
0 0.873537173828125 0.803222005859375 0.901010625 0.75925529296875 0.80236330078125 0.638041552734375 0.79943373046875 0.636737224609375 0.755811435546875 0.70771226171875 0.85876730859375 0.82563930859375 0.85886146875 0.82568123046875 0.873537173828125 0.803222005859375
0 0.842283419921875 0.672918828125 0.8251818515625 0.70352099609375 0.902375580078125 0.80519042578125 0.92726391796875 0.76964619921875 0.940142849609375 0.740719642578125 0.845111478515625 0.674177958984375 0.842283419921875 0.672918828125
0 0.474604216796875 0.52161994140625 0.46989415234375 0.520789427734375 0.452367619140625 0.60239328125 0.58857503515625 0.66216311328125 0.591310330078125 0.65601953515625 0.603495169921875 0.58691587890625 0.474604216796875 0.52161994140625
0 0.823624232421875 0.71046678125 0.82667508984375 0.70361444921875 0.7263838828125 0.609344443359375 0.71824633203125 0.605721373046875 0.680722734375 0.67188472265625 0.7913477734375 0.77851850390625 0.79162852734375 0.77864350390625 0.823624232421875 0.71046678125
0 0.63058392578125 0.71533112890625 0.63656784765625 0.70645959765625 0.673341431640625 0.642151990234375 0.582434525390625 0.534991845703125 0.576482599609375 0.53234187890625 0.53585034375 0.594185677734375 0.63058392578125 0.71533112890625
0 0.59409080859375 0.69920759765625 0.664231564453125 0.729115619140625 0.764259482421875 0.615210201171875 0.76459336328125 0.61438381640625 0.715123451171875 0.59235839453125 0.69065119140625 0.58247095703125 0.59409080859375 0.69920759765625
0 0.37723221484375 0.609121478515625 0.45249051171875 0.63266326171875 0.52598707421875 0.507259767578125 0.528271693359375 0.499292353515625 0.46953281640625 0.47897010546875 0.45249096484375 0.47408343359375 0.386659177734375 0.589784048828125 0.37723221484375 0.609121478515625
0 0 0.42331629296875 0.06275534375 0.451723328125 0.136222671875 0.341303025390625 0.14034028125 0.33205472265625 0.12265911328125 0.3231683046875 0.088932642578125 0.306718806640625 0.06252098046875 0.294959576171875 0 0.396493275390625 0 0.42331629296875
0 0.190645228515625 0.478754216796875 0.214809103515625 0.4137305390625 0.22043152734375 0.397401826171875 0.09960051953125 0.335202033203125 0.09874721875 0.33711857421875 0.07497742578125 0.4158846875 0.190645228515625 0.478754216796875
0 0.32108949609375 0.56093946484375 0.375402048828125 0.493464615234375 0.29399691015625 0.39858243359375 0.29232119921875 0.3972732265625 0.286244775390625 0.394567826171875 0.238042544921875 0.45792456640625 0.32108949609375 0.56093946484375
0 0.2425140703125 0.511773744140625 0.294191744140625 0.38955419921875 0.287490978515625 0.386570826171875 0.21412041015625 0.369631896484375 0.1582778046875 0.49447545703125 0.2425140703125 0.511773744140625
0 0.3425038984375 0.438392439453125 0.338968998046875 0.43724387890625 0.31453002734375 0.51184784765625 0.42556839453125 0.58266197265625 0.428109025390625 0.576955626953125 0.4509148828125 0.503009080078125 0.3425038984375 0.438392439453125
0 1 0.39935456640625 0.994896130859375 0.397082177734375 0.87855476953125 0.5430184765625 0.94602099609375 0.56942187890625 1 0.509968505859375 1 0.39935456640625
0 0.23845673046875 0.091080302734375 0.234112935546875 0.089146322265625 0.196562462890625 0.175932142578125 0.3537865234375 0.27521734375 0.380810517578125 0.2145204609375 0.389507654296875 0.19294223828125 0.23845673046875 0.091080302734375
0 0.932799345703125 0.364030197265625 0.91388256640625 0.359426734375 0.8187503828125 0.52254181640625 0.894576673828125 0.545976859375 0.98234496484375 0.383801732421875 0.983779068359375 0.37844958984375 0.979495349609375 0.37654235546875 0.932799345703125 0.364030197265625
0 0.416513080078125 0.17142950390625 0.40799717578125 0.168160556640625 0.3730685078125 0.24709064453125 0.535095462890625 0.35202636328125 0.53576585546875 0.35052063671875 0.568607951171875 0.264964048828125 0.416513080078125 0.17142950390625
0 0.300825876953125 0.0830031875 0.282906015625 0.074100748046875 0.242179638671875 0.0551097265625 0.219004537109375 0.044791505859375 0.117007671875 0.196656662109375 0.202303134765625 0.241860890625 0.296040744140625 0.09347858984375 0.298721546875 0.08772958984375 0.300825876953125 0.0830031875
0 0.8120592578125 0.50210711328125 0.88683677734375 0.33574523828125 0.88803004296875 0.328977900390625 0.8848559921875 0.32756472265625 0.807109765625 0.31385596484375 0.726331064453125 0.48788471484375 0.7267755078125 0.488082595703125 0.8120592578125 0.50210711328125
0 0.646888947265625 0.308377896484375 0.50414356640625 0.2025302265625 0.49806274609375 0.19982287109375 0.464726748046875 0.279483794921875 0.60644508203125 0.390030966796875 0.60781036328125 0.390667609375 0.62988062890625 0.345936197265625 0.63621384375 0.33235457421875 0.646888947265625 0.308377896484375
0 0.299315267578125 0.293539865234375 0.29923545703125 0.293859974609375 0.39298101171875 0.317750251953125 0.4680776171875 0.145423771484375 0.46197684765625 0.14270753515625 0.37781184765625 0.12776360546875 0.299315267578125 0.293539865234375
0 0.633495107421875 0.336455109375 0.759362658203125 0.479228103515625 0.79413423046875 0.43056644921875 0.81276367578125 0.402947158203125 0.692665283203125 0.262884650390625 0.69107632421875 0.261812884765625 0.68870533203125 0.260757251953125 0.633495107421875 0.336455109375
0 0.730876572265625 0.34931043359375 0.58686829296875 0.235535166015625 0.5829079296875 0.233854091796875 0.551339796875 0.32217445703125 0.567482076171875 0.334238794921875 0.69659369140625 0.427232337890625 0.72248709375 0.369074806640625 0.730876572265625 0.34931043359375
0 0 0.783261697265625 0.016054720703125 0.793127953125 0.0807667109375 0.71940158984375 0.081007064453125 0.71886175 0.0152611796875 0.67935763671875 0 0.696117068359375 0 0.783261697265625
0 0.102638423828125 0.83565294921875 0.116682865234375 0.8148312109375 0.14520033984375 0.7695692734375 0.07729434765625 0.7017634921875 0.072007896484375 0.6994098125 0.03258772265625 0.7600106953125 0.102638423828125 0.83565294921875
0 0.165003234375 0.7399943359375 0.088292916015625 0.81009463671875 0.150084666015625 0.850045017578125 0.22394044140625 0.785824890625 0.22619371484375 0.780763951171875 0.217692619140625 0.77481141796875 0.165003234375 0.7399943359375
0 0.20873397265625 0.763704923828125 0.20193876171875 0.7606795 0.17109403515625 0.82995788671875 0.25288838671875 0.89367658203125 0.25359773046875 0.892083369140625 0.2801945546875 0.818527419921875 0.20873397265625 0.763704923828125
0 1 0.270913666015625 0.89134050390625 0.157704525390625 0.88658038671875 0.15558518359375 0.84273780078125 0.236181580078125 0.97495491796875 0.365139921875 1 0.3199573984375 1 0.270913666015625
0 0.88821180859375 0.32654274609375 0.88839373828125 0.326238927734375 0.93511191796875 0.245320662109375 0.80969796484375 0.1196445546875 0.806018724609375 0.118006451171875 0.757475689453125 0.19254873828125 0.88821180859375 0.32654274609375
0 1 0.250539740234375 0.91546328515625 0.354558744140625 0.915363888671875 0.35479290625 0.994610376953125 0.39240228515625 1 0.3859796875 1 0.250539740234375
0 0.854592513671875 0.193419724609375 0.7162988671875 0.086612443359375 0.70538762109375 0.081754443359375 0.6719347421875 0.160461041015625 0.815201576171875 0.28318020703125 0.854592513671875 0.193419724609375
0 0.32295159765625 0 0.44654247265625 0.125251244140625 0.50192496875 0.0431433203125 0.45496497265625 0 0.32295159765625 0
0 0.409452923828125 0 0.393535630859375 0.0638407734375 0.56675873828125 0.14645516015625 0.56883198828125 0.141798564453125 0.575804373046875 0.1143030078125 0.590701873046875 0.0545523984375 0.4806289921875 0 0.409452923828125 0
0 0.557693171875 0.1904271328125 0.686623359375 0.0577877578125 0.68933232421875 0.05170332421875 0.60557587109375 0.00137737109375 0.473659966796875 0.142097404296875 0.557693171875 0.1904271328125
0 0.639927443359375 0.02695415625 0.637170978515625 0.025726900390625 0.581492509765625 0.09947381640625 0.7104183203125 0.24990006640625 0.711191193359375 0.250244169921875 0.768554986328125 0.17128968359375 0.639927443359375 0.02695415625
0 0.250649185546875 0 0.233133951171875 0.058846607421875 0.32888612109375 0.07823376171875 0.3543101015625 0 0.250649185546875 0
0 0.51092496875 1 0.565435716796875 0.91623291796875 0.56739823828125 0.9101928984375 0.539513017578125 0.90019608203125 0.502730716796875 0.8882447890625 0.43915467578125 0.98085240625 0.494827859375 1 0.51092496875 1
0 0.250575490234375 0.842280091796875 0.306871125 0.920092462890625 0.33181806640625 0.8891408203125 0.35261615234375 0.862520484375 0.2965953125 0.79361216015625 0.293467681640625 0.791168583984375 0.2901590859375 0.78969550390625 0.250575490234375 0.842280091796875
0 0.598023505859375 1 0.64084089453125 0.967342796875 0.643587158203125 0.96117458984375 0.5957121640625 0.928042017578125 0.495916724609375 0.98838687890625 0.51190333984375 1 0.598023505859375 1
0 0.485248966796875 0.92296290234375 0.48998511328125 0.90705418359375 0.40842844921875 0.851031810546875 0.406186068359375 0.850303216796875 0.380400994140625 0.918168126953125 0.466782248046875 0.977971259765625 0.46897832421875 0.97303879296875 0.485248966796875 0.92296290234375
0 0.304090068359375 0.915345251953125 0.304019232421875 0.91559228125 0.306312689453125 0.91661339453125 0.31033871875 0.91776783984375 0.376460876953125 0.93440787890625 0.42806 0.8514749296875 0.428157130859375 0.85113619140625 0.42586367578125 0.850115080078125 0.41801160546875 0.84786353515625 0.35924795703125 0.832328123046875 0.304090068359375 0.915345251953125
0 0.6867678125 1 0.704207123046875 0.982523552734375 0.708108728515625 0.97376040234375 0.66431149609375 0.95132945703125 0.654446595703125 0.946518021484375 0.63451553515625 0.96286376953125 0.59077471484375 1 0.6867678125 1