0 0.129262998046875 0.12407837890625 0.098867771484375 0.13053908203125 0.086569705078125 0.135015212890625 0.145045396484375 0.233177298828125 0.209804703125 0.220566046875 0.2086027890625 0.214911482421875 0.15492233203125 0.119283205078125 0.129262998046875 0.12407837890625
0 0.225030048828125 0.18665614453125 0.117787310546875 0.2376607421875 0.126143560546875 0.30473275390625 0.2334653828125 0.254308869140625 0.225030048828125 0.18665614453125
0 0.33800081640625 0.49684601953125 0.34165405859375 0.494381876953125 0.34145206640625 0.49382690625 0.250717861328125 0.419507259765625 0.18863330078125 0.464328361328125 0.189311001953125 0.465333095703125 0.2767617734375 0.53582460546875 0.33800081640625 0.49684601953125
0 0.167375001953125 0.36832337890625 0.238309357421875 0.45988230078125 0.3082333515625 0.43453834765625 0.3062110859375 0.428982216796875 0.24197283984375 0.34358129296875 0.20909464453125 0.35313866796875 0.167375001953125 0.36832337890625
0 0.136729302734375 0.28469916796875 0.207011712890625 0.384069880859375 0.282085208984375 0.35922487890625 0.28048964453125 0.354314244140625 0.21158629296875 0.25975537109375 0.1526391015625 0.27890847265625 0.136729302734375 0.28469916796875
0 0.335792033203125 0.48284453515625 0.231935048828125 0.5380290859375 0.25205309375 0.61428571484375 0.25252778515625 0.614176123046875 0.35383292578125 0.5562518359375 0.338782181640625 0.491059900390625 0.335792033203125 0.48284453515625
0 0.29980782421875 0.57120121484375 0.250913853515625 0.58927215234375 0.317215419921875 0.6896704296875 0.3941698359375 0.66060160546875 0.328076908203125 0.56104727734375 0.32119558984375 0.56341670703125 0.29980782421875 0.57120121484375
0 0.464234548828125 1 0.523514404296875 0.966628400390625 0.52147743359375 0.96103187109375 0.4364362578125 0.85741822265625 0.375299353515625 0.890550962890625 0.36505017578125 0.89623217578125 0.447560744140625 1 0.464234548828125 1
0 0.43927156640625 0.779310541015625 0.358711318359375 0.789202095703125 0.35497326953125 0.790562634765625 0.39581465234375 0.923910828125 0.47836775390625 0.915254046875 0.4814490859375 0.91413253515625 0.48080019140625 0.908847720703125 0.43927156640625 0.779310541015625
0 0.319069923828125 0.775077890625 0.4378859140625 0.692218990234375 0.408599123046875 0.619731642578125 0.40191734765625 0.622163609375 0.2877778203125 0.703816279296875 0.319069923828125 0.775077890625
0 0.460923923828125 0.82237172265625 0.398537134765625 0.69528283984375 0.3660287109375 0.70460448046875 0.319478814453125 0.719084140625 0.389389759765625 0.84204483984375 0.46112690625 0.823079611328125 0.460923923828125 0.82237172265625
0 0.208118017578125 0.104077466796875 0.30348105859375 0.231272638671875 0.3764575 0.205913646484375 0.37531463671875 0.20239627734375 0.288083607421875 0.077248857421875 0.2297876953125 0.09619034765625 0.208118017578125 0.104077466796875
0 0.230334626953125 0.152862650390625 0.362395240234375 0.118066669921875 0.35430603125 0.079052708984375 0.345343251953125 0.043104966796875 0.34276928515625 0.03603305078125 0.339933125 0.0367401875 0.20266515625 0.1218233359375 0.207941248046875 0.15844594921875 0.230334626953125 0.152862650390625
0 0.485916810546875 0.482064234375 0.4845528203125 0.46647374609375 0.47607882421875 0.39864892578125 0.47266919140625 0.39894723046875 0.336007333984375 0.45379269921875 0.33770516015625 0.473198955078125 0.34350561328125 0.53024720703125 0.485916810546875 0.482064234375
0 0.244871734375 0.19421806640625 0.3357851640625 0.309634814453125 0.41073155078125 0.28214762109375 0.407695765625 0.273806865234375 0.316799544921875 0.16134900390625 0.244871734375 0.19421806640625
0 0.432002541015625 0.306073751953125 0.431729267578125 0.30536184765625 0.423398802734375 0.308393888671875 0.31065725390625 0.39960951171875 0.33712967578125 0.471152728515625 0.339194302734375 0.470401265625 0.45541452734375 0.38380133984375 0.432002541015625 0.306073751953125
0 0.26879146484375 0.27251038671875 0.37847313671875 0.381092962890625 0.4444386015625 0.3473463125 0.44267349609375 0.342496724609375 0.34202508984375 0.236791962890625 0.26879146484375 0.27251038671875
0 0.37758688671875 0.477043052734375 0.3829329609375 0.49570036328125 0.4279995390625 0.6219886875 0.50774304296875 0.60923812109375 0.50732104296875 0.60522306640625 0.455642072265625 0.46606733203125 0.405362392578125 0.471351939453125 0.377369302734375 0.47497288671875 0.37758688671875 0.477043052734375
0 0.588163490234375 1 0.61720787109375 0.989428708984375 0.663799333984375 0.959171859375 0.663053638671875 0.957123078125 0.584922109375 0.86608616015625 0.513988865234375 0.90930673828125 0.58644885546875 1 0.588163490234375 1
0 0.63292665625 0.83885769921875 0.600073642578125 0.78282950390625 0.593854193359375 0.78509319921875 0.49600574609375 0.86299688671875 0.534000392578125 0.93823764453125 0.534357947265625 0.938107505859375 0.642414953125 0.855975037109375 0.63292665625 0.83885769921875
0 0.43929935546875 0.646801560546875 0.496259083984375 0.76691144140625 0.578289193359375 0.74518967578125 0.57645635546875 0.73783856640625 0.51966077734375 0.6269718515625 0.4462098046875 0.64428636328125 0.43929935546875 0.646801560546875
0 0.46147024609375 0.740144177734375 0.540483216796875 0.849216404296875 0.6161546875 0.8145639375 0.613013732421875 0.805934234375 0.535830638671875 0.70387619140625 0.46147024609375 0.740144177734375
0 0.450221478515625 0.69569498046875 0.550116322265625 0.61247641796875 0.514380814453125 0.539660810546875 0.50776737890625 0.542067904296875 0.41402790234375 0.62508176171875 0.450221478515625 0.69569498046875
0 0.48498523828125 0 0.56948390234375 0.11117377734375 0.631856572265625 0.092848134765625 0.63743869921875 0.09081640625 0.635712994140625 0.08580458984375 0.578786380859375 0 0.48498523828125 0
0 0.847061974609375 0.629747548828125 0.71055006640625 0.74839023828125 0.75416337890625 0.82722648828125 0.89998406640625 0.707992830078125 0.88323598046875 0.67944316796875 0.852242814453125 0.627861876953125 0.847061974609375 0.629747548828125
0 0.48465684765625 0.118173873046875 0.50343115625 0.18506747265625 0.505038359375 0.18948323046875 0.669794201171875 0.09273645703125 0.664313150390625 0.07480874609375 0.644824359375 0.0187639609375 0.63973710546875 0.020319291015625 0.48465684765625 0.118173873046875
0 0.809619427734375 0.62912503125 0.751901576171875 0.45073433203125 0.73386545703125 0.45263000390625 0.664666068359375 0.463430048828125 0.718345607421875 0.64360386328125 0.810179134765625 0.634450287109375 0.809619427734375 0.62912503125
0 0.7760461328125 0.906648701171875 0.9364878515625 0.81296230859375 0.93363587109375 0.80512655078125 0.93037358203125 0.79744108203125 0.896006712890625 0.7267355078125 0.887804708984375 0.73021705078125 0.7382008125 0.82328804296875 0.7760461328125 0.906648701171875
0 0.585065962890625 0.10840598828125 0.537148638671875 0.11401678125 0.536940291015625 0.11409261328125 0.60271912890625 0.29284245703125 0.68828971875 0.28484639453125 0.68790169921875 0.28115462109375 0.62051526953125 0.104680115234375 0.585065962890625 0.10840598828125
0 0.7314656875 0.548049021484375 0.807283828125 0.50823005859375 0.805289287109375 0.502750103515625 0.68649491015625 0.368748443359375 0.65087205078125 0.38931530859375 0.60823440234375 0.41520019140625 0.608987615234375 0.416504791015625 0.7314656875 0.548049021484375
0 0.83239512109375 0.54030751171875 0.67325919921875 0.64187055859375 0.71148392578125 0.730640033203125 0.712073306640625 0.730425515625 0.8632797734375 0.62713250390625 0.83317030078125 0.54002537109375 0.83239512109375 0.54030751171875
0 0.735570212890625 0.260420388671875 0.721941541015625 0.199188259765625 0.717507841796875 0.200050083984375 0.550040072265625 0.2802902578125 0.5716615703125 0.373165392578125 0.741140857421875 0.28907887109375 0.735570212890625 0.260420388671875
0 0.638195669921875 0.476305333984375 0.751436544921875 0.363995146484375 0.76549280859375 0.349554130859375 0.72027382421875 0.266851330078125 0.71918380078125 0.26724806640625 0.718660041015625 0.26757534765625 0.592208064453125 0.40466223046875 0.637962060546875 0.476390361328125 0.638195669921875 0.476305333984375
0 0.28838657421875 1 0.287982541015625 0.99824994140625 0.249486078125 0.91307325390625 0.19217181640625 0.92630529296875 0.17544755859375 0.93239242578125 0.20452826171875 1 0.28838657421875 1
0 0.14995567578125 0.87916425390625 0.17196021875 0.954839556640625 0.260840572265625 0.901016203125 0.239031328125 0.82987476171875 0.14995567578125 0.87916425390625
0 0.21076652734375 0.75867008203125 0.2099999609375 0.75686416015625 0.200893486328125 0.76017864453125 0.12458436328125 0.814766205078125 0.150055802734375 0.87957287109375 0.152539705078125 0.88542457421875 0.23533191796875 0.82305446484375 0.21076652734375 0.75867008203125
0 0.10003612109375 0.70709772265625 0.1333682734375 0.79627528515625 0.21222946875 0.79230891796875 0.211730296875 0.78824348046875 0.17632976953125 0.69563073828125 0.10874021875 0.70392969140625 0.10003612109375 0.70709772265625
0 0.7471862734375 0 0.687332201171875 0.019447767578125 0.6748752734375 0.02398171875 0.77597286328125 0.17797512109375 0.854523833984375 0.15313998828125 0.864702572265625 0.14943523046875 0.86424380078125 0.148023275390625 0.75992255078125 0 0.7471862734375 0
0 0.707525841796875 0.113527328125 0.813561685546875 0.266633572265625 0.896812224609375 0.23287512109375 0.896077240234375 0.23074056640625 0.795653921875 0.082191662109375 0.75796379296875 0.095169416015625 0.707525841796875 0.113527328125
0 0.68583726171875 0 0.7536894140625 0.093045396484375 0.83838919140625 0.063751791015625 0.835113671875 0.05475237890625 0.793851474609375 0 0.68583726171875 0
0 0.91066771875 0.17553497265625 0.74524761328125 0.2619506328125 0.760646306640625 0.34904025390625 0.930637966796875 0.270925736328125 0.91895490234375 0.20905951953125 0.9134593203125 0.1832048359375 0.91066771875 0.17553497265625
0 1 0.5707021484375 0.980793603515625 0.528702294921875 0.9053476875 0.550336060546875 0.886255123046875 0.5572851875 0.9751942734375 0.72899605859375 1 0.722036619140625 1 0.5707021484375
0 1 0.469231837890625 0.843343455078125 0.518618330078125 0.84910498828125 0.5734356484375 0.853886419921875 0.615826701171875 0.855273166015625 0.61568094921875 1 0.567640150390625 1 0.469231837890625
0 1 0.494634533203125 0.89950651171875 0.346487212890625 0.80672309765625 0.383974146484375 0.91711690625 0.5405394375 1 0.50888225 1 0.494634533203125
0 0.792004982421875 0.438841107421875 0.79220551171875 0.439392056640625 0.97442776953125 0.35672809765625 0.966602048828125 0.320076392578125 0.94772046484375 0.268199666015625 0.773422201171875 0.34324099609375 0.792004982421875 0.438841107421875
0 1 0.6270199375 0.93270236328125 0.6394273046875 0.9839659375 0.82333978125 1 0.82150537890625 1 0.6270199375
0 0 0.464162546875 0.012911236328125 0.52501190234375 0.1125765390625 0.47319577734375 0.10519696484375 0.43523115234375 0.099061857421875 0.40805771484375 0.098450740234375 0.40637868359375 0.09243884765625 0.40754727734375 0 0.45274008984375 0 0.464162546875
0 0.18999168359375 0.68986446484375 0.12895482421875 0.62467337109375 0.113822115234375 0.6320446015625 0.06805573046875 0.655363740234375 0.129688896484375 0.729103103515625 0.19223573828125 0.6960299609375 0.18999168359375 0.68986446484375
0 0 0.404497748046875 0.046254228515625 0.44638081640625 0.10095158984375 0.422386603515625 0.09927886328125 0.417790818359375 0.027438400390625 0.33706504296875 0 0.35044764453125 0 0.404497748046875
0 0.114382255859375 0.47448826953125 0.113123197265625 0.47120830859375 0.10591676171875 0.473831236328125 0.027572916015625 0.534372369140625 0.05711379296875 0.601337396484375 0.0574041640625 0.6012317109375 0.13758851171875 0.539735892578125 0.114382255859375 0.47448826953125
0 0.14945270703125 0.551073880859375 0.148413599609375 0.55118309765625 0.05960426953125 0.5899842109375 0.065326201171875 0.65800308984375 0.06645301953125 0.661098994140625 0.15714421484375 0.624661591796875 0.15451712890625 0.5882392734375 0.151081130859375 0.5555479375 0.14945270703125 0.551073880859375
0 0 0.312174693359375 0.057670318359375 0.29433539453125 0.056891939453125 0.29219681640625 0 0.230926919921875 0 0.312174693359375
0 0 0.356757291015625 0.013706951171875 0.365433005859375 0.03591864453125 0.37896750390625 0.08702958203125 0.343020201171875 0.086313701171875 0.34105333203125 0.086303 0.341037466796875 0 0.27585946484375 0 0.356757291015625