0 0.8406889921875 0.89208120703125 0.902587630859375 0.80783941015625 0.90570135546875 0.79765487890625 0.84476587890625 0.7778323671875 0.77286471875 0.87058530859375 0.8406889921875 0.89208120703125
0 0.766759671875 0.868958083984375 0.8366571015625 0.77765413671875 0.83770319140625 0.774232525390625 0.774526169921875 0.752346515625 0.702890705078125 0.8468393828125 0.766759671875 0.868958083984375
0 0.60821093359375 0.712545767578125 0.543267318359375 0.67379028515625 0.45940951953125 0.75568263671875 0.45921672265625 0.756313248046875 0.46305701953125 0.75844195703125 0.527460236328125 0.79193488671875 0.6072004140625 0.71527616796875 0.607592330078125 0.714569134765625 0.60821093359375 0.712545767578125
0 0.646310029296875 0.82785071875 0.65532508984375 0.803082048828125 0.67003827734375 0.752467419921875 0.586958693359375 0.68997527734375 0.57863746875 0.68743122265625 0.553737271484375 0.756130900390625 0.646310029296875 0.82785071875
0 0.71854128515625 0.859281689453125 0.724991171875 0.846791455078125 0.75492714453125 0.788038796875 0.67046910546875 0.70570361328125 0.66629941796875 0.704428810546875 0.64391360546875 0.74778748828125 0.631154482421875 0.77282867578125 0.71685046484375 0.85876475390625 0.71854128515625 0.859281689453125
0 0.491422078125 0.7798188046875 0.49261155078125 0.7802993828125 0.52431530078125 0.708346119140625 0.43313976171875 0.63968032421875 0.4289012890625 0.6383844921875 0.401067521484375 0.707275486328125 0.491422078125 0.7798188046875
0 0.444690849609375 0.68140348046875 0.44704025390625 0.669316845703125 0.339256421875 0.617722412109375 0.32118048046875 0.69797351171875 0.429829080078125 0.74965709765625 0.444690849609375 0.68140348046875
0 0 0.58939080078125 0.12518962890625 0.646416150390625 0.127619642578125 0.638467939453125 0.12849021484375 0.635218916015625 0.145848416015625 0.56788250390625 0.023899828125 0.51003566015625 0.019107576171875 0.508751580078125 0 0.578228505859375 0 0.58939080078125
0 0.213380125 0.65723460546875 0.221384501953125 0.61183953515625 0.226354265625 0.580413189453125 0.10130407421875 0.534827986328125 0.094325998046875 0.533597564453125 0.09195477734375 0.5413534765625 0.0794021015625 0.616138166015625 0.2107141640625 0.665954572265625 0.213380125 0.65723460546875
0 0.29188590234375 0.575283041015625 0.252249130859375 0.717446978515625 0.28996858203125 0.71905370703125 0.332272060546875 0.720530978515625 0.367828142578125 0.586815232421875 0.368069896484375 0.579892294921875 0.302824810546875 0.57566503515625 0.29188590234375 0.575283041015625
0 0.27399503515625 0.702463607421875 0.296338021484375 0.659135275390625 0.31116307421875 0.628739416015625 0.199106755859375 0.546888640625 0.1957374296875 0.54585853515625 0.16504229296875 0.612262865234375 0.27399503515625 0.702463607421875
0 0.89898408984375 0.778077388671875 0.909984150390625 0.75355779296875 0.93024144921875 0.70583458984375 0.815444359375 0.602976591796875 0.81044437890625 0.6014479453125 0.778766796875 0.677640294921875 0.89898408984375 0.778077388671875
0 0.827175701171875 0.71818538671875 0.942527060546875 0.7573667890625 0.95651043359375 0.71162923828125 0.857743125 0.6404170234375 0.8497437109375 0.637971357421875 0.827175701171875 0.71818538671875
0 0.596531287109375 0.63714006640625 0.61568918359375 0.5941107265625 0.500389294921875 0.50502069921875 0.49714872265625 0.50402995703125 0.46546758203125 0.572576412109375 0.5797101171875 0.67142023046875 0.5797200859375 0.671423279296875 0.596531287109375 0.63714006640625
0 0.70418769921875 0.71668807421875 0.704092205078125 0.717779583984375 0.781728466796875 0.730853802734375 0.8434306875 0.59192615234375 0.838754859375 0.59049660546875 0.7612547890625 0.58371623046875 0.70418769921875 0.71668807421875
0 0.53852947265625 0.66374712109375 0.61274209765625 0.684057033203125 0.69526206640625 0.56160196875 0.696625619140625 0.556846697265625 0.680636890625 0.551958453125 0.6158736875 0.53847283203125 0.53852947265625 0.66374712109375
0 0.62373942578125 0.694459017578125 0.70394653125 0.707799017578125 0.77050198828125 0.574869625 0.770799931640625 0.57298848828125 0.758342787109375 0.56917995703125 0.696439521484375 0.55937544140625 0.62373942578125 0.694459017578125
0 0.54525996875 0.52297649609375 0.4928190625 0.49010027734375 0.47731325390625 0.481505263671875 0.3871417578125 0.579431552734375 0.373606431640625 0.59615276171875 0.44164011328125 0.636020603515625 0.54146261328125 0.530364318359375 0.54489372265625 0.52417443359375 0.54525996875 0.52297649609375
0 0 0.441616638671875 0.089225083984375 0.50793744921875 0.12994380078125 0.435539037109375 0.03464459375 0.359360466796875 0.034540494140625 0.359328642578125 0.00526637890625 0.408048947265625 0 0.425274498046875 0 0.441616638671875
0 0.196914787109375 0.510708814453125 0.205832197265625 0.441916 0.207637359375 0.42474101953125 0.07575024609375 0.39127558984375 0.07562257421875 0.39169318359375 0.070068974609375 0.475470220703125 0.196914787109375 0.510708814453125
0 0.26157288671875 0.433741486328125 0.253227298828125 0.431660697265625 0.234592650390625 0.51071191015625 0.35235974609375 0.57104246484375 0.37453223828125 0.48731021875 0.26157288671875 0.433741486328125
0 0.293799771484375 0.485037630859375 0.19697465625 0.39755249609375 0.19043169140625 0.395552109375 0.14941812109375 0.4677355234375 0.251188859375 0.55595409765625 0.293799771484375 0.485037630859375
0 0.31660227734375 0.531951380859375 0.42821112109375 0.59586101171875 0.45143762890625 0.51989052734375 0.343863947265625 0.453898310546875 0.33957048046875 0.45258566796875 0.31660227734375 0.531951380859375
0 1 0.401768318359375 0.92184335546875 0.334869650390625 0.915701662109375 0.3329919453125 0.888025912109375 0.397028830078125 1 0.506059607421875 1 0.401768318359375
0 0.26972472265625 0.11679016015625 0.236900623046875 0.11252870703125 0.18412214453125 0.29334566015625 0.273732373046875 0.30268814453125 0.3300071640625 0.129429912109375 0.330449001953125 0.126286064453125 0.3246274296875 0.12450623046875 0.26972472265625 0.11679016015625
0 0.972677396484375 0.478027078125 0.987945427734375 0.40073668359375 0.98803709765625 0.400157896484375 0.8140959453125 0.32838634375 0.81030916796875 0.327786578125 0.80051185546875 0.40046620703125 0.972677396484375 0.478027078125
0 0.37159705859375 0.188663673828125 0.36261387109375 0.1870796953125 0.34338751171875 0.271224318359375 0.5218375 0.3430651640625 0.523620212890625 0.337234173828125 0.538744751953125 0.25145865234375 0.37159705859375 0.188663673828125
0 0.25007807421875 0.2523139609375 0.256114865234375 0.21591886328125 0.263748736328125 0.1616010546875 0.09616620703125 0.11072901171875 0.08080633203125 0.16096889453125 0.074702982421875 0.204396482421875 0.25007807421875 0.2523139609375
0 0.824935365234375 0.281994572265625 0.689739259765625 0.4162346328125 0.761230595703125 0.46035158984375 0.894819138671875 0.33089191015625 0.8966352734375 0.3249516015625 0.832920236328125 0.286667744140625 0.824935365234375 0.281994572265625
0 0.43894778515625 0.30272014453125 0.607890884765625 0.36406337890625 0.609386078125 0.364246966796875 0.616553380859375 0.31488477734375 0.621566322265625 0.2740576484375 0.44652808203125 0.21529546484375 0.4460075 0.216998208984375 0.43894778515625 0.30272014453125
0 0.39764219140625 0.336567201171875 0.399466580078125 0.33762051171875 0.44770010546875 0.25407759375 0.305440310546875 0.136612966796875 0.301120369140625 0.135292228515625 0.261321376953125 0.21664622265625 0.39764219140625 0.336567201171875
0 0.719657041015625 0.4370851328125 0.78411142578125 0.26366262890625 0.78453514453125 0.25881949609375 0.72257309375 0.25109607421875 0.69082179296875 0.2483181953125 0.627373806640625 0.426492455078125 0.719657041015625 0.4370851328125
0 0.644133353515625 0.22590114453125 0.518030748046875 0.3644332734375 0.51758631640625 0.365305521484375 0.604337720703125 0.403329474609375 0.61749869921875 0.388068080078125 0.71831302734375 0.266910462890625 0.718929951171875 0.264892591796875 0.644133353515625 0.22590114453125
0 0 0.811204365234375 0.080614357421875 0.85100176171875 0.092505970703125 0.812106052734375 0.10245222265625 0.7774193515625 0.019407017578125 0.734517841796875 0.014919962890625 0.73323119921875 0 0.783367544921875 0 0.811204365234375
0 0.14891941015625 0.88016714453125 0.162046498046875 0.852016013671875 0.179664990234375 0.812525017578125 0.104218552734375 0.75315905078125 0.0968733359375 0.750913392578125 0.06694353125 0.8207006171875 0.14891941015625 0.88016714453125
0 0.25467569921875 0.810196912109375 0.19968594921875 0.7791400703125 0.12805244140625 0.8544206484375 0.19248046484375 0.88996333984375 0.263068365234375 0.819355537109375 0.26391105859375 0.81795305859375 0.2644810859375 0.816088583984375 0.25467569921875 0.810196912109375
0 0.27349840234375 0.909391859375 0.33597702734375 0.8387586640625 0.33693728515625 0.83561780078125 0.269638990234375 0.7998346640625 0.200349033203125 0.87700813671875 0.27349840234375 0.909391859375
0 0.808359806640625 0.213417388671875 0.976788662109375 0.292583330078125 0.978488298828125 0.287024068359375 0.99067012109375 0.20034588671875 0.82000204296875 0.12689707421875 0.808359806640625 0.213417388671875
0 0.865908845703125 0.27954393359375 0.866046720703125 0.279217751953125 0.90104859765625 0.192585064453125 0.75997313671875 0.086045966796875 0.7554111171875 0.084651216796875 0.7177966796875 0.165048900390625 0.865908845703125 0.27954393359375
0 1 0.190116275390625 0.91714112109375 0.14771357421875 0.912348806640625 0.146782041015625 0.892343439453125 0.23083109765625 1 0.28807844921875 1 0.190116275390625
0 0.644117947265625 0.072226451171875 0.638007576171875 0.071367693359375 0.62886844921875 0.157927123046875 0.80175481640625 0.233396876953125 0.813181130859375 0.13604170703125 0.644117947265625 0.072226451171875
0 0.311404181640625 0 0.24062416015625 0.08265498828125 0.316766958984375 0.12963012109375 0.43927620703125 0 0.311404181640625 0
0 0.410475314453125 0 0.356977541015625 0.14310434375 0.35681201953125 0.144149408203125 0.3598204375 0.145069173828125 0.432907123046875 0.15694493359375 0.45033105859375 0.15970461328125 0.51280009375 0 0.410475314453125 0
0 0.52440175390625 0 0.44496809375 0.16890020703125 0.54286853125 0.1897095859375 0.618788015625 0.02038928515625 0.620168759765625 0.0138933984375 0.60925396484375 0.01055641015625 0.55445771484375 0 0.52440175390625 0
0 0.525711826171875 0.18075453125 0.6157893984375 0.21899019140625 0.729925896484375 0.057750783203125 0.656658462890625 0.025049419921875 0.643350462890625 0.020980755859375 0.525826271484375 0.18038019921875 0.525711826171875 0.18075453125
0 0.14975650390625 0 0.308177443359375 0.101217927734375 0.34189245703125 0.036302875 0.352687853515625 0.01416902734375 0.33168365234375 0 0.14975650390625 0
0 0.5586475703125 1 0.619173169921875 0.91183578515625 0.620897650390625 0.906195263671875 0.587643919921875 0.894758359375 0.57008620703125 0.88905351171875 0.553290111328125 0.8839184296875 0.493339271484375 0.9760453359375 0.493055541015625 0.976973376953125 0.55728625390625 1 0.5586475703125 1
0 0.33157982421875 0.827849837890625 0.330602724609375 0.827730369140625 0.291363052734375 0.915390005859375 0.363907642578125 0.926709611328125 0.396215234375 0.84205874609375 0.39682552734375 0.83771630078125 0.392607494140625 0.836426716796875 0.33157982421875 0.827849837890625
0 0.669366755859375 1 0.67915400390625 0.979650626953125 0.604748751953125 0.89148144921875 0.60362744921875 0.8911386328125 0.5702238984375 0.95670896484375 0.6155777890625 1 0.669366755859375 1
0 0.549889935546875 0.892483943359375 0.48691316015625 0.863679291015625 0.4184485 0.938432810546875 0.48266778125 0.973743705078125 0.55093651953125 0.89974987109375 0.551044724609375 0.899528013671875 0.55276900390625 0.893888158203125 0.549889935546875 0.892483943359375
0 0.462063337890625 0.8994938046875 0.465098958984375 0.884057486328125 0.38240188671875 0.838426962890625 0.37849880859375 0.8375258671875 0.364059955078125 0.906589259765625 0.4472480078125 0.95578788671875 0.454675865234375 0.93149245703125 0.462063337890625 0.8994938046875
0 0.819194970703125 1 0.838502833984375 0.98538598828125 0.83874865625 0.98458194140625 0.80502337109375 0.965110638671875 0.7773503671875 0.9508956484375 0.711634787109375 1 0.819194970703125 1
0 0.71963550390625 1 0.756497951171875 0.935290701171875 0.75679321484375 0.932481462890625 0.690790791015625 0.92271991796875 0.684792412109375 0.92208946484375 0.64856296484375 1 0.71963550390625 1