0 0.0148720546875 0.249327021484375 0.011746076171875 0.25224204296875 0.112232712890625 0.30954126953125 0.163041064453125 0.264454904296875 0.159816236328125 0.259294099609375 0.062039103515625 0.20682798046875 0.0148720546875 0.249327021484375
0 0.20200382421875 0.345475662109375 0.11791464453125 0.261872125 0.057226931640625 0.29293733984375 0.14183475390625 0.37626794921875 0.20200382421875 0.345475662109375
0 0.265332951171875 0.60490198046875 0.320174240234375 0.505439318359375 0.27115377734375 0.4518991953125 0.26862328515625 0.44927879296875 0.266797826171875 0.450419466796875 0.210146494140625 0.551285861328125 0.265332951171875 0.60490198046875
0 0.292095859375 0.493297484375 0.2908472890625 0.48945478515625 0.22503148046875 0.3980859453125 0.15481587890625 0.42090037890625 0.15290851953125 0.4220922265625 0.216120134765625 0.512534494140625 0.292095859375 0.493297484375
0 0.256792369140625 0.41035108984375 0.25436832421875 0.405792125 0.17009179296875 0.32463475390625 0.112093236328125 0.355473134765625 0.10094605859375 0.3624386640625 0.1871736953125 0.447855015625 0.256792369140625 0.41035108984375
0 0.302250375 0.66778687109375 0.302717744140625 0.66749482421875 0.364941001953125 0.56883850390625 0.315582890625 0.51205848828125 0.31430290625 0.5128583125 0.248756501953125 0.609976357421875 0.302250375 0.66778687109375
0 0.36112765625 0.581249673828125 0.359018431640625 0.582567662109375 0.291055337890625 0.6781293359375 0.34522261328125 0.7398213203125 0.41519212109375 0.64194394921875 0.36112765625 0.581249673828125
0 0.557655021484375 1 0.613508033203125 0.9723018515625 0.611333140625 0.96784266015625 0.53128021875 0.8591723125 0.46849306640625 0.889059984375 0.462083279296875 0.89218624609375 0.458239474609375 0.894588123046875 0.533400791015625 1 0.557655021484375 1
0 0.517110642578125 0.779769169921875 0.5123965390625 0.77415112109375 0.50639065234375 0.777904013671875 0.4201948671875 0.88073228125 0.473018947265625 0.945996396484375 0.47505043359375 0.948417427734375 0.475994078125 0.9476256171875 0.565321662109375 0.838194935546875 0.517110642578125 0.779769169921875
0 0.422346802734375 0.63327655078125 0.416718857421875 0.63679328125 0.339086775390625 0.75443475 0.39383834765625 0.80974910546875 0.47506865625 0.68981381640625 0.422346802734375 0.63327655078125
0 0.474135333984375 0.705936060546875 0.467270861328125 0.710225458984375 0.380981759765625 0.811690037109375 0.423414318359375 0.872723048828125 0.52255068359375 0.76953942578125 0.474135333984375 0.705936060546875
0 0.318013208984375 0.238026068359375 0.31616401953125 0.234823177734375 0.204819583984375 0.130546880859375 0.151735736328125 0.16119485546875 0.132179416015625 0.173415001953125 0.25190391015625 0.278003560546875 0.318013208984375 0.238026068359375
0 0.267300232421875 0.21153845703125 0.22780128515625 0.09682518359375 0.22571864453125 0.09349226171875 0.18404408984375 0.10784196484375 0.1601284296875 0.122786126953125 0.23259166015625 0.219677998046875 0.267300232421875 0.21153845703125
0 0.46984286328125 0.44645149609375 0.454957326171875 0.407276716796875 0.45252687109375 0.403387177734375 0.328069642578125 0.486366541015625 0.33201651953125 0.49721049609375 0.359629443359375 0.565139447265625 0.36003167578125 0.564993046875 0.480191365234375 0.474883765625 0.46984286328125 0.44645149609375
0 0.3004347734375 0.186195224609375 0.20846176171875 0.30369340234375 0.256453630859375 0.366104177734375 0.25737254296875 0.365507427734375 0.347605865234375 0.253169841796875 0.32999168359375 0.224981255859375 0.30354259765625 0.184253240234375 0.3004347734375 0.186195224609375
0 0.456201380859375 0.42695899609375 0.452886314453125 0.42165377734375 0.32440563671875 0.350363138671875 0.2682996796875 0.40268279296875 0.39241758984375 0.4781739609375 0.456201380859375 0.42695899609375
0 0.41461036328125 0.357450890625 0.41197294140625 0.353230134765625 0.2871986171875 0.277056619140625 0.2257049765625 0.330512224609375 0.35975257421875 0.407007232421875 0.41461036328125 0.357450890625
0 0.475501927734375 0.631085318359375 0.53975359765625 0.5842589921875 0.53529653515625 0.577126201171875 0.429380404296875 0.479641701171875 0.427102216796875 0.481065271484375 0.386944431640625 0.50714404296875 0.36364628125 0.52307892578125 0.36477998828125 0.524824677734375 0.37801361328125 0.53902139453125 0.475501927734375 0.631085318359375
0 0.614316109375 0.870759267578125 0.604665189453125 0.87678983203125 0.67459705078125 0.978073533203125 0.7088276640625 0.9590991953125 0.7492794296875 0.933822126953125 0.67791263671875 0.83785798828125 0.614316109375 0.870759267578125
0 0.679010921875 0.762888859375 0.67547151171875 0.764464705078125 0.5691439765625 0.83490981640625 0.600478943359375 0.91328217578125 0.715608046875 0.84067508984375 0.70764773046875 0.82279592578125 0.679879240234375 0.764278462890625 0.679010921875 0.762888859375
0 0.53134214453125 0.77294247265625 0.532201275390625 0.77231827734375 0.6177688203125 0.67344761328125 0.56982106640625 0.607453189453125 0.5661433515625 0.609751279296875 0.479565470703125 0.70381079296875 0.53134214453125 0.77294247265625
0 0.5510962890625 0.7079075859375 0.5268525234375 0.71721389453125 0.52240376171875 0.719993791015625 0.594588541015625 0.83507065234375 0.6692356484375 0.806962271484375 0.671419287109375 0.805597783203125 0.6705167890625 0.8032466953125 0.60245571484375 0.68961466015625 0.5510962890625 0.7079075859375
0 0.42598259765625 0.59231286328125 0.51542464453125 0.685593955078125 0.58719058203125 0.64392525 0.58559756640625 0.64127402734375 0.49338040234375 0.55073935546875 0.4820483828125 0.5575483203125 0.469058833984375 0.565395841796875 0.42598259765625 0.59231286328125
0 0.3777450703125 0 0.47948358203125 0.10820044921875 0.545097162109375 0.081192306640625 0.542698060546875 0.076047412109375 0.479870900390625 0 0.3777450703125 0
0 0.762500150390625 0.60265508984375 0.73909000390625 0.619663552734375 0.86984530859375 0.7537848203125 0.94683057421875 0.69907998046875 0.944766244140625 0.69577636328125 0.81309136328125 0.56859254296875 0.762500150390625 0.60265508984375
0 0.597443689453125 0.128149837890625 0.595925294921875 0.12627477734375 0.44679873046875 0.011523095703125 0.446343322265625 0.01189187890625 0.387041892578125 0.063759578125 0.54029434765625 0.174078876953125 0.598200337890625 0.129360728515625 0.597443689453125 0.128149837890625
0 0.686171990234375 0.420398078125 0.634842404296875 0.468047525390625 0.780096677734375 0.587401169921875 0.8500026875 0.52938016015625 0.846092615234375 0.52312273828125 0.700064564453125 0.40874082421875 0.686171990234375 0.420398078125
0 0.99383659765625 0.77725390625 0.989050595703125 0.769594701171875 0.868204306640625 0.643957189453125 0.823272490234375 0.67541878515625 0.793584865234375 0.69732063671875 0.91466909765625 0.83047519140625 0.944035279296875 0.8121251640625 0.99383659765625 0.77725390625
0 0.56867621484375 0.072010890625 0.5617914609375 0.076312962890625 0.46851098828125 0.23281292578125 0.529268861328125 0.2949903046875 0.62555621484375 0.128890888671875 0.56867621484375 0.072010890625
0 0.80308384375 0.433654376953125 0.649274431640625 0.3358836328125 0.6207005390625 0.365472767578125 0.58684944140625 0.402107439453125 0.58793307421875 0.403153888671875 0.741925056640625 0.49584278515625 0.804542013671875 0.4359879375 0.80308384375 0.433654376953125
0 0.9026832109375 0.59304668359375 0.902224521484375 0.59258799609375 0.75292976171875 0.49316369921875 0.684609931640625 0.552696208984375 0.683403685546875 0.553902455078125 0.83777760546875 0.663826734375 0.90467419140625 0.59623291796875 0.9026832109375 0.59304668359375
0 0.53585604296875 0.190930384765625 0.4878086484375 0.22654592578125 0.6327565859375 0.349902572265625 0.70783904296875 0.293107576171875 0.7052831796875 0.289457427734375 0.563145998046875 0.171821751953125 0.53585604296875 0.190930384765625
0 0.721020328125 0.34366776953125 0.73757381640625 0.33217413671875 0.70889274609375 0.242132443359375 0.70724378515625 0.242765419921875 0.55695767578125 0.353205455078125 0.58820421484375 0.4323955390625 0.588424373046875 0.43231102734375 0.721020328125 0.34366776953125
0 0.3873291015625 1 0.3884619765625 0.9982339375 0.33333605078125 0.944999451171875 0.332837490234375 0.945310986328125 0.296329224609375 1 0.3873291015625 1
0 0.2780316953125 1 0.349964986328125 0.953361455078125 0.325681130859375 0.88740658984375 0.321309751953125 0.880410919921875 0.23782588671875 0.93929767578125 0.26118026171875 1 0.2780316953125 1
0 0.1961268125 0.857820486328125 0.18473505078125 0.865797083984375 0.26105350390625 0.93553928515625 0.32286510546875 0.89469425390625 0.31946316015625 0.889250005859375 0.246134935546875 0.82548860546875 0.1961268125 0.857820486328125
0 0.21435242578125 0.886691099609375 0.215204587890625 0.88615861328125 0.26973360546875 0.79916790625 0.2172701875 0.744840447265625 0.213253845703125 0.74735013671875 0.163356671875 0.825656056640625 0.21435242578125 0.886691099609375
0 0.64711794140625 0 0.5965823359375 0.085061392578125 0.66121255078125 0.1530599765625 0.74544586328125 0 0.64711794140625 0
0 0.806985169921875 0.07205994140625 0.74952201953125 0.0105949453125 0.74778506640625 0.0116803125 0.74430379296875 0.01460144921875 0.64337942578125 0.159057150390625 0.6526328515625 0.170084953125 0.704415505859375 0.229835658203125 0.809763830078125 0.07537141796875 0.806985169921875 0.07205994140625
0 0.882996470703125 0.246875455078125 0.8800996328125 0.241427294921875 0.76230989453125 0.10438597265625 0.683176107421875 0.14417578515625 0.67534891796875 0.149066755859375 0.804782978515625 0.285068494140625 0.882996470703125 0.246875455078125
0 1 0.468852361328125 0.89096789453125 0.540697451171875 0.924007310546875 0.623840615234375 1 0.578944365234375 1 0.468852361328125
0 1 0.356627306640625 0.99616451953125 0.35048925390625 0.84112823828125 0.456498341796875 0.847736720703125 0.47285491015625 0.876927587890625 0.544280677734375 0.87830301953125 0.543724966796875 1 0.463182732421875 1 0.356627306640625
0 0.985584576171875 0.35284337109375 0.9600582890625 0.292707208984375 0.942084228515625 0.26394269921875 0.791710650390625 0.3739494375 0.827874875 0.46389103515625 0.985584576171875 0.35284337109375
0 0.814013333984375 0.39552593359375 0.92037658984375 0.22920321484375 0.914037607421875 0.21905872265625 0.85557059765625 0.160698921875 0.745943501953125 0.325037560546875 0.814013333984375 0.39552593359375
0 0 0.54088589453125 0.05769016796875 0.61729412109375 0.123610123046875 0.589340517578125 0.122105873046875 0.585617369140625 0.054834796875 0.500955021484375 0.01810315625 0.515795568359375 0 0.523750849609375 0 0.54088589453125
0 0.2009245078125 0.687754255859375 0.19749311328125 0.68914062890625 0.12317265625 0.740967447265625 0.151706146484375 0.808618689453125 0.227268982421875 0.749337818359375 0.2269166796875 0.74841864453125 0.2051182578125 0.694465662109375 0.2009245078125 0.687754255859375
0 0 0.556845275390625 0.01297558203125 0.57177423828125 0.06439306640625 0.4670991484375 0.02673027734375 0.421711095703125 0.022107267578125 0.42459987109375 0.021674291015625 0.424989724609375 0 0.459231267578125 0 0.556845275390625
0 0.0443030703125 0.62511670703125 0.07961396484375 0.68933598828125 0.154367482421875 0.620871330078125 0.1262626953125 0.559424693359375 0.123168015625 0.554472169921875 0.11829690234375 0.556847970703125 0.0443030703125 0.62511670703125
0 0.167911771484375 0.630099744140625 0.166490189453125 0.626750703125 0.162785607421875 0.620822134765625 0.08707627734375 0.681887865234375 0.111650548828125 0.74548924609375 0.114258421875 0.751633013671875 0.11481659765625 0.75139608203125 0.190492873046875 0.68653208984375 0.167911771484375 0.630099744140625
0 0 0.488383107421875 0.05827473046875 0.45943895703125 0.058262232421875 0.459410884765625 0 0.4063378125 0 0.488383107421875