0 0.62862882421875 1 0.69886555859375 0.94469437109375 0.700634966796875 0.94196972265625 0.6970103828125 0.93808283203125 0.671562234375 0.921556611328125 0.642784908203125 0.903862896484375 0.55420075390625 0.9773873984375 0.555780451171875 0.979081416015625 0.58923135546875 1 0.62862882421875 1
0 0.62449215234375 0.94100991015625 0.58823318359375 0.82830675 0.58811233984375 0.82817716015625 0.533424228515625 0.86776231640625 0.569261197265625 0.980979744140625 0.62449215234375 0.94100991015625
0 0.397768783203125 0.64550555859375 0.355638611328125 0.704620693359375 0.4214566953125 0.795640857421875 0.4224245859375 0.79637021484375 0.470433517578125 0.736716494140625 0.400647521484375 0.641786015625 0.400392353515625 0.64202396484375 0.397768783203125 0.64550555859375
0 0.44281087890625 0.83361291015625 0.545565224609375 0.782976580078125 0.54689819921875 0.78168934375 0.52839285546875 0.76184479296875 0.490501171875 0.72747629296875 0.390253271484375 0.778664634765625 0.407148646484375 0.79678270703125 0.44281087890625 0.83361291015625
0 0.48520261328125 0.887109212890625 0.601519212890625 0.86466837109375 0.604374515625 0.8620057578125 0.566219341796875 0.79317200390625 0.447301810546875 0.81786183203125 0.48520261328125 0.887109212890625
0 0.372801083984375 0.58811986328125 0.37058966796875 0.585748408203125 0.3086197890625 0.63282182421875 0.35641112109375 0.740082310546875 0.3572597578125 0.74099236328125 0.41589567578125 0.69350993359375 0.372801083984375 0.58811986328125
0 0.26738336328125 0.65121747265625 0.38361820703125 0.623482921875 0.383827966796875 0.62328731640625 0.347436326171875 0.549675134765625 0.230474970703125 0.577884224609375 0.26738336328125 0.65121747265625
0 0.070568474609375 0.42626746484375 0.17452800390625 0.3342589140625 0.17177589453125 0.33130763671875 0.11188514453125 0.2828090625 0.006216021484375 0.37345037109375 0.070568474609375 0.42626746484375
0 0.23859325390625 0.4190254609375 0.23721870703125 0.41698760546875 0.189343818359375 0.348649865234375 0.0628835 0.4048780546875 0.06050736328125 0.406480779296875 0.06494075390625 0.4130535546875 0.108451931640625 0.4764298125 0.235494974609375 0.421914654296875 0.23859325390625 0.4190254609375
0 0.27932427734375 0.618189025390625 0.2960481875 0.600692755859375 0.329052853515625 0.56403736328125 0.246616931640625 0.44373726171875 0.246536587890625 0.443664921875 0.242309087890625 0.44760712890625 0.192296052734375 0.502303296875 0.2759692265625 0.62131766015625 0.27932427734375 0.618189025390625
0 0.272647544921875 0.50870268359375 0.196900892578125 0.38924843359375 0.13832258984375 0.44725969140625 0.220919955078125 0.56155658203125 0.24005428125 0.54371353125 0.24405301953125 0.539572716796875 0.272647544921875 0.50870268359375
0 0.697023466796875 0.747441 0.694109103515625 0.74516405078125 0.64532003125 0.805066185546875 0.731828830078125 0.937569560546875 0.73882428125 0.931046197265625 0.784788802734375 0.87221429296875 0.697023466796875 0.747441
0 0.685549494140625 0.88917353125 0.67573651953125 0.898009171875 0.66852662890625 0.90473250390625 0.6958096796875 0.92946952734375 0.839645048828125 0.864803150390625 0.84450451953125 0.86027162109375 0.78783784765625 0.79950405859375 0.685549494140625 0.88917353125
0 0.5454763671875 0.545822814453125 0.53627750390625 0.5331616640625 0.39718753515625 0.59022766796875 0.4302368984375 0.637087966796875 0.44168718359375 0.6528479296875 0.57999615625 0.60486410546875 0.58314600390625 0.60192682421875 0.5454763671875 0.545822814453125
0 0.56821648046875 0.788184392578125 0.567572455078125 0.789070814453125 0.627386 0.84026323828125 0.7512321875 0.753376107421875 0.74513758203125 0.746840443359375 0.685618087890625 0.703596998046875 0.56821648046875 0.788184392578125
0 0.45373260546875 0.675954095703125 0.515737638671875 0.72151045703125 0.63666063671875 0.6367613203125 0.640219513671875 0.632038529296875 0.63866063671875 0.63036683984375 0.570833943359375 0.586718158203125 0.45373260546875 0.675954095703125
0 0.58622078125 0.6221222109375 0.58350328515625 0.62014783203125 0.538153826171875 0.68012491796875 0.625403822265625 0.806075978515625 0.62945041796875 0.802302466796875 0.67393343359375 0.74107684375 0.58622078125 0.6221222109375
0 0.527071947265625 0.54098492578125 0.528599373046875 0.539560576171875 0.4924908671875 0.478576427734375 0.48965119921875 0.474032009765625 0.3432030859375 0.52056196875 0.3815997265625 0.590072619140625 0.38286908984375 0.592104021484375 0.510006970703125 0.54990741015625 0.517897787109375 0.546717576171875 0.527071947265625 0.54098492578125
0 0.15339186328125 0.30194648828125 0.16104801171875 0.2961106328125 0.22267107421875 0.247965423828125 0.16003640234375 0.14918004296875 0.155222404296875 0.144017662109375 0.114416306640625 0.175898880859375 0.091868529296875 0.196925021484375 0.15339186328125 0.30194648828125
0 0.20447799609375 0.3604078828125 0.26224694140625 0.32200579296875 0.27639335546875 0.31210036328125 0.216890873046875 0.1941115703125 0.21417769140625 0.1912020390625 0.1478545625 0.241557537109375 0.20447799609375 0.3604078828125
0 0.24580988671875 0.38879490234375 0.24459591796875 0.389926947265625 0.289104423828125 0.45916065625 0.4126935078125 0.41690803515625 0.4138216171875 0.41585605859375 0.36813743359375 0.342746076171875 0.24580988671875 0.38879490234375
0 0.3113863203125 0.3975419765625 0.3431271875 0.35321433984375 0.25265723828125 0.256468603515625 0.250240708984375 0.254647619140625 0.201137423828125 0.3206836484375 0.2912914296875 0.4211583984375 0.299023166015625 0.4139484375 0.3113863203125 0.3975419765625
0 0.305998388671875 0.48623101171875 0.3724415234375 0.52960740625 0.465558197265625 0.44436380859375 0.46804641015625 0.440532294921875 0.46422451953125 0.4364338203125 0.39920292578125 0.395582111328125 0.305998388671875 0.48623101171875
0 1 0.602620099609375 0.984496615234375 0.59050752734375 0.83582255078125 0.704333431640625 0.8380133515625 0.70668277734375 0.89435910546875 0.74668605078125 1 0.676064353515625 1 0.602620099609375
0 0.492180681640625 0.052992904296875 0.46588490234375 0.032890328125 0.329768923828125 0.1630931640625 0.4027024140625 0.215989107421875 0.5380669296875 0.09408047265625 0.54002149609375 0.09157873828125 0.535869783203125 0.087126572265625 0.492180681640625 0.052992904296875
0 0.871723740234375 0.50227131640625 0.81857215625 0.5523986640625 0.9035592734375 0.72102206640625 0.955608353515625 0.677617 0.96419444140625 0.66961034375 0.87489276953125 0.50566968359375 0.871723740234375 0.50227131640625
0 0.5357874609375 0.16841745703125 0.52831534765625 0.16318542578125 0.47532929296875 0.231320943359375 0.6071386484375 0.37231775390625 0.607535083984375 0.371948072265625 0.66073641015625 0.29596870703125 0.5357874609375 0.16841745703125
0 0.36133485546875 0 0.267458826171875 0.0897668046875 0.33715865234375 0.149123373046875 0.46786065234375 0.03096871875 0.473468107421875 0.02404408984375 0.446691548828125 0 0.36133485546875 0
0 0.86361681640625 0.63333951171875 0.90602101953125 0.573535044921875 0.78712971875 0.430820546875 0.783375361328125 0.42809284765625 0.73389494140625 0.4945278515625 0.854863720703125 0.64337594140625 0.859394755859375 0.6391506796875 0.86361681640625 0.63333951171875
0 0.559216234375 0.27555814453125 0.629571548828125 0.440951291015625 0.630457001953125 0.44217001171875 0.67144630859375 0.413746912109375 0.70472419921875 0.389569109375 0.62961041796875 0.224308076171875 0.62728595703125 0.22181539453125 0.559216234375 0.27555814453125
0 0.39867296484375 0.23891161328125 0.39849328125 0.239188298828125 0.479353533203125 0.292297564453125 0.606529712890625 0.15373582421875 0.60318131640625 0.150145107421875 0.52686441015625 0.10772306640625 0.39867296484375 0.23891161328125
0 0.7263117734375 0.558144052734375 0.86344369921875 0.432929138671875 0.86590366015625 0.42914112890625 0.814235609375 0.39356688671875 0.789750728515625 0.37766621875 0.64829900390625 0.503305314453125 0.7263117734375 0.558144052734375
0 0.664382419921875 0.483109724609375 0.680213607421875 0.470639958984375 0.802982955078125 0.370381720703125 0.803724716796875 0.36943230859375 0.737301818359375 0.316534615234375 0.5870828984375 0.42846001171875 0.58648019921875 0.429231431640625 0.664382419921875 0.483109724609375
0 0 0.635409021484375 0.003986412109375 0.63875918359375 0.08715864453125 0.57876879296875 0.087795716796875 0.578035923828125 0.086081966796875 0.57619815234375 0.02719776953125 0.528150861328125 0 0.549432447265625 0 0.635409021484375
0 0 0.640861501953125 0.003149275390625 0.644122671875 0.052851640625 0.69289123828125 0.13501480859375 0.64269521875 0.139647109375 0.63822185546875 0.12775315234375 0.625467150390625 0.088494775390625 0.58770909765625 0 0.6388182109375 0 0.640861501953125
0 0.05075842578125 0.699781111328125 0.11021851953125 0.74967405078125 0.189765876953125 0.691707474609375 0.19268665625 0.688226623046875 0.19059467578125 0.685983248046875 0.12930302734375 0.64164923828125 0.05075842578125 0.699781111328125
0 1 0.399210109375 0.87839403515625 0.43342604296875 0.8774895234375 0.43426951171875 0.92258464453125 0.508332294921875 1 0.48928107421875 1 0.399210109375
0 1 0.325769970703125 0.99281196484375 0.3142341328125 0.9903324921875 0.310693080078125 0.81386533984375 0.372473458984375 0.85817775390625 0.43795628515625 0.866434830078125 0.44974861328125 1 0.40129273046875 1 0.325769970703125
0 0.905689291015625 0.222960703125 0.75117990234375 0.328440046875 0.81789936328125 0.386493775390625 0.976688974609375 0.2895020546875 0.96027811328125 0.27190355859375 0.952701767578125 0.26483850390625 0.905689291015625 0.222960703125
0 0.5457185703125 0 0.4872181171875 0.046409353515625 0.49316858984375 0.052790453125 0.55247653515625 0.107464373046875 0.70248322265625 0 0.5457185703125 0
0 0.78144985546875 0.077310076171875 0.735469390625 0.02624359765625 0.717611884765625 0.007093767578125 0.55149430078125 0.101603126953125 0.550328806640625 0.102689966796875 0.578584783203125 0.134555060546875 0.615466771484375 0.17551666015625 0.780209880859375 0.07846637109375 0.78144985546875 0.077310076171875
0 0.73140662890625 0.28009081640625 0.74899933203125 0.267308970703125 0.808901490234375 0.222012474609375 0.73679019921875 0.050570603515625 0.732295658203125 0.045750798828125 0.653209931640625 0.103209943359375 0.73140662890625 0.28009081640625
0 0.86871435546875 0.30392308984375 0.890828318359375 0.27848388671875 0.77765512890625 0.12039875 0.7738843046875 0.11712082421875 0.71037781640625 0.190176681640625 0.8280077734375 0.347952142578125 0.834238056640625 0.34214230859375 0.86871435546875 0.30392308984375
0 0.31662776171875 0.985186259765625 0.342317359375 0.968960203125 0.37516080078125 0.946807021484375 0.34292538671875 0.844755814453125 0.33940217578125 0.8409776328125 0.280308021484375 0.8793838125 0.31662776171875 0.985186259765625
0 0.212721169921875 0.778236765625 0.224194689453125 0.76592042578125 0.1776658046875 0.684955033203125 0.175820361328125 0.683172908203125 0.12454266015625 0.734686126953125 0.176552759765625 0.814438126953125 0.188707525390625 0.803103623046875 0.212721169921875 0.778236765625
0 0.364020359375 1 0.45282778515625 0.96914218359375 0.454690572265625 0.967405107421875 0.4188467578125 0.926171517578125 0.40643474609375 0.912861265625 0.304229171875 0.9612458515625 0.34076746484375 1 0.364020359375 1
0 0.32301366015625 0.880518453125 0.33267114453125 0.867018400390625 0.273796904296875 0.787495955078125 0.2719138984375 0.786077009765625 0.22543898046875 0.841849744140625 0.287690919921875 0.92658148046875 0.289748638671875 0.924662625 0.32301366015625 0.880518453125
0 0.2464299375 0.75216190234375 0.157856423828125 0.795574708984375 0.20693329296875 0.847851904296875 0.292138279296875 0.809202443359375 0.296083896484375 0.80552309765625 0.271739130859375 0.77848549609375 0.2464299375 0.75216190234375
0 0.4637165859375 1 0.44483352734375 0.938470423828125 0.443634345703125 0.93681989453125 0.391958486328125 0.972843392578125 0.39707990625 0.99834462890625 0.397441787109375 1 0.4637165859375 1