0 0.86134343359375 0.690109373046875 0.856485650390625 0.690024580078125 0.856988623046875 0.759505119140625 0.966412958984375 0.7957095625 0.96688521484375 0.786698400390625 0.966905552734375 0.728077634765625 0.86134343359375 0.690109373046875
0 0.89408304296875 0.7206977578125 0.78141605859375 0.6837289609375 0.781296115234375 0.7513193984375 0.89395537890625 0.788874216796875 0.89408304296875 0.7206977578125
0 0.61770387109375 0.77014473046875 0.63905356640625 0.66161249609375 0.638754205078125 0.658764244140625 0.56288731640625 0.664299767578125 0.5410417734375 0.78014259375 0.54573708984375 0.77964909765625 0.61770387109375 0.77014473046875
0 0.65968917578125 0.66761411328125 0.606703087890625 0.76747514453125 0.6815010390625 0.781910166015625 0.736085625 0.6824830078125 0.73627226171875 0.678921759765625 0.712394921875 0.674280474609375 0.65968917578125 0.66761411328125
0 0.70469462890625 0.791439109375 0.704701615234375 0.7914888203125 0.784719921875 0.78068637109375 0.803929453125 0.66300483203125 0.793376646484375 0.66245178125 0.725939837890625 0.671929408203125 0.70469462890625 0.791439109375
0 0.57548738671875 0.708215666015625 0.480121765625 0.64447014453125 0.477624291015625 0.6443392578125 0.452615287109375 0.717890859375 0.55330533203125 0.780769900390625 0.57548738671875 0.708215666015625
0 0.479950365234375 0.770671408203125 0.4924210625 0.70194069921875 0.49434721875 0.68977943359375 0.386461740234375 0.642690919921875 0.384711134765625 0.642599173828125 0.36956421875 0.7228110859375 0.479950365234375 0.770671408203125
0 0.17325170703125 0.73059356640625 0.17234698828125 0.6473465546875 0.03760207421875 0.62723326171875 0.03332265234375 0.627307958984375 0.033071203125 0.63210588671875 0.035112041015625 0.70778035546875 0.17325170703125 0.73059356640625
0 0.226322287109375 0.60613476953125 0.1493751171875 0.61560131640625 0.139652138671875 0.753656685546875 0.13995173046875 0.756507125 0.147836498046875 0.75567840234375 0.224221673828125 0.7470136640625 0.235860056640625 0.607700080078125 0.235747451171875 0.60662872265625 0.226322287109375 0.60613476953125
0 0.42633766796875 0.680978427734375 0.29936893359375 0.61935084765625 0.29681290234375 0.619216892578125 0.27731148046875 0.693514693359375 0.40831226953125 0.75905501171875 0.42633766796875 0.680978427734375
0 0.31639855078125 0.61348265234375 0.31576187890625 0.608952513671875 0.234981482421875 0.618472533203125 0.22962330078125 0.7614626328125 0.303002908203125 0.74958897265625 0.31639855078125 0.61348265234375
0 0.831612279296875 0.523637640625 0.8270282890625 0.52339740234375 0.81352781640625 0.59871559375 0.95288103125 0.672375697265625 0.95497250390625 0.672485306640625 0.968064001953125 0.58982884765625 0.831612279296875 0.523637640625
0 0.870898052734375 0.633639009765625 0.991701615234375 0.641580365234375 0.9942025390625 0.593859904296875 0.88217271484375 0.551321708984375 0.871930330078125 0.550784927734375 0.870898052734375 0.633639009765625
0 0.61629611328125 0.64909173828125 0.6256131328125 0.61205821875 0.63540608203125 0.56598601953125 0.505337556640625 0.50340901953125 0.50058167578125 0.5031597734375 0.483989943359375 0.576155111328125 0.61629611328125 0.64909173828125
0 0.87776173828125 0.57876179296875 0.743214130859375 0.519004888671875 0.73682410546875 0.51867000390625 0.729614802734375 0.59880228515625 0.864628947265625 0.656745859375 0.87776173828125 0.57876179296875
0 0.57699899609375 0.649562009765625 0.6539206015625 0.651314970703125 0.704364814453125 0.51253395703125 0.70453745703125 0.50759006640625 0.68784108984375 0.506715044921875 0.6217391640625 0.509297642578125 0.57699899609375 0.649562009765625
0 0.662518697265625 0.511646533203125 0.65841790234375 0.511431619140625 0.649478564453125 0.59059169140625 0.78830648828125 0.651233556640625 0.789133283203125 0.65127688671875 0.7971249140625 0.5752416015625 0.662518697265625 0.511646533203125
0 0.409464388671875 0.508584197265625 0.40273388671875 0.50846671484375 0.399521396484375 0.58607372265625 0.547015970703125 0.626627779296875 0.54782658984375 0.626641931640625 0.550965927734375 0.58267800390625 0.551627943359375 0.544751203125 0.423901134765625 0.511387580078125 0.409464388671875 0.508584197265625
0 0 0.56924037890625 0.109978013671875 0.602075041015625 0.123479376953125 0.52011616796875 0.011053171875 0.48219860546875 0.007591970703125 0.482017208984375 0 0.521074509765625 0 0.56924037890625
0 0.182181701171875 0.61099593359375 0.205207076171875 0.545560439453125 0.210543671875 0.52913608984375 0.09219633984375 0.470804693359375 0.08794008984375 0.470581634765625 0.06543429296875 0.55015466015625 0.182181701171875 0.61099593359375
0 0.240519025390625 0.598294630859375 0.240273025390625 0.599360166015625 0.321116828125 0.616933939453125 0.377896857421875 0.50116179296875 0.378063541015625 0.49798129296875 0.29468406640625 0.478731623046875 0.240519025390625 0.598294630859375
0 0.1610254765625 0.48536438671875 0.155807947265625 0.56818830078125 0.285951361328125 0.602865271484375 0.29125005859375 0.542300875 0.29240681640625 0.52022860546875 0.17395715625 0.486042107421875 0.1610254765625 0.48536438671875
0 0.455589912109375 0.53146768359375 0.45352180078125 0.51841013671875 0.32489216796875 0.50596225390625 0.3218372421875 0.50644610546875 0.33604741796875 0.58820612890625 0.465199931640625 0.59677623828125 0.46534401953125 0.5940268515625 0.455589912109375 0.53146768359375
0 1 0.308803345703125 0.86161234765625 0.243573904296875 0.85729012109375 0.24334738671875 0.84666796875 0.31861818359375 0.845955013671875 0.324424732421875 1 0.38529755078125 1 0.308803345703125
0 0.102982470703125 0.21200927734375 0.102952134765625 0.212008216796875 0.103027642578125 0.302099666015625 0.28460572265625 0.34067524609375 0.2871694921875 0.291755626953125 0.28829540234375 0.24559261328125 0.102982470703125 0.21200927734375
0 0.767037326171875 0.293981419921875 0.924950029296875 0.39752001171875 0.952120966796875 0.32356963671875 0.952302052734375 0.323012314453125 0.79172994921875 0.224914 0.78934869921875 0.22414028515625 0.787981931640625 0.224068654296875 0.767037326171875 0.293981419921875
0 0.337797326171875 0.386024958984375 0.42512193359375 0.375102701171875 0.431496880859375 0.18580915234375 0.431082544921875 0.18345933203125 0.42639234765625 0.18321352734375 0.339730037109375 0.19849443359375 0.337797326171875 0.386024958984375
0 0.183873076171875 0.34032544140625 0.18927376953125 0.30383052734375 0.1959585 0.249387763671875 0.0274150390625 0.20142012109375 0.01928931640625 0.20099426953125 0.01177803515625 0.26216876171875 0.0100016171875 0.2960648203125 0.183873076171875 0.34032544140625
0 0.74765485546875 0.2096931953125 0.675657953125 0.386087150390625 0.758703943359375 0.3987631328125 0.830239205078125 0.229409296875 0.830666716796875 0.22125187890625 0.75683091796875 0.210874935546875 0.74765485546875 0.2096931953125
0 0.5467909140625 0.2042800078125 0.536930041015625 0.20341729296875 0.4607858046875 0.199815732421875 0.40510250390625 0.37164060546875 0.40504693359375 0.372275755859375 0.474567189453125 0.37990359765625 0.49567696484375 0.381750462890625 0.546438072265625 0.21101263671875 0.5467909140625 0.2042800078125
0 0.196726001953125 0.2245450859375 0.19244444140625 0.224995095703125 0.20197866796875 0.3204657421875 0.38988566015625 0.33211223046875 0.3901959375 0.326191775390625 0.37531955859375 0.2412321328125 0.196726001953125 0.2245450859375
0 0.754992271484375 0.36596358203125 0.75510376171875 0.3052052890625 0.75388548828125 0.27031852734375 0.573513697265625 0.2299978359375 0.56942675390625 0.230140556640625 0.570151181640625 0.32196866015625 0.754992271484375 0.36596358203125
0 0.51636594140625 0.3900795625 0.600775771484375 0.37901628515625 0.62450865234375 0.194030703125 0.624262833984375 0.192281615234375 0.531605736328125 0.210849666015625 0.52957846875 0.23089989453125 0.51633312109375 0.38984603515625 0.51636594140625 0.3900795625
0 0 0.923634458984375 0.07304541796875 0.94537187890625 0.11057542578125 0.86287812890625 0.111983697265625 0.857966908203125 0.112099265625 0.8557617109375 0.040931865234375 0.83535478515625 0 0.91838674609375 0 0.923634458984375
0 0.17234321875 0.947517576171875 0.18436989453125 0.87158413671875 0.09671531640625 0.83912307421875 0.093033919921875 0.838539998046875 0.09208844921875 0.83849044921875 0.079195197265625 0.91494420703125 0.17234321875 0.947517576171875
0 1 0.11371556640625 0.880527970703125 0.10294702734375 0.87735905078125 0.10356300390625 0.88837062890625 0.18939843359375 0.888956490234375 0.192412419921875 1 0.170827748046875 1 0.11371556640625
0 0.2204042265625 0.95133578515625 0.272781693359375 0.864843068359375 0.272926650390625 0.862077154296875 0.198552275390625 0.840450888671875 0.14926278515625 0.929526541015625 0.2204042265625 0.95133578515625
0 0.31145462109375 0.949810849609375 0.33541947265625 0.86385069921875 0.336160185546875 0.8497170625 0.33469169921875 0.8496401015625 0.2657883125 0.848576943359375 0.23549618359375 0.9477080078125 0.241844529296875 0.9480407109375 0.31145462109375 0.949810849609375
0 0.3818889765625 0.951067244140625 0.41968731640625 0.868104794921875 0.42001873828125 0.86178092578125 0.346166779296875 0.84742555859375 0.302467802734375 0.94148534375 0.3818889765625 0.951067244140625
0 0.891725826171875 0.04139598828125 0.8918709609375 0.03862664453125 0.805486015625 0.03409940234375 0.74146799609375 0.20833223828125 0.8351884140625 0.2124981953125 0.891725826171875 0.04139598828125
0 0.635435890625 0.14993205859375 0.814931755859375 0.175349693359375 0.8167433828125 0.17512725390625 0.812332056640625 0.110869673828125 0.809176978515625 0.085173626953125 0.62553266796875 0.0570554609375 0.635435890625 0.14993205859375
0 0.930884267578125 0.0284671171875 0.90419580078125 0.026095537109375 0.8297177265625 0.20950449609375 0.829690125 0.210031158203125 0.916365935546875 0.222812435546875 0.995219298828125 0.03706553515625 0.99531501953125 0.0352390625 0.930884267578125 0.0284671171875
0 0.597810353515625 0.01943455078125 0.563140875 0.20327434765625 0.651368845703125 0.19714674609375 0.695182654296875 0.015801494140625 0.68140616015625 0.015079498046875 0.66066526953125 0.01580378515625 0.597810353515625 0.01943455078125
0 0.20974262109375 0 0.164246109375 0.17498346484375 0.25327534375 0.18382562890625 0.3082956484375 0.008065294921875 0.30871833203125 0 0.20974262109375 0
0 0.4317015859375 0.1529644609375 0.432133111328125 0.152941845703125 0.432239763671875 0.150906791015625 0.430721634765625 0.11953816015625 0.427498796875 0.05804276171875 0.238898197265625 0.0269448046875 0.236891712890625 0.027049958984375 0.23679031640625 0.028984685546875 0.237592095703125 0.04688519921875 0.24166344140625 0.124571107421875 0.4317015859375 0.1529644609375
0 0.42842251171875 0 0.3901406015625 0.005380171875 0.37618067578125 0.197757546875 0.471901626953125 0.18243298828125 0.4884644296875 0 0.42842251171875 0
0 0.426409990234375 0.050326185546875 0.42472976953125 0.050683328125 0.44244778125 0.14228330859375 0.640535474609375 0.14712832421875 0.6406967109375 0.14405176953125 0.6209866015625 0.05132299609375 0.426409990234375 0.050326185546875
0 0.05502288671875 0 0.050275859375 0.020561640625 0.036090802734375 0.09689929296875 0.2159793125 0.160867078125 0.234227501953125 0.09003156640625 0.23976718359375 0.066036572265625 0.067761537109375 0 0.05502288671875 0
0 0.6101230625 0.966318416015625 0.679645880859375 0.97084190234375 0.71426258984375 0.867203037109375 0.714399544921875 0.86328116796875 0.668704822265625 0.86088641015625 0.64274312890625 0.85997980859375 0.6101230625 0.966318416015625
0 0.45876134765625 0.853116505859375 0.40679247265625 0.86134756640625 0.40026396484375 0.95736544140625 0.46763618359375 0.94545071875 0.4793297578125 0.85176961328125 0.47920072265625 0.850954921875 0.47531536328125 0.850751298828125 0.45876134765625 0.853116505859375
0 0.680472427734375 0.87254598828125 0.67636309765625 0.87305055078125 0.686147193359375 0.932705255859375 0.796542107421875 0.961953775390625 0.796690734375 0.959117828125 0.78807494921875 0.888947900390625 0.680472427734375 0.87254598828125
0 0.634723767578125 0.94469172265625 0.637574306640625 0.890300212890625 0.541092048828125 0.85576315234375 0.539242490234375 0.85566622265625 0.53718496484375 0.93032299609375 0.63174067578125 0.963780369140625 0.63277789453125 0.963834728515625 0.634723767578125 0.94469172265625
0 0.558609546875 0.891890185546875 0.55618256640625 0.876346546875 0.4628661796875 0.861751947265625 0.45889029296875 0.862240125 0.468943279296875 0.93207686328125 0.56404310546875 0.94987549609375 0.56454750390625 0.940250974609375 0.558609546875 0.891890185546875
0 0.931767041015625 0.92526629296875 0.843899572265625 0.85442153515625 0.84059033984375 0.85424810546875 0.8247753046875 0.9217366015625 0.912289439453125 0.99319276171875 0.931767041015625 0.92526629296875
0 0.74953962109375 0.9298533671875 0.853268306640625 0.97808860546875 0.855003974609375 0.97827103125 0.861659078125 0.91495195703125 0.840620458984375 0.90248776953125 0.762487041015625 0.85797810546875 0.7601875625 0.85785759765625 0.74953962109375 0.9298533671875
0 0.97016543359375 0.8688620703125 0.933941248046875 0.8722634140625 0.89526976953125 0.978468076171875 0.975771470703125 0.97540084765625 0.97769928515625 0.93861596875 0.975272771484375 0.869129734375 0.97016543359375 0.8688620703125