0 0.830852435546875 0.827476900390625 0.901773904296875 0.83316471875 0.944912296875 0.73303437890625 0.94541268359375 0.728273505859375 0.9149619609375 0.723993935546875 0.88004590234375 0.720926970703125 0.830852435546875 0.827476900390625
0 0.87194065234375 0.748229890625 0.758645630859375 0.71323303515625 0.75970532421875 0.780815271484375 0.873002849609375 0.816398193359375 0.87194065234375 0.748229890625
0 0.506516099609375 0.77126054296875 0.5111655546875 0.7720803671875 0.58296422265625 0.782780916015625 0.63130258203125 0.68843615625 0.63232140234375 0.68118687890625 0.559445994140625 0.66592671875 0.506516099609375 0.77126054296875
0 0.70678655859375 0.7659568671875 0.704219642578125 0.713309650390625 0.60165535546875 0.68008273828125 0.596650197265625 0.679995373046875 0.59544758984375 0.75463744140625 0.70512137109375 0.79190163671875 0.70650561328125 0.782052244140625 0.70678655859375 0.7659568671875
0 0.65926245703125 0.781670173828125 0.659245287109375 0.781717345703125 0.73496869921875 0.80974566796875 0.807529873046875 0.7143947734375 0.807737783203125 0.71291542578125 0.734127267578125 0.686123388671875 0.65926245703125 0.781670173828125
0 0.4328753828125 0.75754083203125 0.432799169921875 0.758022013671875 0.51027340625 0.77277166015625 0.556847798828125 0.66808521484375 0.557403322265625 0.66413245703125 0.48359187890625 0.65244187109375 0.4328753828125 0.75754083203125
0 0.359745771484375 0.64083008984375 0.35843116796875 0.64078418359375 0.35374744921875 0.722410525390625 0.46854715625 0.756589541015625 0.473846517578125 0.674498763671875 0.359745771484375 0.64083008984375
0 0.030301525390625 0.585411744140625 0.025359099609375 0.584979337890625 0.017642224609375 0.666961392578125 0.15289590625 0.7019147421875 0.155718892578125 0.6818281484375 0.160442435546875 0.62120361328125 0.030301525390625 0.585411744140625
0 0.1130917890625 0.587630599609375 0.0997845703125 0.67177890625 0.2316663125 0.719854451171875 0.243169826171875 0.654614787109375 0.24582689453125 0.63570876171875 0.12263028125 0.588971146484375 0.1130917890625 0.587630599609375
0 0.34596899609375 0.60389803515625 0.33544743359375 0.600881025390625 0.26259547265625 0.729233083984375 0.29880579296875 0.73991724609375 0.33949529296875 0.751584775390625 0.40578907421875 0.631448337890625 0.406925802734375 0.6233600859375 0.34596899609375 0.60389803515625
0 0.3247717734375 0.63656476953125 0.184575498046875 0.617806359375 0.19136129296875 0.699968859375 0.33317801171875 0.71024887109375 0.333302759765625 0.70936125 0.33003938671875 0.678312322265625 0.3247717734375 0.63656476953125
0 0.8034988359375 0.62378639453125 0.928807845703125 0.717794158203125 0.938509576171875 0.69273246484375 0.95624147265625 0.644014478515625 0.83413276953125 0.545624845703125 0.83304337109375 0.545228337890625 0.83151083203125 0.545012953125 0.8034988359375 0.62378639453125
0 0.9730751015625 0.5642095546875 0.872932490234375 0.698112013671875 0.872915515625 0.69823279296875 0.9554113359375 0.72300440234375 0.967448046875 0.68949976953125 0.985752466796875 0.636339875 0.99516178125 0.56938912109375 0.9730751015625 0.5642095546875
0 0.49059478125 0.51736843359375 0.485818609375 0.517118126953125 0.4783677265625 0.600249662109375 0.621870009765625 0.6432821484375 0.622806064453125 0.636621779296875 0.626482572265625 0.5664698125 0.49059478125 0.51736843359375
0 0.717126609375 0.66034486328125 0.716861541015625 0.66140799609375 0.79149671484375 0.68646623828125 0.87339428125 0.56010189453125 0.873725892578125 0.557742353515625 0.794292490234375 0.5379373828125 0.717126609375 0.66034486328125
0 0.69688058203125 0.66202604296875 0.698554587890625 0.65145679296875 0.704705205078125 0.577633119140625 0.5812903359375 0.52089174609375 0.57046611328125 0.5193705 0.559824521484375 0.59226712109375 0.69688058203125 0.66202604296875
0 0.647757439453125 0.66813975 0.72882198828125 0.674438474609375 0.783538623046875 0.53621423046875 0.78372398828125 0.533563384765625 0.76867355859375 0.53144818359375 0.70840758203125 0.5272339765625 0.647757439453125 0.66813975
0 0.39878109375 0.51216062890625 0.39206596484375 0.5126301953125 0.39562959765625 0.59022187109375 0.54609742578125 0.61776661328125 0.5469061953125 0.617710056640625 0.54620187890625 0.57363981640625 0.543555837890625 0.53579963671875 0.413407234375 0.513695099609375 0.39878109375 0.51216062890625
0 0 0.557891515625 0.050461880859375 0.576612533203125 0.118546123046875 0.456945091796875 0.119972533203125 0.45341460546875 0.120158103515625 0.45209420703125 0.10125218359375 0.44419198828125 0.039762888671875 0.41934869921875 0 0.495332681640625 0 0.557891515625
0 0.119658666015625 0.437612400390625 0.06710948828125 0.5583194921875 0.15058914453125 0.58129151953125 0.1991702421875 0.462471935546875 0.20014324609375 0.45554865625 0.172203755859375 0.44858255859375 0.119658666015625 0.437612400390625
0 0.252472958984375 0.47371721484375 0.244907185546875 0.47332070703125 0.23923659765625 0.557988400390625 0.3673208203125 0.590807458984375 0.36948802734375 0.57538698046875 0.37213984765625 0.5083149296875 0.252472958984375 0.47371721484375
0 0.191616271484375 0.452224240234375 0.165941671875 0.58530118359375 0.248757875 0.586217431640625 0.27700203515625 0.45445898046875 0.26470818359375 0.45273119140625 0.223184369140625 0.452006390625 0.191616271484375 0.452224240234375
0 0.313663615234375 0.5806679765625 0.39181496484375 0.610887224609375 0.461884212890625 0.510057208984375 0.46251544921875 0.508494841796875 0.463286125 0.503011203125 0.392511453125 0.47421803515625 0.313663615234375 0.5806679765625
0 1 0.33916506640625 0.873485771484375 0.28220912109375 0.870710587890625 0.2819174375 0.861305705078125 0.358156615234375 0.860694197265625 0.36397472265625 1 0.416231134765625 1 0.33916506640625
0 0.31153825390625 0.28817307421875 0.30525537109375 0.210132552734375 0.117447185546875 0.19610366796875 0.117416908203125 0.19610578515625 0.12690912109375 0.285695810546875 0.311232322265625 0.30504928515625 0.312224626953125 0.29798866796875 0.31153825390625 0.28817307421875
0 0.79278817578125 0.271211216796875 0.790741533203125 0.270959921875 0.77817632421875 0.3487600546875 0.95686045703125 0.41529023046875 0.96179128515625 0.3802055625 0.96559781640625 0.341915302734375 0.79278817578125 0.271211216796875
0 0.389670958984375 0.17996813671875 0.327012546875 0.356026001953125 0.4131355234375 0.37412891796875 0.478652162109375 0.202816716796875 0.47994683984375 0.19360461328125 0.426760873046875 0.18518078515625 0.389670958984375 0.17996813671875
0 0.15494278515625 0.141220578125 0.08480723046875 0.1448962265625 0.065999759765625 0.32731558203125 0.16253328125 0.327184751953125 0.175637408203125 0.15216381640625 0.17510070703125 0.1419229765625 0.167612759765625 0.14087061328125 0.15494278515625 0.141220578125
0 0.67668314453125 0.32729619921875 0.8476251640625 0.411422341796875 0.858263994140625 0.364131521484375 0.86567491796875 0.3292658671875 0.69721095703125 0.24380198046875 0.69582524609375 0.243507439453125 0.69354843359375 0.243187453125 0.67668314453125 0.32729619921875
0 0.405021908203125 0.294609427734375 0.569274380859375 0.367588109375 0.57075312890625 0.367875548828125 0.581346302734375 0.319133568359375 0.589194990234375 0.278755578125 0.42364711328125 0.20998886328125 0.418102166015625 0.209209572265625 0.405021908203125 0.294609427734375
0 0.3777686953125 0.35323087109375 0.37835214453125 0.351627859375 0.403433712890625 0.264549541015625 0.250560767578125 0.17146246484375 0.245812240234375 0.1707951015625 0.212902224609375 0.259776591796875 0.3777686953125 0.35323087109375
0 0.670931521484375 0.217918876953125 0.5958351875 0.391554880859375 0.68971462109375 0.4082860390625 0.76101805078125 0.236997728515625 0.761668599609375 0.232368833984375 0.700298533203125 0.222046140625 0.670931521484375 0.217918876953125
0 0.6526573515625 0.209039185546875 0.56261243359375 0.212705681640625 0.557473576171875 0.23219192578125 0.519526646484375 0.38710914453125 0.51952253125 0.38734493359375 0.604623814453125 0.389622470703125 0.657002623046875 0.210627005859375 0.65701963671875 0.209652265625 0.6526573515625 0.209039185546875
0 0 0.881634966796875 0.05631098828125 0.908449140625 0.07841044921875 0.836165052734375 0 0.795795400390625 0 0.881634966796875
0 0.12618589453125 0.921633423828125 0.154985634765625 0.850351568359375 0.0768797890625 0.799004490234375 0.075752814453125 0.7985491640625 0.072220552734375 0.798052736328125 0.042752666015625 0.86894116015625 0.12618589453125 0.921633423828125
0 1 0.132514755859375 0.915346583984375 0.12361732421875 0.912302255859375 0.15936165625 1 0.195061916015625 1 0.132514755859375
0 0.11649884765625 0.904758130859375 0.1164087109375 0.90539949609375 0.19257084765625 0.92469008203125 0.2383853046875 0.834609771484375 0.23848709765625 0.833885482421875 0.1668623828125 0.81463535546875 0.11649884765625 0.904758130859375
0 0.2412356796875 0.823539375 0.19152707421875 0.914794947265625 0.262958892578125 0.93245134765625 0.31241414453125 0.846764451171875 0.313033484375 0.84235761328125 0.3023898046875 0.83930558984375 0.2412356796875 0.823539375
0 0.263285841796875 0.91854958984375 0.3362244453125 0.94509706640625 0.3911487734375 0.86341950390625 0.39273404296875 0.859064009765625 0.39280440234375 0.85856337890625 0.31721135546875 0.83705966015625 0.263285841796875 0.91854958984375
0 0.91990140625 0.063566640625 0.912702943359375 0.06255496484375 0.832963095703125 0.062554962890625 0.777861923828125 0.2408362421875 0.780314505859375 0.2411809296875 0.871559103515625 0.240456595703125 0.91990140625 0.063566640625
0 0.83807737890625 0.05918398046875 0.76858177734375 0.0470379609375 0.76833851171875 0.04699943359375 0.74707309375 0.0440107734375 0.672707861328125 0.21056959765625 0.75906356640625 0.229039728515625 0.76119158203125 0.229376775390625 0.837456125 0.06360442578125 0.83807737890625 0.05918398046875
0 1 0.14636364453125 0.872359123046875 0.07266356640625 0.86394801953125 0.0714814609375 0.8452790234375 0.15872756640625 1 0.24484740234375 1 0.14636364453125
0 0.752294255859375 0.105606556640625 0.577984626953125 0.05037047265625 0.572684455078125 0.05018538671875 0.572424931640625 0.052031986328125 0.57127890625 0.14663800390625 0.7513105 0.19380028515625 0.75225575 0.18707448046875 0.752294255859375 0.105606556640625
0 0.240854498046875 0 0.211518609375 0.16011736328125 0.310365091796875 0.159881623046875 0.3316253359375 0 0.240854498046875 0
0 0.33393615625 0 0.311255404296875 0.17551628125 0.311372376953125 0.176853267578125 0.311610408203125 0.176886720703125 0.353901484375 0.1735103515625 0.4088110078125 0.168706390625 0.428025599609375 0 0.33393615625 0
0 0.550690216796875 0.17531920703125 0.554092005859375 0.15384115625 0.56441976953125 0.079454474609375 0.39481393359375 0.010282533203125 0.38561503515625 0.0089897109375 0.37032313671875 0.10553895703125 0.550690216796875 0.17531920703125
0 0.66417772265625 0.035454599609375 0.5871305078125 0.007331607421875 0.574753939453125 0.0055921953125 0.468915033203125 0.172360455078125 0.561566748046875 0.204262998046875 0.66417772265625 0.035454599609375
0 0.0883475234375 0 0.071607494140625 0.056709361328125 0.252900494140625 0.13367428515625 0.2622247265625 0.09887577734375 0.276812708984375 0.03321809765625 0.192807263671875 0 0.0883475234375 0
0 0.625040365234375 0.86913691015625 0.55957701953125 0.959061984375 0.62383943359375 0.98597344140625 0.6899721328125 0.8996940703125 0.69063878515625 0.89495059765625 0.658592962890625 0.882016546875 0.625040365234375 0.86913691015625
0 0.3882349765625 0.84888370703125 0.38725118359375 0.848849849609375 0.35580087109375 0.93959587890625 0.429055974609375 0.944549734375 0.453862818359375 0.85740519921875 0.454078111328125 0.853297171875 0.443154025390625 0.851761892578125 0.3882349765625 0.84888370703125
0 0.6785143671875 0.881666669921875 0.645915458984375 0.990552908203125 0.7075264296875 0.98913940234375 0.751769830078125 0.884090025390625 0.74185861328125 0.882697095703125 0.68280719140625 0.88166634765625 0.6785143671875 0.881666669921875
0 0.494519107421875 0.870873291015625 0.5054568515625 0.9447531484375 0.60438586328125 0.96128280078125 0.60541676171875 0.96115622265625 0.6016769140625 0.910178740234375 0.59897582421875 0.8881801328125 0.4963573984375 0.870647576171875 0.494519107421875 0.870873291015625
0 0.493865091796875 0.858450501953125 0.457373275390625 0.85709613671875 0.423815892578125 0.949853029296875 0.495433626953125 0.9533664375 0.531111705078125 0.863257068359375 0.53116096484375 0.86255260546875 0.51000196484375 0.85957890234375 0.493865091796875 0.858450501953125
0 0.88085459765625 1 0.883211259765625 0.991204814453125 0.89113857421875 0.95450396875 0.805302439453125 0.8868799765625 0.80058575390625 0.88621708984375 0.78296957421875 0.95196156640625 0.84472626953125 1 0.88085459765625 1
0 0.73699420703125 0.96030155078125 0.82094479296875 0.998858662109375 0.823288861328125 0.959552671875 0.823899345703125 0.92457801953125 0.717915384765625 0.8861306171875 0.71587552734375 0.88609501171875 0.713545865234375 0.949044671875 0.73699420703125 0.96030155078125
0 0.93306551171875 1 0.93831950390625 0.962615912109375 0.855567853515625 0.912878587890625 0.85050709765625 0.91216734375 0.83780548046875 0.99404461328125 0.875406302734375 1 0.93306551171875 1