0 0.682019337890625 0.061015693359375 0.65509917578125 0.000495521484375 0.5438074765625 0.00870247265625 0.540499568359375 0.01010659375 0.541954685546875 0.015942748046875 0.553504484375 0.04315237109375 0.567467771484375 0.07391319921875 0.6823791015625 0.0624586328125 0.682019337890625 0.061015693359375
0 0.58778749609375 0.17393333203125 0.653557314453125 0.1600821953125 0.666293470703125 0.042191005859375 0.605726859375 0.054952546875 0.60013012890625 0.05634796875 0.58715341015625 0.1713901484375 0.58778749609375 0.17393333203125
0 0.633216087890625 0.382535458984375 0.746146802734375 0.394661544921875 0.73388069921875 0.318702501953125 0.6201715390625 0.30739415625 0.61680730078125 0.30823295703125 0.617475568359375 0.31167089453125 0.633216087890625 0.382535458984375
0 0.66478458203125 0.208319595703125 0.61859083984375 0.23370574609375 0.6336879140625 0.34045563671875 0.63580350390625 0.344992541015625 0.703418541015625 0.313352505859375 0.68883883984375 0.19848444921875 0.682471708984375 0.200071953125 0.66478458203125 0.208319595703125
0 0.68387205078125 0.143560140625 0.564734701171875 0.16439547265625 0.56450548828125 0.164517345703125 0.565672748046875 0.169198970703125 0.60122823046875 0.23606910546875 0.72005153515625 0.21355450390625 0.7195471015625 0.21153133984375 0.68387205078125 0.143560140625
0 0.63223024609375 0.387574580078125 0.62980991015625 0.38831455078125 0.650355310546875 0.463825072265625 0.76899265234375 0.459649001953125 0.74681059765625 0.387094767578125 0.63223024609375 0.387574580078125
0 0.69344048046875 0.581278892578125 0.6940580234375 0.58244032421875 0.7670903671875 0.54568337109375 0.73929041015625 0.42917440234375 0.665548033203125 0.46563041015625 0.69344048046875 0.581278892578125
0 0.80451040625 0.74815341796875 0.73858338671875 0.77026964453125 0.756486900390625 0.904049984375 0.75802002734375 0.90876846484375 0.83650012890625 0.8838389453125 0.81571923046875 0.74495944921875 0.809792685546875 0.7464371015625 0.80451040625 0.74815341796875
0 0.6844794765625 0.72966977734375 0.709296974609375 0.797804744140625 0.846001189453125 0.776222822265625 0.84871117578125 0.775289697265625 0.846130009765625 0.767793439453125 0.820504419921875 0.69531515234375 0.68214337109375 0.715313798828125 0.680998423828125 0.71570803515625 0.6844794765625 0.72966977734375
0 0.7960549609375 0.564713501953125 0.658189181640625 0.531413693359375 0.65253273828125 0.53282400390625 0.65253273828125 0.610192162109375 0.79373649609375 0.64250834375 0.7960549609375 0.564713501953125
0 0.70718508984375 0.736773962890625 0.70843349609375 0.74178105078125 0.78763852734375 0.72390042578125 0.778081736328125 0.5820378125 0.73661502734375 0.592376625 0.706284330078125 0.600612431640625 0.70718508984375 0.736773962890625
0 0.50993158984375 0.169036705078125 0.531401619140625 0.013863107421875 0.50477867578125 0.01752793359375 0.453572369140625 0.02563821484375 0.42671833203125 0.1801371328125 0.42676669140625 0.180442455078125 0.4273409765625 0.18274579296875 0.50993158984375 0.169036705078125
0 0.457991119140625 0 0.42331255078125 0.114919087890625 0.425078806640625 0.12200315234375 0.50716153515625 0.117290142578125 0.506672451171875 0 0.457991119140625 0
0 0.4987654453125 0.474420359375 0.64565173046875 0.442374037109375 0.62124166796875 0.3904866875 0.612702029296875 0.372977833984375 0.46731244921875 0.39635215234375 0.46423618359375 0.397852546875 0.49190491796875 0.460354197265625 0.4987654453125 0.474420359375
0 0.46606956640625 0.115205916015625 0.446123521484375 0.258078466796875 0.448352251953125 0.26701741015625 0.5261685546875 0.25208998046875 0.544652552734375 0.106334640625 0.46606956640625 0.115205916015625
0 0.58515448046875 0.26171554296875 0.57453324609375 0.263019666015625 0.501874037109375 0.277455873046875 0.48068473046875 0.416071986328125 0.4823194453125 0.422628470703125 0.555875671875 0.41269044921875 0.58515448046875 0.26171554296875
0 0.479578203125 0.35035136328125 0.480646125 0.35299455859375 0.55534221484375 0.32348505859375 0.54366685546875 0.17187687109375 0.541640296875 0.172382150390625 0.47247312890625 0.200327498046875 0.479578203125 0.35035136328125
0 0.516581916015625 0.5794238203125 0.516584439453125 0.579433943359375 0.594251048828125 0.57858041796875 0.627030259765625 0.429165546875 0.62700196484375 0.428355298828125 0.58293398828125 0.427521154296875 0.545024517578125 0.428844982421875 0.51839132421875 0.558142865234375 0.516347341796875 0.57270654296875 0.516581916015625 0.5794238203125
0 0.601478654296875 0.88211298046875 0.58939640625 0.885125423828125 0.607168453125 0.964337548828125 0.7344112109375 0.95686153515625 0.749229015625 0.95316704296875 0.734024771484375 0.869638162109375 0.601478654296875 0.88211298046875
0 0.58020263671875 0.868390330078125 0.710397462890625 0.88790764453125 0.71098061328125 0.801326888671875 0.5792418984375 0.78459586328125 0.57668330859375 0.785233791015625 0.577199326171875 0.8147963828125 0.58020263671875 0.868390330078125
0 0.55430243359375 0.7307125625 0.556489556640625 0.73948462890625 0.635799255859375 0.72871095703125 0.649891154296875 0.59740229296875 0.6498295 0.597155005859375 0.563802029296875 0.60645251171875 0.55430243359375 0.7307125625
0 0.61529260546875 0.681053533203125 0.566040953125 0.704435080078125 0.598264490234375 0.832911509765625 0.599495201171875 0.835675734375 0.674456806640625 0.80172506640625 0.6443174609375 0.670140341796875 0.634059673828125 0.67269789453125 0.61529260546875 0.681053533203125
0 0.633879919921875 0.520244423828125 0.631247853515625 0.520336337890625 0.55020272265625 0.524384775390625 0.5268936953125 0.646616896484375 0.52824137109375 0.65202212890625 0.60515481640625 0.64952158203125 0.633879919921875 0.520244423828125
0 0.143278681640625 0.225375537109375 0.14439062890625 0.22983530859375 0.21971078125 0.2232886875 0.22552888671875 0.2226771796875 0.250525017578125 0.05665488671875 0.18284823046875 0.06376800390625 0.178070322265625 0.06495926953125 0.143278681640625 0.225375537109375
0 0.41784839453125 0.75407011328125 0.40108712109375 0.75732817578125 0.32439399609375 0.77307497265625 0.33301928515625 0.95409005859375 0.334719326171875 0.96090854296875 0.421128953125 0.94088301171875 0.41784839453125 0.75407011328125
0 0.12392106640625 0.23318553515625 0.309736228515625 0.26679190234375 0.30582384375 0.18752323828125 0.1239121328125 0.1605894453125 0.11726362109375 0.16224710546875 0.121776986328125 0.21383509765625 0.12392106640625 0.23318553515625
0 0.3947875546875 0.582069564453125 0.324910203125 0.577341744140625 0.306777498046875 0.577025236328125 0.265027515625 0.758894310546875 0.266585662109375 0.7651436953125 0.35701546484375 0.766236244140625 0.3947875546875 0.582069564453125
0 0.448839611328125 1 0.436257123046875 0.847547716796875 0.3999922109375 0.854322845703125 0.34633923046875 0.86572713671875 0.35364313671875 1 0.448839611328125 1
0 0.19387641796875 0.4153945859375 0.19482101953125 0.419183173828125 0.2782166796875 0.398912779296875 0.282217638671875 0.208433455078125 0.234861435546875 0.21877736328125 0.2076133359375 0.22506808203125 0.2001258125 0.22693493359375 0.19387641796875 0.4153945859375
0 0.217353796875 0.60643764453125 0.224407119140625 0.632761001953125 0.409074306640625 0.6216521015625 0.407623408203125 0.61623727734375 0.383193544921875 0.53776330078125 0.205521453125 0.54410448828125 0.20222141796875 0.54498873046875 0.211741076171875 0.5839262578125 0.217353796875 0.60643764453125
0 0.40437581640625 0.666817482421875 0.404155615234375 0.66472240234375 0.30821701953125 0.674805955078125 0.29672646875 0.86019708203125 0.297511443359375 0.8633454453125 0.38748507421875 0.84759112109375 0.40437581640625 0.666817482421875
0 0.31909553515625 0.305558603515625 0.258558728515625 0.310742970703125 0.22391090234375 0.314997189453125 0.1996607890625 0.49672269140625 0.201015279296875 0.5021552578125 0.291377990234375 0.4935307265625 0.31909553515625 0.305558603515625
0 0.196870642578125 0.526663103515625 0.21673061328125 0.53008406640625 0.37436562109375 0.554384669921875 0.37460087109375 0.554368220703125 0.369452673828125 0.4693922734375 0.18746956640625 0.432992546875 0.184900873046875 0.433632994140625 0.196870642578125 0.526663103515625
0 1 0.77411420703125 0.956544216796875 0.7678198515625 0.952599353515625 0.76880341796875 0.955290607421875 0.845870923828125 1 0.850935560546875 1 0.77411420703125
0 1 0.681299419921875 0.99674271484375 0.68211155078125 0.940182689453125 0.70048901953125 0.95350971484375 0.798728033203125 1 0.7836066875 1 0.681299419921875
0 0 0.20809920703125 0.1178385234375 0.1556341171875 0.11769527734375 0.1550595859375 0.102199619140625 0.12202776953125 0 0.136117515625 0 0.20809920703125
0 1 0.648212373046875 0.989975025390625 0.59684090234375 0.98013587109375 0.599294078125 0.9609001328125 0.6070658203125 0.92108198828125 0.62393192578125 0.936317265625 0.7223217265625 0.93772732421875 0.72581175 0.940208271484375 0.7251931796875 1 0.69883827734375 1 0.648212373046875
0 1 0.59401170703125 0.98175270703125 0.5453193671875 0.8860738359375 0.556088755859375 0.880047623046875 0.558163748046875 0.8820281640625 0.566107263671875 0.9049971640625 0.62558332421875 1 0.617258158203125 1 0.59401170703125
0 0.985738921875 0.5507858046875 0.966961029296875 0.47547180078125 0.86908737890625 0.47561019921875 0.86457615234375 0.4767349765625 0.8679856171875 0.49040959765625 0.8880259453125 0.5516481171875 0.985738921875 0.5507858046875
0 0 0.340143947265625 0.142932419921875 0.368379861328125 0.132385984375 0.27516159765625 0 0.2535178203125 0 0.340143947265625
0 0.114874453125 0.480192744140625 0.11189981640625 0.298930578125 0.111396712890625 0.297176052734375 0.04862033203125 0.31158516796875 0.023734212890625 0.318721150390625 0.024690525390625 0.504503142578125 0.114874453125 0.480192744140625
0 0 0.2575753515625 0.123088966796875 0.275095513671875 0.123340873046875 0.275060111328125 0.11476344921875 0.187762349609375 0 0.169581056640625 0 0.2575753515625
0 0.057251724609375 0.596253404296875 0.059563205078125 0.60197451953125 0.13909543359375 0.5666095234375 0.11804436328125 0.3794475078125 0.1163292421875 0.379875134765625 0.027985763671875 0.417932765625 0.057251724609375 0.596253404296875
0 0.096058482421875 0.92728572265625 0.288824478515625 0.912366765625 0.26819982421875 0.825309244140625 0.0852037578125 0.830477384765625 0.074130859375 0.83323816796875 0.09315410546875 0.915636900390625 0.096058482421875 0.92728572265625
0 0.206671955078125 0.67339294921875 0.1738921171875 0.6790377734375 0.11324786328125 0.6897309921875 0.105368505859375 0.88066313671875 0.1059141015625 0.882851400390625 0.1253172734375 0.87958192578125 0.20192794921875 0.86607339453125 0.20693762890625 0.67445851171875 0.206671955078125 0.67339294921875
0 0.14900704296875 0.5681883671875 0.13309140625 0.576297791015625 0.066840810546875 0.61166584765625 0.11175619921875 0.79435746484375 0.11344444921875 0.79767084765625 0.11662423046875 0.7968780390625 0.20203073828125 0.75336125 0.15269093359375 0.56726987109375 0.14900704296875 0.5681883671875
0 0.0914904296875 0.701846375 0.09232321484375 0.70334876171875 0.17474046875 0.65962369921875 0.12145854296875 0.46877494921875 0.11846927734375 0.4695202578125 0.03555498828125 0.5154803984375 0.0914904296875 0.701846375
0 0.25199610546875 1 0.26217848828125 0.872756671875 0.18903366015625 0.87346385546875 0.1644225 0.874323294921875 0.15120704296875 1 0.25199610546875 1
0 0.84206490234375 0.1647263828125 0.8070857421875 0.183325130859375 0.82869984765625 0.289277671875 0.83058503125 0.29282319140625 0.89437126171875 0.260293802734375 0.86944098828125 0.151844943359375 0.86684216015625 0.15249290234375 0.84206490234375 0.1647263828125
0 0.86914004296875 0.480623423828125 0.96441705078125 0.467046029296875 0.938755220703125 0.403623267578125 0.845121919921875 0.4116257109375 0.849638587890625 0.4297410703125 0.8502839140625 0.431501529296875 0.86914004296875 0.480623423828125
0 0.8715686484375 0.08785295703125 0.86133651171875 0.0898418828125 0.811633916015625 0.10160415234375 0.7905060546875 0.211949525390625 0.79145904296875 0.21577175390625 0.86235683203125 0.200696400390625 0.8715686484375 0.08785295703125
0 0.8220998203125 0.329520568359375 0.92315744921875 0.337448595703125 0.9114454765625 0.26510355078125 0.81507747265625 0.25718831640625 0.805477748046875 0.259581794921875 0.8060258203125 0.26216027734375 0.8220998203125 0.329520568359375
0 0.925014708984375 0.31310226171875 0.8673478515625 0.3243115625 0.852011373046875 0.3278168984375 0.844091294921875 0.420409494140625 0.845412341796875 0.42570791796875 0.9136914375 0.410956126953125 0.925014708984375 0.31310226171875
0 0.74004219921875 0 0.743585630859375 0.033713486328125 0.853841775390625 0.067165904296875 0.85465607421875 0.066962876953125 0.84427594921875 0 0.74004219921875 0
0 0.83811249609375 0.135687111328125 0.853912748046875 0.0223882578125 0.853579744140625 0.02067509375 0.791081646484375 0.032823494140625 0.78531318359375 0.056587 0.7655923828125 0.144319724609375 0.76614944140625 0.1465539609375 0.83811249609375 0.135687111328125