0 0.59763572265625 1 0.64002935546875 0.99312043359375 0.64381194921875 0.990372216796875 0.627466345703125 0.959630611328125 0.6108752109375 0.93020381640625 0.497893056640625 0.951536783203125 0.49729422265625 0.951971861328125 0.52389487890625 1 0.59763572265625 1
0 0.569900984375 0.952780658203125 0.548467330078125 0.837854501953125 0.54742930078125 0.83642577734375 0.48843850390625 0.868980654296875 0.510726904296875 0.985444248046875 0.569900984375 0.952780658203125
0 0.33070319140625 0.688409701171875 0.39001169921875 0.783799384765625 0.390926353515625 0.78459448046875 0.4429795703125 0.72843500390625 0.379951771484375 0.62881430078125 0.3768543984375 0.632377419921875 0.33070319140625 0.688409701171875
0 0.49501273046875 0.754124298828125 0.45384835546875 0.72054111328125 0.35599531640625 0.777149720703125 0.41177818359375 0.8290281875 0.511741607421875 0.7730835078125 0.512447 0.772327068359375 0.5080649453125 0.7662956875 0.49501273046875 0.754124298828125
0 0.56353438671875 0.855561658203125 0.56462130078125 0.85477196875 0.51734827734375 0.789706234375 0.40349115234375 0.82830941015625 0.449548580078125 0.89242168359375 0.56353438671875 0.855561658203125
0 0.266904955078125 0.6440092265625 0.26656046484375 0.64435371484375 0.320568814453125 0.701824642578125 0.422360611328125 0.64301722265625 0.418176296875 0.637258009765625 0.369711080078125 0.58879279296875 0.266904955078125 0.6440092265625
0 0.3375355390625 0.526014498046875 0.22123929296875 0.55376369921875 0.25769530078125 0.627506078125 0.36963841796875 0.60050730078125 0.373759033203125 0.5975135 0.34199446484375 0.534400517578125 0.3375355390625 0.526014498046875
0 0.078591900390625 0.3706613203125 0.19540200390625 0.298736095703125 0.184720505859375 0.2840342734375 0.141289345703125 0.235799083984375 0.0236361953125 0.310781791015625 0.078591900390625 0.3706613203125
0 0.078036986328125 0.376442546875 0.128255552734375 0.43842708984375 0.24909975 0.37425039453125 0.25230796484375 0.37174386328125 0.246815513671875 0.36418415234375 0.2000369140625 0.30531567578125 0.0744253046875 0.3699393203125 0.07371519921875 0.3704941171875 0.078036986328125 0.376442546875
0 0.29322629296875 0.4370715703125 0.170044107421875 0.51835999609375 0.197457228515625 0.544318794921875 0.22841489453125 0.57318728515625 0.34297483203125 0.49559762109375 0.347699142578125 0.49053141796875 0.301231380859375 0.444536435546875 0.29322629296875 0.4370715703125
0 0.129484470703125 0.41904775390625 0.161327755859375 0.49509201171875 0.29215178515625 0.462827794921875 0.295142107421875 0.46149641796875 0.299187048828125 0.45855759765625 0.26861571875 0.393565033203125 0.129484470703125 0.41904775390625
0 0.62788124609375 0.92984218359375 0.766288888671875 0.864941033203125 0.768995802734375 0.862503716796875 0.752683900390625 0.843631439453125 0.717433537109375 0.8044819453125 0.5706440390625 0.867213265625 0.62788124609375 0.92984218359375
0 0.797186072265625 0.90211566796875 0.776926337890625 0.86839780859375 0.75518448046875 0.8352816015625 0.75504985546875 0.83509630859375 0.63707380859375 0.903867322265625 0.617291310546875 0.91575384375 0.639456646484375 0.945380701171875 0.784485703125 0.91134302734375 0.797186072265625 0.90211566796875
0 0.489361322265625 0.50662338671875 0.485004380859375 0.500626572265625 0.423123548828125 0.54267179296875 0.47014349609375 0.686246853515625 0.50221433203125 0.6655164453125 0.536493396484375 0.641513986328125 0.54076315625 0.63841182421875 0.489361322265625 0.50662338671875
0 0.532959693359375 0.78164435546875 0.53210819140625 0.782333890625 0.576634064453125 0.847262861328125 0.72005975 0.79491141015625 0.71573867578125 0.788963962890625 0.668253765625 0.73032498046875 0.532959693359375 0.78164435546875
0 0.477602673828125 0.707984712890625 0.6140098359375 0.68562551953125 0.620032056640625 0.68125012109375 0.58908823828125 0.61489087890625 0.43604999609375 0.63374878515625 0.477602673828125 0.707984712890625
0 0.58529680078125 0.631808099609375 0.58322878515625 0.6291611640625 0.5231041640625 0.67431483203125 0.571954671875 0.818542263671875 0.61707741796875 0.785758669921875 0.636823271484375 0.770331517578125 0.58529680078125 0.631808099609375
0 0.496910591796875 0.481960203125 0.48831558203125 0.46645439453125 0.35995279296875 0.50171698046875 0.33961329296875 0.508724740234375 0.376182390625 0.578586947265625 0.516761509765625 0.541900025390625 0.52361608203125 0.53691988671875 0.496910591796875 0.481960203125
0 0.171982068359375 0.259626525390625 0.180754775390625 0.255662501953125 0.251628755859375 0.222613419921875 0.213119234375 0.1131173515625 0.20837353125 0.106585453125 0.15941618359375 0.129414638671875 0.136479986328125 0.14607876171875 0.171982068359375 0.259626525390625
0 0.258169607421875 0.31172837109375 0.302643986328125 0.279169224609375 0.25368330859375 0.17160729296875 0.245832634765625 0.16080176953125 0.175173064453125 0.206014955078125 0.234038900390625 0.327990666015625 0.23404576171875 0.328000111328125 0.258169607421875 0.31172837109375
0 0.35166029296875 0.466326953125 0.40720354296875 0.409338310546875 0.34142410546875 0.303554419921875 0.336066955078125 0.29819726953125 0.275199140625 0.35732326171875 0.349195193359375 0.4685771015625 0.34998123828125 0.468006005859375 0.35166029296875 0.466326953125
0 0.28701606640625 0.3983458046875 0.31266736328125 0.38038457421875 0.356552712890625 0.348034953125 0.30373756640625 0.235184501953125 0.2974141953125 0.22648112890625 0.2315649609375 0.27321917578125 0.28701606640625 0.3983458046875
0 0.311623181640625 0.42481465234375 0.346848505859375 0.50084105078125 0.46729451953125 0.476984193359375 0.46880592578125 0.476311271484375 0.4732748671875 0.473064396484375 0.442287912109375 0.40301328515625 0.311623181640625 0.42481465234375
0 0.92848505859375 0.616584576171875 0.86961328515625 0.652840623046875 0.9007325390625 0.81654756640625 0.960751013671875 0.78327878125 0.97247348828125 0.77476190625 0.93354021875 0.62354240625 0.92848505859375 0.616584576171875
0 0.4772474609375 0.225187314453125 0.54899071484375 0.19383922265625 0.50249793359375 0.016972181640625 0.49926634375 0.01252427734375 0.41948039453125 0.04981051953125 0.4614859453125 0.23166896484375 0.461601841796875 0.231828484375 0.4772474609375 0.225187314453125
0 0.916510328125 0.748649640625 0.94849519140625 0.711433953125 0.847492015625 0.554397017578125 0.845959642578125 0.55301726171875 0.79104250390625 0.60954029296875 0.899081681640625 0.76628077734375 0.90357393359375 0.76301696484375 0.916510328125 0.748649640625
0 0.54444897265625 0.361512 0.698 0.267749013671875 0.7039615234375 0.262381236328125 0.66326888671875 0.21236130078125 0.64838675 0.195833009765625 0.481565994140625 0.29242341015625 0.54444897265625 0.361512
0 0.41246615234375 0 0.32024298828125 0.051359416015625 0.37571951171875 0.13036000390625 0.52660448828125 0.040706392578125 0.53454696484375 0.034501048828125 0.509480486328125 0 0.41246615234375 0
0 0.875352095703125 0.505581291015625 0.86920212109375 0.498669380859375 0.6991405234375 0.58456137109375 0.75349993359375 0.648611126953125 0.92065569921875 0.5667196640625 0.924556712890625 0.5633285625 0.91949580078125 0.55636281640625 0.875352095703125 0.505581291015625
0 0.704941734375 0.277596546875 0.539991568359375 0.3511890703125 0.539482376953125 0.3515727734375 0.58033191796875 0.4083404140625 0.593084623046875 0.425263826171875 0.759128455078125 0.346269234375 0.743243919921875 0.32440605078125 0.704941734375 0.277596546875
0 0.60551355078125 0.124068169921875 0.428010748046875 0.190269044921875 0.4795601328125 0.26689081640625 0.645405775390625 0.2108776796875 0.652362625 0.205823232421875 0.62320691796875 0.15471398046875 0.60551355078125 0.124068169921875
0 0.764637697265625 0.61381436328125 0.811925923828125 0.57566457421875 0.83827134375 0.55276284765625 0.75609476171875 0.387213005859375 0.753411849609375 0.384126671875 0.68250390625 0.442478955078125 0.764637697265625 0.61381436328125
0 0.81913533203125 0.42843717578125 0.7618317109375 0.353301724609375 0.74292198828125 0.3602690703125 0.594255765625 0.4180416328125 0.594060259765625 0.41817350390625 0.641006703125 0.489190734375 0.817674451171875 0.42942936328125 0.8190043984375 0.428532302734375 0.81913533203125 0.42843717578125
0 0 0.56932471875 0.07579948046875 0.541672560546875 0.0786667890625 0.53958933984375 0.039810890625 0.47730163671875 0 0.490085142578125 0 0.56932471875
0 0.06306663671875 0.647249892578125 0.10653618359375 0.606549015625 0.060547802734375 0.5163231796875 0.058926736328125 0.51445835546875 0.00336360546875 0.565449919921875 0.05208287109375 0.65547149609375 0.061375283203125 0.6487201640625 0.06306663671875 0.647249892578125
0 0.148060873046875 0.67100898828125 0.12204875390625 0.58322515234375 0.118508525390625 0.578352447265625 0.053078041015625 0.61612875390625 0.08183466015625 0.715882416015625 0.148060873046875 0.67100898828125
0 1 0.46244877734375 0.883517509765625 0.478228595703125 0.88307530859375 0.47854987109375 0.9175506875 0.55846151171875 1 0.550049896484375 1 0.46244877734375
0 1 0.37398522265625 0.827067412109375 0.4116745859375 0.86306917578125 0.48206963671875 0.869827583984375 0.4947803515625 1 0.46487080078125 1 0.37398522265625
0 0.96328087109375 0.40087059765625 0.867965853515625 0.244825990234375 0.864123453125 0.24124289453125 0.863035158203125 0.242033587890625 0.79974780078125 0.313080669921875 0.904646810546875 0.46673997265625 0.90823550390625 0.4641326328125 0.96328087109375 0.40087059765625
0 0.61956046875 0 0.54139321484375 0.040562263671875 0.594394392578125 0.11264044140625 0.760327953125 0.036608087890625 0.769037287109375 0.03028038671875 0.74703730078125 0 0.61956046875 0
0 0.77781326171875 0.038201697265625 0.59980791796875 0.10881152734375 0.59844662890625 0.1098005625 0.621965115234375 0.1452462109375 0.65278741796875 0.19094215625 0.82933039453125 0.117807103515625 0.830791671875 0.116745421875 0.77781326171875 0.038201697265625
0 0.76056501171875 0.31040424609375 0.77920478125 0.29920434375 0.84282684375 0.259301033203125 0.786248119140625 0.08321018359375 0.78179518359375 0.07708124609375 0.698082060546875 0.1273811640625 0.76056501171875 0.31040424609375
0 0.764942259765625 0.34673446484375 0.944975041015625 0.27906858984375 0.95093314453125 0.274739771484375 0.9063447578125 0.20863476953125 0.896721904296875 0.195390048828125 0.713997638671875 0.268128798828125 0.764942259765625 0.34673446484375
0 0.569397505859375 0 0.603985158203125 0.0678904140625 0.633495982421875 0.0472267109375 0.68687496875 0.006306984375 0.68346126953125 0 0.569397505859375 0
0 0.258865259765625 0.95922230078125 0.286340830078125 0.94624796484375 0.321639255859375 0.92826251953125 0.30208103125 0.823043474609375 0.29904452734375 0.818864083984375 0.23571031640625 0.8497822265625 0.258865259765625 0.95922230078125
0 0.11164431640625 0.67297475 0.12481971484375 0.768108197265625 0.16137747265625 0.752491396484375 0.19223858203125 0.73875114453125 0.175125615234375 0.651608515625 0.1743829140625 0.64994037890625 0.17098694921875 0.645266232421875 0.11164431640625 0.67297475
0 0.343465794921875 1 0.374284849609375 0.97760864453125 0.336567890625 0.8758271328125 0.33409220703125 0.872419646484375 0.286676419921875 0.9098855625 0.30941319921875 1 0.343465794921875 1
0 0.231926935546875 0.753486494140625 0.184342283203125 0.811050095703125 0.23825478515625 0.895629173828125 0.23903865625 0.896310583984375 0.27441986328125 0.8594207421875 0.2889606328125 0.8426935 0.23332473046875 0.754701578125 0.231926935546875 0.753486494140625
0 0.222005583984375 0.803249263671875 0.235647068359375 0.795413142578125 0.21621608203125 0.70486051171875 0.2128059765625 0.700166904296875 0.15235457421875 0.733940208984375 0.16997509765625 0.82995340625 0.170478720703125 0.83064658203125 0.222005583984375 0.803249263671875
0 0.404153283203125 1 0.39806265234375 0.9312262890625 0.396578400390625 0.929183392578125 0.33915764453125 0.95341589453125 0.338865146484375 0.979424669921875 0.3389841796875 1 0.404153283203125 1