0 0 0.34791203515625 0.087267314453125 0.376633625 0.12678376171875 0.326018693359375 0.12199631640625 0.32070169921875 0.020000283203125 0.284196810546875 0.00378085546875 0.30464980859375 0 0.309667173828125 0 0.34791203515625
0 0.125508080078125 0.3122804140625 0.047973958984375 0.40199664453125 0.08319686328125 0.4603695234375 0.1604225390625 0.370154951171875 0.125508080078125 0.3122804140625
0 0.35127661328125 0.57458536328125 0.35044194921875 0.573554638671875 0.257278607421875 0.51101925390625 0.205438861328125 0.55076382421875 0.19669809765625 0.55863404296875 0.293361140625 0.624624103515625 0.35127661328125 0.57458536328125
0 0.296299201171875 0.50494418359375 0.29138790625 0.499489640625 0.192743623046875 0.4530004375 0.14079090234375 0.508712912109375 0.240435341796875 0.55741969921875 0.296299201171875 0.50494418359375
0 0.144990494140625 0.52370841015625 0.22388678515625 0.432077478515625 0.184617515625 0.369233509765625 0.180328478515625 0.36447005078125 0.18006236328125 0.36463633984375 0.10244976171875 0.45739464453125 0.14294980078125 0.521441990234375 0.144990494140625 0.52370841015625
0 0.342484837890625 0.69838468359375 0.34275017578125 0.697976099609375 0.37538540234375 0.585936390625 0.31229165625 0.544962833984375 0.31137419921875 0.545788916015625 0.275040822265625 0.657505423828125 0.342484837890625 0.69838468359375
0 0.387678791015625 0.76303091015625 0.388046255859375 0.76270004296875 0.441618244140625 0.655531533203125 0.37805404296875 0.603492978515625 0.37783169140625 0.60369318359375 0.32467043359375 0.710690689453125 0.387678791015625 0.76303091015625
0 0.59768878125 1 0.68008084375 0.896872232421875 0.6619163125 0.875976330078125 0.626238140625 0.83635170703125 0.538151763671875 0.943170359375 0.58821390234375 1 0.59768878125 1
0 0.470811869140625 0.8374586796875 0.573850251953125 0.93014182421875 0.642303455078125 0.87858421875 0.64267884765625 0.878246212890625 0.63893900390625 0.873459431640625 0.53662544140625 0.78381322265625 0.489501337890625 0.82063060546875 0.470811869140625 0.8374586796875
0 0.46260969140625 0.64676333203125 0.45738169921875 0.65130795703125 0.37584121484375 0.763090263671875 0.4036117109375 0.79503656640625 0.428597994140625 0.8233389375 0.514135896484375 0.70306871484375 0.506954951171875 0.694807984375 0.46260969140625 0.64676333203125
0 0.57809659765625 0.82875437109375 0.486008107421875 0.721392443359375 0.448126716796875 0.739712 0.4223306328125 0.75285576171875 0.419998322265625 0.75495578515625 0.505493517578125 0.86781223046875 0.57809659765625 0.82875437109375
0 0.079888314453125 0.26459554296875 0.2310486953125 0.31411837109375 0.276262837890625 0.25151470703125 0.27614703515625 0.25138609765625 0.27332851953125 0.24926219140625 0.13009143359375 0.19678108984375 0.079399046875 0.264052158203125 0.079888314453125 0.26459554296875
0 0.157676177734375 0.296330080078125 0.221007767578125 0.250798564453125 0.225778783203125 0.24650272265625 0.222828830078125 0.242726951171875 0.11846434765625 0.17177956640625 0.109568279296875 0.178729935546875 0.0826876640625 0.202933349609375 0.157676177734375 0.296330080078125
0 0.34536220703125 0.45365713671875 0.314515544921875 0.4761687265625 0.43170396875 0.571518326171875 0.494276001953125 0.528020447265625 0.493041298828125 0.526189921875 0.3844111015625 0.427318322265625 0.34536220703125 0.45365713671875
0 0.2752720546875 0.38562151953125 0.33637001953125 0.332245478515625 0.333035734375 0.328409822265625 0.204406568359375 0.253988625 0.149035392578125 0.31045116015625 0.2752720546875 0.38562151953125
0 0.28554080859375 0.47560682421875 0.33531144921875 0.53428296484375 0.4161614375 0.41124209765625 0.376569201171875 0.358245970703125 0.365381818359375 0.345821123046875 0.36164833984375 0.3490665859375 0.28554080859375 0.47560682421875
0 0.337573810546875 0.43909205078125 0.390541556640625 0.387774560546875 0.385510056640625 0.382186513671875 0.260650623046875 0.311821328125 0.25497667578125 0.316930173828125 0.200938232421875 0.367321837890625 0.337573810546875 0.43909205078125
0 0.5397468359375 0.53850114453125 0.530091130859375 0.5236326640625 0.49348328515625 0.473402044921875 0.486531966796875 0.47791628515625 0.3880963203125 0.584865830078125 0.43261283984375 0.64995274609375 0.44834913671875 0.635283978515625 0.5397468359375 0.53850114453125
0 0.67200859765625 0.882583134765625 0.719389037109375 0.956431814453125 0.82937026171875 0.865326080078125 0.79105129296875 0.79989401171875 0.786819197265625 0.79519379296875 0.77927032421875 0.7999108515625 0.67200859765625 0.882583134765625
0 0.70908663671875 0.727908130859375 0.628001265625 0.826362287109375 0.680880904296875 0.89214869140625 0.769751154296875 0.789053697265625 0.7569113046875 0.774283138671875 0.712153138671875 0.7252424609375 0.70908663671875 0.727908130859375
0 0.59157217578125 0.762886416015625 0.592181283203125 0.762016521484375 0.64089784375 0.640674404296875 0.5748962265625 0.59445957421875 0.571059576171875 0.597914107421875 0.520109296875 0.71437796484375 0.59157217578125 0.762886416015625
0 0.571347185546875 0.76503021484375 0.626371005859375 0.82693128515625 0.70996139453125 0.72024808984375 0.69077147265625 0.69786246875 0.653339302734375 0.65628983203125 0.65227562890625 0.657247568359375 0.571347185546875 0.76503021484375
0 0.44338834375 0.6114894453125 0.44162607421875 0.61344664453125 0.559122263671875 0.674539693359375 0.6111667890625 0.6164578671875 0.60840991015625 0.61339604296875 0.49858443359375 0.55200755859375 0.44338834375 0.6114894453125
0 0.34680449609375 0 0.30429121484375 0.106490111328125 0.35737346875 0.155347498046875 0.3579373203125 0.1548398046875 0.4315862890625 0 0.34680449609375 0
0 0.770151806640625 0.57336379296875 0.75439183984375 0.59763201171875 0.92452719921875 0.67598648828125 0.976714029296875 0.597447439453125 0.974995361328125 0.595538666015625 0.80517584765625 0.5234333984375 0.770151806640625 0.57336379296875
0 0.46700059375 0.009302435546875 0.33565432421875 0.13726166015625 0.37014612890625 0.20302225390625 0.51145724609375 0.07388789453125 0.50236858984375 0.05749151953125 0.47165330859375 0.00672339453125 0.46700059375 0.009302435546875
0 0.69284444921875 0.36637097265625 0.626865943359375 0.43234948046875 0.78870567578125 0.537735375 0.84649672265625 0.473842544921875 0.84443310546875 0.471550666015625 0.84015506640625 0.467272626953125 0.69284444921875 0.36637097265625
0 1 0.602383328125 0.937576791015625 0.560155134765625 0.93592023828125 0.561646701171875 0.9318616640625 0.567032609375 0.848836384765625 0.72243640234375 0.92329172265625 0.775706189453125 1 0.64132121484375 1 0.602383328125
0 0.478925876953125 0.291899703125 0.480107203125 0.29083603125 0.56682116796875 0.12138753125 0.50664181640625 0.06720180078125 0.4997797265625 0.073380455078125 0.415430025390625 0.2333862578125 0.478925876953125 0.291899703125
0 0.6444393984375 0.487291728515625 0.64705940625 0.490527166015625 0.6480157734375 0.491589318359375 0.765499205078125 0.34877903515625 0.74532205859375 0.3238623359375 0.707530375 0.2792391796875 0.704875294921875 0.281389220703125 0.595312130859375 0.421401705078125 0.6444393984375 0.487291728515625
0 0.797599212890625 0.4149624140625 0.79737730078125 0.41530412890625 0.73185258984375 0.58027873046875 0.805671466796875 0.63576754296875 0.88107139453125 0.461972689453125 0.851393580078125 0.44269969140625 0.80200905078125 0.41099177734375 0.797599212890625 0.4149624140625
0 0.47195986328125 0.204514068359375 0.439867224609375 0.2549826875 0.619394853515625 0.318201341796875 0.66913685546875 0.238271501953125 0.665442658203125 0.235779732421875 0.490589310546875 0.176894779296875 0.47195986328125 0.204514068359375
0 0.72595255859375 0.31427837109375 0.585567126953125 0.248108982421875 0.567189484375 0.239839533203125 0.5085118671875 0.306556357421875 0.50479691796875 0.31131127734375 0.67824103125 0.383825849609375 0.728972501953125 0.317632359375 0.72595255859375 0.31427837109375
0 0.4208931015625 1 0.4436356171875 0.980887296875 0.4418638828125 0.978849150390625 0.363861412109375 0.91781412890625 0.328573322265625 0.9466078828125 0.30414182421875 0.9686061015625 0.347667140625 1 0.4208931015625 1
0 0.27129119921875 0.8966205390625 0.253236083984375 0.91467565234375 0.34161969140625 0.96779884375 0.393901314453125 0.919242982421875 0.3885264453125 0.9132735859375 0.30781766796875 0.86201066015625 0.27129119921875 0.8966205390625
0 0.3429092109375 0.877909638671875 0.3418847890625 0.87613528515625 0.276078171875 0.80677595703125 0.205127876953125 0.84119589453125 0.204322935546875 0.841920666015625 0.27611443359375 0.91647362109375 0.3429092109375 0.877909638671875
0 0.55418750390625 0 0.51383045703125 0.0580116015625 0.567173087890625 0.1271192734375 0.66197617578125 0 0.55418750390625 0
0 0.55195858203125 0.058312404296875 0.69296374609375 0.172252583984375 0.767643373046875 0.11615365234375 0.621833931640625 0.001021251953125 0.600889275390625 0.01623843359375 0.55088573828125 0.056835759765625 0.55195858203125 0.058312404296875
0 0.83082983984375 0.19188477734375 0.8273793828125 0.186769265625 0.695910189453125 0.062791048828125 0.6149579375 0.1147495546875 0.613644337890625 0.115932326171875 0.7570370703125 0.238044126953125 0.83082983984375 0.19188477734375
0 1 0.35980226171875 0.89039809765625 0.47559960546875 0.952421 0.55256610546875 1 0.49708944140625 1 0.35980226171875
0 1 0.35516590625 0.86676635546875 0.288731177734375 0.81857835546875 0.35040900390625 0.806558419921875 0.36603716796875 0.80703770703125 0.36641162890625 0.980834708984375 0.44981874609375 1 0.42528829296875 1 0.35516590625
0 0.895591513671875 0.19311808203125 0.760212990234375 0.320026662109375 0.81011941015625 0.403084892578125 0.81219856640625 0.40539402734375 0.94980616015625 0.27163455859375 0.919060421875 0.21817547265625 0.896180169921875 0.192764380859375 0.895591513671875 0.19311808203125
0 0.722534896484375 0.1544489140625 0.67720951171875 0.193922755859375 0.83350062890625 0.31474648828125 0.90765369921875 0.252524673828125 0.90444208203125 0.24869721484375 0.74835616796875 0.132782296875 0.722534896484375 0.1544489140625
0 0.003740560546875 0.61883602734375 0.09044102734375 0.690382705078125 0.14564921875 0.650678439453125 0.142156673828125 0.64550052734375 0.06301032421875 0.57682987890625 0.03184833984375 0.59784890234375 0.0103205703125 0.61291136328125 0.003740560546875 0.61883602734375
0 0.28560932421875 0.794699779296875 0.20962169921875 0.74884248828125 0.20905545703125 0.749352337890625 0.18610828125 0.77311483203125 0.15892980078125 0.802126626953125 0.24381974609375 0.8470450078125 0.290821416015625 0.80009091796875 0.28835198828125 0.797348341796875 0.28560932421875 0.794699779296875
0 0 0.606050548828125 0.051984779296875 0.631780392578125 0.101746115234375 0.578425923828125 0.100002681640625 0.57648964453125 0 0.5397735859375 0 0.606050548828125
0 0.056137439453125 0.680990326171875 0.140181419921875 0.742736978515625 0.19595415234375 0.69626205859375 0.19453520703125 0.694379052734375 0.11501276171875 0.6355048125 0.101512708984375 0.645162298828125 0.067273353515625 0.67096350390625 0.056137439453125 0.680990326171875
0 0.17937105078125 0.682977705078125 0.171525953125 0.6759139453125 0.1709551796875 0.67642787109375 0.12799581640625 0.76407623828125 0.17714677734375 0.81133312890625 0.182033990234375 0.81573359765625 0.18254763671875 0.81527110546875 0.2236858203125 0.72457959375 0.17937105078125 0.682977705078125
0 0 0.551081494140625 0.019391751953125 0.5226877578125 0.033564595703125 0.50115728515625 0.02774835546875 0.491849357421875 0 0.449315046875 0 0.551081494140625