0 0.91884837109375 0.203710443359375 0.84989874609375 0.12063821484375 0.842931232421875 0.11782315625 0.808979501953125 0.17211536328125 0.881582814453125 0.26431971875 0.91884837109375 0.203710443359375
0 0.88870252734375 0.27533880078125 0.81636766015625 0.1846104609375 0.813928396484375 0.18362493359375 0.77743370703125 0.239592109375 0.85178954296875 0.33195958984375 0.88870252734375 0.27533880078125
0 0.776006857421875 0.54999827734375 0.794153791015625 0.479711439453125 0.701522193359375 0.41925945703125 0.698769197265625 0.418470046875 0.67548141015625 0.490886244140625 0.774592216796875 0.5544638828125 0.7750543515625 0.55332005859375 0.776006857421875 0.54999827734375
0 0.8388714375 0.381547181640625 0.8147919609375 0.37082630859375 0.76532696484375 0.35261826171875 0.695605107421875 0.43296461328125 0.693215484375 0.43887913671875 0.760868775390625 0.468891513671875 0.8388714375 0.381547181640625
0 0.859359126953125 0.327233806640625 0.758204388671875 0.261341787109375 0.75316819140625 0.2738068125 0.73582630078125 0.33852762890625 0.83851941015625 0.403374314453125 0.859359126953125 0.327233806640625
0 0.720782330078125 0.63133211328125 0.721246376953125 0.6315196015625 0.76617776171875 0.566821345703125 0.68779468359375 0.4798169765625 0.68632983984375 0.479225140625 0.645398677734375 0.542253599609375 0.720782330078125 0.63133211328125
0 0.607752638671875 0.634122958984375 0.704992427734375 0.70368773828125 0.73672921484375 0.6277946875 0.64001124609375 0.558958630859375 0.638554458984375 0.558399423828125 0.61237317578125 0.62228670703125 0.610829677734375 0.62610699609375 0.607752638671875 0.634122958984375
0 0.588756376953125 1 0.614006658203125 0.932303677734375 0.495978052734375 0.860322234375 0.4777613203125 0.90541023046875 0.465379482421875 0.93766601953125 0.571244576171875 1 0.588756376953125 1
0 0.55425948828125 0.92813268359375 0.65397520703125 0.82763229296875 0.60808194140625 0.79667689453125 0.5813939296875 0.77935454296875 0.488887279296875 0.875052404296875 0.487526171875 0.877070330078125 0.48534460546875 0.882469900390625 0.55425948828125 0.92813268359375
0 0.6753069296875 0.77898895703125 0.705350580078125 0.707192078125 0.588024447265625 0.62631759765625 0.584350947265625 0.62490747265625 0.56135890234375 0.68181478515625 0.55506294921875 0.698216302734375 0.6753069296875 0.77898895703125
0 0.55214494140625 0.707018396484375 0.54772616015625 0.705834388671875 0.52492596875 0.783912904296875 0.654455439453125 0.844715822265625 0.672197373046875 0.77253012890625 0.55214494140625 0.707018396484375
0 0.77324133984375 0.09753010546875 0.722725513671875 0.085867607421875 0.6399505703125 0.219056810546875 0.639348720703125 0.22166371484375 0.721262853515625 0.239936908203125 0.7987647890625 0.10503438671875 0.79175177734375 0.1022009453125 0.77324133984375 0.09753010546875
0 0.663719146484375 0.15734652734375 0.69639687890625 0.170680728515625 0.787900931640625 0.08167200390625 0.75171881640625 0.062433630859375 0.72049171875 0.04981706640625 0.66499075 0.154199201171875 0.663719146484375 0.15734652734375
0 0.526937037109375 0.43020707421875 0.517518609375 0.44270575390625 0.6127570703125 0.55903366796875 0.647907099609375 0.51372777734375 0.6596306875 0.49817005078125 0.572995365234375 0.3795083046875 0.569363857421875 0.378041080078125 0.526937037109375 0.43020707421875
0 0.6046400546875 0.2928513203125 0.603496787109375 0.29780335546875 0.68250162109375 0.316247845703125 0.7586716328125 0.1906118359375 0.68327423046875 0.16675356640625 0.6046400546875 0.2928513203125
0 0.58930491796875 0.459371912109375 0.71208524609375 0.3667670390625 0.703319501953125 0.36062919921875 0.6396634765625 0.322738892578125 0.53046531640625 0.41214475390625 0.530405916015625 0.41222958984375 0.528202861328125 0.41768234375 0.58930491796875 0.459371912109375
0 0.6958025234375 0.399014263671875 0.72324444921875 0.3278724609375 0.60591749609375 0.23188071875 0.605079962890625 0.231575880859375 0.584794431640625 0.281784333984375 0.57576708984375 0.30658675390625 0.6958025234375 0.399014263671875
0 0.51623698046875 0.46105948046875 0.485214962890625 0.51460887890625 0.47716633203125 0.53040519921875 0.578179904296875 0.6171041875 0.5953633046875 0.63004770703125 0.63283251953125 0.5606641015625 0.52375684375 0.464589763671875 0.519092724609375 0.46221327734375 0.51623698046875 0.46105948046875
0 0.413154634765625 0.997784296875 0.45678599609375 0.881935306640625 0.452754666015625 0.88030654296875 0.4476558046875 0.87906510546875 0.37145930078125 0.861473755859375 0.334128423828125 0.972250904296875 0.37622149609375 0.989257609375 0.413154634765625 0.997784296875
0 0.45559894140625 0.79514226171875 0.401128017578125 0.786716919921875 0.35652446484375 0.90585198046875 0.355685828125 0.9101663984375 0.4395356875 0.92858035546875 0.48376712890625 0.801835021484375 0.47796010546875 0.79948883203125 0.45559894140625 0.79514226171875
0 0.420518005859375 0.7435311171875 0.419172501953125 0.752026298828125 0.49954701953125 0.763700271484375 0.5493265078125 0.641264361328125 0.548671400390625 0.640999681640625 0.464037837890625 0.62633278515625 0.420518005859375 0.7435311171875
0 0.380760265625 0.795138853515625 0.508968896484375 0.839084322265625 0.521402017578125 0.757201595703125 0.3946072109375 0.710803794921875 0.3925217578125 0.715965474609375 0.38493796484375 0.763847654296875 0.380760265625 0.795138853515625
0 0.519822568359375 0.552440529296875 0.50699495703125 0.54924224609375 0.44527701953125 0.662782671875 0.44452875390625 0.66578380078125 0.525341609375 0.684649453125 0.5836559296875 0.569188611328125 0.579256380859375 0.567411078125 0.519822568359375 0.552440529296875
0 0.383508322265625 0 0.37987324609375 0.008997125 0.529780900390625 0.12017451171875 0.553813681640625 0.051827919921875 0.492563869140625 0 0.383508322265625 0
0 0.286199076171875 0.66062410546875 0.2709851484375 0.65287222265625 0.200855443359375 0.618063865234375 0.09554887109375 0.766948205078125 0.09333468359375 0.772428509765625 0.1737706875 0.809854392578125 0.286199076171875 0.66062410546875
0 0.3961824609375 0 0.36727041015625 0.039794021484375 0.356193541015625 0.055804625 0.474382263671875 0.203073384765625 0.52343447265625 0.1406818125 0.403900689453125 0.001110880859375 0.40115116015625 0 0.3961824609375 0
0 0.3581306953125 0.4850483515625 0.296798373046875 0.451232044921875 0.28049832421875 0.44328198046875 0.16798570703125 0.58766074609375 0.164341814453125 0.59667969140625 0.24606535546875 0.635996873046875 0.3581306953125 0.4850483515625
0 0.09414039453125 0.721731466796875 0.05692320703125 0.78129141796875 0.19556487109375 0.9013290390625 0.2508270546875 0.82217836328125 0.114974515625 0.71105620703125 0.110781880859375 0.708436357421875 0.10456908203125 0.705926224609375 0.09414039453125 0.721731466796875
0 0.49154004296875 0.19460419140625 0.32788920703125 0.11406627734375 0.321149265625 0.11263365625 0.319376505859375 0.117021390625 0.303230833984375 0.192980796875 0.47437125390625 0.279802484375 0.474540056640625 0.279384685546875 0.49154004296875 0.19460419140625
0 0.2174110546875 0.403027154296875 0.20138015234375 0.43079348828125 0.339814751953125 0.553517732421875 0.342617669921875 0.548662935546875 0.38083262890625 0.475898931640625 0.252076748046875 0.356017029296875 0.24715711328125 0.354029369140625 0.2174110546875 0.403027154296875
0 0.27509093359375 0.725908203125 0.275382228515625 0.7260630859375 0.321241962890625 0.64088175390625 0.1712266171875 0.52557672265625 0.17084460546875 0.52542237890625 0.13322898046875 0.609638400390625 0.27509093359375 0.725908203125
0 0.45852844140625 0.218601806640625 0.401845642578125 0.19672389453125 0.368839453125 0.185358955078125 0.26655737890625 0.339300884765625 0.26522598828125 0.34316751953125 0.35121451953125 0.375399458984375 0.45852844140625 0.218601806640625
0 0.22068219140625 0.4030088125 0.28979585546875 0.450567986328125 0.432342775390625 0.328005349609375 0.427340298828125 0.32463113671875 0.35091793359375 0.279312046875 0.335995158203125 0.292855765625 0.222845185546875 0.399246078125 0.221242341796875 0.40162239453125 0.22068219140625 0.4030088125
0 0.79635286328125 1 0.8093113671875 0.966211029296875 0.728841662109375 0.915298763671875 0.72539673828125 0.9139763828125 0.7150936328125 0.939477466796875 0.697046861328125 0.986490912109375 0.719287732421875 1 0.79635286328125 1
0 0.819965416015625 0.86227073828125 0.768864875 0.846439625 0.71940636328125 0.93225055078125 0.71852714453125 0.93480398828125 0.7887782890625 0.957689001953125 0.8432205 0.87122913671875 0.82728995703125 0.864792779296875 0.819965416015625 0.86227073828125
0 0.839343955078125 0.89472280078125 0.84039291015625 0.89212654296875 0.84160169921875 0.88880542578125 0.863646513671875 0.822754501953125 0.78251266796875 0.77091122265625 0.77576502734375 0.76845528515625 0.77472821484375 0.771021484375 0.77464661328125 0.771245681640625 0.7534845078125 0.83682748046875 0.839343955078125 0.89472280078125
0 0.842041634765625 0.704000154296875 0.76730577734375 0.7691528125 0.76671800390625 0.769992244140625 0.765556560546875 0.772866912109375 0.8327246328125 0.813033216796875 0.90489046875 0.74917365625 0.905257763671875 0.74826456640625 0.842041634765625 0.704000154296875
0 0.167922412109375 0 0.154412646484375 0.085297306640625 0.323528787109375 0.16160337109375 0.33667923828125 0.07529941796875 0.1834801875 0 0.167922412109375 0
0 0.128829427734375 0.12265851171875 0.118681056640625 0.141744826171875 0.252238134765625 0.2665497734375 0.297816654296875 0.19091213671875 0.29882815234375 0.189009787109375 0.168444171875 0.064390064453125 0.162369185546875 0.061935611328125 0.128829427734375 0.12265851171875
0 0.1999378515625 0 0.16916667578125 0.0258180546875 0.1668741171875 0.031492333984375 0.2427484609375 0.07904773828125 0.33400661328125 0 0.1999378515625 0
0 0.168847212890625 0.159700841796875 0.08988947265625 0.324626724609375 0.0891286484375 0.32894156640625 0.093797359375 0.33082784765625 0.18428687890625 0.344665037109375 0.25629663671875 0.17234881640625 0.25509662109375 0.17186398046875 0.168847212890625 0.159700841796875
0 0 0.656843765625 0.10675828515625 0.6927189375 0.1217892734375 0.60452337109375 0 0.556838087890625 0 0.656843765625
0 0 0.59965205859375 0.043682103515625 0.6209572421875 0.160363419921875 0.468882162109375 0.16077480859375 0.46786394140625 0.13093741796875 0.45316319921875 0.075589869140625 0.42616839453125 0 0.5216652421875 0 0.59965205859375
0 0 0.42809426171875 0.15764512109375 0.531059583984375 0.190648396484375 0.439910662109375 0.035712779296875 0.334665646484375 0.033007275390625 0.3336271015625 0.00189671484375 0.41062844140625 0 0.41556955078125 0 0.42809426171875
0 0.03994791796875 0.411176818359375 0.039503330078125 0.412836048828125 0.1291633203125 0.438634705078125 0.223013802734375 0.265069943359375 0.21077971484375 0.26012705078125 0.129172013671875 0.23826033203125 0.03994791796875 0.411176818359375
0 0 0.765838619140625 0.082787560546875 0.647618208984375 0.050688099609375 0.631262716796875 0 0.60813435546875 0 0.765838619140625
0 1 0.447652458984375 0.989009361328125 0.4416296015625 0.953710935546875 0.42364415625 0.8805082109375 0.500864720703125 0.878367490234375 0.5061631875 0.94072680859375 0.539291685546875 1 0.47358617578125 1 0.447652458984375
0 0.812235724609375 0.6980923671875 0.812065279296875 0.699061873046875 0.89755113671875 0.74283551953125 0.912651919921875 0.670982775390625 0.82980791796875 0.634289173828125 0.82527223046875 0.633407525390625 0.824379853515625 0.63561623828125 0.812235724609375 0.6980923671875
0 1 0.365455265625 0.980737302734375 0.35968141015625 0.90521884765625 0.447049306640625 0.904876953125 0.448042236328125 0.975118513671875 0.4708592734375 1 0.43488146875 1 0.365455265625
0 0.844800447265625 0.56421828515625 0.907684720703125 0.60440146484375 0.985063078125 0.540583220703125 0.985643880859375 0.5397221484375 0.944717125 0.50910041015625 0.9263424921875 0.4967065625 0.845786759765625 0.56265128125 0.84490597265625 0.56395709765625 0.844800447265625 0.56421828515625
0 0.835617255859375 0.6187142734375 0.90670587890625 0.687098095703125 0.93904509375 0.623101072265625 0.87136083203125 0.553982515625 0.869156470703125 0.55309189453125 0.85169708984375 0.585928208984375 0.835617255859375 0.6187142734375
0 1 0.25739405078125 0.95537665234375 0.318292775390625 0.95466866015625 0.321359431640625 1 0.33182499609375 1 0.25739405078125
0 1 0.302244921875 0.97510288671875 0.2790774453125 0.96620891015625 0.275484044921875 0.94532012890625 0.320037427734375 0.940855908203125 0.330064236328125 0.95788728125 0.349412697265625 1 0.39564294140625 1 0.302244921875