0 0.45118203125 1 0.46627504296875 0.917009943359375 0.464064111328125 0.910205396484375 0.400472072265625 0.9191201796875 0.38360119140625 1 0.45118203125 1
0 0.44910237890625 0.867042373046875 0.330537787109375 0.86876847265625 0.352429673828125 0.932715537109375 0.47117775390625 0.931546046875 0.44910237890625 0.867042373046875
0 0.3793248984375 0.62963312109375 0.2620412109375 0.620033150390625 0.26185001171875 0.620095275390625 0.26281477734375 0.624634134765625 0.27978965625 0.695213197265625 0.389652638671875 0.705073732421875 0.39268543359375 0.704088318359375 0.3793248984375 0.62963312109375
0 0.40376791015625 0.71425836328125 0.29359575 0.68892366796875 0.299011724609375 0.764909 0.410012359375 0.7921043125 0.4126724140625 0.7912400078125 0.410969947265625 0.766893587890625 0.40376791015625 0.71425836328125
0 0.300878923828125 0.79691953125 0.30083544921875 0.79694462890625 0.340826689453125 0.867089640625 0.457891736328125 0.840645216796875 0.45599576953125 0.83481003125 0.419644982421875 0.77184862109375 0.300878923828125 0.79691953125
0 0.2517591171875 0.61472262109375 0.36279749609375 0.639868560546875 0.365995755859375 0.638829380859375 0.363002822265625 0.56165662890625 0.24646673828125 0.5390380703125 0.2517591171875 0.61472262109375
0 0.341360189453125 0.4813876796875 0.22423267578125 0.457388080078125 0.22610816015625 0.539628345703125 0.3415388125 0.562987529296875 0.343993810546875 0.5621898515625 0.34185726171875 0.49087241796875 0.341360189453125 0.4813876796875
0 0.144169513671875 0.2672355625 0.22715062890625 0.26052602734375 0.23781559765625 0.12470631640625 0.23759569921875 0.1221928828125 0.236919203125 0.12011083984375 0.157291017578125 0.12784102734375 0.144169513671875 0.2672355625
0 0.180929201171875 0.353199869140625 0.234867681640625 0.340747189453125 0.265737625 0.33304262890625 0.25899971484375 0.203236732421875 0.255525703125 0.192544828125 0.175433826171875 0.21173130859375 0.180929201171875 0.353199869140625
0 0.25030002734375 0.5166856171875 0.276582216796875 0.504822638671875 0.32091496484375 0.483200115234375 0.28954691796875 0.340778765625 0.289298025390625 0.34026845703125 0.21724225390625 0.37473128515625 0.25030002734375 0.5166856171875
0 0.237858017578125 0.441344279296875 0.279766462890625 0.416439748046875 0.308446171875 0.39851867578125 0.25574563671875 0.2671171953125 0.255355396484375 0.2664926796875 0.193259962890625 0.3071135546875 0.237858017578125 0.441344279296875
0 0.60778919140625 0.824658404296875 0.607531205078125 0.82096903515625 0.53036898046875 0.824794041015625 0.48956488671875 0.978576 0.4897822109375 0.979244857421875 0.5737910390625 0.973370388671875 0.60778919140625 0.824658404296875
0 0.573725 1 0.65944161328125 0.97048540234375 0.651100931640625 0.944815423828125 0.647524076171875 0.93707511328125 0.48051055859375 0.940596935546875 0.4819556015625 0.94504431640625 0.50336666796875 1 0.573725 1
0 0.4342489375 0.673905505859375 0.468004509765625 0.656049142578125 0.5087955859375 0.63249840234375 0.46755072265625 0.4915197734375 0.466446716796875 0.489607578125 0.39992130859375 0.526778734375 0.4342489375 0.673905505859375
0 0.56838512109375 0.878463509765625 0.568924873046875 0.7424670859375 0.565634 0.732338818359375 0.49205212890625 0.74992398046875 0.489505845703125 0.903878626953125 0.56838512109375 0.878463509765625
0 0.5282108046875 0.586823927734375 0.52591154296875 0.57974752734375 0.4464549609375 0.596980951171875 0.427050263671875 0.740668568359375 0.42713508203125 0.740929615234375 0.50298131640625 0.73027012109375 0.5282108046875 0.586823927734375
0 0.569850375 0.70486463671875 0.41672694140625 0.69874530078125 0.43989751171875 0.77668283984375 0.58431381640625 0.77818598828125 0.591690724609375 0.7757890859375 0.572501498046875 0.713023955078125 0.569850375 0.70486463671875
0 0.4515099296875 0.411554421875 0.37607474609375 0.44038385546875 0.40019010546875 0.572286044921875 0.404888923828125 0.59111678515625 0.405735576171875 0.59301839453125 0.431788775390625 0.582157681640625 0.47797455859375 0.5615944453125 0.453151994140625 0.41524255859375 0.4515099296875 0.411554421875
0 0.2370713125 0.143245919921875 0.37189993359375 0.13055627734375 0.37449320703125 0.130052197265625 0.38168964453125 0.12771393359375 0.363927630859375 0.048546533203125 0.25097150390625 0.05518315234375 0.22271308203125 0.064364869140625 0.2370713125 0.143245919921875
0 0.28735806640625 0.246355794921875 0.356393705078125 0.23956963671875 0.373534564453125 0.23746500390625 0.376408740234375 0.10445614453125 0.375446775390625 0.1014955234375 0.293159396484375 0.114834076171875 0.28735806640625 0.246355794921875
0 0.33499866015625 0.407820044921875 0.42148443359375 0.403032650390625 0.437524966796875 0.2790482734375 0.43737662890625 0.276926947265625 0.4353212109375 0.270601015625 0.355984390625 0.27717371484375 0.33499866015625 0.407820044921875
0 0.31672779296875 0.331522439453125 0.34773749609375 0.327164310546875 0.401526048828125 0.31826412109375 0.40582762890625 0.18994182421875 0.403626689453125 0.1831680234375 0.324126796875 0.1948595234375 0.31672779296875 0.331522439453125
0 0.364945421875 0.48900036328125 0.43073606640625 0.482245546875 0.44388395703125 0.4808636484375 0.4627523203125 0.35502529296875 0.46117537109375 0.350171939453125 0.380331748046875 0.359897421875 0.364945421875 0.48900036328125
0 0.79537632421875 0.763038201171875 0.79469260546875 0.92833676953125 0.8731136640625 0.90285622265625 0.86358544921875 0.74425132421875 0.86159141015625 0.738114306640625 0.79537632421875 0.763038201171875
0 0.678064798828125 0.0811086015625 0.492436791015625 0.10392075 0.521287587890625 0.19485435546875 0.69885546484375 0.167593658203125 0.7056162890625 0.16539693359375 0.693627048828125 0.126181892578125 0.678064798828125 0.0811086015625
0 0.891252771484375 0.7296177890625 0.69988415625 0.72486728515625 0.716995689453125 0.797126095703125 0.89875044140625 0.807452115234375 0.90509760546875 0.805389796875 0.89515046484375 0.747954986328125 0.891252771484375 0.7296177890625
0 0.58506862890625 0.38202557421875 0.76007869140625 0.34030155078125 0.767407171875 0.337038701171875 0.744163185546875 0.27689219921875 0.735116955078125 0.25657402734375 0.54661291015625 0.29688651171875 0.58506862890625 0.38202557421875
0 0.554927603515625 0 0.46971085546875 0.010634837890625 0.49155365234375 0.104664779296875 0.665036599609375 0.078061904296875 0.6729653515625 0.07578837109375 0.67607580859375 0.07477772265625 0.6710440859375 0.0554359921875 0.659101681640625 0.013787875 0.654621728515625 0 0.554927603515625 0
0 0.76947189453125 0.77442391015625 0.83440497265625 0.74038884765625 0.793263076171875 0.55925377734375 0.79115626953125 0.55511893359375 0.716908029296875 0.59184931640625 0.757146099609375 0.779531216796875 0.76350018359375 0.777466650390625 0.76947189453125 0.77442391015625
0 0.779382806640625 0.402127466796875 0.777146287109375 0.370143763671875 0.593752279296875 0.345812400390625 0.59414332421875 0.35140458203125 0.60315080078125 0.433098212890625 0.777893634765625 0.4606370859375 0.78211582421875 0.45926521484375 0.779382806640625 0.402127466796875
0 0.655953357421875 0.119601951171875 0.654271205078125 0.115639044921875 0.565759708984375 0.15266958984375 0.6096681328125 0.336219705078125 0.615047314453125 0.33447190234375 0.692211158203125 0.295270638671875 0.655953357421875 0.119601951171875
0 0.661389220703125 0.62306229296875 0.84701526171875 0.6282500625 0.851416181640625 0.627234029296875 0.8389612421875 0.565752416015625 0.83239382421875 0.5373058046875 0.64336572265625 0.529422380859375 0.661389220703125 0.62306229296875
0 0.8263009765625 0.528696982421875 0.793471390625 0.44009781640625 0.77335087890625 0.441232052734375 0.6142896015625 0.453014431640625 0.61406408203125 0.45308337890625 0.638195759765625 0.53472330859375 0.82461650390625 0.529225875 0.82557676171875 0.528932294921875 0.8263009765625 0.528696982421875
0 0 0.34666669140625 0.03966459765625 0.33895667578125 0.03844225390625 0.24243325390625 0.03764347265625 0.23997485546875 0 0.24730396484375 0 0.34666669140625
0 1 0.76649054296875 0.90525230078125 0.816868787109375 0.905435275390625 0.81743192578125 0.92319737109375 0.849302357421875 1 0.833188052734375 1 0.76649054296875
0 0 0.427325279296875 0.00216636328125 0.436677322265625 0.015890134765625 0.43221819921875 0.030889017578125 0.425540265625 0.0700942890625 0.407294802734375 0.05143453515625 0.309496642578125 0.04972666796875 0.30566070703125 0 0.329685439453125 0 0.427325279296875
0 0.006809814453125 0.4995808359375 0.02066366796875 0.49836878125 0.079754646484375 0.49099183984375 0.095365029296875 0.39234176171875 0.094163201171875 0.388642916015625 0.02044371875 0.397098654296875 0.006809814453125 0.4995808359375
0 0.03245863671875 0.5463295390625 0.12348763671875 0.563191533203125 0.12831183203125 0.561624056640625 0.12437973828125 0.48659525 0.02254219140625 0.46694944140625 0.03245863671875 0.5463295390625
0 1 0.616448087890625 0.863949306640625 0.61339597265625 0.86230949609375 0.613928779296875 0.883779671875 0.6979373984375 1 0.70438373828125 1 0.616448087890625
0 0.88512343359375 0.670629623046875 0.885473115234375 0.67057369921875 0.977489970703125 0.65434864453125 0.99328287890625 0.475979955078125 0.992498435546875 0.473565681640625 0.9037332421875 0.484350259765625 0.88512343359375 0.670629623046875
0 1 0.632427525390625 0.929905857421875 0.67956780859375 0.9869993515625 0.867495431640625 0.99582521875 0.864627732421875 1 0.86215763671875 1 0.632427525390625
0 0.965077001953125 0.553869869140625 0.93831055078125 0.372987505859375 0.93615346484375 0.368142607421875 0.934379984375 0.368718845703125 0.848846275390625 0.409161353515625 0.88537775390625 0.59164726171875 0.891837236328125 0.58954844921875 0.965077001953125 0.553869869140625
0 0.83921621875 0.19656235546875 0.844408005859375 0.0076774921875 0.842944095703125 0.003172037109375 0.755801001953125 0.014378806640625 0.74091439453125 0.20863230078125 0.83921621875 0.19656235546875
0 0.928810681640625 0.245667283203125 0.930035380859375 0.245269353515625 0.91033803125 0.15260061328125 0.718550337890625 0.15138507421875 0.71812201953125 0.151476115234375 0.717206595703125 0.1517735546875 0.72573856640625 0.193468814453125 0.7371985078125 0.24738359375 0.928633001953125 0.24570505078125 0.928810681640625 0.245667283203125
0 0.787243326171875 0.365809666015625 0.96367036328125 0.30899666015625 0.952679283203125 0.2751695859375 0.921484609375 0.223448703125 0.73719953125 0.279131271484375 0.787243326171875 0.365809666015625
0 0.939619244140625 0.471594623046875 0.927428828125 0.283414736328125 0.92507476171875 0.2761696640625 0.836426263671875 0.29983578515625 0.845448115234375 0.498597759765625 0.939619244140625 0.471594623046875
0 0.66628480859375 0 0.649240982421875 0.00846981640625 0.7003649375 0.09172052734375 0.867719966796875 0.01369169921875 0.863271263671875 0 0.66628480859375 0
0 0.226598552734375 0.79428566796875 0.21371891796875 0.760733072265625 0.103088037109375 0.772255943359375 0.126088876953125 0.83801950390625 0.23501478125 0.829389423828125 0.23856991796875 0.828024732421875 0.235915791015625 0.819856169921875 0.226598552734375 0.79428566796875
0 0.15571106640625 0.6200808046875 0.160628259765625 0.618483111328125 0.139939021484375 0.55480818359375 0.044113962890625 0.557961845703125 0.065741423828125 0.628126677734375 0.15571106640625 0.6200808046875
0 0.248024333984375 0.84604482421875 0.13712935546875 0.821120845703125 0.142837181640625 0.8824831328125 0.24846894140625 0.918523888671875 0.251840732421875 0.917428328125 0.248324107421875 0.85032716796875 0.248024333984375 0.84604482421875
0 0.119784478515625 0.68257577734375 0.10325482421875 0.781504787109375 0.10338140234375 0.7825356875 0.154358884765625 0.77879583984375 0.1763574921875 0.77609475 0.193680787109375 0.674701126953125 0.192730451171875 0.67177629296875 0.119784478515625 0.68257577734375
0 0.090648904296875 0.6190904765625 0.09083817578125 0.716787748046875 0.132509841796875 0.704838591796875 0.159340318359375 0.696537560546875 0.16196598828125 0.60257758984375 0.161471041015625 0.60085149609375 0.16011783984375 0.5966867734375 0.090648904296875 0.6190904765625
0 0.292213240234375 1 0.28800665625 0.98150178125 0.17772846484375 0.955571318359375 0.176703068359375 0.955752123046875 0.184505162109375 1 0.292213240234375 1
0 0.19668224609375 1 0.24397202734375 0.985542064453125 0.24722492578125 0.961305767578125 0.257698201171875 0.87172646875 0.25706576953125 0.86978004296875 0.186446642578125 0.888158005859375 0.182660125 1 0.19668224609375 1