0 0.57568264453125 0 0.517238423828125 0.00948423046875 0.5139570390625 0.011228974609375 0.51521059765625 0.015329177734375 0.529901041015625 0.042957888671875 0.54649217578125 0.07238468359375 0.660076564453125 0.05093800390625 0.6598614375 0.050234361328125 0.63203885546875 0 0.57568264453125 0
0 0.659084216796875 0.077039265625 0.544286171875 0.060014189453125 0.54181596484375 0.060769408203125 0.55332816796875 0.126780943359375 0.6707030546875 0.14362368359375 0.659084216796875 0.077039265625
0 0.63733523046875 0.406632060546875 0.70791429296875 0.389657181640625 0.71795535546875 0.27778284375 0.717703380859375 0.2765973984375 0.642334216796875 0.29012194140625 0.632884666015625 0.405567939453125 0.633461720703125 0.40745540234375 0.63733523046875 0.406632060546875
0 0.60342933984375 0.2934428046875 0.71564616015625 0.30712258984375 0.7023172265625 0.23211963671875 0.59179962109375 0.217046673828125 0.586668228515625 0.218615498046875 0.590764876953125 0.241848740234375 0.60342933984375 0.2934428046875
0 0.70466793359375 0.205222638671875 0.70471141015625 0.2051975390625 0.66472016796875 0.13505252734375 0.548409234375 0.161326603515625 0.55102671875 0.169888009765625 0.585901875 0.230293548828125 0.70466793359375 0.205222638671875
0 0.62217491796875 0.390604201171875 0.61994024609375 0.391792400390625 0.6545162578125 0.46199533203125 0.770177064453125 0.435258916015625 0.7345585546875 0.368270244140625 0.62217491796875 0.390604201171875
0 0.756391607421875 0.423352505859375 0.68853069140625 0.439915255859375 0.676637384765625 0.44310205859375 0.67747104296875 0.55674762890625 0.67914111328125 0.56221019140625 0.757567119140625 0.54366181640625 0.756391607421875 0.423352505859375
0 0.86950454296875 0.77367041015625 0.737458244140625 0.76561765625 0.7306306875 0.76770505078125 0.738848837890625 0.84589551953125 0.8776612734375 0.8565217890625 0.86950454296875 0.77367041015625
0 0.790629197265625 0.64969416796875 0.748518986328125 0.668442841796875 0.71968630859375 0.681896111328125 0.751821642578125 0.81105833984375 0.754703666015625 0.817531470703125 0.762459578125 0.81516025 0.83147826171875 0.78374782421875 0.799349162109375 0.647028208984375 0.790629197265625 0.64969416796875
0 0.661493052734375 0.6006820234375 0.665718541015625 0.614502970703125 0.8128089296875 0.608284095703125 0.802681068359375 0.571914259765625 0.79101354296875 0.5312247578125 0.657367671875 0.53848422265625 0.646494109375 0.54180860546875 0.661493052734375 0.6006820234375
0 0.70324123828125 0.5958020234375 0.73114825390625 0.73446734765625 0.806625185546875 0.701301755859375 0.770317716796875 0.564405982421875 0.765039044921875 0.5660198359375 0.740999357421875 0.577229724609375 0.70324123828125 0.5958020234375
0 0.411796921875 0.179435384765625 0.4138538203125 0.186163193359375 0.48801028125 0.170619919921875 0.504315689453125 0.011758890625 0.50427996875 0.011642052734375 0.421880361328125 0.0306655 0.411796921875 0.179435384765625
0 0.34991164453125 0.05183690234375 0.3661693125 0.08241312890625 0.38626329296875 0.116818890625 0.507686509765625 0.054311544921875 0.52806398828125 0.0434766484375 0.507479580078125 0.01273034765625 0.348537859375 0.041351447265625 0.346962076171875 0.042189302734375 0.34991164453125 0.05183690234375
0 0.61325145703125 0.373415951171875 0.463546640625 0.382067333984375 0.463041173828125 0.38222187109375 0.476004853515625 0.4268596328125 0.484851140625 0.455794537109375 0.6350440546875 0.455445103515625 0.635453396484375 0.455319953125 0.61662539453125 0.384451607421875 0.61325145703125 0.373415951171875
0 0.555611001953125 0.231378431640625 0.55712469921875 0.2309156484375 0.54424961328125 0.15348646484375 0.393472607421875 0.14043428515625 0.391890052734375 0.140918119140625 0.411793880859375 0.220748013671875 0.555611001953125 0.231378431640625
0 0.44352391015625 0.292356208984375 0.460730408203125 0.371688646484375 0.6048487890625 0.39115151953125 0.60651800390625 0.390641189453125 0.59500192578125 0.31533506640625 0.449952853515625 0.2898236640625 0.44344750390625 0.291812548828125 0.44352391015625 0.292356208984375
0 0.48127053515625 0.35407783203125 0.482738794921875 0.35652142578125 0.55189894921875 0.31569019140625 0.51672960546875 0.168106572265625 0.514296162109375 0.16885055078125 0.45078403125 0.207012490234375 0.48127053515625 0.35407783203125
0 0.50425254296875 0.53877372265625 0.505997158203125 0.543840453125 0.65915877734375 0.5314467109375 0.637382736328125 0.45508025 0.636602875 0.452815369140625 0.50323135546875 0.465330681640625 0.49482522265625 0.466663712890625 0.482667216796875 0.47085005078125 0.50425254296875 0.53877372265625
0 0.71310375390625 0.82534816015625 0.705289755859375 0.82773713671875 0.6367451171875 0.857748380859375 0.66602266796875 0.972087654296875 0.710425189453125 0.95851244140625 0.747799626953125 0.943412189453125 0.71310375390625 0.82534816015625
0 0.7120603125 0.77604138671875 0.5866393984375 0.799228728515625 0.582821283203125 0.800618408203125 0.60401403515625 0.863540173828125 0.6107077734375 0.88193106640625 0.743902123046875 0.8541972734375 0.743708888671875 0.85356523046875 0.7120603125 0.77604138671875
0 0.564961919921875 0.71709079296875 0.692526185546875 0.686163091796875 0.693517291015625 0.685700931640625 0.657593197265625 0.61117565234375 0.52928044921875 0.638155810546875 0.529181439453125 0.63820198046875 0.531096765625 0.644466734375 0.564961919921875 0.71709079296875
0 0.64574957421875 0.669479916015625 0.633235212890625 0.67403476953125 0.582472521484375 0.693923740234375 0.6056555 0.8243350078125 0.60657892578125 0.82687209375 0.611886865234375 0.82524929296875 0.683837671875 0.79853944140625 0.662808375 0.664264515625 0.64574957421875 0.669479916015625
0 0.6472270390625 0.5545123046875 0.52453605859375 0.531712013671875 0.51729340625 0.53392631640625 0.524084265625 0.61379813671875 0.652571587890625 0.633680716796875 0.6472270390625 0.5545123046875
0 0.095608712890625 0.192645140625 0.283471197265625 0.18792946875 0.260330921875 0.119275560546875 0.0796091171875 0.1122160859375 0.0734601015625 0.114096029296875 0.07862654296875 0.133421279296875 0.095608712890625 0.192645140625
0 0.43035064453125 0.7666030390625 0.3524316640625 0.774246958984375 0.34178429296875 0.960492810546875 0.342313552734375 0.9622239375 0.43109598046875 0.95124728515625 0.447297048828125 0.7658428125 0.447081943359375 0.76513923828125 0.43035064453125 0.7666030390625
0 0.223102474609375 0.12146682421875 0.14898805859375 0.148187064453125 0.1484447265625 0.148406583984375 0.17651081640625 0.3344683359375 0.17794705078125 0.338023142578125 0.245291642578125 0.308988298828125 0.223102474609375 0.12146682421875
0 0.4161526015625 0.62044995703125 0.238658333984375 0.64986425390625 0.231120099609375 0.652607947265625 0.250111857421875 0.71422935546875 0.25771873046875 0.73512906640625 0.448575642578125 0.70806416015625 0.4161526015625 0.62044995703125
0 0.478802138671875 1 0.447325861328125 0.84824893359375 0.412156943359375 0.859393138671875 0.360293720703125 0.877251080078125 0.38218867578125 1 0.478802138671875 1
0 0.148511623046875 0.37536755078125 0.1523720234375 0.38377551953125 0.340115126953125 0.351357802734375 0.30685730078125 0.2742135625 0.12306269921875 0.303655142578125 0.118689623046875 0.305602162109375 0.12140628515625 0.31448796875 0.148511623046875 0.37536755078125
0 0.228482169921875 0.600586708984375 0.229344951171875 0.603408740234375 0.2308988125 0.603190357421875 0.321215271484375 0.585091361328125 0.323242541015625 0.565041130859375 0.33647049609375 0.40630369921875 0.3364091875 0.40586748046875 0.27974366015625 0.413294416015625 0.252010951171875 0.41719199609375 0.228482169921875 0.600586708984375
0 0.33696365234375 0.487757265625 0.322973587890625 0.492849232421875 0.25704269140625 0.51987867578125 0.278953673828125 0.69720235546875 0.27982500390625 0.699596318359375 0.3541958515625 0.67436748046875 0.365583564453125 0.67022269140625 0.33843419140625 0.48730767578125 0.33696365234375 0.487757265625
0 0.41863917578125 0.672806498046875 0.41693977734375 0.67295517578125 0.327420091796875 0.68702444140625 0.307661447265625 0.864914681640625 0.30906342578125 0.86950034765625 0.40361641796875 0.861721748046875 0.41863917578125 0.672806498046875
0 0.282536142578125 0.304885056640625 0.227261427734375 0.3277263515625 0.196826767578125 0.34127673828125 0.22445416015625 0.52369893359375 0.22626658203125 0.52776969921875 0.31361971875 0.49266305859375 0.282536142578125 0.304885056640625
0 1 0.739701095703125 0.96766877734375 0.75507220703125 0.996533677734375 0.84641349609375 0.99804855078125 0.849519443359375 1 0.84857692578125 1 0.739701095703125
0 1 0.65250723828125 0.944817765625 0.685664068359375 0.979801857421875 0.778122126953125 0.98090319921875 0.7777854140625 1 0.76630294140625 1 0.65250723828125
0 0 0.270216884765625 0.052180765625 0.26811162109375 0.055234345703125 0.26779067578125 0.04053503125 0.12793603515625 0 0.13219644140625 0 0.270216884765625
0 1 0.57948195703125 0.986270767578125 0.581902791015625 0.93390215234375 0.59283062109375 0.93227640625 0.690085025390625 0.933581107421875 0.69435251171875 1 0.68149435546875 1 0.57948195703125
0 0.958937494140625 0.50260995703125 0.90546757421875 0.528823134765625 0.923067001953125 0.628552232421875 0.92407201171875 0.6308095234375 0.9921157890625 0.59829113671875 0.971832197265625 0.49789514453125 0.964475265625 0.5001443828125 0.958937494140625 0.50260995703125
0 0.895891384765625 0.442254041015625 0.875414521484375 0.53926442578125 0.875502962890625 0.541797029296875 0.87596675 0.54331401171875 0.95406823046875 0.534938826171875 0.973407611328125 0.439834974609375 0.97332053125 0.439550154296875 0.895891384765625 0.442254041015625
0 0 0.42658652734375 0.068689716796875 0.41759844140625 0.095303935546875 0.234832736328125 0.00874840234375 0.245460419921875 0 0.29420526953125 0 0.42658652734375
0 0 0.474689986328125 0.172818095703125 0.449494177734375 0.1418145390625 0.37675925 0.135959248046875 0.363608056640625 0 0.3849963984375 0 0.474689986328125
0 0 0.2822875625 0.1081755 0.307266251953125 0.10909023828125 0.307202287109375 0.10793645703125 0.2907024140625 0.101444970703125 0.215321720703125 0 0.19357210546875 0 0.2822875625
0 0.034650708984375 0.43895321484375 0.06141716015625 0.619835578125 0.063160771484375 0.623751794921875 0.0714584140625 0.62121494921875 0.150881435546875 0.58366173046875 0.11424080859375 0.4006306015625 0.111763001953125 0.40138814453125 0.034650708984375 0.43895321484375
0 0.289682732421875 0.84457498046875 0.10381694921875 0.8433348125 0.0954855625 0.84588197265625 0.113875626953125 0.940490658203125 0.30725655859375 0.9322992578125 0.289682732421875 0.84457498046875
0 0.09815245703125 0.8613588359375 0.28453730078125 0.816140625 0.28579056640625 0.8155293671875 0.2673816171875 0.77704594140625 0.24321891796875 0.727505072265625 0.061110673828125 0.77460950390625 0.069961130859375 0.80355805078125 0.09815245703125 0.8613588359375
0 0.060427103515625 0.756340978515625 0.252105685546875 0.743443064453125 0.223608486328125 0.6507864296875 0.0417011640625 0.659722736328125 0.03272491015625 0.662467052734375 0.047797400390625 0.715031080078125 0.060427103515625 0.756340978515625
0 0.064540171875 0.51811408203125 0.06356826953125 0.70782880078125 0.065475267578125 0.71406630859375 0.155500486328125 0.69665290234375 0.160365544921875 0.49774576953125 0.064540171875 0.51811408203125
0 0.32765251171875 1 0.31649982421875 0.93316333984375 0.13987009765625 0.93447284375 0.13517366015625 0.9350494921875 0.12590302734375 0.93788380859375 0.128716060546875 0.966812828125 0.13279093359375 1 0.32765251171875 1
0 0.7785085234375 0.19969934765625 0.78413073046875 0.235196568359375 0.89473980078125 0.24692694921875 0.88591459765625 0.177818337890625 0.77757469140625 0.163612861328125 0.77692628515625 0.16371555859375 0.77358229296875 0.164737919921875 0.7785085234375 0.19969934765625
0 0.93556837109375 0.362194189453125 0.88552003125 0.3737487578125 0.8691895703125 0.37782918359375 0.864296833984375 0.46773386328125 0.865996513671875 0.47329326953125 0.935753375 0.45829885546875 0.93556837109375 0.362194189453125
0 0.789544869140625 0.20338753515625 0.7914885703125 0.20704310546875 0.84367473046875 0.176530533203125 0.83149598046875 0.0637033671875 0.825669041015625 0.06548483984375 0.766296076171875 0.0970540078125 0.789544869140625 0.20338753515625
0 0.82763658203125 0.34473257421875 0.89563960546875 0.313854490234375 0.8842603984375 0.2142016328125 0.883854568359375 0.213245556640625 0.8358827109375 0.230891828125 0.815480814453125 0.23955191796875 0.82691291015625 0.3430277109375 0.82763658203125 0.34473257421875
0 0.850272875 0.3094187890625 0.836118 0.316284240234375 0.849444185546875 0.4097901953125 0.851073466796875 0.413449623046875 0.91491946484375 0.383417619140625 0.904061033203125 0.286602009765625 0.89595158984375 0.28908131640625 0.850272875 0.3094187890625
0 0.73543151953125 0 0.71953646484375 0.058374724609375 0.720865482421875 0.062721748046875 0.78823853515625 0.05325308203125 0.80238632421875 0 0.73543151953125 0
0 0.741782283203125 0.101583654296875 0.767514638671875 0.10007484765625 0.8596323359375 0.09309760546875 0.829902041015625 0.0310098984375 0.82749949609375 0.02649137109375 0.71852769921875 0.04386963671875 0.713611544921875 0.0464836015625 0.7366295 0.0918926796875 0.741782283203125 0.101583654296875