0 0.312840884765625 0.92623458203125 0.332946830078125 0.994483810546875 0.44188597265625 0.99887346484375 0.446509953125 0.99763447265625 0.439592712890625 0.96767261328125 0.42994317578125 0.9339765625 0.312840884765625 0.92623458203125
0 0.312571599609375 0.91272120703125 0.42698285546875 0.93379337890625 0.42922849609375 0.93327493359375 0.41999918359375 0.866700662109375 0.30328360546875 0.845771859375 0.312571599609375 0.91272120703125
0 0.3553774453125 0.5828406953125 0.284006712890625 0.59609848828125 0.268124361328125 0.707293998046875 0.26831394921875 0.708491005859375 0.344287640625 0.698929513671875 0.359507443359375 0.586055427734375 0.358645755859375 0.582323044921875 0.3553774453125 0.5828406953125
0 0.26778784765625 0.70277491796875 0.284864576171875 0.76202807421875 0.399363595703125 0.765559091796875 0.40085068359375 0.76513267578125 0.39694016015625 0.7481943359375 0.39478886328125 0.740691869140625 0.3768007265625 0.69070423828125 0.264571310546875 0.688842560546875 0.26778784765625 0.70277491796875
0 0.37452999609375 0.86612907421875 0.410840677734375 0.754905935546875 0.410840677734375 0.75283644921875 0.410125505859375 0.74973869921875 0.33176401171875 0.74931257421875 0.295694361328125 0.86532703125 0.29587952734375 0.86612907421875 0.37452999609375 0.86612907421875
0 0.2451783515625 0.5985551953125 0.355582220703125 0.62153948046875 0.359812587890625 0.62056282421875 0.355478984375 0.543555814453125 0.238565900390625 0.522974537109375 0.2451783515625 0.5985551953125
0 0.224751509765625 0.518780341796875 0.341009484375 0.544723853515625 0.3416542109375 0.544575005859375 0.341215865234375 0.46260760546875 0.22372564453125 0.43668928125 0.224751509765625 0.518780341796875
0 0.19986684765625 0.2465699375 0.266169806640625 0.2256076640625 0.25060380859375 0.091535240234375 0.24915326171875 0.08679072265625 0.17025003515625 0.11034677734375 0.18860398828125 0.24956780078125 0.19455541796875 0.2481938046875 0.19986684765625 0.2465699375
0 0.285433708984375 0.30969775390625 0.277782048828125 0.17388184765625 0.27640540625 0.168360439453125 0.264532517578125 0.17110151171875 0.193043076171875 0.190275318359375 0.20272240234375 0.329695517578125 0.23655163671875 0.321885421875 0.285433708984375 0.30969775390625
0 0.206742984375 0.4351028125 0.34378087109375 0.4606968203125 0.3517075859375 0.45886679296875 0.347688345703125 0.38217510546875 0.2049868046875 0.35729324609375 0.206742984375 0.4351028125
0 0.295889544921875 0.252672173828125 0.295711390625 0.2519576328125 0.22410258203125 0.271401837890625 0.22503759765625 0.41274165625 0.29134742578125 0.397432826171875 0.30540544140625 0.39392776953125 0.295889544921875 0.252672173828125
0 0.44771651953125 0.97612354296875 0.474571390625 0.977137419921875 0.52640809375 0.978042232421875 0.579584337890625 0.8308257265625 0.578902017578125 0.827870275390625 0.495805982421875 0.82703561328125 0.44771651953125 0.97612354296875
0 0.543152201171875 1 0.55930959375 0.88192526953125 0.55725195703125 0.87301266796875 0.476406765625 0.89061935546875 0.4941988125 1 0.543152201171875 1
0 0.51757298046875 0.56877315234375 0.517299849609375 0.553125494140625 0.3706323046875 0.5200925 0.37082679296875 0.577434546875 0.371166771484375 0.59691196484375 0.511615443359375 0.636831578125 0.51626152734375 0.6357589453125 0.51757298046875 0.56877315234375
0 0.40997815625 0.78187249609375 0.439449939453125 0.859217166015625 0.584284541015625 0.852202998046875 0.5860302734375 0.851532873046875 0.56720144921875 0.78772612890625 0.56281441796875 0.77629752734375 0.410258873046875 0.781764740234375 0.40997815625 0.78187249609375
0 0.524289896484375 0.591319189453125 0.522757361328125 0.584681048828125 0.441692859375 0.590687259765625 0.402449591796875 0.730382572265625 0.40248737109375 0.73054621875 0.479118837890625 0.730546216796875 0.524289896484375 0.591319189453125
0 0.398282486328125 0.693542541015625 0.41531408984375 0.76786709765625 0.566260443359375 0.781839458984375 0.568165318359375 0.78136451953125 0.55762236328125 0.73569797265625 0.549481177734375 0.70304545703125 0.398282486328125 0.693542541015625
0 0.49818666015625 0.457415779296875 0.49747687109375 0.45456897265625 0.364361306640625 0.45540728515625 0.3429011171875 0.456912009765625 0.360142482421875 0.5338585 0.50549337890625 0.534806640625 0.513535669921875 0.532801470703125 0.503110107421875 0.47874158203125 0.49818666015625 0.457415779296875
0 0.3553742890625 0.145318236328125 0.384329580078125 0.13775139453125 0.37336517578125 0.0209438671875 0.37229994140625 0.016329828125 0.28804468359375 0.035781685546875 0.303768076171875 0.15723246875 0.3553742890625 0.145318236328125
0 0.41984026171875 0.12695591796875 0.413468509765625 0.108451001953125 0.279750498046875 0.13386740234375 0.310283376953125 0.212555712890625 0.43608986328125 0.191560798828125 0.439727248046875 0.190308345703125 0.43912291015625 0.187690662109375 0.41984026171875 0.12695591796875
0 0.436938875 0.259741208984375 0.434424162109375 0.251515958984375 0.3570664921875 0.27625733203125 0.36595306640625 0.4074699609375 0.37986837109375 0.404257359375 0.449199876953125 0.384156208984375 0.436938875 0.259741208984375
0 0.43040786328125 0.301402267578125 0.41447258984375 0.169739529296875 0.413145841796875 0.165656224609375 0.410469212890625 0.166274173828125 0.332792849609375 0.19362131640625 0.351558099609375 0.325802490234375 0.364525642578125 0.32280869921875 0.43040786328125 0.301402267578125
0 0.35925258203125 0.440847419921875 0.480519236328125 0.46120028515625 0.48952152734375 0.45912194140625 0.481341919921875 0.37942148046875 0.352527169921875 0.361784341796875 0.35925258203125 0.440847419921875
0 0.85349640625 0.780889177734375 0.852660572265625 0.77726878125 0.776811353515625 0.78120073828125 0.77097544921875 0.78160882421875 0.740200451171875 0.946657630859375 0.808795484375 0.941860998046875 0.81289375 0.94091483984375 0.85349640625 0.780889177734375
0 0.601345732421875 0.23890828125 0.662183150390625 0.234602873046875 0.688053443359375 0.0503850625 0.687828861328125 0.04941229296875 0.592890119140625 0.0537281484375 0.5726291640625 0.238077173828125 0.573049169921875 0.23989641796875 0.601345732421875 0.23890828125
0 0.873131482421875 0.794350265625 0.87166402734375 0.774936791015625 0.68713490625 0.734866041015625 0.68827846875 0.814222955078125 0.869638072265625 0.84758069140625 0.86993887109375 0.847564927734375 0.875848837890625 0.84620050390625 0.873131482421875 0.794350265625
0 0.770120693359375 0.3718901171875 0.779422544921875 0.369742615234375 0.758888517578125 0.28079996484375 0.57167096484375 0.28867787890625 0.58714846875 0.375311185546875 0.770120693359375 0.3718901171875
0 0.560811033203125 0 0.56806908984375 0.152877388671875 0.604548357421875 0.147372017578125 0.658566658203125 0.137847134765625 0.65588714453125 0 0.560811033203125 0
0 0.77007226953125 0.7850890703125 0.803972271484375 0.77407429296875 0.793754189453125 0.58544827734375 0.79260708203125 0.58191785546875 0.71118216796875 0.60941778125 0.723692966796875 0.79794124609375 0.743597517578125 0.79334591796875 0.77007226953125 0.7850890703125
0 0.786858884765625 0.41260187890625 0.782396744140625 0.38085209765625 0.597752205078125 0.369372923828125 0.59853238671875 0.37492420703125 0.61321658203125 0.455790501953125 0.78625577734375 0.47079544921875 0.79353609765625 0.46911465625 0.786858884765625 0.41260187890625
0 0.74744826171875 0.28090844921875 0.759855837890625 0.278043935546875 0.738634619140625 0.18612473828125 0.54987552734375 0.19751545703125 0.5767704140625 0.28586080078125 0.74744826171875 0.28090844921875
0 0.824415748046875 0.557683634765625 0.63608982421875 0.549128998046875 0.65294100390625 0.64047689453125 0.837477361328125 0.65140203515625 0.84236375390625 0.650273923828125 0.83176721484375 0.589526330078125 0.824415748046875 0.557683634765625
0 0.828245916015625 0.53954412890625 0.78968487109375 0.45426675390625 0.769692490234375 0.456801767578125 0.611840576171875 0.479650998046875 0.611620416015625 0.479735509765625 0.64138822265625 0.5594932265625 0.826971373046875 0.54100512890625 0.828451998046875 0.5404367734375 0.828245916015625 0.53954412890625
0 0 0.21623287109375 0.049412080078125 0.220765978515625 0.05508849609375 0.21945547265625 0.0483927421875 0.142922650390625 0 0.139994306640625 0 0.21623287109375
0 0 0.30410958203125 0.05262121484375 0.3013518203125 0.065920833984375 0.21042036328125 0.064499009765625 0.20426176171875 0 0.206996240234375 0 0.30410958203125
0 1 0.760112017578125 0.920333287109375 0.77033223046875 0.91731930078125 0.77091808984375 0.94415181640625 0.90895941015625 0.98943031640625 0.900158162109375 0.99448112109375 0.898992091796875 1 0.837762654296875 1 0.760112017578125
0 0 0.38284966796875 0.016078111328125 0.3825690234375 0.069511470703125 0.37996798828125 0.086254359375 0.28460262109375 0.085137685546875 0.27976577734375 0.012749455078125 0.28223855859375 0 0.3412176953125 0 0.38284966796875
0 0.032102130859375 0.35524494921875 0.007830609375 0.455740591796875 0.021735265625 0.455983298828125 0.08127363671875 0.45482345703125 0.1074704765625 0.357000359375 0.10749219921875 0.355755947265625 0.107209791015625 0.354532703125 0.032102130859375 0.35524494921875
0 0.11396213671875 0.42193155078125 0.11297123046875 0.417957248046875 0.03792654296875 0.442515650390625 0.038779162109375 0.539130013671875 0.0783011953125 0.5300056328125 0.1141023359375 0.52107940625 0.11396213671875 0.42193155078125
0 0.999829408203125 0.776537970703125 0.98425008203125 0.59198433984375 0.98361124609375 0.59040316796875 0.982168537109375 0.590736244140625 0.8973779453125 0.625779361328125 0.91876450390625 0.80742783984375 0.929520453125 0.8049446328125 0.999829408203125 0.776537970703125
0 1 0.57774942578125 0.842326271484375 0.541174138671875 0.84067293359375 0.62946751171875 0.84074812890625 0.63162074609375 1 0.670457103515625 1 0.57774942578125
0 1 0.694829484375 0.952176423828125 0.697270486328125 0.903817087890625 0.88978403515625 0.972274240234375 0.890248134765625 0.991823896484375 0.8895654453125 1 0.85905653515625 1 0.694829484375
0 0.9406731875 0.410389962890625 0.938262212890625 0.40471005859375 0.85935930078125 0.44145769921875 0.8836336796875 0.627917208984375 0.88652473828125 0.627249755859375 0.973046814453125 0.588172681640625 0.9406731875 0.410389962890625
0 0.853876615234375 0.027120478515625 0.851698173828125 0.02144544140625 0.760039087890625 0.05505439453125 0.801404078125 0.242794166015625 0.810120234375 0.2407818828125 0.88519895703125 0.21196186328125 0.853876615234375 0.027120478515625
0 0.80351476953125 0.335178396484375 0.83611978515625 0.32778822265625 0.89612129296875 0.31393578515625 0.8939966484375 0.12280034765625 0.893502408203125 0.12065955078125 0.874132390625 0.124976701171875 0.798333689453125 0.1424762109375 0.80337147265625 0.334557703125 0.80351476953125 0.335178396484375
0 0.78195650390625 0.35977021484375 0.965479140625 0.382914072265625 0.971968681640625 0.38141584375 0.961754884765625 0.28423805078125 0.76998189453125 0.263572755859375 0.78195650390625 0.35977021484375
0 0.93566264453125 0.512306185546875 0.949866009765625 0.3231213984375 0.94839876171875 0.31676605859375 0.857378142578125 0.32785720703125 0.838649875 0.52594044140625 0.93566264453125 0.512306185546875
0 0.707692921875 0 0.7109692734375 0.075849853515625 0.886442017578125 0.096075857421875 0.895126365234375 0.096075857421875 0.90071072265625 0.094786607421875 0.901454166015625 0.065336265625 0.901454166015625 0.016183294921875 0.89771795703125 0 0.707692921875 0
0 0.12853490234375 0.71590693359375 0.094451755859375 0.82420267578125 0.1297924609375 0.82542417578125 0.16737487890625 0.826080177734375 0.19635187890625 0.72538193359375 0.1964422734375 0.72020318359375 0.196193232421875 0.71912446875 0.12853490234375 0.71590693359375
0 0.0742847265625 0.60950931640625 0.10444794140625 0.59963223046875 0.13638916015625 0.588633986328125 0.126936294921875 0.50033146484375 0.12463595703125 0.49365080859375 0.121186544921875 0.49444716796875 0.061834369140625 0.51608363671875 0.06663155859375 0.611276189453125 0.0742847265625 0.60950931640625
0 0.14332768359375 0.7876695234375 0.10896771484375 0.89554858984375 0.11938501171875 0.895912369140625 0.17045966796875 0.89563221484375 0.217134427734375 0.790002419921875 0.21716505078125 0.789125521484375 0.217125015625 0.788952119140625 0.14332768359375 0.7876695234375
0 0.180954724609375 0.675681419921875 0.084816900390625 0.643540837890625 0.07867912890625 0.7165703046875 0.1733422890625 0.748603693359375 0.1801821640625 0.74702458203125 0.180255328125 0.7449294765625 0.180954724609375 0.675681419921875
0 0.056123619140625 0.5916872421875 0.0736265703125 0.657586236328125 0.17117711328125 0.662509154296875 0.17186091015625 0.662351287109375 0.16946415234375 0.65196979296875 0.154562546875 0.593042228515625 0.055213056640625 0.5850475546875 0.05462221875 0.5851839609375 0.056123619140625 0.5916872421875
0 0.23017704296875 1 0.22998190234375 0.908255939453125 0.2292903203125 0.90662666796875 0.165636505859375 0.937413841796875 0.16538310546875 1 0.23017704296875 1
0 0.23096188671875 0.879048341796875 0.228800419921875 0.87341752734375 0.112719537109375 0.87759477734375 0.131338193359375 0.929082869140625 0.134569107421875 0.93749968359375 0.16033521484375 0.939140767578125 0.2495916640625 0.9433008671875 0.25222876171875 0.94228858203125 0.23096188671875 0.879048341796875