0 0.6875 0.2880859375 0.078125 0.146484375
0 0.525390625 0.2900390625 0.072265625 0.1220703125
0 0.599609375 0.291015625 0.0751953125 0.126953125
0 0.439453125 0.2939453125 0.0888671875 0.1279296875
0 0.1982421875 0.2958984375 0.0888671875 0.1376953125
0 0.927734375 0.296875 0.0751953125 0.1455078125
0 0.7724609375 0.2978515625 0.078125 0.1484375
0 0.369140625 0.298828125 0.078125 0.134765625
0 0.849609375 0.2998046875 0.0751953125 0.1435546875
0 0.28515625 0.3046875 0.078125 0.1435546875
0 0.111328125 0.310546875 0.0859375 0.123046875
0 0.56640625 0.427734375 0.076171875 0.1484375
0 0.474609375 0.4296875 0.0859375 0.134765625
0 0.306640625 0.431640625 0.080078125 0.1201171875
0 0.650390625 0.4326171875 0.083984375 0.146484375
0 0.818359375 0.43359375 0.0810546875 0.150390625
0 0.2216796875 0.435546875 0.083984375 0.1328125
0 0.3896484375 0.435546875 0.0810546875 0.126953125
0 0.9072265625 0.435546875 0.083984375 0.158203125
0 0.73046875 0.439453125 0.091796875 0.1328125
0 0.0517578125 0.44140625 0.0830078125 0.1279296875
0 0.138671875 0.443359375 0.087890625 0.1279296875
0 0.1513671875 0.0654296875 0.072265625 0.130859375
0 0.07421875 0.068359375 0.0673828125 0.1357421875
0 0.8935546875 0.068359375 0.0732421875 0.1357421875
0 0.462890625 0.0703125 0.0703125 0.140625
0 0.384765625 0.0712890625 0.072265625 0.138671875
0 0.8359375 0.712890625 0.0830078125 0.1640625
0 0.92578125 0.7197265625 0.087890625 0.1513671875
0 0.73828125 0.7216796875 0.087890625 0.15625
0 0.232421875 0.072265625 0.078125 0.14453125
0 0.537109375 0.0732421875 0.068359375 0.1435546875
0 0.7587890625 0.07421875 0.0673828125 0.1455078125
0 0.3076171875 0.07421875 0.0751953125 0.1484375
0 0.646484375 0.7265625 0.095703125 0.1611328125
0 0.0888671875 0.734375 0.099609375 0.173828125
0 0.5595703125 0.7373046875 0.0986328125 0.1484375
0 0.28125 0.7392578125 0.09375 0.1591796875
0 0.185546875 0.7431640625 0.099609375 0.15625
0 0.37109375 0.744140625 0.103515625 0.162109375
0 0.470703125 0.7490234375 0.0859375 0.166015625
0 0.611328125 0.0771484375 0.0751953125 0.140625
0 0.685546875 0.078125 0.0703125 0.1376953125
0 0.826171875 0.080078125 0.0751953125 0.1279296875
0 0.802734375 0.91015625 0.0859375 0.1796875
0 0.896484375 0.91015625 0.0986328125 0.1796875
0 0.51171875 0.9111328125 0.09375 0.177734375
0 0.708984375 0.9111328125 0.09375 0.177734375
0 0.3095703125 0.912109375 0.099609375 0.1748046875
0 0.4150390625 0.912109375 0.0986328125 0.1748046875
0 0.6142578125 0.9150390625 0.0986328125 0.169921875
0 0.2119140625 0.9150390625 0.091796875 0.169921875
0 0.1103515625 0.9150390625 0.103515625 0.169921875