0 0.48499671875 1 0.51131016796875 0.956172634765625 0.509547224609375 0.95493820703125 0.398829390625 0.93000201171875 0.381221380859375 0.958831857421875 0.364084505859375 0.988513796875 0.36940886328125 0.992241953125 0.40852711328125 1 0.48499671875 1
0 0.45904284375 0.836486365234375 0.437270734375 0.953227314453125 0.4964448125 0.985890904296875 0.51873321484375 0.86942730859375 0.45904284375 0.836486365234375
0 0.69386838671875 0.697189490234375 0.58921811328125 0.653045306640625 0.54404530078125 0.70406208203125 0.538920515625 0.711381033203125 0.64631453515625 0.75767804296875 0.69386838671875 0.697189490234375
0 0.528398853515625 0.730774083984375 0.49549961328125 0.79822751953125 0.49648645703125 0.79891851953125 0.498187494140625 0.79974816796875 0.60456448828125 0.816691146484375 0.64404268359375 0.74773421484375 0.643635267578125 0.747448939453125 0.528398853515625 0.730774083984375
0 0.441389984375 0.853393203125 0.555447048828125 0.89206416796875 0.60255136328125 0.826483640625 0.60251075 0.826454134765625 0.48701592578125 0.789106130859375 0.47014141015625 0.812331912109375 0.441389984375 0.853393203125
0 0.588247572265625 0.6724243125 0.70332827734375 0.684552265625 0.729291828125 0.610082787109375 0.728837005859375 0.609908197265625 0.612460388671875 0.6012804921875 0.585806859375 0.67071530859375 0.588247572265625 0.6724243125
0 0.62957183984375 0.59644955859375 0.74360696484375 0.623952892578125 0.78006297265625 0.550210513671875 0.6637667265625 0.5224613125 0.65930780078125 0.53084733203125 0.62714548046875 0.59475060546875 0.62957183984375 0.59644955859375
0 0.97147773046875 0.290963423828125 0.842970716796875 0.237411970703125 0.79991422265625 0.303713158203125 0.80843139453125 0.309676943359375 0.926596291015625 0.36108146484375 0.97147773046875 0.290963423828125
0 0.91992674609375 0.35341254296875 0.792933908203125 0.302177783203125 0.747473138671875 0.372144703125 0.7459195703125 0.374630931640625 0.74924977734375 0.376962767578125 0.87823597265625 0.427056802734375 0.919508845703125 0.362200634765625 0.923456048828125 0.3558837890625 0.91992674609375 0.35341254296875
0 0.703355876953125 0.434732326171875 0.69575244140625 0.442605916015625 0.6517555546875 0.490969796875 0.65673853515625 0.495781806640625 0.77520219921875 0.567269533203125 0.804606580078125 0.536820408203125 0.830623552734375 0.5094624921875 0.703355876953125 0.434732326171875
0 0.87170684765625 0.428998703125 0.739114345703125 0.379743232421875 0.697852353515625 0.43825437890625 0.70922499609375 0.44621758984375 0.82714238671875 0.498358146484375 0.87170684765625 0.428998703125
0 0.23796040625 0.87423132421875 0.23869041015625 0.874781419921875 0.38881044921875 0.92396341015625 0.434697009765625 0.860428716796875 0.287869716796875 0.8066321875 0.251483658203125 0.854918119140625 0.23796040625 0.87423132421875
0 0.327983767578125 0.84273933203125 0.2992091640625 0.824896931640625 0.29266971484375 0.83423623046875 0.245050630859375 0.93186982421875 0.271667951171875 0.95050747265625 0.309758927734375 0.96908568359375 0.327983767578125 0.84273933203125
0 0.54753912890625 0.6841434921875 0.57445353515625 0.536152076171875 0.49807050390625 0.505479740234375 0.49499887109375 0.509866486328125 0.477112732421875 0.652787640625 0.54753912890625 0.6841434921875
0 0.291406017578125 0.82508361328125 0.442953201171875 0.83316501171875 0.46655011328125 0.7580550234375 0.46553421484375 0.75764457421875 0.321147517578125 0.74812376953125 0.29035192578125 0.82434553125 0.291406017578125 0.82508361328125
0 0.467396810546875 0.56563112890625 0.46243137890625 0.572722501953125 0.420548306640625 0.709504306640625 0.483432748046875 0.753536466796875 0.53105427734375 0.617618125 0.467396810546875 0.56563112890625
0 0.43148338671875 0.82207144921875 0.4845594765625 0.6793820546875 0.420890908203125 0.63042666796875 0.41913579296875 0.63267311328125 0.3709537734375 0.774926880859375 0.42967831640625 0.820807525390625 0.43148338671875 0.82207144921875
0 0.6087039375 0.5905726171875 0.66071359765625 0.53056405078125 0.52713984765625 0.454602607421875 0.523417396484375 0.4584573203125 0.475148662109375 0.510894720703125 0.484398337890625 0.51982702734375 0.491453515625 0.524587748046875 0.607039962890625 0.592295712890625 0.6087039375 0.5905726171875
0 0.7231419921875 0.154078853515625 0.726020212890625 0.15695707421875 0.8354498828125 0.24050890234375 0.89395296484375 0.18527319921875 0.89543937109375 0.183150392578125 0.78385048046875 0.091566353515625 0.736956333984375 0.138460498046875 0.726781427734375 0.14888119921875 0.7231419921875 0.154078853515625
0 0.67129704296875 0.23629351953125 0.78520554296875 0.3068154921875 0.83923938671875 0.23916262109375 0.725776359375 0.172396166015625 0.6897145859375 0.21215644140625 0.680552365234375 0.22307555078125 0.67129704296875 0.23629351953125
0 0.570034818359375 0.37546269140625 0.6812515625 0.446666138671875 0.74034205078125 0.383671478515625 0.73957815234375 0.382933791015625 0.62735090625 0.31583491796875 0.57073582421875 0.374461552734375 0.570034818359375 0.37546269140625
0 0.688005931640625 0.231499705078125 0.642784845703125 0.348814390625 0.688819888671875 0.378023921875 0.71566161328125 0.394152056640625 0.762249248046875 0.265462158203125 0.6935491484375 0.22358316796875 0.688005931640625 0.231499705078125
0 0.583149990234375 0.370352962890625 0.55246617578125 0.491582041015625 0.624207064453125 0.52950232421875 0.62655368359375 0.530697986328125 0.655154783203125 0.401393337890625 0.585956638671875 0.36634465234375 0.583149990234375 0.370352962890625
0 0 0.74730690234375 0.156288607421875 0.7855881015625 0.197037 0.726578892578125 0.195124373046875 0.72523965625 0.018170853515625 0.669657140625 0 0.6987365859375 0 0.74730690234375
0 0.500121455078125 0.231133142578125 0.59774117578125 0.07324632421875 0.52530925390625 0.01115843359375 0.431779921875 0.17311650390625 0.47706978515625 0.21396446484375 0.48446923046875 0.220173337890625 0.500121455078125 0.231133142578125
0 0.041311009765625 0.64089824609375 0.02374316796875 0.68916549609375 0.02883783203125 0.692732818359375 0.029088701171875 0.69282412890625 0.212276611328125 0.713948384765625 0.236571921875 0.6383933359375 0.04839029296875 0.62276208984375 0.041311009765625 0.64089824609375
0 0.31714388671875 0.23715227734375 0.293189447265625 0.296058423828125 0.2973881484375 0.29899838671875 0.30012416015625 0.300274208984375 0.4743793828125 0.345046220703125 0.514315125 0.26059126953125 0.32654334375 0.216995078125 0.31714388671875 0.23715227734375
0 0.528400677734375 0 0.491038646484375 0.11026631640625 0.49925722265625 0.114274783203125 0.579697064453125 0.148548208984375 0.6254350390625 0 0.528400677734375 0
0 0.1457101875 0.66471822265625 0.16379084765625 0.67850269921875 0.18468676953125 0.69313418359375 0.261131900390625 0.51978280859375 0.194023037109375 0.466092369140625 0.191737634765625 0.46901755078125 0.117621880859375 0.64277323046875 0.1457101875 0.66471822265625
0 0.4104905 0.41783946875 0.457050095703125 0.36565274609375 0.45658380078125 0.365217919921875 0.30022976171875 0.27478655859375 0.246053482421875 0.328413474609375 0.23932183203125 0.335632291015625 0.238400736328125 0.336947751953125 0.23841947265625 0.33696522265625 0.39603867578125 0.43333715234375 0.4104905 0.41783946875
0 0.381265806640625 0.26555356640625 0.46551309765625 0.312252603515625 0.466295427734375 0.311135318359375 0.466659103515625 0.31047923046875 0.52174498046875 0.137476478515625 0.445210123046875 0.087903642578125 0.44279284765625 0.09135587109375 0.381265806640625 0.26555356640625
0 0.24197583984375 0.39169965234375 0.162701013671875 0.5586584609375 0.18944211328125 0.58109691015625 0.23738894140625 0.618415591796875 0.316520009765625 0.44567284765625 0.244604478515625 0.38856696484375 0.24197583984375 0.39169965234375
0 0.404441560546875 0.42165243359375 0.25577533984375 0.36387987109375 0.2368656171875 0.356912525390625 0.179566638671875 0.432041888671875 0.18019041015625 0.432478658203125 0.181022875 0.433040162109375 0.357690625 0.49280153515625 0.40463706640625 0.421784302734375 0.404441560546875 0.42165243359375
0 1 0.464405072265625 0.972418365234375 0.44914370703125 0.969858794921875 0.452799154296875 0.941351708984375 0.54579597265625 0.9877803359375 0.572371748046875 1 0.57886905859375 1 0.464405072265625
0 0.937282015625 0.639337267578125 0.941786845703125 0.64339343359375 0.948088650390625 0.64780600390625 0.99840355859375 0.55859171484375 0.94373881640625 0.50663820703125 0.942085453125 0.508474455078125 0.89452941796875 0.59788394140625 0.937282015625 0.639337267578125
0 0.90074159375 0.71002625390625 0.95263687890625 0.628584611328125 0.902009341796875 0.567990279296875 0.899062947265625 0.570835580078125 0.846403693359375 0.65484343359375 0.897503744140625 0.7077590859375 0.90074159375 0.71002625390625
0 0 0.61944018359375 0.015535423828125 0.629918958984375 0.074795875 0.45499091796875 0 0.403671916015625 0 0.61944018359375
0 0 0.50571987890625 0.034274236328125 0.532497845703125 0.0607406640625 0.551029837890625 0.13109788671875 0.379437931640625 0.057444173828125 0.328004326171875 0.056054291015625 0.329783298828125 0 0.462223208984375 0 0.50571987890625
0 0 0.3604507265625 0.1706210234375 0.4308361953125 0.227437455078125 0.36305998046875 0.0583297265625 0.28304985546875 0.01844718359375 0.33176644140625 0.00400470703125 0.35025197265625 0 0.35597128515625 0 0.3604507265625
0 0.30625163671875 0 0.24815605078125 0.08415869140625 0.30821861328125 0.14635529296875 0.310653076171875 0.148059923828125 0.423958029296875 0 0.30625163671875 0
0 0.26799723046875 0.00319706640625 0.20692928125 0.184271287109375 0.25971346484375 0.215987224609375 0.28829315234375 0.2330043671875 0.288923046875 0.23210478515625 0.352914740234375 0.05142157421875 0.286233537109375 0.01135546484375 0.2692907890625 0.001349671875 0.26799723046875 0.00319706640625
0 0.1116194609375 0.211573185546875 0.107837904296875 0.219682763671875 0.11385137890625 0.223893443359375 0.11423940234375 0.2240743828125 0.29515409375 0.26534188671875 0.337452935546875 0.17463172265625 0.149016064453125 0.135222546875 0.1116194609375 0.211573185546875
0 0.235749794921875 0.349848322265625 0.28319166796875 0.26426091796875 0.2828710234375 0.264036400390625 0.092124599609375 0.21078304296875 0.084142671875 0.222182416015625 0.046540115234375 0.293059376953125 0.235749794921875 0.349848322265625
0 0.661904275390625 0.90711548046875 0.768190990234375 0.92495902734375 0.796835978515625 0.86145037109375 0.687630365234375 0.84032923046875 0.671875439453125 0.872631615234375 0.657288783203125 0.90388367578125 0.661904275390625 0.90711548046875
0 0.81675600390625 0.728119798828125 0.846574587890625 0.763656201171875 0.850550140625 0.7664399140625 0.90775765234375 0.69082626953125 0.86019824609375 0.635861580078125 0.85823298046875 0.637510634765625 0.806169578125 0.71503310546875 0.81675600390625 0.728119798828125
0 0.71073426953125 1 0.72653568359375 0.903854701171875 0.6611134765625 0.871940080078125 0.659623599609375 0.874067845703125 0.653346869140625 0.987732501953125 0.677100189453125 1 0.71073426953125 1
0 0.76110576171875 0.74915258984375 0.759940201171875 0.7505919375 0.720429169921875 0.846908138671875 0.737653689453125 0.86085627734375 0.7789032265625 0.891041796875 0.779556865234375 0.89023462109375 0.8179633125 0.797578681640625 0.76110576171875 0.74915258984375
0 0.768642115234375 0.73533803125 0.74810633203125 0.75587381640625 0.74318531640625 0.76290175390625 0.7436851328125 0.763401572265625 0.82972878515625 0.80800105078125 0.88147437109375 0.758363986328125 0.795294294921875 0.710375095703125 0.768642115234375 0.73533803125
0 0.670085703125 1 0.673653896484375 0.98367785546875 0.67877531640625 0.958176619140625 0.62709945703125 0.922153119140625 0.62590027734375 0.92380365234375 0.6025160703125 1 0.670085703125 1