0 0.3187384609375 0 0.32745094921875 0.093785021484375 0.395037560546875 0.10990482421875 0.396047703125 0.105152470703125 0.383541623046875 0 0.3187384609375 0
0 0.40496698046875 0.06913944921875 0.4024231484375 0.06869090234375 0.290555626953125 0.09957944140625 0.2871379921875 0.16708352734375 0.40158537109375 0.136061931640625 0.40496698046875 0.06913944921875
0 0.256721837890625 0.3080374921875 0.252001376953125 0.308119888671875 0.287801775390625 0.420436939453125 0.363964861328125 0.416676115234375 0.364208990234375 0.41529158984375 0.32931048046875 0.30870047265625 0.256721837890625 0.3080374921875
0 0.283216765625 0.215851634765625 0.28694642578125 0.32537658203125 0.358406359375 0.349691498046875 0.36125701171875 0.35019414453125 0.36218800390625 0.34671963671875 0.3567532578125 0.234245419921875 0.29751742578125 0.2183732265625 0.283216765625 0.215851634765625
0 0.29417963671875 0.14134071484375 0.279270765625 0.141161572265625 0.27926304296875 0.141205375 0.31543123828125 0.258917013671875 0.34353133984375 0.25940750390625 0.39159305859375 0.259988826171875 0.39265126953125 0.25398741015625 0.3601092421875 0.14249151953125 0.29417963671875 0.14134071484375
0 0.3400138828125 0.502630302734375 0.340344978515625 0.500926970703125 0.32876262109375 0.386104990234375 0.3072276953125 0.381919025390625 0.2543545859375 0.372596068359375 0.262534978515625 0.49005238671875 0.3400138828125 0.502630302734375
0 0.312080556640625 0.594441892578125 0.33163913671875 0.476557197265625 0.320390783203125 0.471549107421875 0.25595633203125 0.44457448828125 0.23597476953125 0.56321869921875 0.312080556640625 0.594441892578125
0 0.19673058984375 0.775876732421875 0.1850139375 0.775672216796875 0.205809275390625 0.914986337890625 0.28704987109375 0.91586925 0.288084068359375 0.91000403125 0.26624307421875 0.777751388671875 0.19673058984375 0.775876732421875
0 0.33794117578125 0.73522726171875 0.334521587890625 0.7339826328125 0.19976023828125 0.710289880859375 0.17003206640625 0.787679263671875 0.16928788671875 0.791899705078125 0.169728515625 0.79206008203125 0.30916205859375 0.81470469921875 0.33565474609375 0.74373984765625 0.337178244140625 0.739554072265625 0.33794117578125 0.73522726171875
0 0.222390689453125 0.556978818359375 0.1979619296875 0.63087501953125 0.341702841796875 0.648802271484375 0.367042978515625 0.579180822265625 0.367897455078125 0.5743348515625 0.36399628125 0.57291494140625 0.222390689453125 0.556978818359375
0 0.28648619140625 0.611234255859375 0.23979765234375 0.59720806640625 0.228997701171875 0.738240810546875 0.29907571484375 0.762632828125 0.299303279296875 0.761932455078125 0.31864948828125 0.62168474609375 0.28648619140625 0.611234255859375
0 0.42386213671875 0.0623112578125 0.405607720703125 0.14516809375 0.56409681640625 0.12610026171875 0.574843837890625 0.075539501953125 0.579349306640625 0.049987720703125 0.57617725 0.04931348046875 0.42386213671875 0.0623112578125
0 0.43779415234375 0 0.416970865234375 0.044079498046875 0.41634487109375 0.047629689453125 0.581982373046875 0.062727259765625 0.593082841796875 0.04253725390625 0.59626385546875 0.035043255859375 0.597049171875 0.030589509765625 0.52498480078125 0 0.43779415234375 0
0 0.526298365234375 0.389519759765625 0.523043224609375 0.388462099609375 0.375815490234375 0.385549576171875 0.369795720703125 0.4040765234375 0.352844537109375 0.4588561328125 0.50276132421875 0.47014796484375 0.50759744921875 0.455263890625 0.526298365234375 0.389519759765625
0 0.505188353515625 0.11195620703125 0.42235937109375 0.109267705078125 0.46724266796875 0.2565565546875 0.5435268359375 0.253147048828125 0.54442701171875 0.2480418984375 0.544466486328125 0.246911509765625 0.505188353515625 0.11195620703125
0 0.51066110546875 0.421541701171875 0.511612767578125 0.4161445703125 0.475936234375 0.27278978515625 0.39979435546875 0.26746542578125 0.399619125 0.26845921484375 0.42884535546875 0.40969734765625 0.51066110546875 0.421541701171875
0 0.48849994140625 0.19127958984375 0.4070324765625 0.19270161328125 0.4605488515625 0.33746432421875 0.5354888515625 0.3347250390625 0.53567253125 0.33368333984375 0.535631962890625 0.331359166015625 0.48849994140625 0.19127958984375
0 0.376651427734375 0.569645072265625 0.452086611328125 0.5984745078125 0.45372867578125 0.59478637109375 0.4785512421875 0.448434482421875 0.43236545703125 0.427871248046875 0.4063122578125 0.41701053515625 0.405465607421875 0.41891214453125 0.4007667890625 0.437742884765625 0.376651427734375 0.569645072265625
0 0.406592279296875 0.984751115234375 0.407945625 0.9770759140625 0.402624341796875 0.860936265625 0.324530728515625 0.856843552734375 0.314911869140625 0.85645448828125 0.32467383203125 0.976798572265625 0.354204205078125 0.98200557421875 0.406592279296875 0.984751115234375
0 0.3030406015625 0.885294544921875 0.43767824609375 0.889436541015625 0.45113303125 0.813130669921875 0.452254328125 0.8057287578125 0.44129011328125 0.80379547265625 0.32088800390625 0.802798623046875 0.3030406015625 0.885294544921875
0 0.33662387890625 0.717598583984375 0.3376663125 0.71780121484375 0.4683326640625 0.71295172265625 0.47333520703125 0.6872158671875 0.483118453125 0.631732326171875 0.35187198046875 0.63258383203125 0.33662387890625 0.717598583984375
0 0.369209890625 0.67843689453125 0.343545607421875 0.8094901640625 0.421263896484375 0.841516015625 0.422295841796875 0.841697974609375 0.42386353125 0.837614005859375 0.44666766015625 0.706965697265625 0.375013431640625 0.67946021484375 0.369209890625 0.67843689453125
0 0.376895109375 0.54464246484375 0.3447956875 0.61720849609375 0.47233451953125 0.642470232421875 0.504616779296875 0.572795806640625 0.505589896484375 0.567276986328125 0.50141631640625 0.565418787109375 0.376895109375 0.54464246484375
0 0.735665984375 0.19625658203125 0.741289513671875 0.197869103515625 0.815500380859375 0.21770874609375 0.8162695390625 0.215026373046875 0.809762810546875 0.04845484765625 0.795737875 0.04443326171875 0.739724931640625 0.03455666796875 0.735665984375 0.19625658203125
0 0.755723080078125 0.8223438828125 0.75348563671875 0.82152951953125 0.574088283203125 0.789877396484375 0.54026775390625 0.8733845625 0.724697642578125 0.9116723515625 0.736344986328125 0.88068976171875 0.75397706640625 0.832246017578125 0.755723080078125 0.8223438828125
0 0.676738009765625 0.159004654296875 0.664561228515625 0.23743012109375 0.852871296875 0.22343082421875 0.855585052734375 0.211008095703125 0.865957947265625 0.1521804921875 0.860975134765625 0.15121193359375 0.676738009765625 0.159004654296875
0 0.72326829296875 0.57441451171875 0.657098548828125 0.55146323828125 0.61990828515625 0.735748291015625 0.7052898203125 0.770779392578125 0.70729568359375 0.765814705078125 0.74008320703125 0.58120817578125 0.72326829296875 0.57441451171875
0 0.695151697265625 1 0.66009728125 0.846777361328125 0.60537927734375 0.8506036171875 0.56865173046875 0.85408691015625 0.59775996875 1 0.695151697265625 1
0 0.65101074609375 0.35527402734375 0.652576228515625 0.35555006640625 0.839489916015625 0.3195586875 0.84513874609375 0.23877664453125 0.83604517578125 0.237173203125 0.65802801953125 0.269214140625 0.65101074609375 0.35527402734375
0 0.72186915234375 0.67874267578125 0.76166662109375 0.49837227734375 0.72408908203125 0.4816416796875 0.67808599609375 0.462361849609375 0.67747327734375 0.46373803515625 0.64304256640625 0.64014463671875 0.720777822265625 0.67855024609375 0.72186915234375 0.67874267578125
0 0.61792106640625 0.8296268828125 0.705273978515625 0.859588591796875 0.72324275390625 0.671369244140625 0.65051148046875 0.65188095703125 0.629583369140625 0.648190767578125 0.62951750390625 0.64843657421875 0.61792106640625 0.8296268828125
0 0.743240759765625 0.294846240234375 0.6846232734375 0.282971517578125 0.68994051953125 0.47323053515625 0.782387396484375 0.49102440234375 0.78338978125 0.4866826015625 0.77570178515625 0.302340458984375 0.743240759765625 0.294846240234375
0 0.809565400390625 0.42130998828125 0.65679810546875 0.439427916015625 0.63683083984375 0.44215369140625 0.621472208984375 0.5356188671875 0.62244579296875 0.5357211953125 0.807309015625 0.50541266015625 0.815262126953125 0.4223144765625 0.809565400390625 0.42130998828125
0 0 0.889675 0.0464816171875 0.90698688671875 0.06486649609375 0.810227494140625 0 0.785327580078125 0 0.889675
0 0 0.81295792578125 0.06311324609375 0.827549119140625 0.069479646484375 0.828671685546875 0.07417741796875 0.72999045703125 0.007811251953125 0.714668619140625 0 0.71329128515625 0 0.81295792578125
0 1 0.096364880859375 0.86747033984375 0.112990728515625 0.86094934375 0.1494817265625 1 0.171505185546875 1 0.096364880859375
0 0 0.723052337890625 0.08705453515625 0.733436234375 0.11153870703125 0.669507634765625 0.11255021875 0.663771072265625 0.013129447265625 0.64794910546875 0 0.680796927734375 0 0.723052337890625
0 0.12372346484375 0.5824082890625 0.1175126484375 0.580974408203125 0.02123220703125 0.5802651796875 0.0037466328125 0.64766661328125 0.00231660546875 0.653860740234375 0.10595714453125 0.65206630078125 0.121750005859375 0.593600330078125 0.12372346484375 0.5824082890625
0 0.04005325 0.5001867265625 0.012236857421875 0.57265090234375 0.109116408203125 0.58541500390625 0.14184942578125 0.515603171875 0.14213044921875 0.51400940625 0.13772969140625 0.51232011328125 0.04005325 0.5001867265625
0 1 0.22017609765625 0.852075521484375 0.252090259765625 0.8440013515625 0.3385321484375 0.84531976171875 0.33876462109375 1 0.31069590234375 1 0.22017609765625
0 0.9910192578125 0.459705470703125 0.94733877734375 0.28058985546875 0.921465529296875 0.279686341796875 0.85706799609375 0.28089221875 0.857004296875 0.28271633984375 0.897969302734375 0.459313875 0.99077799609375 0.46107373046875 0.9910192578125 0.459705470703125
0 1 0.16360991015625 0.98367314453125 0.087457873046875 0.89180104296875 0.08103355078125 0.93750600390625 0.27896855859375 1 0.28072680859375 1 0.16360991015625
0 0.86329421484375 0.54047520703125 0.94456830859375 0.57162934375 0.946577201171875 0.565795095703125 0.96647047265625 0.38618717578125 0.87453894140625 0.352169775390625 0.86329421484375 0.54047520703125
0 0.881949234375 0.957721642578125 0.8835225390625 0.951849984375 0.89535210546875 0.76474710546875 0.82735576171875 0.7465275390625 0.80874793359375 0.7432464765625 0.78727917578125 0.933877787109375 0.881949234375 0.957721642578125
0 0.85162721484375 0.65339848828125 0.837654603515625 0.649974048828125 0.818974857421875 0.646680306640625 0.810612732421875 0.838022818359375 0.88609448046875 0.85684253125 0.905386203125 0.861497080078125 0.90591773046875 0.859365234375 0.91137782421875 0.66829598828125 0.85162721484375 0.65339848828125
0 0.84593197265625 0.55552441015625 0.824453921875 0.55212262109375 0.835082390625 0.745225193359375 0.93163163671875 0.76051708984375 0.93324470703125 0.751368912109375 0.91986936328125 0.568688873046875 0.84593197265625 0.55552441015625
0 0.990051404296875 0.48803983203125 0.80067440234375 0.5366675078125 0.80402937109375 0.630278134765625 0.992597677734375 0.585724986328125 0.995705068359375 0.568102095703125 0.99432071875 0.488792626953125 0.990051404296875 0.48803983203125
0 0.87409518359375 1 0.8838285703125 0.86070680078125 0.85974055078125 0.855586732421875 0.78782975390625 0.842188826171875 0.772843357421875 1 0.87409518359375 1
0 0.19270324609375 0.21509083203125 0.08750348046875 0.20967648046875 0.06619884765625 0.27927195703125 0.17848904296875 0.28227125 0.190440337890625 0.245488951171875 0.198743267578125 0.217053353515625 0.19270324609375 0.21509083203125
0 0.034415494140625 0.499522400390625 0.130407521484375 0.506420533203125 0.1457911484375 0.456102958984375 0.146312099609375 0.454301771484375 0.149554099609375 0.435915474609375 0.0555906640625 0.434464052734375 0.034415494140625 0.499522400390625
0 0.102325314453125 0.136057224609375 0.075701095703125 0.205400134765625 0.192262759765625 0.201657099609375 0.21205717578125 0.1534275546875 0.21343019921875 0.145640751953125 0.209387921875 0.144169482421875 0.102325314453125 0.136057224609375
0 0.166217408203125 0.2745516953125 0.1638855625 0.27442948828125 0.07214466015625 0.2964303125 0.06636494140625 0.37118050390625 0.066997626953125 0.371292064453125 0.170467365234375 0.3460775078125 0.1707091640625 0.275343712890625 0.166217408203125 0.2745516953125
0 0.05846273828125 0.44579361328125 0.1537913828125 0.42044822265625 0.15562264453125 0.3839772265625 0.15626168359375 0.347366623046875 0.1529664609375 0.346785587890625 0.06120459765625 0.37414219140625 0.05846273828125 0.44579361328125
0 0.17368096484375 0 0.1206121875 0.0273111015625 0.122091015625 0.09859098828125 0.12235221875 0.098637044921875 0.225694103515625 0.046258298828125 0.222459408203125 0 0.17368096484375 0
0 0.18252708203125 0.0561055234375 0.13872225390625 0.045992380859375 0.120270443359375 0.042738830078125 0.1200984375 0.04348387109375 0.131934994140625 0.15726512890625 0.204552 0.170838142578125 0.204558912109375 0.17080819921875 0.187462697265625 0.08005587109375 0.18252708203125 0.0561055234375