0 0.51273012109375 1 0.507801740234375 0.912330212890625 0.505038751953125 0.90640496484375 0.442120693359375 0.93365128515625 0.44756685546875 1 0.51273012109375 1
0 0.40494626171875 0.94591763671875 0.52207136328125 0.934507177734375 0.522995736328125 0.93407613671875 0.49552730078125 0.87206879296875 0.37756432421875 0.88412191015625 0.40494626171875 0.94591763671875
0 0.3960226953125 0.643373451171875 0.27844328125 0.64813832421875 0.278261078125 0.64822328515625 0.27977180078125 0.65261073828125 0.30522157421875 0.72059499609375 0.415467353515625 0.71699310546875 0.41835744921875 0.715645431640625 0.3960226953125 0.643373451171875
0 0.35811785546875 0.806330525390625 0.459307533203125 0.769401150390625 0.461182365234375 0.767988361328125 0.45968851953125 0.764784796875 0.416490365234375 0.707458912109375 0.30609857421875 0.745974052734375 0.306172810546875 0.746133255859375 0.35811785546875 0.806330525390625
0 0.345649185546875 0.79574971875 0.345602013671875 0.79576688671875 0.37280514453125 0.87179064453125 0.49120610546875 0.866146541015625 0.49365179296875 0.86500609765625 0.46696444140625 0.791683203125 0.345649185546875 0.79574971875
0 0.26759063671875 0.64412044921875 0.38086587109375 0.655546779296875 0.383913650390625 0.654125578125 0.37153803125 0.5778928046875 0.253114080078125 0.56964501953125 0.26759063671875 0.64412044921875
0 0.257165458984375 0.59401643359375 0.365348490234375 0.54260039453125 0.314357232421875 0.47804909375 0.20581676171875 0.52995937890625 0.257165458984375 0.59401643359375
0 0.09520137109375 0.27937688671875 0.22912359765625 0.27116197265625 0.23389700390625 0.26893609765625 0.216081162109375 0.19176720703125 0.07700839453125 0.198137125 0.09520137109375 0.27937688671875
0 0.28009374609375 0.330147544921875 0.277017857421875 0.323238986328125 0.24563944921875 0.2542950390625 0.10812516796875 0.28661088671875 0.106999826171875 0.287111921875 0.108285291015625 0.289999119140625 0.143787734375 0.3660869921875 0.2707757421875 0.334492603515625 0.28009374609375 0.330147544921875
0 0.1741848515625 0.455689783203125 0.19408280859375 0.48457571484375 0.21836187890625 0.5192498203125 0.346550205078125 0.46717402734375 0.35222459765625 0.46320076953125 0.31633516796875 0.40854969921875 0.31005704296875 0.399583607421875 0.17308069921875 0.453321923828125 0.1741848515625 0.455689783203125
0 0.313739154296875 0.3882631015625 0.31734403515625 0.38544666015625 0.268709259765625 0.32024879296875 0.142201474609375 0.387101212890625 0.142209822265625 0.38711911328125 0.1891698046875 0.44471529296875 0.313739154296875 0.3882631015625
0 0.612373611328125 0.973622533203125 0.653778548828125 0.942421673828125 0.604956408203125 0.79340001953125 0.603346265625 0.791263287109375 0.536694798828125 0.842267373046875 0.590400314453125 0.988846263671875 0.592924556640625 0.98766919140625 0.612373611328125 0.973622533203125
0 0.636200875 0.98714241796875 0.64875538671875 0.86337323828125 0.64566987890625 0.85675634375 0.56599452734375 0.87704488671875 0.589830697265625 0.996998703125 0.636200875 0.98714241796875
0 0.408799841796875 0.53166905859375 0.438219185546875 0.678799302734375 0.5081073515625 0.646209916015625 0.48841750390625 0.50843596484375 0.484379537109375 0.49977651953125 0.408799841796875 0.53166905859375
0 0.479083525390625 0.78123957421875 0.478107267578125 0.781737 0.50816065234375 0.85450456640625 0.658817322265625 0.83319046484375 0.64815123046875 0.81031695703125 0.62209099609375 0.759170869140625 0.479083525390625 0.78123957421875
0 0.448993333984375 0.61043872265625 0.472289412109375 0.75256155078125 0.541864603515625 0.72011810546875 0.524369740234375 0.57814140625 0.5207111484375 0.570295529296875 0.448993333984375 0.61043872265625
0 0.567637267578125 0.80178915234375 0.5793993203125 0.6554836328125 0.577518337890625 0.6514498515625 0.50515116015625 0.666708712890625 0.488245716796875 0.82011813671875 0.567637267578125 0.80178915234375
0 0.486023923828125 0.45699300390625 0.48318425390625 0.4524485859375 0.336736140625 0.498978546875 0.37513278125 0.5684891953125 0.37640214453125 0.57052059765625 0.50354002734375 0.52832398828125 0.511430841796875 0.52513415234375 0.52233551953125 0.518320154296875 0.486023923828125 0.45699300390625
0 0.16560477734375 0.110332568359375 0.207944283203125 0.181795216796875 0.3361648359375 0.131642951171875 0.339451064453125 0.12982136328125 0.329825791015625 0.1091798984375 0.29859894140625 0.052845171875 0.16560477734375 0.110332568359375
0 0.34785784765625 0.240658099609375 0.36146646484375 0.230025880859375 0.2938726328125 0.11181912109375 0.229411904296875 0.166306931640625 0.29217788671875 0.28203095703125 0.34785784765625 0.240658099609375
0 0.37885386328125 0.27613123828125 0.37379827734375 0.269172822265625 0.308710166015625 0.317751443359375 0.36003764453125 0.43941147265625 0.361426353515625 0.43876391015625 0.430952427734375 0.389776140625 0.37885386328125 0.27613123828125
0 0.394918251953125 0.3138899140625 0.3390768828125 0.19359548046875 0.336505603515625 0.19005641796875 0.335555916015625 0.190499263671875 0.26877471484375 0.241548833984375 0.32748358984375 0.36149416796875 0.3328245234375 0.3590036484375 0.394918251953125 0.3138899140625
0 0.48025019921875 0.45351569140625 0.48653614453125 0.45031283984375 0.451406525390625 0.3809548984375 0.322061861328125 0.4095648515625 0.36121782421875 0.4836435078125 0.48025019921875 0.45351569140625
0 0.88820447265625 0.692893310546875 0.818071177734375 0.724071021484375 0.81276913671875 0.72654340234375 0.843186404296875 0.89165851171875 0.90907499609375 0.86093415625 0.88946891796875 0.69560492578125 0.88820447265625 0.692893310546875
0 0.53899119140625 0.227601212890625 0.6136181953125 0.2039240625 0.58568026953125 0.02194492578125 0.583903181640625 0.018133947265625 0.499872443359375 0.047146849609375 0.52233651171875 0.229942466796875 0.52345909375 0.2323498515625 0.53899119140625 0.227601212890625
0 0.83070141796875 0.83651420703125 0.89904994921875 0.797330076171875 0.89954690625 0.797019541015625 0.83959791796875 0.61865811328125 0.837566216796875 0.615406712890625 0.77628658984375 0.65569471484375 0.83070141796875 0.83651420703125
0 0.578155890625 0.378888896484375 0.739294591796875 0.2988655625 0.74570126171875 0.294037791015625 0.709523 0.24066159765625 0.69613802734375 0.222899138671875 0.52153366796875 0.30458259765625 0.578155890625 0.378888896484375
0 0.488978205078125 0 0.40851661328125 0.03269430078125 0.453951873046875 0.117866921875 0.614638203125 0.04726982421875 0.624136619140625 0.041562603515625 0.62184767578125 0.03665394921875 0.61458497265625 0.02386001953125 0.60024842578125 0 0.488978205078125 0
0 0.679168919921875 0.619579560546875 0.72219051171875 0.69512218359375 0.898536990234375 0.6485403125 0.904030888671875 0.645494994140625 0.895362388671875 0.626905333984375 0.86537431640625 0.572805419921875 0.679168919921875 0.619579560546875
0 0.565594173828125 0.381863861328125 0.567886685546875 0.385137908203125 0.6176829296875 0.450523822265625 0.782471271484375 0.383797619140625 0.785269861328125 0.381838025390625 0.75279212890625 0.33321051953125 0.734402234375 0.30694702734375 0.564927736328125 0.38043468359375 0.565594173828125 0.381863861328125
0 0.493785435546875 0.168436466796875 0.492469921875 0.16904990234375 0.51198261328125 0.26324855859375 0.699601064453125 0.25521003125 0.701244447265625 0.254443708984375 0.676091755859375 0.16632994140625 0.493785435546875 0.168436466796875
0 0.7184847421875 0.65766691015625 0.776303765625 0.63899759765625 0.80910658203125 0.627058349609375 0.791982478515625 0.44587548828125 0.78906938671875 0.43962834765625 0.703207361328125 0.468277408203125 0.7184847421875 0.65766691015625
0 0.667903111328125 0.539296166015625 0.686133630859375 0.530707240234375 0.828309603515625 0.460635708984375 0.82924592578125 0.45987748828125 0.776424833984375 0.39339366015625 0.604878279296875 0.46865851171875 0.604117494140625 0.46927458203125 0.667903111328125 0.539296166015625
0 0 0.403783029296875 0.0241021484375 0.39548399609375 0.009072392578125 0.297556041015625 0.00904552734375 0.297498431640625 0 0.30061615234375 0 0.403783029296875
0 0 0.471302146484375 0.074859486328125 0.46205444140625 0.077836490234375 0.4606662421875 0.05400087890625 0.39127135546875 0 0.395807953125 0 0.471302146484375
0 0 0.515800458984375 0.013528009765625 0.544107423828125 0.104826498046875 0.52566185546875 0.114200775390625 0.52129055859375 0.113330212890625 0.5193352421875 0.08299601171875 0.4574592109375 0 0.4721057109375 0 0.515800458984375
0 0.1232016796875 0.605491189453125 0.1129456640625 0.509221421875 0.110281123046875 0.503507294921875 0.03923103515625 0.5353203515625 0.050260419921875 0.63203963671875 0.1232016796875 0.605491189453125
0 1 0.553519130859375 0.870653640625 0.57799412890625 0.9093833359375 0.656232978515625 1 0.642163873046875 1 0.553519130859375
0 1 0.445295826171875 0.830433900390625 0.518304732421875 0.87920622265625 0.580536966796875 0.88826577734375 0.591724583984375 1 0.54211701953125 1 0.445295826171875
0 1 0.64694280859375 0.910206779296875 0.65007498046875 0.908624689453125 0.65081272265625 0.91386869140625 0.66604241015625 0.9396489453125 0.73717444921875 1 0.734118166015625 1 0.64694280859375
0 1 0.4283511015625 0.987968544921875 0.38893136328125 0.79933742578125 0.38701317578125 0.826859140625 0.481093697265625 1 0.47407823828125 1 0.4283511015625
0 0.658370771484375 0.131675966796875 0.84752833203125 0.110373181640625 0.85028971484375 0.10908552734375 0.827386693359375 0.023610291015625 0.63422890625 0.0358226796875 0.658370771484375 0.131675966796875
0 0.866854875 0.108030349609375 0.67569105078125 0.123534833984375 0.674357595703125 0.12394251171875 0.686519765625 0.164831939453125 0.70263508203125 0.2175427578125 0.889157615234375 0.199574892578125 0.894133470703125 0.19725461328125 0.866854875 0.108030349609375
0 0.74957319921875 0.308293193359375 0.93131730859375 0.28335718359375 0.938676033203125 0.27992575390625 0.90369593359375 0.18879948046875 0.71310887890625 0.21847283984375 0.74957319921875 0.308293193359375
0 0.9258231328125 0.42348622265625 0.906867927734375 0.23379657421875 0.904483421875 0.22868298828125 0.81669871875 0.255433400390625 0.83265176953125 0.45375943359375 0.9258231328125 0.42348622265625
0 0.65709703125 0 0.684525052734375 0.095670787109375 0.71743650390625 0.081017666015625 0.777642619140625 0.05103494140625 0.761625 0 0.65709703125 0
0 0.25741945703125 0.805992455078125 0.145092990234375 0.80507105078125 0.16395580078125 0.87536765234375 0.268076748046875 0.873647900390625 0.275012744140625 0.870413591796875 0.26807978515625 0.84316944140625 0.25741945703125 0.805992455078125
0 0.1550331796875 0.60053171875 0.05879379296875 0.600716982421875 0.075379138671875 0.66709395703125 0.167846201171875 0.672126138671875 0.17092949609375 0.670688376953125 0.16686935546875 0.651799830078125 0.1550331796875 0.60053171875
0 0.196968650390625 0.94314003515625 0.301994736328125 0.938860998046875 0.3093882890625 0.935413328125 0.289140708984375 0.880718892578125 0.172780681640625 0.8729101953125 0.196968650390625 0.94314003515625
0 0.114668626953125 0.74254606640625 0.142354517578125 0.8104022890625 0.23755678125 0.796506111328125 0.2466545078125 0.792263771484375 0.24016466796875 0.778346267578125 0.21491957421875 0.72753787890625 0.114668626953125 0.74254606640625
0 0.08097262109375 0.680249310546875 0.08070470703125 0.68039781640625 0.08252262109375 0.684296345703125 0.0836780546875 0.68638080078125 0.118667197265625 0.744902513671875 0.21379573828125 0.72274615234375 0.214147091796875 0.72255139453125 0.2123291796875 0.718652869140625 0.209244091796875 0.713087224609375 0.178677111328125 0.6605498515625 0.08097262109375 0.680249310546875
0 0.303503203125 1 0.304126556640625 0.99021294140625 0.30838845703125 0.89877232421875 0.30805486328125 0.89805692578125 0.23839379296875 0.92148304296875 0.24121927734375 1 0.303503203125 1