0 0.142578501953125 0.9163819296875 0.1460374296875 0.9175058046875 0.2067461640625 0.936089359375 0.27391876953125 0.8462406484375 0.27396870703125 0.84608695703125 0.274789486328125 0.841432087890625 0.20882851171875 0.82178676953125 0.142825662109375 0.91498020703125 0.142578501953125 0.9163819296875
0 0.21127987109375 0.749507482421875 0.16986663671875 0.86065205859375 0.17085044921875 0.86082553125 0.23794665234375 0.86329438671875 0.27882494921875 0.75198622265625 0.21127987109375 0.749507482421875
0 0.32898344140625 0.546116685546875 0.224532587890625 0.50150270703125 0.2140544453125 0.577728962890625 0.322794611328125 0.62316997265625 0.32287026953125 0.6227408828125 0.3233173828125 0.618486888671875 0.32898344140625 0.546116685546875
0 0.21410543359375 0.693926103515625 0.2233051953125 0.69505569140625 0.275932322265625 0.698005966796875 0.319698099609375 0.59947669921875 0.320219748046875 0.595228216796875 0.306908482421875 0.59288108203125 0.246200701171875 0.585509853515625 0.19753087109375 0.691003560546875 0.21410543359375 0.693926103515625
0 0.192227544921875 0.6620983046875 0.1835553984375 0.7405614453125 0.29397570703125 0.78990893359375 0.2949623515625 0.790012634765625 0.29604466796875 0.783874509765625 0.3038005859375 0.71008187890625 0.192227544921875 0.6620983046875
0 0.340803501953125 0.43344073828125 0.340742943359375 0.431706580078125 0.262250314453125 0.432009271484375 0.235733580078125 0.54701233984375 0.238892115234375 0.547569275390625 0.311401630859375 0.5450371875 0.340803501953125 0.43344073828125
0 0.235231146484375 0.4495295546875 0.302613423828125 0.46794307421875 0.31456053515625 0.47092182421875 0.371120591796875 0.36709587109375 0.371335603515625 0.36587648046875 0.292530130859375 0.34373476171875 0.235231146484375 0.4495295546875
0 0.37681203515625 0.16020301171875 0.441219732421875 0.04152851953125 0.44224743359375 0.035700140625 0.366959955078125 0.01057476953125 0.298276001953125 0.132581013671875 0.37681203515625 0.16020301171875
0 0.28204899609375 0.212876416015625 0.33372947265625 0.23271469140625 0.363630150390625 0.24358957421875 0.431969326171875 0.129982494140625 0.4334977421875 0.12131441796875 0.356601337890625 0.09252069140625 0.28204899609375 0.212876416015625
0 0.26934896484375 0.39542040625 0.2980415 0.39828786328125 0.347246044921875 0.401728580078125 0.391291197265625 0.26270405078125 0.391330802734375 0.262137662109375 0.311697259765625 0.25595546484375 0.26934896484375 0.39542040625
0 0.27523079296875 0.307463837890625 0.306404919921875 0.315236419921875 0.34743641796875 0.32456498828125 0.411220115234375 0.2026667265625 0.41187909765625 0.198929453125 0.333485130859375 0.177514669921875 0.27523079296875 0.307463837890625
0 0.278802853515625 0.87305729296875 0.411721361328125 0.952482298828125 0.416352029296875 0.95329880859375 0.4335769296875 0.8722620234375 0.296648802734375 0.79674375390625 0.278802853515625 0.87305729296875
0 0.4183063125 0.99330850390625 0.42062030078125 0.983285517578125 0.423507220703125 0.960426765625 0.280965708984375 0.875482009765625 0.279667662109375 0.87525312890625 0.263735900390625 0.95945834765625 0.298315171875 0.96792693359375 0.37575932421875 0.98580632421875 0.4183063125 0.99330850390625
0 0.49283120703125 0.53972423046875 0.35344386328125 0.48378496484375 0.353017443359375 0.483747658203125 0.34392671484375 0.55650873828125 0.342920947265625 0.568004720703125 0.48496569921875 0.61606370703125 0.485492251953125 0.61610977734375 0.49019413671875 0.569866083984375 0.49283120703125 0.53972423046875
0 0.288665060546875 0.83166900390625 0.36428981640625 0.8655624296875 0.45875328125 0.761483806640625 0.4612145 0.75595581640625 0.4612429609375 0.75579441015625 0.39357308203125 0.718962205078125 0.288665060546875 0.83166900390625
0 0.33610629296875 0.5639625390625 0.33166987109375 0.640776107421875 0.468605865234375 0.696032978515625 0.473309126953125 0.69636186328125 0.4750264921875 0.68662219140625 0.4747238046875 0.613570609375 0.33610629296875 0.5639625390625
0 0.346208892578125 0.628369677734375 0.34581771484375 0.628300703125 0.31844485546875 0.69926345703125 0.43520191796875 0.7947889375 0.43867805859375 0.795401875 0.46592221484375 0.7205491640625 0.346208892578125 0.628369677734375
0 0.51192708203125 0.480007453125 0.515915154296875 0.46273320703125 0.396927732421875 0.403046943359375 0.37712343359375 0.394644943359375 0.35755262890625 0.47103218359375 0.484998990234375 0.53702001953125 0.49498058203125 0.53878004296875 0.51192708203125 0.480007453125
0 0.49344241796875 0 0.4433624375 0.0956991875 0.521239314453125 0.124590982421875 0.58162462109375 0.01845548828125 0.5359456875 0 0.49344241796875 0
0 0.57562331640625 0.122067654296875 0.4568236953125 0.06533787109375 0.430952265625 0.1479649609375 0.548004009765625 0.2006632109375 0.55488911328125 0.201877240234375 0.56282604296875 0.174197884765625 0.57562331640625 0.122067654296875
0 0.410755001953125 0.359624080078125 0.48906012109375 0.37380387890625 0.53857216796875 0.26325019921875 0.540471126953125 0.252480673828125 0.458366625 0.2352808203125 0.407459935546875 0.35896294921875 0.40745641796875 0.358982900390625 0.410755001953125 0.359624080078125
0 0.51110256640625 0.290737888671875 0.552303380859375 0.16467638671875 0.552845017578125 0.16026510546875 0.550852455078125 0.15991376171875 0.46818351953125 0.15180128515625 0.429280822265625 0.279685166015625 0.448074845703125 0.28299905859375 0.51110256640625 0.290737888671875
0 0.403046826171875 0.32682344140625 0.395940904296875 0.40585323046875 0.514922166015625 0.448050927734375 0.5201850625 0.44851137109375 0.5214144375 0.44153924609375 0.52684193359375 0.366561080078125 0.403046826171875 0.32682344140625
0 0.70928273046875 1 0.71945549609375 0.973499041015625 0.566583884765625 0.864206677734375 0.543747576171875 0.93296229296875 0.625835671875 1 0.70928273046875 1
0 0.85435857421875 0.227047337890625 0.69077371484375 0.13639334765625 0.660665068359375 0.22691825390625 0.81957557421875 0.30883955859375 0.827515474609375 0.310239578125 0.84045528125 0.27265965625 0.85435857421875 0.227047337890625
0 0.66885955078125 0.789226197265625 0.55195195703125 0.937514015625 0.62325282421875 0.9710267578125 0.623792244140625 0.971255728515625 0.735512046875 0.81984448046875 0.73555633984375 0.8197401328125 0.736215896484375 0.815999591796875 0.66885955078125 0.789226197265625
0 0.818121896484375 0.4324702890625 0.822610359375 0.40701495703125 0.64566307421875 0.332164462890625 0.62833039453125 0.42396359375 0.79562216015625 0.49016692578125 0.80014645703125 0.491046359375 0.80351110546875 0.49163963671875 0.818121896484375 0.4324702890625
0 0.69669326953125 0.20087382421875 0.77988737890625 0.227780626953125 0.788719806640625 0.230147267578125 0.855607689453125 0.066910462890625 0.85669948828125 0.060718560546875 0.79627611328125 0.04452816796875 0.768129640625 0.03956518359375 0.69669326953125 0.20087382421875
0 0.668231869140625 0.68190612890625 0.577910361328125 0.852499150390625 0.591141439453125 0.85555378515625 0.662760380859375 0.87121958984375 0.74767523828125 0.70601657421875 0.747677830078125 0.706005345703125 0.74848326953125 0.70143746484375 0.668231869140625 0.68190612890625
0 0.62190269140625 0.51143784375 0.784506681640625 0.580311681640625 0.78902512890625 0.58110840625 0.80039235546875 0.52402144140625 0.805959828125 0.49244673046875 0.6338996953125 0.424471087890625 0.632926251953125 0.429991759765625 0.62190269140625 0.51143784375
0 0.830467177734375 0.35794594921875 0.843723283203125 0.32513594140625 0.68227464453125 0.22601915234375 0.653632833984375 0.31381369140625 0.80193308203125 0.411369546875 0.80483883984375 0.412543548828125 0.807859927734375 0.413076248046875 0.830467177734375 0.35794594921875
0 0.69288863671875 0.591272181640625 0.582854564453125 0.74617306640625 0.63914691015625 0.769036896484375 0.671949724609375 0.78097614453125 0.77690287890625 0.6288427265625 0.777381677734375 0.62752723828125 0.77785818359375 0.62482483984375 0.69288863671875 0.591272181640625
0 0.71112863671875 0.503819470703125 0.6051604296875 0.659099744140625 0.61086576171875 0.66106424609375 0.696413541015625 0.685059564453125 0.707322462890625 0.668115037109375 0.7886170546875 0.536814015625 0.789530455078125 0.53163387109375 0.71112863671875 0.503819470703125
0 0.129624419921875 0 0.121706578125 0.060444705078125 0.124443376953125 0.060927275390625 0.19721230859375 0.05965708984375 0.206919205078125 0 0.129624419921875 0
0 0.09780569140625 0.0984238359375 0.1811663984375 0.1470860703125 0.183300982421875 0.147462455078125 0.20933430859375 0.075936474609375 0.12541263671875 0.02486901953125 0.09780569140625 0.0984238359375
0 0.83156811328125 1 0.852118275390625 0.92903665234375 0.852118275390625 0.925808419921875 0.76575877734375 0.920239513671875 0.76268837890625 0.920239513671875 0.76268837890625 1 0.83156811328125 1
0 0.081771228515625 0.20209996484375 0.10614074609375 0.20817596875 0.15842660546875 0.219493134765625 0.1979168359375 0.1346425390625 0.199314306640625 0.1267170859375 0.1288929453125 0.110402662109375 0.081771228515625 0.20209996484375
0 0.108685724609375 0.292156466796875 0.158908779296875 0.289046578125 0.17687514453125 0.1928393984375 0.176670919921875 0.186991126953125 0.104593123046875 0.192177974609375 0.083455712890625 0.29169065625 0.089831455078125 0.29281487109375 0.108685724609375 0.292156466796875
0 0.174486939453125 0.276304771484375 0.17505698828125 0.2722486640625 0.096277025390625 0.26690658203125 0.06119634765625 0.355989705078125 0.10522294140625 0.36375278125 0.13747548828125 0.36828558203125 0.174486939453125 0.276304771484375
0 0.8189239765625 0.77170543359375 0.767178443359375 0.950108205078125 0.773600908203125 0.95124066015625 0.860354162109375 0.949726375 0.906200330078125 0.769669578125 0.8189239765625 0.77170543359375
0 0.931643072265625 0.690810888671875 0.931839830078125 0.68856193359375 0.842895279296875 0.67594637890625 0.77699615625 0.850296671875 0.785958009765625 0.85187688671875 0.87013998828125 0.85924185546875 0.931643072265625 0.690810888671875
0 0.84517830859375 1 0.9190412578125 0.89490723046875 0.92003039453125 0.889297552734375 0.84060184375 0.858188353515625 0.73756126953125 1 0.84517830859375 1
0 0.9671510390625 0.68037670703125 0.8096851640625 0.579364126953125 0.782315794921875 0.66346311328125 0.933424001953125 0.7715766484375 0.935359779296875 0.771917978515625 0.94697155859375 0.74001487890625 0.9671510390625 0.68037670703125
0 1 0.19909626953125 0.928210255859375 0.191966287109375 0.870439572265625 0.37651260546875 0.89044878125 0.38004076953125 0.968505166015625 0.38824482421875 1 0.267113005859375 1 0.19909626953125
0 1 0.30264596484375 0.99092395703125 0.300974404296875 0.91431328125 0.287465875 0.8438983671875 0.466246240234375 0.84378775 0.46687358203125 0.87668839453125 0.4728106875 0.93733265234375 0.483503904296875 1 0.331183400390625 1 0.30264596484375
0 0.9794634140625 0.396167322265625 0.9794634140625 0.389191234375 0.884049423828125 0.39101602734375 0.84071734765625 0.575943701171875 0.84974254296875 0.577535087890625 0.940414591796875 0.5775350859375 0.9794634140625 0.396167322265625
0 0.79708230859375 0.604920935546875 0.981466802734375 0.648851310546875 0.99153466015625 0.591753654296875 0.99153466015625 0.55326548046875 0.798803033203125 0.511266015625 0.79708230859375 0.604920935546875
0 1 0.14226996484375 0.86653916015625 0.1292422734375 0.86577858203125 0.22693444921875 1 0.243421525390625 1 0.14226996484375
0 0.05303240625 0.66565194921875 0.09062055078125 0.66565194921875 0.11783570703125 0.56446332421875 0.11783570703125 0.55821763671875 0.04986369921875 0.556173337890625 0.017956017578125 0.66409948046875 0.023939419921875 0.665154515625 0.05303240625 0.66565194921875
0 0.103261244140625 0.43793087109375 0.119931138671875 0.440265064453125 0.159566234375 0.3557109921875 0.159967560546875 0.353177107421875 0.08835872265625 0.34071964453125 0.052852943359375 0.4290889296875 0.1006750234375 0.43752125390625 0.103261244140625 0.43793087109375
0 0.11476493359375 0.67603366015625 0.0160026015625 0.619776185546875 0.003520427734375 0.68012604296875 0.094468587890625 0.7458146875 0.097318810546875 0.7463172578125 0.113799572265625 0.68021653125 0.11476493359375 0.67603366015625
0 0.14059076171875 0.500979669921875 0.14095959765625 0.498650921875 0.069896544921875 0.48379971484375 0.02456905078125 0.5780023125 0.08283544140625 0.588276248046875 0.098016390625 0.59029606640625 0.14059076171875 0.500979669921875
0 0.124257873046875 0.5257695625 0.12741934765625 0.517083482421875 0.1470160625 0.459546671875 0.068048779296875 0.398732166015625 0.067478966796875 0.398524771484375 0.06519620703125 0.40479660546875 0.04398425390625 0.46959694140625 0.120763552734375 0.52515341796875 0.124257873046875 0.5257695625
0 0 0.83371301953125 0.055670787109375 0.896047392578125 0.057539427734375 0.8963768828125 0.086862251953125 0.83349388671875 0.008961501953125 0.747345537109375 0 0.76931759765625 0 0.83371301953125
0 0 0.79691671484375 0.04214448828125 0.808209296875 0.05774638671875 0.78937952734375 0.113875849609375 0.71923959375 0.11429162890625 0.716881599609375 0.044965884765625 0.69513912109375 0 0.761956966796875 0 0.79691671484375
0 0 0.916869421875 0.014284517578125 0.922068560546875 0.0515394609375 0.92863761328125 0.07929188671875 0.852388453125 0.080791103515625 0.84388596484375 0.042222494140625 0.832361900390625 0 0.87924207421875 0 0.916869421875