0 0.21875 0.52734375 0.166015625 0.150390625
0 0.3154296875 0.396484375 0.1357421875 0.1357421875
0 0.2724609375 0.458984375 0.1533203125 0.1533203125
0 0.369140625 0.330078125 0.1640625 0.154296875
0 0.5126953125 0.1357421875 0.158203125 0.158203125
0 0.083984375 0.7265625 0.15625 0.15625
0 0.17578125 0.6015625 0.169921875 0.154296875
0 0.4150390625 0.275390625 0.1591796875 0.1591796875
0 0.1328125 0.666015625 0.1689453125 0.154296875
0 0.4677734375 0.2119140625 0.158203125 0.158203125
0 0.5751953125 0.0751953125 0.1533203125 0.150390625
0 0.40234375 0.5107421875 0.173828125 0.173828125
0 0.4580078125 0.4384765625 0.1640625 0.166015625
0 0.55859375 0.3037109375 0.150390625 0.140625
0 0.357421875 0.5830078125 0.1845703125 0.173828125
0 0.259765625 0.7177734375 0.173828125 0.1591796875
0 0.611328125 0.236328125 0.15625 0.15625
0 0.5126953125 0.373046875 0.1513671875 0.142578125
0 0.208984375 0.791015625 0.1796875 0.162109375
0 0.3154296875 0.650390625 0.162109375 0.162109375
0 0.716796875 0.103515625 0.1591796875 0.150390625
0 0.6669921875 0.173828125 0.158203125 0.150390625
0 0.3525390625 0.017578125 0.146484375 0.03515625
0 0.173828125 0.216796875 0.1591796875 0.1591796875
0 0.220703125 0.154296875 0.150390625 0.150390625
0 0.474609375 0.896484375 0.1923828125 0.1748046875
0 0.4267578125 0.943359375 0.171875 0.1123046875
0 0.5390625 0.8232421875 0.1826171875 0.1826171875
0 0.3125 0.0556640625 0.1689453125 0.111328125
0 0.1337890625 0.279296875 0.158203125 0.158203125
0 0.0439453125 0.4580078125 0.087890625 0.1533203125
0 0.2685546875 0.0947265625 0.1689453125 0.1689453125
0 0.5966796875 0.751953125 0.197265625 0.197265625
0 0.9140625 0.3046875 0.171875 0.2060546875
0 0.6572265625 0.6875 0.1826171875 0.171875
0 0.822265625 0.462890625 0.197265625 0.1826171875
0 0.880859375 0.388671875 0.201171875 0.189453125
0 0.7724609375 0.5390625 0.201171875 0.201171875
0 0.71875 0.623046875 0.185546875 0.185546875
0 0.0927734375 0.341796875 0.166015625 0.1513671875
0 0.064453125 0.4013671875 0.12890625 0.150390625
0 0.0224609375 0.5166015625 0.044921875 0.154296875
0 0.65234375 0.9462890625 0.205078125 0.107421875
0 0.5986328125 0.978515625 0.208984375 0.0419921875
0 0.826171875 0.751953125 0.205078125 0.205078125
0 0.708984375 0.90625 0.2080078125 0.1875
0 0.9228515625 0.587890625 0.154296875 0.201171875
0 0.8837890625 0.673828125 0.193359375 0.193359375
0 0.7685546875 0.8359375 0.189453125 0.189453125
0 0.9541015625 0.5107421875 0.091796875 0.193359375