0 0.705078125 0.3056640625 0.130859375 0.130859375
0 0.54296875 0.29296875 0.109375 0.109375
0 0.6181640625 0.30078125 0.0986328125 0.140625
0 0.4580078125 0.2890625 0.1298828125 0.1298828125
0 0.216796875 0.2705078125 0.123046875 0.125
0 0.94140625 0.333984375 0.1171875 0.1220703125
0 0.7890625 0.322265625 0.103515625 0.1611328125
0 0.38671875 0.2880859375 0.099609375 0.1484375
0 0.8662109375 0.3310546875 0.1298828125 0.1298828125
0 0.302734375 0.287109375 0.0908203125 0.150390625
0 0.12890625 0.27734375 0.123046875 0.123046875
0 0.572265625 0.43359375 0.125 0.123046875
0 0.4814453125 0.427734375 0.0966796875 0.140625
0 0.314453125 0.416015625 0.091796875 0.1279296875
0 0.65625 0.4462890625 0.1142578125 0.162109375
0 0.822265625 0.4619140625 0.1064453125 0.162109375
0 0.228515625 0.4111328125 0.1044921875 0.1455078125
0 0.396484375 0.42578125 0.115234375 0.115234375
0 0.9111328125 0.4716796875 0.1376953125 0.1376953125
0 0.7353515625 0.458984375 0.1298828125 0.1279296875
0 0.05859375 0.40234375 0.0966796875 0.1376953125
0 0.14453125 0.412109375 0.1201171875 0.119140625
0 0.189453125 0.052734375 0.0830078125 0.1044921875
0 0.111328125 0.052734375 0.095703125 0.1044921875
0 0.9296875 0.103515625 0.115234375 0.115234375
0 0.4990234375 0.0712890625 0.0859375 0.142578125
0 0.4228515625 0.0625 0.123046875 0.123046875
0 0.81640625 0.7412109375 0.103515625 0.173828125
0 0.904296875 0.755859375 0.134765625 0.1328125
0 0.7177734375 0.7421875 0.1455078125 0.1455078125
0 0.2705078125 0.056640625 0.125 0.1123046875
0 0.5732421875 0.078125 0.0810546875 0.1484375
0 0.794921875 0.0986328125 0.1220703125 0.1220703125
0 0.3447265625 0.0625 0.1328125 0.125
0 0.626953125 0.73828125 0.1201171875 0.1748046875
0 0.0712890625 0.697265625 0.142578125 0.1484375
0 0.5380859375 0.7412109375 0.115234375 0.1591796875
0 0.2607421875 0.71875 0.1435546875 0.1455078125
0 0.1650390625 0.71484375 0.1171875 0.1669921875
0 0.349609375 0.7314453125 0.150390625 0.150390625
0 0.4482421875 0.7451171875 0.1123046875 0.1796875
0 0.6474609375 0.087890625 0.091796875 0.1484375
0 0.7216796875 0.095703125 0.1201171875 0.1220703125
0 0.861328125 0.1103515625 0.0966796875 0.140625
0 0.7646484375 0.9189453125 0.111328125 0.162109375
0 0.859375 0.9326171875 0.1533203125 0.134765625
0 0.4755859375 0.908203125 0.1142578125 0.1826171875
0 0.671875 0.92578125 0.1533203125 0.1484375
0 0.2744140625 0.89453125 0.1591796875 0.1591796875
0 0.37890625 0.9033203125 0.154296875 0.15625
0 0.576171875 0.916015625 0.1123046875 0.1669921875
0 0.1767578125 0.8876953125 0.1220703125 0.181640625
0 0.0791015625 0.8798828125 0.158203125 0.162109375