0 0.053539 0.24639800390625 0.01198490234375 0.34813431640625 0.06237629296875 0.39347528125 0.10888885546875 0.287479208984375 0.083948462890625 0.264693716796875 0.05830304296875 0.24240049609375 0.053539 0.24639800390625
0 0.184585369140625 0.359963474609375 0.070186216796875 0.328099568359375 0.032489560546875 0.38420165234375 0.1465674140625 0.416555712890625 0.184585369140625 0.359963474609375
0 0.26410858203125 0.481728318359375 0.2195676953125 0.590218970703125 0.2808769609375 0.636709908203125 0.3231880234375 0.53130515234375 0.26800805078125 0.48413819921875 0.26456212890625 0.481347748046875 0.26410858203125 0.481728318359375
0 0.248410630859375 0.441131630859375 0.24052823046875 0.428993798828125 0.23360382421875 0.420741609375 0.23264439453125 0.421364669921875 0.16019117578125 0.510094734375 0.2015948984375 0.574038732421875 0.27433549609375 0.48750228515625 0.248410630859375 0.441131630859375
0 0.1481899296875 0.51271176171875 0.22581815234375 0.419304984375 0.189325203125 0.36311076953125 0.18068358984375 0.352812095703125 0.10484147265625 0.446737662109375 0.1481899296875 0.51271176171875
0 0.31101138671875 0.540277740234375 0.310223923828125 0.54132273828125 0.27058426171875 0.6488289453125 0.331176228515625 0.694488267578125 0.375676810546875 0.584433935546875 0.311979408203125 0.53946547265625 0.31101138671875 0.540277740234375
0 0.2974753984375 0.676414568359375 0.39969135546875 0.738857150390625 0.456484181640625 0.68149844140625 0.453755142578125 0.67824609765625 0.35493476953125 0.617546923828125 0.2974753984375 0.676414568359375
0 0.68009225390625 0.946516431640625 0.677356763671875 0.943015166015625 0.576928080078125 0.85095640234375 0.511663642578125 0.90264234765625 0.616326947265625 0.995640212890625 0.67633773046875 0.949666849609375 0.68009225390625 0.946516431640625
0 0.56452425390625 0.771362490234375 0.561316041015625 0.7738690234375 0.469810810546875 0.8755978828125 0.51780517578125 0.939320162109375 0.52253137890625 0.94495262890625 0.523241484375 0.944397833984375 0.61633373046875 0.83815130078125 0.5705306640625 0.77852065234375 0.56452425390625 0.771362490234375
0 0.47038265625 0.65501059375 0.36268920703125 0.74187978515625 0.381245134765625 0.77992507421875 0.39792423828125 0.813467353515625 0.39810784765625 0.813686169921875 0.511806330078125 0.719696716796875 0.50700810546875 0.709858900390625 0.476608744140625 0.651973927734375 0.47038265625 0.65501059375
0 0.404890951171875 0.76949796484375 0.508269802734375 0.865408947265625 0.572987552734375 0.81433707421875 0.463654888671875 0.72459721484375 0.42953016015625 0.74921648828125 0.42493288671875 0.752680783203125 0.404890951171875 0.76949796484375
0 0.195233654296875 0.15401815625 0.11802572265625 0.28189367578125 0.174328634765625 0.3453638359375 0.25205998828125 0.205935673828125 0.216809625 0.1667861796875 0.20060706640625 0.149509328125 0.195233654296875 0.15401815625
0 0.16365594921875 0.129522525390625 0.0914281875 0.194556693359375 0.065290125 0.21872784765625 0.11993287109375 0.284513080078125 0.121373783203125 0.28330401171875 0.204559771484375 0.14042217578125 0.190952673828125 0.121829068359375 0.183150896484375 0.1131643203125 0.16365594921875 0.129522525390625
0 0.4538928984375 0.554481708984375 0.4976888125 0.492383998046875 0.497110712890625 0.49169504296875 0.49602790625 0.49090833984375 0.360132833984375 0.435153140625 0.332447279296875 0.473259037109375 0.31116031640625 0.5049631953125 0.4538928984375 0.554481708984375
0 0.22722843359375 0.40392699609375 0.227471697265625 0.403750255859375 0.31514458984375 0.27878406640625 0.30794910546875 0.26888033203125 0.264691181640625 0.2183375078125 0.263178373046875 0.219436626953125 0.178413220703125 0.337084955078125 0.22722843359375 0.40392699609375
0 0.3121236796875 0.37208910546875 0.25808425 0.42074642578125 0.258723177734375 0.42150787109375 0.380632591796875 0.498602197265625 0.44608490234375 0.447900580078125 0.44211108203125 0.443164767578125 0.3149800546875 0.36969232421875 0.3121236796875 0.37208910546875
0 0.20687915234375 0.35433541015625 0.333088763671875 0.43756688671875 0.39511173828125 0.38654270703125 0.393317685546875 0.384327234375 0.26554846875 0.30537998046875 0.25620278125 0.31294796875 0.20687915234375 0.35433541015625
0 0.4670697109375 0.6353206484375 0.5282498515625 0.517094396484375 0.514869884765625 0.505463369140625 0.465963287109375 0.4673692265625 0.465166466796875 0.468037837890625 0.460396986328125 0.473524498046875 0.395253861328125 0.603463541015625 0.45598626953125 0.65375868359375 0.4670697109375 0.6353206484375
0 0.773042853515625 0.92359348828125 0.81007091015625 0.89140548828125 0.7996860234375 0.87902926171875 0.7218106171875 0.805446224609375 0.692873541015625 0.82972731640625 0.662310232421875 0.856295591796875 0.65512073828125 0.862697544921875 0.748077533203125 0.94454187890625 0.773042853515625 0.92359348828125
0 0.6318160390625 0.768867888671875 0.614312255859375 0.77938522265625 0.60773085546875 0.78490767578125 0.692549076171875 0.88876472265625 0.7650442265625 0.84278292578125 0.762780548828125 0.83901552734375 0.68012033203125 0.74232050390625 0.6318160390625 0.768867888671875
0 0.4922194921875 0.670535001953125 0.48993217578125 0.672743837890625 0.490371984375 0.67326798046875 0.59987215234375 0.748886884765625 0.6592821171875 0.68982503515625 0.653212921875 0.68259205078125 0.550168818359375 0.615994798828125 0.4922194921875 0.670535001953125
0 0.63026044921875 0.664018158203125 0.566740365234375 0.779079837890625 0.629843662109375 0.832720654296875 0.697773125 0.71544216015625 0.674091302734375 0.6945672109375 0.63397240234375 0.66090345703125 0.63026044921875 0.664018158203125
0 0.557318501953125 0.539139708984375 0.55233440234375 0.54146383203125 0.454961052734375 0.621810685546875 0.48866821484375 0.69364402734375 0.59140648828125 0.61396244140625 0.55850976171875 0.54055939453125 0.557318501953125 0.539139708984375
0 0.3622001484375 0 0.29419173828125 0.07182159765625 0.296813744140625 0.07601768359375 0.339675787109375 0.141937572265625 0.45777855859375 0 0.3622001484375 0
0 0.966392734375 0.63529362109375 0.82258042578125 0.522910677734375 0.77582686328125 0.56207484765625 0.754322828125 0.58143716796875 0.89838133203125 0.70115605078125 0.96924246484375 0.638689798828125 0.966392734375 0.63529362109375
0 0.51044059765625 0.04517733984375 0.48798448046875 0.009240041015625 0.48110516796875 0.00104159375 0.47704724609375 0.003577263671875 0.347619369140625 0.13492591796875 0.392199873046875 0.200587216796875 0.520373642578125 0.061921623046875 0.51044059765625 0.04517733984375
0 0.715638412109375 0.570843712890625 0.829570734375 0.42187774609375 0.768601646484375 0.35416471484375 0.761795638671875 0.3598756328125 0.653550095703125 0.5084744609375 0.715638412109375 0.570843712890625
0 1 0.62272553125 0.99840503515625 0.621433953125 0.93521084765625 0.57538969921875 0.933503248046875 0.57682254296875 0.929259181640625 0.582063529296875 0.84086096484375 0.73447511328125 0.913411857421875 0.790310904296875 1 0.650212060546875 1 0.62272553125
0 0.41397340625 0.11970276953125 0.406780068359375 0.12336795703125 0.4027019140625 0.126789935546875 0.530783091796875 0.269542482421875 0.604140615234375 0.23106397265625 0.60203380859375 0.22692912890625 0.47967505859375 0.08717611328125 0.41397340625 0.11970276953125
0 0.57217388671875 0.384033875 0.73635736328125 0.469293271484375 0.7439838125 0.459875388671875 0.7918169140625 0.3980724375 0.79052921875 0.396537822265625 0.790071068359375 0.396166818359375 0.62954175390625 0.31771863671875 0.582519916015625 0.37125759765625 0.57217388671875 0.384033875
0 0.91088674609375 0.54726679296875 0.7541481953125 0.447592671875 0.68959913671875 0.5192816640625 0.6911646640625 0.520691267578125 0.84734173828125 0.61328244921875 0.912972427734375 0.54975241015625 0.91088674609375 0.54726679296875
0 0.67049967578125 0.279962462890625 0.53043716796875 0.15986406640625 0.50281787890625 0.178493515625 0.45415622265625 0.2132650859375 0.59692921484375 0.33913263671875 0.672991443359375 0.28365666015625 0.67049967578125 0.279962462890625
0 0.58153841796875 0.422325150390625 0.58174055859375 0.42220369140625 0.69692933984375 0.31188207421875 0.71123549609375 0.29768857421875 0.667354580078125 0.213995234375 0.6658405859375 0.21490493359375 0.53701537109375 0.34976404296875 0.58153841796875 0.422325150390625
0 0.3779252734375 1 0.41324623828125 0.964434220703125 0.3748741484375 0.9006821171875 0.300368630859375 0.9700568515625 0.317805162109375 1 0.3779252734375 1
0 0.372707630859375 0.904956294921875 0.29243059765625 0.8559125703125 0.256513716796875 0.89115465234375 0.23877645703125 0.909522123046875 0.32807373046875 0.96109471484375 0.37884185546875 0.91226677734375 0.372707630859375 0.904956294921875
0 0.26629197265625 0.92344873828125 0.31511275390625 0.83194259375 0.25920283203125 0.781601072265625 0.254351818359375 0.7856715546875 0.210842669921875 0.86578669921875 0.26629197265625 0.92344873828125
0 0.573498541015625 0 0.530669912109375 0.061564396484375 0.58401254296875 0.1306720703125 0.681465236328125 0 0.573498541015625 0
0 0.611721490234375 0.02513675390625 0.563911181640625 0.06829542578125 0.565059837890625 0.0697138984375 0.711834927734375 0.176118287109375 0.78347621875 0.11618780859375 0.631841037109375 0.00884426953125 0.611721490234375 0.02513675390625
0 0.769395080078125 0.0529139140625 0.64499048828125 0.18953556640625 0.699369732421875 0.27109221484375 0.819150064453125 0.125359408203125 0.786299216796875 0.074825845703125 0.77882711328125 0.06415457421875 0.769395080078125 0.0529139140625
0 1 0.384363896484375 0.89540387109375 0.49413270703125 0.94582785546875 0.567030619140625 0.94635553125 0.567659478515625 1 0.516620111328125 1 0.384363896484375
0 1 0.32206049609375 0.993392697265625 0.31014060546875 0.97159934765625 0.28416830078125 0.82990609375 0.4051756328125 0.8566284453125 0.45338403125 0.877593283203125 0.490536947265625 0.878812837890625 0.489860935546875 1 0.383158591796875 1 0.32206049609375
0 0.898184185546875 0.19910633984375 0.893201390625 0.20272655078125 0.7693988359375 0.34095122265625 0.82822884375 0.42192378515625 0.95405289453125 0.27621912890625 0.91044258203125 0.213715326171875 0.898184185546875 0.19910633984375
0 0.794326615234375 0.352739041015625 0.879668044921875 0.17460884375 0.871634357421875 0.16503466796875 0.80695590234375 0.11459783984375 0.718173794921875 0.291071701171875 0.794326615234375 0.352739041015625
0 0.11069398046875 0.57751171875 0.097870361328125 0.5531098046875 0.096508458984375 0.55148675390625 0.09120547265625 0.55407319140625 0.01176997265625 0.62325633203125 0.04478978125 0.688118568359375 0.127648072265625 0.612272755859375 0.11069398046875 0.57751171875
0 0.18166761328125 0.75671648828125 0.14754168359375 0.794617169921875 0.148182060546875 0.79538033984375 0.231263185546875 0.84164226171875 0.27838486328125 0.78768516015625 0.27567439453125 0.78445494921875 0.193153599609375 0.7444117734375 0.18166761328125 0.75671648828125
0 0 0.590907064453125 0.05038232421875 0.61475828515625 0.09963128515625 0.56007003125 0.09884184765625 0.55912921484375 0 0.52478475 0 0.590907064453125
0 0.113927837890625 0.74932873046875 0.17277393359375 0.659759513671875 0.125248552734375 0.608444212890625 0.116475921875 0.61580532421875 0.067005951171875 0.69050577734375 0.113927837890625 0.74932873046875
0 0.192040900390625 0.78020018359375 0.2364409296875 0.723113416015625 0.234251291015625 0.720503904296875 0.23194981640625 0.71883178515625 0.14275829296875 0.68916290625 0.125781310546875 0.7115361875 0.1003002265625 0.746607890625 0.192040900390625 0.78020018359375