0 0.439453125 0.224609375 0.1611328125 0.1611328125
0 0.3447265625 0.3564453125 0.1484375 0.1376953125
0 0.3896484375 0.296875 0.154296875 0.1533203125
0 0.2978515625 0.427734375 0.154296875 0.1533203125
0 0.158203125 0.6240234375 0.173828125 0.173828125
0 0.5869140625 0.0595703125 0.1669921875 0.119140625
0 0.4970703125 0.16015625 0.1669921875 0.1533203125
0 0.259765625 0.48828125 0.1591796875 0.1591796875
0 0.5439453125 0.099609375 0.166015625 0.1640625
0 0.2158203125 0.5595703125 0.171875 0.158203125
0 0.1181640625 0.703125 0.158203125 0.158203125
0 0.48046875 0.404296875 0.177734375 0.1640625
0 0.427734375 0.478515625 0.1640625 0.154296875
0 0.3310546875 0.6162109375 0.150390625 0.140625
0 0.5341796875 0.337890625 0.1689453125 0.154296875
0 0.6328125 0.2041015625 0.169921875 0.169921875
0 0.2841796875 0.6865234375 0.158203125 0.146484375
0 0.3828125 0.55078125 0.150390625 0.150390625
0 0.6875 0.1328125 0.177734375 0.162109375
0 0.5859375 0.27734375 0.171875 0.162109375
0 0.189453125 0.828125 0.162109375 0.1513671875
0 0.2421875 0.759765625 0.1689453125 0.1611328125
0 0.1298828125 0.2783203125 0.1591796875 0.1455078125
0 0.0849609375 0.341796875 0.162109375 0.150390625
0 0.8701171875 0.353515625 0.1826171875 0.1826171875
0 0.9208984375 0.283203125 0.158203125 0.173828125
0 0.8193359375 0.4375 0.181640625 0.181640625
0 0.0400390625 0.4658203125 0.080078125 0.1533203125
0 0.1767578125 0.2197265625 0.158203125 0.142578125
0 0.306640625 0.0576171875 0.166015625 0.115234375
0 0.060546875 0.404296875 0.12109375 0.16015625
0 0.76953125 0.513671875 0.1982421875 0.185546875
0 0.447265625 0.9345703125 0.205078125 0.130859375
0 0.7275390625 0.591796875 0.181640625 0.181640625
0 0.564453125 0.8173828125 0.177734375 0.177734375
0 0.51171875 0.8974609375 0.1796875 0.1796875
0 0.62109375 0.748046875 0.197265625 0.1845703125
0 0.6845703125 0.669921875 0.197265625 0.181640625
0 0.2236328125 0.162109375 0.154296875 0.1533203125
0 0.267578125 0.1015625 0.1591796875 0.1455078125
0 0.3515625 0.0302734375 0.1533203125 0.060546875
0 0.9560546875 0.4951171875 0.087890625 0.193359375
0 0.8408203125 0.732421875 0.193359375 0.193359375
0 0.9287109375 0.572265625 0.142578125 0.1953125
0 0.7197265625 0.896484375 0.2138671875 0.2001953125
0 0.7822265625 0.810546875 0.208984375 0.193359375
0 0.8994140625 0.6494140625 0.201171875 0.205078125
0 0.666015625 0.943359375 0.1953125 0.1123046875