0 0.708984375 0.69140625 0.115234375 0.115234375
0 0.708984375 0.529296875 0.126953125 0.0830078125
0 0.70703125 0.603515625 0.107421875 0.1064453125
0 0.70703125 0.443359375 0.1357421875 0.099609375
0 0.708984375 0.2021484375 0.115234375 0.1142578125
0 0.6953125 0.9306640625 0.119140625 0.119140625
0 0.697265625 0.775390625 0.123046875 0.123046875
0 0.703125 0.373046875 0.1142578125 0.1123046875
0 0.693359375 0.853515625 0.1484375 0.0859375
0 0.69921875 0.2880859375 0.150390625 0.0908203125
0 0.697265625 0.1142578125 0.111328125 0.111328125
0 0.572265625 0.568359375 0.154296875 0.0908203125
0 0.5712890625 0.4765625 0.1171875 0.1171875
0 0.5712890625 0.30859375 0.125 0.0888671875
0 0.564453125 0.6513671875 0.1201171875 0.1201171875
0 0.560546875 0.818359375 0.1533203125 0.0888671875
0 0.5693359375 0.2236328125 0.142578125 0.099609375
0 0.56640625 0.390625 0.111328125 0.111328125
0 0.556640625 0.908203125 0.166015625 0.0986328125
0 0.556640625 0.7314453125 0.1201171875 0.1201171875
0 0.56640625 0.052734375 0.1298828125 0.083984375
0 0.5625 0.138671875 0.1357421875 0.0986328125
0 0.9365234375 0.158203125 0.126953125 0.0810546875
0 0.9345703125 0.080078125 0.130859375 0.07421875
0 0.9248046875 0.900390625 0.1376953125 0.0830078125
0 0.9287109375 0.4697265625 0.142578125 0.0830078125
0 0.9296875 0.392578125 0.140625 0.080078125
0 0.28125 0.83203125 0.173828125 0.1044921875
0 0.2734375 0.921875 0.130859375 0.1328125
0 0.2744140625 0.734375 0.134765625 0.134765625
0 0.931640625 0.240234375 0.115234375 0.115234375
0 0.92578125 0.544921875 0.109375 0.109375
0 0.9208984375 0.765625 0.146484375 0.072265625
0 0.92578125 0.314453125 0.1484375 0.0859375
0 0.271484375 0.642578125 0.1328125 0.1328125
0 0.2724609375 0.0849609375 0.146484375 0.146484375
0 0.26171875 0.5556640625 0.158203125 0.1142578125
0 0.2646484375 0.27734375 0.1298828125 0.1279296875
0 0.2626953125 0.181640625 0.166015625 0.115234375
0 0.2587890625 0.3671875 0.171875 0.119140625
0 0.251953125 0.4658203125 0.1328125 0.1328125
0 0.919921875 0.6181640625 0.109375 0.109375
0 0.9189453125 0.693359375 0.142578125 0.0810546875
0 0.9140625 0.8330078125 0.111328125 0.111328125
0 0.083984375 0.7958984375 0.150390625 0.150390625
0 0.0830078125 0.8896484375 0.15625 0.154296875
0 0.087890625 0.505859375 0.138671875 0.138671875
0 0.0888671875 0.7001953125 0.177734375 0.1123046875
0 0.0927734375 0.3017578125 0.181640625 0.1201171875
0 0.0908203125 0.4072265625 0.1796875 0.1123046875
0 0.0849609375 0.60546875 0.169921875 0.1015625
0 0.091796875 0.205078125 0.1748046875 0.111328125
0 0.09375 0.103515625 0.1748046875 0.126953125