0 0.7131200078125 0.845202435546875 0.70858418359375 0.843461296875 0.68529308203125 0.908923673828125 0.7750295234375 0.97981221484375 0.77840854296875 0.97440465234375 0.799330041015625 0.916985302734375 0.7131200078125 0.845202435546875
0 0.652702158203125 0.9213073359375 0.75508631640625 0.8672484609375 0.75652783984375 0.864941541015625 0.70902317578125 0.81890362890625 0.60374880078125 0.87385615234375 0.652702158203125 0.9213073359375
0 0.47072469921875 0.65906846484375 0.418969345703125 0.709969681640625 0.46798201953125 0.811036236328125 0.46880855078125 0.811922583984375 0.526446880859375 0.76151180078125 0.475042154296875 0.657596435546875 0.47340218359375 0.65657166796875 0.47072469921875 0.65906846484375
0 0.59590472265625 0.804074482421875 0.548506955078125 0.703502337890625 0.54387645703125 0.700608880859375 0.49148545703125 0.756382763671875 0.54019224609375 0.85602720703125 0.59590472265625 0.804074482421875
0 0.59686340234375 0.745003298828125 0.592391814453125 0.742421623046875 0.552481078125 0.810689017578125 0.63506776953125 0.900095921875 0.64403975390625 0.8857377421875 0.67503012890625 0.832060841796875 0.59686340234375 0.745003298828125
0 0.416644388671875 0.76835227734375 0.41764137890625 0.769159623046875 0.46899692578125 0.709619654296875 0.4020287890625 0.61750001953125 0.3980492265625 0.6150133125 0.351447509765625 0.672561640625 0.416644388671875 0.76835227734375
0 0.338653916015625 0.71134482421875 0.4156575546875 0.62099434765625 0.416341599609375 0.619591845703125 0.352127296875 0.58647103515625 0.3435907734375 0.582307494140625 0.265815705078125 0.6731142890625 0.338653916015625 0.71134482421875
0 0 0.506674490234375 0.05700269921875 0.537566724609375 0.14459597265625 0.430843615234375 0.12797826171875 0.420459716796875 0.07237744921875 0.38963968359375 0 0.48066379296875 0 0.506674490234375
0 0.185021642578125 0.57063207421875 0.20141699609375 0.53701661328125 0.214856515625 0.50817752734375 0.107215541015625 0.429889708984375 0.10010117578125 0.426419802734375 0.099043685546875 0.428112142578125 0.063749890625 0.5020130703125 0.17564128515625 0.585643783203125 0.185021642578125 0.57063207421875
0 0.349705986328125 0.6176686015625 0.261919828125 0.509683095703125 0.258122484375 0.507310251953125 0.209344337890625 0.56604912890625 0.3003728359375 0.680812154296875 0.349705986328125 0.6176686015625
0 0.222160162109375 0.639370228515625 0.24527145703125 0.61705191015625 0.274925912109375 0.587198615234375 0.20392047265625 0.4660712109375 0.203026927734375 0.46551286328125 0.14282711328125 0.5211051796875 0.222160162109375 0.639370228515625
0 0.835137736328125 0.709705650390625 0.69570957421875 0.78743700390625 0.759179734375 0.8437399140625 0.88862806640625 0.765582361328125 0.89145580859375 0.76105702734375 0.87428723046875 0.74495601171875 0.835137736328125 0.709705650390625
0 0.843184087890625 0.891382048828125 0.87412360546875 0.84186846875 0.92456155078125 0.75792563671875 0.90167187109375 0.743622576171875 0.893956466796875 0.7399923125 0.76828047265625 0.850044404296875 0.77224616015625 0.85252244140625 0.843184087890625 0.891382048828125
0 0.609583150390625 0.5870523515625 0.57790616015625 0.553313091796875 0.55688788671875 0.53154803515625 0.42322366015625 0.600045541015625 0.42291575 0.60034288671875 0.4718651796875 0.65493930859375 0.47988146484375 0.663240416015625 0.6092149921875 0.58764152734375 0.609583150390625 0.5870523515625
0 0.637859240234375 0.767510677734375 0.715058001953125 0.7973625625 0.80675872265625 0.685036083984375 0.80742884765625 0.68329034765625 0.747412251953125 0.65458784765625 0.73598365234375 0.650200818359375 0.637966998046875 0.767229962890625 0.637859240234375 0.767510677734375
0 0.56526220703125 0.70423497265625 0.67192358984375 0.61997209765625 0.676980369140625 0.611879560546875 0.617636892578125 0.568764 0.49292912109375 0.65945190625 0.56526220703125 0.70423497265625
0 0.57142105078125 0.724349978515625 0.647101896484375 0.7540744609375 0.73984053125 0.637887556640625 0.74069450390625 0.63566288671875 0.73476305859375 0.63195651171875 0.670617931640625 0.60733350390625 0.57142105078125 0.724349978515625
0 0.459548423828125 0.47036875390625 0.4545456640625 0.468448373046875 0.3655894296875 0.593743525390625 0.43808690234375 0.626149525390625 0.4403231875 0.627007953125 0.516465462890625 0.51679475390625 0.520847658203125 0.50949842578125 0.52545575390625 0.497493927734375 0.459548423828125 0.47036875390625
0 0.00583071875 0.34729620703125 0.07240244921875 0.39111638671875 0.164176017578125 0.291444435546875 0.168038375 0.28526337109375 0.151679138671875 0.273515103515625 0.097690630859375 0.23571194140625 0.0973401875 0.2354929609375 0.0176245234375 0.328422173828125 0.00583071875 0.34729620703125
0 0.17720407421875 0.29235226953125 0.15932491015625 0.284391953125 0.08671782421875 0.399521056640625 0.16509018359375 0.4308560234375 0.235535294921875 0.32452848828125 0.237111140625 0.320989078125 0.235721537109375 0.320120759765625 0.17720407421875 0.29235226953125
0 0.2858787109375 0.374880240234375 0.27918936328125 0.37132344921875 0.23826794921875 0.445661943359375 0.341165365234375 0.530097810546875 0.345604744140625 0.522993318359375 0.3797121171875 0.45680983203125 0.2858787109375 0.374880240234375
0 0.208863923828125 0.32402597265625 0.206243486328125 0.322513060546875 0.165553974609375 0.394041052734375 0.267458119140625 0.482934568359375 0.28856740625 0.4491526484375 0.31044986328125 0.40902506640625 0.208863923828125 0.32402597265625
0 0.443619634765625 0.51475890625 0.449826193359375 0.50308606640625 0.354589326171875 0.415733498046875 0.35185836328125 0.414281419921875 0.314002703125 0.488129775390625 0.410926671875 0.571781625 0.426169986328125 0.54738722265625 0.443619634765625 0.51475890625
0 1 0.47627019140625 0.868647638671875 0.58820980078125 0.867410337890625 0.59018989453125 0.927976166015625 0.628586494140625 1 0.574778263671875 1 0.47627019140625
0 0.376664927734375 0.26220655859375 0.39448003515625 0.23940426171875 0.430287439453125 0.1900326328125 0.30730187109375 0.05347231640625 0.30458319140625 0.051773498046875 0.247188658203125 0.126850142578125 0.376664927734375 0.26220655859375
0 1 0.46076431640625 0.96244405078125 0.435432509765625 0.946056626953125 0.4249211484375 0.8030023046875 0.548177478515625 0.867067767578125 0.59502237109375 0.99923249609375 0.47358433984375 1 0.47235607421875 1 0.46076431640625
0 0.461408728515625 0.163723091796875 0.453354685546875 0.15944068359375 0.409067212890625 0.233525703125 0.55632855078125 0.35678135546875 0.5644417265625 0.343797556640625 0.6009709140625 0.275096146484375 0.461408728515625 0.163723091796875
0 0.26221193359375 0.20358094140625 0.341889923828125 0.04643466015625 0.3446433671875 0.03796043359375 0.271211578125 0.00988673828125 0.2554044140625 0.004750677734375 0.17587005078125 0.17314499609375 0.26221193359375 0.20358094140625
0 0.85584218359375 0.365466794921875 0.70946074609375 0.487412916015625 0.776834990234375 0.537592875 0.919083080078125 0.421987912109375 0.923684078125 0.41462477734375 0.863389375 0.37081811328125 0.85584218359375 0.365466794921875
0 0.63107705078125 0.402278240234375 0.63829485546875 0.389256974609375 0.670320623046875 0.325603037109375 0.53744939453125 0.2061500546875 0.5352212109375 0.204914953125 0.495644427734375 0.27274706640625 0.48976923828125 0.2833461875 0.63026217578125 0.403582310546875 0.63107705078125 0.402278240234375
0 0.522432330078125 0.21601742578125 0.366730833984375 0.108819962890625 0.36662197265625 0.1089941796875 0.333500466796875 0.19497247265625 0.47975434375 0.30255597265625 0.481111400390625 0.30318877734375 0.4837606875 0.29894903125 0.522432330078125 0.21601742578125
0 0.79821664453125 0.32930530859375 0.774012998046875 0.3129797421875 0.63039011328125 0.43613102734375 0.70743393359375 0.492322927734375 0.8467302734375 0.369520365234375 0.848328138671875 0.367151431640625 0.849208765625 0.36574213671875 0.79821664453125 0.32930530859375
0 0.58700110546875 0.298914642578125 0.67724828515625 0.463828771484375 0.681588837890625 0.459637150390625 0.74180669921875 0.39430716796875 0.7316615625 0.376894591796875 0.651380205078125 0.24452426171875 0.647162958984375 0.24188903515625 0.58700110546875 0.298914642578125
0 0 0.704342310546875 0.0521686171875 0.668247423828125 0.054742345703125 0.66412859765625 0 0.611264529296875 0 0.704342310546875
0 0 0.73957223046875 0.061674306640625 0.762072927734375 0.11931271484375 0.67725382421875 0.119491892578125 0.676787052734375 0.1163831875 0.67484451953125 0.0456555703125 0.650196353515625 0 0.723380734375 0 0.73957223046875
0 0.1310535390625 0.690113220703125 0.0496401328125 0.75469171875 0.1084945625 0.798855158203125 0.18558597265625 0.74074557421875 0.18917978515625 0.7349942734375 0.181185857421875 0.72852091796875 0.1310535390625 0.690113220703125
0 0.19377693359375 0.8369470703125 0.2499706875 0.76098998828125 0.25086669140625 0.75887913671875 0.246786095703125 0.756329298828125 0.18038366796875 0.728143142578125 0.118418359375 0.810616271484375 0.120398626953125 0.8118536796875 0.19377693359375 0.8369470703125
0 1 0.24320494921875 0.9827589765625 0.234037736328125 0.85555134765625 0.36909736328125 0.93287196875 0.409629177734375 1 0.342909365234375 1 0.24320494921875
0 0.78960260546875 0.251460859375 0.924198060546875 0.372905845703125 0.92582435546875 0.373734482421875 0.95809958203125 0.31799575 0.969852951171875 0.29492846484375 0.8333283984375 0.16892485546875 0.78960260546875 0.251460859375
0 1 0.2834601875 0.98520033203125 0.2722669140625 0.980642580078125 0.270517357421875 0.946346173828125 0.349815626953125 1 0.391737931640625 1 0.2834601875
0 0.858415021484375 0.321209931640625 0.891584169921875 0.239224998046875 0.75065889453125 0.12271345703125 0.746205974609375 0.12073088671875 0.744023138671875 0.124224158203125 0.708379009765625 0.209459150390625 0.858415021484375 0.321209931640625
0 0.38405581640625 0 0.51952880078125 0.11197133984375 0.541675490234375 0.0765292265625 0.56617590234375 0.035753693359375 0.526996302734375 0 0.38405581640625 0
0 0.481271212890625 0 0.460737982421875 0.030441765625 0.59347356640625 0.16964838671875 0.59434547265625 0.17019321484375 0.605422236328125 0.154037427734375 0.649190423828125 0.089148421875 0.56157726171875 0 0.481271212890625 0
0 0.530480205078125 0.16121355859375 0.61614890234375 0.20658112890625 0.74193255078125 0.06780060546875 0.74373216015625 0.064554021484375 0.73343633203125 0.05812047265625 0.657404689453125 0.015975447265625 0.530480205078125 0.16121355859375
0 0.696572734375 0.26133305078125 0.829185783203125 0.116108904296875 0.778234599609375 0.08427107421875 0.7456662265625 0.06621812890625 0.61549451953125 0.21442326171875 0.696572734375 0.26133305078125
0 0.43279203125 1 0.508426685546875 0.92709743359375 0.51160557421875 0.921806875 0.45964905859375 0.88934083984375 0.45362476953125 0.88572108203125 0.370846 0.96165367578125 0.432261703125 1 0.43279203125 1
0 0.27686069921875 0.88068602734375 0.291657052734375 0.848764388671875 0.305397306640625 0.81790327734375 0.234370091796875 0.7645944921875 0.22778855078125 0.761664201171875 0.226794296875 0.76325533984375 0.20149109375 0.822949982421875 0.274500810546875 0.884462638671875 0.27686069921875 0.88068602734375
0 0.55382839453125 1 0.55405926953125 0.99957805078125 0.484301740234375 0.907545046875 0.48340159375 0.90700418359375 0.44647912109375 0.970966869140625 0.473870234375 1 0.55382839453125 1
0 0.324655220703125 0.88973695703125 0.38433633203125 0.970349259765625 0.385165830078125 0.970974330078125 0.41788754296875 0.931706279296875 0.431226056640625 0.91400547265625 0.371099296875 0.832166341796875 0.367464224609375 0.829894896484375 0.324655220703125 0.88973695703125
0 0.38379750390625 0.854030923828125 0.375478771484375 0.84753162109375 0.32681373046875 0.81111418359375 0.24464359375 0.86737580078125 0.24427732421875 0.867961955078125 0.249459595703125 0.87201078515625 0.304533521484375 0.9122089609375 0.38339049609375 0.85468226953125 0.38379750390625 0.854030923828125
0 0.638256025390625 1 0.588099869140625 0.96163486328125 0.58315921875 0.9581753828125 0.525721138671875 1 0.638256025390625 1