0 0.262435974609375 0.116131712890625 0.370620833984375 0.071943712890625 0.370906244140625 0.071564962890625 0.323091080078125 0.019227759765625 0.223252927734375 0.063038142578125 0.221856302734375 0.06425220703125 0.21907592578125 0.06794189453125 0.262435974609375 0.116131712890625
0 0.377371578125 0.06290950390625 0.278767017578125 0.12114108984375 0.276339427734375 0.124362609375 0.326487142578125 0.168120486328125 0.428304041015625 0.10734334375 0.377371578125 0.06290950390625
0 0.548312759765625 0.344225703125 0.60094858203125 0.294235494140625 0.5537072265625 0.192328943359375 0.5528962890625 0.191428306640625 0.49438694921875 0.240825484375 0.54374341015625 0.34514267578125 0.5456765234375 0.346599380859375 0.548312759765625 0.344225703125
0 0.42315469921875 0.241963521484375 0.466020263671875 0.27334630859375 0.560699287109375 0.211744306640625 0.56075238671875 0.211673841796875 0.5023550078125 0.162806126953125 0.4079338984375 0.22234368359375 0.40477248828125 0.226539017578125 0.42315469921875 0.241963521484375
0 0.38599054296875 0.09828105078125 0.38286886328125 0.10432619921875 0.352932888671875 0.16307885546875 0.438302208984375 0.24630241796875 0.441039927734375 0.24769735546875 0.463946427734375 0.20333016796875 0.47670555078125 0.17828898046875 0.39069524609375 0.092037697265625 0.38599054296875 0.09828105078125
0 0.635682630859375 0.262595765625 0.53230255859375 0.30914323046875 0.530013494140625 0.312180923828125 0.57877537109375 0.371924283203125 0.685457412109375 0.31985509765625 0.635682630859375 0.262595765625
0 0.67360528515625 0.286734265625 0.621463388671875 0.333217076171875 0.612458337890625 0.341614423828125 0.668362255859375 0.44491909765625 0.66998021875 0.4461383203125 0.731124998046875 0.3924092109375 0.67360528515625 0.286734265625
0 1 0.532515013671875 0.933088052734375 0.497864720703125 0.85047973828125 0.60954493359375 0.852679765625 0.61120276953125 0.922500927734375 0.646778431640625 1 0.545331416015625 1 0.532515013671875
0 0.944035185546875 0.500049517578125 0.8760959140625 0.450713490234375 0.77597953515625 0.5439801953125 0.77333035546875 0.54749577734375 0.780343349609375 0.552780447265625 0.84121221484375 0.597867626953125 0.945817880859375 0.502935302734375 0.946559220703125 0.50195151171875 0.944035185546875 0.500049517578125
0 0.649057533203125 0.442394859375 0.642611748046875 0.450948703125 0.70455093359375 0.4976232265625 0.815248966796875 0.4043765234375 0.754514529296875 0.355706810546875 0.649057533203125 0.442394859375
0 0.82538487890625 0.41080750390625 0.709680794921875 0.48137545703125 0.7061543984375 0.48605514453125 0.76160694921875 0.544039673828125 0.879028556640625 0.462265318359375 0.82538487890625 0.41080750390625
0 0.23227519921875 0.10162680078125 0.21134241015625 0.11848 0.171627142578125 0.15180506640625 0.227668236328125 0.2967397578125 0.230956767578125 0.29921784375 0.293792103515625 0.24569441796875 0.23227519921875 0.10162680078125
0 0.10038266015625 0.199490052734375 0.121393337890625 0.222824775390625 0.14909645703125 0.25122691015625 0.14923352734375 0.25133019921875 0.251908482421875 0.1613218203125 0.26905946484375 0.145879005859375 0.241648294921875 0.12102582421875 0.11742410546875 0.1768752890625 0.10038266015625 0.199490052734375
0 0.41155528515625 0.447047361328125 0.449283630859375 0.465290560546875 0.47670577734375 0.47807771875 0.576944771484375 0.366228814453125 0.577125671875 0.36584087109375 0.5118618359375 0.332412625 0.501403138671875 0.327535654296875 0.407892373046875 0.44428716015625 0.41155528515625 0.447047361328125
0 0.336894923828125 0.1952038984375 0.205234173828125 0.25596331640625 0.20386658984375 0.257238611328125 0.24522680078125 0.309345791015625 0.25357561328125 0.318298794921875 0.391947640625 0.25653973046875 0.39278230859375 0.255432087890625 0.336894923828125 0.1952038984375
0 0.51845258203125 0.32811361328125 0.4534207421875 0.2869934765625 0.33870410546875 0.37997133203125 0.33595304296875 0.38420759765625 0.343880603515625 0.3901814453125 0.40786128515625 0.425300751953125 0.51845258203125 0.32811361328125
0 0.45587450390625 0.311049482421875 0.4051952109375 0.247466904296875 0.26678774609375 0.3017183984375 0.26463684375 0.303460166015625 0.264047734375 0.304241939453125 0.31145925 0.36279028515625 0.45587450390625 0.311049482421875
0 0.5622658671875 0.546920697265625 0.56689069921875 0.5504057578125 0.62419625 0.499474486328125 0.55091005859375 0.365204552734375 0.5503571328125 0.36461161328125 0.51655136328125 0.392893271484375 0.48880923046875 0.4187632265625 0.5535359453125 0.533818525390625 0.56154796875 0.54615084375 0.5622658671875 0.546920697265625
0 0.89887173828125 0.7907614296875 0.93570683203125 0.75261757421875 0.956624048828125 0.7248594921875 0.87904655078125 0.633630966796875 0.82308535546875 0.69501409375 0.89887173828125 0.7907614296875
0 0.784202408203125 0.72550877734375 0.797549921875 0.739822232421875 0.906421361328125 0.66426138671875 0.90856513671875 0.6614165 0.84947103125 0.602748673828125 0.7434085703125 0.672881646484375 0.74067591796875 0.676508001953125 0.784202408203125 0.72550877734375
0 0.7040941796875 0.643194857421875 0.7113883046875 0.647752734375 0.753539080078125 0.578328984375 0.660263048828125 0.484643517578125 0.65930032421875 0.48592109765625 0.6132171015625 0.55734160546875 0.7040941796875 0.643194857421875
0 0.740783822265625 0.53354150390625 0.71942741796875 0.556443443359375 0.683226931640625 0.59721042578125 0.76182733203125 0.701213970703125 0.76590732421875 0.70428846484375 0.821038474609375 0.644404880859375 0.740783822265625 0.53354150390625
0 0.606622662109375 0.432179736328125 0.5622505390625 0.481222076171875 0.55340442578125 0.49104668359375 0.623390470703125 0.5968943125 0.627671673828125 0.6001204296875 0.681575125 0.5384173828125 0.606622662109375 0.432179736328125
0 0 0.47582493359375 0.13709359765625 0.3657444921875 0.071931796875 0.321738517578125 0.06778211328125 0.3190436796875 0 0.38101956640625 0 0.47582493359375
0 0.536131404296875 0.831965841796875 0.6751308828125 0.95709496484375 0.72483151953125 0.8756631796875 0.583199939453125 0.755670044921875 0.571700556640625 0.7709302421875 0.56658191015625 0.77912178515625 0.536131404296875 0.831965841796875
0 0.07901694140625 0.34872305078125 0.020308830078125 0.40126137109375 0.019887294921875 0.4016684453125 0.114369970703125 0.56157008203125 0.11935797265625 0.5653288125 0.16983716015625 0.514277724609375 0.07901694140625 0.34872305078125
0 0.44940746875 0.630752724609375 0.385771771484375 0.69899365625 0.491753025390625 0.8426931171875 0.49842426171875 0.8489141484375 0.56037729296875 0.788815955078125 0.44940746875 0.630752724609375
0 0.7492908046875 1 0.77895463671875 0.960634763671875 0.79682501953125 0.923995052734375 0.650042640625 0.821650005859375 0.60775600390625 0.898181544921875 0.6037475390625 0.906400119140625 0.746338169921875 1 0.7492908046875 1
0 0.12270300390625 0.59576937109375 0.292764599609375 0.509877380859375 0.23840519140625 0.445827625 0.072705697265625 0.52700564453125 0.06809958984375 0.53311815625 0.11655303125 0.5888574609375 0.12270300390625 0.59576937109375
0 0.32821103125 0.7417025234375 0.3488199609375 0.7662632890625 0.511490447265625 0.67815148046875 0.507887083984375 0.67385716015625 0.452581572265625 0.61306008984375 0.2957963515625 0.69309801171875 0.29261005859375 0.6973263671875 0.32821103125 0.7417025234375
0 0.57813662109375 0.90321747265625 0.5828409921875 0.90676247265625 0.6352033046875 0.83217055859375 0.51932059765625 0.692400732421875 0.517683443359375 0.691074994140625 0.471666150390625 0.74790162109375 0.457525255859375 0.76666721875 0.57813662109375 0.90321747265625
0 0.23859768359375 0.462328787109375 0.19517987890625 0.50346166015625 0.17162269921875 0.527018841796875 0.262474712890625 0.68687024609375 0.26658982421875 0.68997120703125 0.3349103203125 0.62649530078125 0.23859768359375 0.462328787109375
0 0.405156119140625 0.67320070703125 0.39440947265625 0.65615280078125 0.30685768359375 0.5225450625 0.268925251953125 0.5611009140625 0.24726876171875 0.58352686328125 0.339622869140625 0.7391361640625 0.3450150546875 0.74319946875 0.405156119140625 0.67320070703125
0 1 0.325519361328125 0.95775919140625 0.262425849609375 0.940630423828125 0.28079420703125 0.90538351953125 0.321037779296875 0.96089304296875 0.39732156640625 0.966745791015625 0.401731927734375 1 0.36485577734375 1 0.325519361328125
0 0.883175376953125 0.34247751953125 0.97089308203125 0.286762806640625 0.9169773984375 0.236689337890625 0.83218102734375 0.287656404296875 0.82950286328125 0.29121044921875 0.837332384765625 0.29903996875 0.883175376953125 0.34247751953125
0 0.85027334765625 0.3123456796875 0.85197191796875 0.31349137890625 0.895101330078125 0.249549396484375 0.8263326015625 0.17339083203125 0.82077615625 0.180764484375 0.785673412109375 0.241861103515625 0.85027334765625 0.3123456796875
0 0 0.6972051015625 0.13960572265625 0.632949765625 0.13993466796875 0.632513240234375 0.08360180078125 0.566172984375 0 0.60135931640625 0 0.6972051015625
0 0.08424264453125 0.786013564453125 0.199427099609375 0.644075869140625 0.12079431640625 0.603884591796875 0.11882604296875 0.60300826171875 0.001690796875 0.74407293359375 0.00022337890625 0.747368806640625 0.064494908203125 0.777221306640625 0.08424264453125 0.786013564453125
0 0.15179143359375 0.844118248046875 0.28099403125 0.70881957421875 0.203662501953125 0.66590621484375 0.067770998046875 0.79449052734375 0.07312295703125 0.79852351953125 0.097099408203125 0.8129300234375 0.15179143359375 0.844118248046875
0 0.53964770703125 1 0.58833344140625 0.936721966796875 0.509836505859375 0.893796220703125 0.419506583984375 1 0.53964770703125 1
0 0.4044921171875 1 0.51617289453125 0.893510716796875 0.516952625 0.89235471875 0.48176829296875 0.8682315703125 0.43607234765625 0.837409265625 0.299531912109375 0.97159828515625 0.298883671875 0.97255934375 0.30350850390625 0.976044404296875 0.339024134765625 1 0.4044921171875 1
0 0.28778034765625 0.96020469921875 0.44389683984375 0.8475584453125 0.368359775390625 0.781895076171875 0.22321434765625 0.89067378125 0.216130458984375 0.90007441796875 0.22256224609375 0.90566548828125 0.28778034765625 0.96020469921875
0 0.204738119140625 0.705389267578125 0.1719565078125 0.75576724609375 0.154094375 0.78435263671875 0.290604177734375 0.922787296875 0.294841357421875 0.92543498046875 0.34613751953125 0.84334395703125 0.204738119140625 0.705389267578125
0 0.58784819921875 0 0.571736349609375 0.014015916015625 0.543802916015625 0.03916729296875 0.591222837890625 0.1324503203125 0.5964460625 0.13638630078125 0.647346650390625 0.0932541015625 0.602806736328125 0 0.58784819921875 0
0 0.77010955078125 0.133983013671875 0.74409761328125 0.164045166015625 0.722383158203125 0.18992344140625 0.77452159375 0.258837068359375 0.78236864453125 0.26475024609375 0.82365528125 0.213712673828125 0.77010955078125 0.133983013671875
0 0.48651076171875 0 0.532678021484375 0.093276703125 0.535272328125 0.09615797265625 0.5354846796875 0.0963179921875 0.57870269921875 0.05412226953125 0.55883166796875 0 0.48651076171875 0
0 0.59219878125 0.11944186328125 0.588576849609375 0.125238162109375 0.647114234375 0.165928978515625 0.727621974609375 0.09518994140625 0.662841220703125 0.05691126953125 0.59219878125 0.11944186328125
0 0.6708064296875 0.14152865625 0.663879029296875 0.155653318359375 0.73194822265625 0.22113259765625 0.735485083984375 0.2230131796875 0.7673068671875 0.160040115234375 0.699101697265625 0.090389611328125 0.695351146484375 0.095366759765625 0.6708064296875 0.14152865625
0 0.407492611328125 0 0.45964799609375 0.03572875390625 0.4647629296875 0.03892491796875 0.5127268046875 0 0.407492611328125 0