0 0.75439536328125 0.153057248046875 0.822328822265625 0.05880448046875 0.77962630078125 0.0457490078125 0.754482537109375 0.038735724609375 0.692671794921875 0.129321548828125 0.692310583984375 0.13050301953125 0.691907041015625 0.135115544921875 0.75439536328125 0.153057248046875
0 0.801243705078125 0.14780780078125 0.684528123046875 0.126878994140625 0.69381612109375 0.19382833984375 0.81060561328125 0.2153385390625 0.801243705078125 0.14780780078125
0 0.7683664453125 0.48097853125 0.769105 0.476315478515625 0.778550859375 0.404340994140625 0.6833062265625 0.3576218984375 0.6760680078125 0.35698863671875 0.66212491015625 0.429895029296875 0.7683664453125 0.48097853125
0 0.750768736328125 0.27785937109375 0.69882676953125 0.28682323828125 0.678346970703125 0.3926723671875 0.67887023046875 0.39765086328125 0.75310248828125 0.38974792578125 0.7767144921875 0.276391359375 0.77017741015625 0.2758194375 0.750768736328125 0.27785937109375
0 0.79930762109375 0.30448693359375 0.799357447265625 0.30448081640625 0.789953154296875 0.224286169921875 0.67186155078125 0.20288743359375 0.67132680859375 0.208999564453125 0.68018690234375 0.281159232421875 0.79930762109375 0.30448693359375
0 0.695911875 0.434011705078125 0.653274900390625 0.54082756640625 0.653090509765625 0.54293516015625 0.7309221875 0.55218716796875 0.771492533203125 0.44062415625 0.695911875 0.434011705078125
0 0.764754078125 0.5551345859375 0.651900494140625 0.514994259765625 0.642312095703125 0.596695185546875 0.7557679140625 0.6367387734375 0.764754078125 0.5551345859375
0 0.740079908203125 0.892161623046875 0.62066532421875 0.835229826171875 0.61355297265625 0.834607576171875 0.59188204296875 0.910183091796875 0.7166060234375 0.972035650390625 0.740079908203125 0.892161623046875
0 0.60775971484375 0.881791736328125 0.69248914453125 0.890676736328125 0.733596650390625 0.75645965234375 0.66784434765625 0.748386283203125 0.648825169921875 0.746722322265625 0.608599220703125 0.87219615625 0.60775971484375 0.881791736328125
0 0.757307025390625 0.603242439453125 0.72983766796875 0.59447212890625 0.6824237265625 0.58087640234375 0.610443697265625 0.70769227734375 0.61039190234375 0.70828427734375 0.68688775 0.730855033203125 0.757307025390625 0.603242439453125
0 0.744071908203125 0.67778016015625 0.696828 0.66575657421875 0.663876271484375 0.658149068359375 0.610032423828125 0.784103857421875 0.609572357421875 0.7893624453125 0.680692041015625 0.804231201171875 0.744071908203125 0.67778016015625
0 0.539492640625 0.174090783203125 0.539051009765625 0.1791386640625 0.61494365234375 0.190023744140625 0.683856953125 0.047851685546875 0.684008056640625 0.046124580078125 0.6006690859375 0.03589183984375 0.539492640625 0.174090783203125
0 0.645393859375 0.134610580078125 0.659736158203125 0.01363365234375 0.61209077734375 0.00946522265625 0.56296959765625 0.12088008203125 0.562240544921875 0.129213169921875 0.645393859375 0.134610580078125
0 0.594320552734375 0.36962471484375 0.5473338125 0.37291034765625 0.522603484375 0.517701658203125 0.5227575078125 0.51990429296875 0.598844912109375 0.5156578984375 0.632378392578125 0.368850974609375 0.628434357421875 0.36850591796875 0.594320552734375 0.36962471484375
0 0.64200792578125 0.278969951171875 0.64306116015625 0.279271962890625 0.670708869140625 0.205556775390625 0.545634390625 0.1181492421875 0.545156208984375 0.11810740625 0.5223680625 0.19757912109375 0.64200792578125 0.278969951171875
0 0.654894869140625 0.29857900390625 0.6443256171875 0.296905 0.570501943359375 0.2907543828125 0.511851306640625 0.4183219765625 0.51127987890625 0.424853412109375 0.585135947265625 0.43563506640625 0.654894869140625 0.29857900390625
0 0.58427691015625 0.20575298828125 0.518863337890625 0.33817409765625 0.518408638671875 0.34337132421875 0.59704787890625 0.353644748046875 0.66046441015625 0.21510763671875 0.58427691015625 0.20575298828125
0 0.501313623046875 0.46090321484375 0.488775470703125 0.52941778125 0.487937189453125 0.53471048828125 0.6289893828125 0.59567248828125 0.64561416015625 0.518021669921875 0.64598887890625 0.51565577734375 0.522353234375 0.464092005859375 0.51710023046875 0.46228436328125 0.501313623046875 0.46090321484375
0 0.44872555859375 0.93056671875 0.455657712890625 0.9965217578125 0.600541599609375 0.9955692890625 0.5894905625 0.9132442109375 0.4518668671875 0.90930985546875 0.44847414453125 0.909666443359375 0.447653529296875 0.919046126953125 0.44872555859375 0.93056671875
0 0.460192599609375 0.865362279296875 0.458056611328125 0.88977675390625 0.586581494140625 0.92478751953125 0.588465322265625 0.92495233203125 0.595488685546875 0.8411835859375 0.48153177734375 0.80737253515625 0.468904060546875 0.806267751953125 0.460192599609375 0.865362279296875
0 0.586581626953125 0.763219708984375 0.58760243359375 0.763512419921875 0.612612166015625 0.6808412265625 0.49953843359375 0.62230016015625 0.49464047265625 0.62187164453125 0.47235867578125 0.699577498046875 0.586581626953125 0.763219708984375
0 0.5971686328125 0.71970883984375 0.56623971484375 0.714810181640625 0.51219930078125 0.707595224609375 0.471432236328125 0.82653104296875 0.470589935546875 0.836158572265625 0.550136560546875 0.848236978515625 0.5971686328125 0.71970883984375
0 0.547192544921875 0.6756500078125 0.62225407421875 0.566546927734375 0.61977923046875 0.565646158203125 0.543118923828125 0.539039763671875 0.474758158203125 0.645129619140625 0.47475407421875 0.64514083984375 0.47441956640625 0.64896427734375 0.547192544921875 0.6756500078125
0 0.237892974609375 0 0.23767310546875 0.0025131328125 0.24516079296875 0.0669638203125 0.426985962890625 0.113097578125 0.422915345703125 0.03457359375 0.422570197265625 0.02963771484375 0.26362073046875 0 0.237892974609375 0
0 0.318649291015625 0.714118587890625 0.258770537109375 0.70253141015625 0.186657283203125 0.872469470703125 0.186448330078125 0.87485781640625 0.278888642578125 0.895177333984375 0.345509291015625 0.7240566640625 0.345829759765625 0.72039369140625 0.318649291015625 0.714118587890625
0 0.412495609375 0.10985165234375 0.230213771484375 0.08988324609375 0.224959564453125 0.090715431640625 0.23201157421875 0.14963147265625 0.234944228515625 0.168147529296875 0.42579166015625 0.1829061875 0.425794955078125 0.18286854296875 0.412495609375 0.10985165234375
0 0.283265015625 0.7052977890625 0.370337095703125 0.5386768125 0.30446983984375 0.51487133203125 0.2871268046875 0.50956903515625 0.19643084375 0.673669111328125 0.196118271484375 0.67469148828125 0.195736857421875 0.67905107421875 0.283265015625 0.7052977890625
0 0.159771171875 0.863361388671875 0.16711239453125 0.93320845703125 0.35026605859375 0.9424430625 0.345083232421875 0.84604868359375 0.16961633984375 0.84212240234375 0.159417625 0.84319433203125 0.15875859375 0.85072709375 0.159771171875 0.863361388671875
0 0.314896623046875 0.333490580078125 0.393098146484375 0.15701260546875 0.379686220703125 0.154888365234375 0.3071489453125 0.14425660546875 0.23396491796875 0.3149805546875 0.2337367265625 0.316421291015625 0.233458494140625 0.31960150390625 0.314896623046875 0.333490580078125
0 0.19404027734375 0.46538328515625 0.194352201171875 0.469844009765625 0.202706564453125 0.54561419140625 0.381126775390625 0.57373260546875 0.381762798828125 0.573688130859375 0.37842136328125 0.50383052734375 0.376943197265625 0.48269173828125 0.194642017578125 0.45850536328125 0.19404027734375 0.46538328515625
0 0.24163789453125 0.607199125 0.207087552734375 0.7927725859375 0.2092830546875 0.79296466796875 0.299257884765625 0.78835672265625 0.3380534921875 0.610989005859375 0.33807525 0.609742431640625 0.32579562109375 0.608668103515625 0.24163789453125 0.607199125
0 0.225177810546875 0.41425013671875 0.31853539453125 0.4258869375 0.38238566796875 0.246582978515625 0.325454359375 0.240048150390625 0.28975508984375 0.236924869140625 0.225586546875 0.409578279296875 0.225177810546875 0.41425013671875
0 0.377454771484375 0.38914185546875 0.357594796875 0.385720890625 0.200939677734375 0.36157134375 0.199737791015625 0.36165538671875 0.20487273828125 0.44641268359375 0.388565595703125 0.483154390625 0.38954215625 0.483086103515625 0.377454771484375 0.38914185546875
0 0.898354744140625 1 0.92697569140625 0.918004 0.855696380859375 0.90598337109375 0.84935079296875 0.905428205078125 0.82252132421875 0.99071312109375 0.821711154296875 0.99997340625 0.821874982421875 1 0.898354744140625 1
0 0.836990828125 0.92950616796875 0.83747875390625 0.93414848046875 0.91476295703125 0.92680535546875 0.921981787109375 0.83022223046875 0.91259796484375 0.82940125390625 0.845659134765625 0.83643680859375 0.836990828125 0.92950616796875
0 0.141539080078125 0 0.0953782421875 0.09001084765625 0.094926375 0.092335501953125 0.09485048828125 0.09320289453125 0.178472498046875 0.11512452734375 0.18148648828125 0.11571038671875 0.20397830859375 0 0.141539080078125 0
0 0.896376130859375 0.750189396484375 0.853660474609375 0.756921623046875 0.844640552734375 0.85607457421875 0.84522493359375 0.860232662109375 0.921909615234375 0.84700504296875 0.9270488828125 0.74753671484375 0.91977748828125 0.74690055078125 0.896376130859375 0.750189396484375
0 0.940005392578125 0.77730773046875 0.9411203984375 0.70504395703125 0.845638400390625 0.675866896484375 0.8422400390625 0.675688796875 0.841928107421875 0.6792541953125 0.84149193359375 0.68757689453125 0.8398864921875 0.750710267578125 0.939893109375 0.77859113671875 0.940005392578125 0.77730773046875
0 0.880006208984375 0.596737978515625 0.838231578125 0.686655703125 0.838071630859375 0.687478560546875 0.83778828515625 0.6907172265625 0.9158424453125 0.700134203125 0.95604576171875 0.6118931328125 0.956077984375 0.61152483203125 0.880006208984375 0.596737978515625
0 0.217990529296875 0.13353819140625 0.03660455078125 0.113560615234375 0.03592941796875 0.1212774375 0.04831690625 0.19948896484375 0.233401177734375 0.22607674609375 0.217990529296875 0.13353819140625
0 0.05782548828125 0.351101080078125 0.057943640625 0.353355533203125 0.147778333984375 0.353469623046875 0.18877560546875 0.17162544140625 0.18323455078125 0.171140662109375 0.095288966796875 0.1757496953125 0.05782548828125 0.351101080078125
0 0.108493248046875 0 0.075145896484375 0.169958482421875 0.075571392578125 0.17482191796875 0.161878759765625 0.17088525390625 0.19820844921875 0 0.108493248046875 0
0 0.1779798671875 0.26181887109375 0.089872279296875 0.26948532421875 0.050038470703125 0.447945794921875 0.05029357421875 0.452813443359375 0.0543970859375 0.453172455078125 0.1465241171875 0.44623573046875 0.1779798671875 0.26181887109375
0 0 0.781620962890625 0.169607869140625 0.81635769140625 0.17000316015625 0.81183948828125 0.1739611796875 0.72702512109375 0 0.682416783203125 0 0.781620962890625
0 0 0.7208715546875 0.006916837890625 0.72344876953125 0.08001789453125 0.75005537890625 0.18031891796875 0.58636378125 0.18039155078125 0.58553358203125 0.1492559609375 0.57405986328125 0.09138988671875 0.55299833203125 0 0.697210779296875 0 0.7208715546875
0 0 0.56664830078125 0.17169837890625 0.640062486328125 0.188372419921875 0.54456736328125 0.0201189765625 0.46899512890625 0.012980318359375 0.468370578125 0 0.535148533203125 0 0.56664830078125
0 0.0391753515625 0.552899609375 0.0393250625 0.55461083203125 0.132401556640625 0.5481881171875 0.161268234375 0.352729673828125 0.15352197265625 0.352051962890625 0.06387765234375 0.35989482421875 0.0391753515625 0.552899609375
0 0 0.892954228515625 0.16115919140625 0.911530369140625 0.16362462109375 0.81386634765625 0 0.790862130859375 0 0.892954228515625
0 0.867202291015625 0.39036896484375 0.86643530078125 0.399135701171875 0.932994912109375 0.408161751953125 0.97638695703125 0.3032486484375 0.9412871953125 0.29895165234375 0.9231381484375 0.297044111328125 0.90377879296875 0.29535038671875 0.867202291015625 0.39036896484375
0 0.85069248828125 0.61493220703125 0.922250953125 0.62355209765625 0.953364646484375 0.53262312109375 0.907882376953125 0.5278427421875 0.885476638671875 0.525882494140625 0.851077267578125 0.61053416796875 0.85069248828125 0.61493220703125
0 0.8726317734375 0.303620693359375 0.98394484765625 0.326605490234375 0.97716697265625 0.2653521640625 0.86864753125 0.230428357421875 0.867975431640625 0.23811051171875 0.87225730859375 0.299344232421875 0.8726317734375 0.303620693359375
0 0.868988021484375 0.37873948046875 0.86216251953125 0.379097189453125 0.86240621875 0.4503875 0.96639025390625 0.475727384765625 0.96646282421875 0.4748978984375 0.96072892578125 0.400740302734375 0.868988021484375 0.37873948046875
0 0.85645793359375 0.518001662109375 0.94664803125 0.5579476953125 0.95514868359375 0.4867495 0.870391203125 0.446139263671875 0.865412537109375 0.4457036875 0.860354541015625 0.48169321484375 0.85645793359375 0.518001662109375
0 0.881798078125 0.126129728515625 0.88656369140625 0.15687301953125 0.99476443359375 0.19043293359375 0.995799943359375 0.19032409765625 0.98845926953125 0.12048225390625 0.879588046875 0.087450029296875 0.87874521484375 0.09708365234375 0.881798078125 0.126129728515625
0 0.948859033203125 0.23818001171875 0.978429697265625 0.150659 0.9390940078125 0.1524363671875 0.904247138671875 0.15548507421875 0.877088693359375 0.26490729296875 0.877266505859375 0.2669396953125 0.94011483984375 0.26267656640625 0.948859033203125 0.23818001171875
0 0.879662423828125 0.05074453515625 0.88769477734375 0.087387 0.99782067578125 0.112827134765625 0.9861493828125 0.040622640625 0.94238176953125 0.03679347265625 0.880018830078125 0.046670791015625 0.879662423828125 0.05074453515625