0 0.6512167109375 1 0.655091869140625 0.91759950390625 0.590406447265625 0.892230337890625 0.588744734375 0.896795857421875 0.586551359375 1 0.6512167109375 1
0 0.689077296875 0.836459541015625 0.577072662109375 0.875389015625 0.57838042578125 0.943049591796875 0.5792484765625 0.94324999609375 0.6903768359375 0.90403758984375 0.689077296875 0.836459541015625
0 0.630337328125 0.692054361328125 0.7353573515625 0.6770540703125 0.74861514453125 0.6056833359375 0.74935369921875 0.601020283203125 0.63252632421875 0.616773142578125 0.62325768359375 0.69041989453125 0.630337328125 0.692054361328125
0 0.69429060546875 0.79822434765625 0.707716779296875 0.68965490625 0.63838373828125 0.653113107421875 0.63674033984375 0.65680424609375 0.62451333203125 0.768743900390625 0.68689000390625 0.79651578515625 0.69429060546875 0.79822434765625
0 0.721876650390625 0.77331788671875 0.60056084765625 0.76753483203125 0.57764416015625 0.830497919921875 0.57461992578125 0.84359731640625 0.69527514453125 0.84764170703125 0.721876650390625 0.77331788671875
0 0.645699396484375 0.628249765625 0.758052173828125 0.59393437109375 0.752854203125 0.515240087890625 0.7523673203125 0.51525708984375 0.641870966796875 0.552787212890625 0.64449648046875 0.62797205078125 0.645699396484375 0.628249765625
0 0.74480637109375 0.56677019921875 0.764787931640625 0.44812598828125 0.68868214453125 0.41690279296875 0.669123564453125 0.53478748828125 0.68037191796875 0.539795580078125 0.74480637109375 0.56677019921875
0 0.8156582890625 0.247344623046875 0.82665759765625 0.107901796875 0.746629673828125 0.088507498046875 0.74542942578125 0.09332143359375 0.73690156640625 0.228024775390625 0.776693935546875 0.238348994140625 0.8156582890625 0.247344623046875
0 0.67744533203125 0.2731843515625 0.67599066015625 0.27948522265625 0.6778144765625 0.28011321484375 0.816175529296875 0.300111861328125 0.841801115234375 0.22763357421875 0.84212298046875 0.22669881640625 0.84369264453125 0.21989985546875 0.841672296875 0.219204193359375 0.70496808203125 0.197622271484375 0.67744533203125 0.2731843515625
0 0.668471078125 0.33983993359375 0.699717779296875 0.47987049609375 0.74903496484375 0.480731330078125 0.77786823046875 0.48037550390625 0.74783625390625 0.33775037109375 0.66913136328125 0.336979923828125 0.668471078125 0.33983993359375
0 0.77246869921875 0.413769541015625 0.786851669921875 0.27348684765625 0.707115744140625 0.252536775390625 0.70124434375 0.39386051953125 0.7414429453125 0.40629748828125 0.746976361328125 0.407884169921875 0.77246869921875 0.413769541015625
0 0.54559415234375 0.98200549609375 0.50460512109375 0.82752655078125 0.428463134765625 0.823752119140625 0.42740291015625 0.828344458984375 0.461183064453125 0.976102900390625 0.54559415234375 0.98200549609375
0 0.395039658203125 0.927182263671875 0.380807837890625 0.960710330078125 0.37895551953125 0.968733603515625 0.38105405859375 0.96962437890625 0.54188544921875 0.984283880859375 0.55891051953125 0.95331795703125 0.55928848046875 0.9516808359375 0.5384675546875 0.94284287890625 0.412058513671875 0.891156123046875 0.395039658203125 0.927182263671875
0 0.49402281640625 0.5317912265625 0.48892766015625 0.5465886328125 0.46908219921875 0.61199637109375 0.47231838671875 0.613110681640625 0.6194728671875 0.61859223828125 0.62581505859375 0.600173173828125 0.643719697265625 0.54569774609375 0.49402281640625 0.5317912265625
0 0.4579105078125 0.877371412109375 0.53293182421875 0.9023871484375 0.545155986328125 0.755973875 0.47039833203125 0.72445790234375 0.4684125234375 0.729136177734375 0.4579105078125 0.877371412109375
0 0.46260812890625 0.641842052734375 0.46132112890625 0.71557430078125 0.46674203515625 0.71682581640625 0.467679693359375 0.71684218359375 0.60231993359375 0.681542236328125 0.61001804296875 0.597561673828125 0.608679419921875 0.59725262890625 0.46260812890625 0.641842052734375
0 0.455744943359375 0.66390588671875 0.455675171875 0.66590391015625 0.500309765625 0.80931030859375 0.577022662109375 0.811989181640625 0.53605887109375 0.66523716015625 0.45594037890625 0.66305937109375 0.455744943359375 0.66390588671875
0 0.61461876953125 0.57732663671875 0.61496116015625 0.5579215234375 0.60878691015625 0.423975205078125 0.5297116015625 0.412980650390625 0.528191568359375 0.419564634765625 0.536742060546875 0.564608580078125 0.54739105859375 0.56706709375 0.586393001953125 0.5746483046875 0.614221587890625 0.579369962890625 0.61461876953125 0.57732663671875
0 0.582016669921875 0.11001699609375 0.593374259765625 0.112639103515625 0.72485698828125 0.12966126171875 0.743572861328125 0.04393933203125 0.60138291015625 0.030592341796875 0.592549517578125 0.064394220703125 0.582016669921875 0.11001699609375
0 0.64409956640625 0.23276714453125 0.661025482421875 0.237302431640625 0.6722565546875 0.239895328125 0.68815741796875 0.105792115234375 0.604721515625 0.085585109375 0.603583962890625 0.089830515625 0.591447994140625 0.21646130859375 0.64409956640625 0.23276714453125
0 0.628777712890625 0.26505205078125 0.54433742578125 0.26627778125 0.54392927734375 0.26804566015625 0.54392927734375 0.27385986328125 0.57221669921875 0.395173455078125 0.651788763671875 0.396195498046875 0.655153513671875 0.3961955 0.628777712890625 0.26505205078125
0 0.68845344140625 0.1965876484375 0.55273815234375 0.213489474609375 0.547081484375 0.294383595703125 0.55197679296875 0.295513765625 0.68036757421875 0.28220072265625 0.68845344140625 0.1965876484375
0 0.64935230859375 0.364287111328125 0.51802290234375 0.38164102734375 0.50893455859375 0.45716190234375 0.51862078125 0.459398142578125 0.6378941328125 0.44729040625 0.64935230859375 0.364287111328125
0 0.247363470703125 0.95369651171875 0.239858328125 0.785970896484375 0.234136013671875 0.78475458203125 0.160146705078125 0.770416056640625 0.158603974609375 0.777098357421875 0.17623280078125 0.938404505859375 0.18566479296875 0.940582052734375 0.247363470703125 0.95369651171875
0 0.261086443359375 0.166495083984375 0.2660794296875 0.1685123828125 0.441691248046875 0.21141304296875 0.47736171484375 0.12573222265625 0.47793476953125 0.123250048828125 0.295424216796875 0.084436091796875 0.27599279296875 0.12798152734375 0.261958591796875 0.162717390625 0.261086443359375 0.166495083984375
0 0.134840283203125 0.754837470703125 0.112779970703125 0.809920802734375 0.11763976171875 0.81208451953125 0.29887869921875 0.839974533203125 0.33063975390625 0.7728524375 0.14246531640625 0.737711361328125 0.134840283203125 0.754837470703125
0 0.27497974609375 0.23828973046875 0.29081097265625 0.42186666796875 0.30881126171875 0.424076826171875 0.3786665546875 0.4291200625 0.366893109375 0.24148882421875 0.2769054296875 0.2299486796875 0.27497974609375 0.23828973046875
0 0.352008248046875 0 0.328921552734375 0.129430126953125 0.380784775390625 0.14728806640625 0.414098919921875 0.1578445390625 0.41598526953125 0.158280037109375 0.448815791015625 0 0.352008248046875 0
0 0.155376837890625 0.65479812890625 0.135789962890625 0.72310567578125 0.134707984375 0.72779224609375 0.14015601953125 0.72935444140625 0.32625941796875 0.732930234375 0.3484571796875 0.6519081640625 0.15802950390625 0.645934720703125 0.155376837890625 0.65479812890625
0 0.267306046875 0.600635783203125 0.322386478515625 0.615876755859375 0.3225078984375 0.615453314453125 0.331500658203125 0.45641973046875 0.332283572265625 0.436282486328125 0.24656264453125 0.406210173828125 0.24295593359375 0.405377498046875 0.24262763671875 0.406522408203125 0.24038566796875 0.59291648828125 0.267306046875 0.600635783203125
0 0.392171658203125 0.35534440234375 0.21614751171875 0.395840287109375 0.2130989609375 0.47200866796875 0.213098958984375 0.481871681640625 0.21688581640625 0.4827459453125 0.394348958984375 0.44645533203125 0.394348958984375 0.425264921875 0.392809236328125 0.35534440234375 0.392171658203125 0.35534440234375
0 0.37834992578125 0.345230455078125 0.37842856640625 0.3449884296875 0.399491876953125 0.16465334765625 0.31382675390625 0.130161001953125 0.28603196484375 0.31718198828125 0.357643626953125 0.34045002734375 0.37834992578125 0.345230455078125
0 0.167815017578125 0.59538351171875 0.16140205859375 0.657494873046875 0.16621637890625 0.65817148046875 0.34969315625 0.6343806328125 0.360131177734375 0.542079775390625 0.17225082421875 0.56382110546875 0.167815017578125 0.59538351171875
0 1 0.13983319921875 0.9625876484375 0.1321963125 0.9383996171875 0.1986523828125 0.93668975 0.206058634765625 0.937966294921875 0.206523259765625 1 0.217191857421875 1 0.13983319921875
0 1 0.219108685546875 0.943739498046875 0.21152303515625 0.923382900390625 0.270642890625 0.9201970234375 0.284442439453125 1 0.2966904140625 1 0.219108685546875
0 0 0.874027806640625 0.111744791015625 0.873734474609375 0.12010448828125 0.846614580078125 0.122061607421875 0.838137359375 0 0.803136755859375 0 0.874027806640625
0 0.923222166015625 0.27828506640625 0.9252410546875 0.374836681640625 0.967383041015625 0.384532201171875 0.997765611328125 0.39099021875 0.999607845703125 0.28973351953125 0.924816072265625 0.27138109765625 0.923222166015625 0.27828506640625
0 0.89796875390625 0.3529398359375 0.913652861328125 0.452055841796875 0.97274383984375 0.45943278515625 0.986597693359375 0.46064483984375 0.9729637890625 0.358162658203125 0.89872878125 0.34964778515625 0.89796875390625 0.3529398359375
0 0.87855142578125 0.529665876953125 0.9693193203125 0.506201201171875 0.97366231640625 0.426543142578125 0.97322554296875 0.426442306640625 0.87345528125 0.453024513671875 0.87477785546875 0.5287946796875 0.87855142578125 0.529665876953125
0 0.00378287890625 0.595333625 0.004707537109375 0.781133158203125 0.064371744140625 0.797120134765625 0.095028978515625 0.8041979140625 0.087974234375 0.6184230703125 0.00378287890625 0.595333625
0 0.095792037109375 0.51830019921875 0.003872216796875 0.51655719921875 0.003162353515625 0.5196319609375 0.0464225625 0.69702421875 0.07229580859375 0.69792773046875 0.13669334375 0.69672185546875 0.13675704296875 0.694897734375 0.095792037109375 0.51830019921875
0 0 0.8864927578125 0.012448814453125 0.88936679296875 0.076332314453125 0.901335623046875 0.06559479296875 0.70313169140625 0 0.686871958984375 0 0.8864927578125
0 0 0.547490068359375 0.1628916796875 0.56869625 0.200230361328125 0.488524279296875 0.016176697265625 0.455008734375 0 0.4908261953125 0 0.547490068359375
0 0.20907631640625 0.242006556640625 0.224726376953125 0.048243685546875 0.138913326171875 0.0231044609375 0.138826251953125 0.02340812890625 0.113838353515625 0.21513523828125 0.20124255859375 0.240197990234375 0.20907631640625 0.242006556640625
0 0.1249466640625 0.11649795703125 0.089663978515625 0.304360677734375 0.146348474609375 0.3284218203125 0.17250348828125 0.3394006640625 0.177470125 0.34054730078125 0.215739609375 0.152486599609375 0.144131220703125 0.122090640625 0.125805140625 0.114475509765625 0.1249466640625 0.11649795703125
0 0.037365337890625 0.381967171875 0.21947164453125 0.365553103515625 0.23166925390625 0.26621155078125 0.04027703125 0.286961392578125 0.02830439453125 0.3711313515625 0.02726037109375 0.379634255859375 0.037365337890625 0.381967171875
0 0.0328672421875 0.328452353515625 0.032904732421875 0.3295259453125 0.0809442734375 0.518081650390625 0.178850767578125 0.5146626796875 0.12601023046875 0.32284090234375 0.03301784765625 0.32780000390625 0.0328672421875 0.328452353515625
0 0.104394599609375 0 0.10038328515625 0.0082244140625 0.09033014453125 0.05176935546875 0.094787271484375 0.0539432421875 0.261367626953125 0.112686416015625 0.298384609375 0.044433974609375 0.309656494140625 0.02132318359375 0.244019408203125 0 0.104394599609375 0
0 0.81535227734375 0.71773705859375 0.82077624609375 0.819407857421875 0.839711474609375 0.823779400390625 0.85756170703125 0.827573583984375 0.89227141015625 0.8343333203125 0.883423052734375 0.721146150390625 0.817331896484375 0.7091623828125 0.81535227734375 0.71773705859375
0 0.871349126953125 0.51503895703125 0.842797599609375 0.57107448046875 0.84208035546875 0.57418121484375 0.84591503515625 0.57613508203125 0.933787837890625 0.598223990234375 0.966125224609375 0.53230628515625 0.871811703125 0.514170037109375 0.871349126953125 0.51503895703125
0 0.858554064453125 0.788387224609375 0.784907060546875 0.7870961796875 0.78471086328125 0.787946009765625 0.78471086328125 0.788142884765625 0.82767076171875 0.8953372578125 0.87870452734375 0.897399720703125 0.88912817578125 0.897399720703125 0.858554064453125 0.788387224609375
0 0.88978454296875 0.646218849609375 0.8179317421875 0.6509965234375 0.81738670703125 0.653357328125 0.817387328125 0.65339287890625 0.847116927734375 0.747765259765625 0.8637152265625 0.7478873203125 0.92189822265625 0.746871732421875 0.88978454296875 0.646218849609375
0 0.87438413671875 0.67052134765625 0.932519849609375 0.6756075625 0.93271258984375 0.6747727109375 0.9114170234375 0.57950720703125 0.84257493359375 0.572038962890625 0.841269853515625 0.57769188671875 0.858765265625 0.6686383125 0.87438413671875 0.67052134765625
0 0.835396533203125 1 0.83291563671875 0.93634659765625 0.768226140625 0.9077996640625 0.767591837890625 0.909452078125 0.77056102734375 1 0.835396533203125 1
0 0.80951816796875 0.96441462890625 0.87251173828125 0.96331507421875 0.87300617578125 0.96117343359375 0.834134728515625 0.85402056640625 0.76042348046875 0.85841644140625 0.760407828125 0.85848423828125 0.798935046875 0.942369744140625 0.80951816796875 0.96441462890625