0 0.4337223515625 0 0.391054650390625 0.02052773828125 0.38700110546875 0.02430773046875 0.38915414453125 0.027753314453125 0.432066765625 0.07222149609375 0.53909658984375 0.024081060546875 0.515502515625 0 0.4337223515625 0
0 0.45107628515625 0.05551783203125 0.497091775390625 0.1648023984375 0.54818161328125 0.120549603515625 0.50261346875 0.010886400390625 0.45107628515625 0.05551783203125
0 0.663091580078125 0.25269876171875 0.55034480078125 0.285712287109375 0.5564735546875 0.295520341796875 0.59366922265625 0.34959327734375 0.70291926953125 0.318531794921875 0.663091580078125 0.25269876171875
0 0.583842955078125 0.162026837890625 0.5729543203125 0.17023201171875 0.53304809765625 0.204667634765625 0.570009814453125 0.305945923828125 0.5724444765625 0.30917683203125 0.58164799609375 0.303425833984375 0.632581603515625 0.26493725 0.594379552734375 0.15544283984375 0.583842955078125 0.162026837890625
0 0.61620026953125 0.19034701171875 0.616245767578125 0.190325796875 0.58252024609375 0.1169622421875 0.46540370703125 0.132857783203125 0.46282526953125 0.134468970703125 0.495701078125 0.204971375 0.61620026953125 0.19034701171875
0 0.70885216796875 0.32385241796875 0.59698030859375 0.33806433203125 0.59329838671875 0.340365052734375 0.62246691796875 0.411765728515625 0.73971101953125 0.39316253125 0.70885216796875 0.32385241796875
0 0.671843166015625 0.49166178125 0.7852783671875 0.4538822890625 0.742534015625 0.383597873046875 0.629995080078125 0.421383537109375 0.62868639453125 0.422233408203125 0.664983318359375 0.480966513671875 0.66716675390625 0.48446073828125 0.671843166015625 0.49166178125
0 0.869093583984375 0.641681337890625 0.811816521484375 0.68111276953125 0.865901345703125 0.80477580859375 0.868675669921875 0.808888916015625 0.93724408203125 0.76329307421875 0.87893061328125 0.635396056640625 0.8718821640625 0.639800416015625 0.869093583984375 0.641681337890625
0 0.73896691015625 0.641786568359375 0.74009605859375 0.64366578515625 0.7843288125 0.71441544921875 0.913558580078125 0.6648827421875 0.91601533984375 0.6634065703125 0.911932015625 0.65661077734375 0.871797328125 0.59104417578125 0.746007900390625 0.63738687109375 0.73896691015625 0.641786568359375
0 0.69537427734375 0.5728372265625 0.830800634765625 0.5141741171875 0.808311677734375 0.48384944921875 0.782837291015625 0.450043794921875 0.65654447265625 0.506561576171875 0.65101219921875 0.51073044140625 0.688787064453125 0.56409569921875 0.69537427734375 0.5728372265625
0 0.723292810546875 0.536837673828125 0.779420134765625 0.6666706328125 0.84635219921875 0.61853725390625 0.78271326953125 0.4928480390625 0.768084939453125 0.50198883203125 0.756364427734375 0.51082087109375 0.723292810546875 0.536837673828125
0 0.454296232421875 0.11955851171875 0.401008771484375 0.06208955859375 0.25800148046875 0.129199986328125 0.257528841796875 0.129656408203125 0.26028112109375 0.134060974609375 0.315119513671875 0.19084779296875 0.454296232421875 0.11955851171875
0 0.231588029296875 0.078133212890625 0.249446373046875 0.11318218359375 0.26882519921875 0.147734357421875 0.2689465703125 0.147928591796875 0.39143245703125 0.087554693359375 0.41199592578125 0.07707708203125 0.39195125 0.04597621875 0.24490112890625 0.069814263671875 0.231588029296875 0.078133212890625
0 0.46217823046875 0.44298604296875 0.46804083984375 0.4574965078125 0.6168047578125 0.435774517578125 0.596073634765625 0.3823108046875 0.588776154296875 0.36424890625 0.442665376953125 0.37737455078125 0.43923109375 0.379520529296875 0.46217823046875 0.44298604296875
0 0.492920193359375 0.210890634765625 0.444434365234375 0.143809279296875 0.306350283203125 0.1880703984375 0.304837474609375 0.18916951953125 0.339539123046875 0.24592883984375 0.346734607421875 0.25583257421875 0.492676931640625 0.211067373046875 0.492920193359375 0.210890634765625
0 0.3917855390625 0.31151708984375 0.392165052734375 0.312456419921875 0.42805269921875 0.38526971484375 0.5737512890625 0.369161630859375 0.57427945703125 0.368831595703125 0.54470261328125 0.298106857421875 0.39740233984375 0.308471099609375 0.395302314453125 0.30931956640625 0.3917855390625 0.31151708984375
0 0.50480640234375 0.236069892578125 0.35409684765625 0.230047021484375 0.35102381640625 0.231967265625 0.3742156875 0.3078244609375 0.52570451171875 0.309401224609375 0.50480640234375 0.236069892578125
0 0.537262349609375 0.565529349609375 0.53979050390625 0.5695752421875 0.612792880859375 0.54637596484375 0.6004551171875 0.39390609765625 0.6001911640625 0.393139521484375 0.557804869140625 0.40522605859375 0.521938912109375 0.41757569921875 0.53427250390625 0.54901066796875 0.536575841796875 0.5635355859375 0.537262349609375 0.565529349609375
0 0.8793547109375 0.85062937109375 0.832133359375 0.7822942578125 0.70772358984375 0.8412685703125 0.7037897890625 0.843823208984375 0.723694041015625 0.875676671875 0.7506946328125 0.917253939453125 0.8793547109375 0.85062937109375
0 0.71996855078125 0.84375851171875 0.82444905859375 0.763662056640625 0.762573166015625 0.703098529296875 0.65751235546875 0.787455208984375 0.658843431640625 0.789585375 0.67933001953125 0.808689427734375 0.71996855078125 0.84375851171875
0 0.73098423828125 0.646891771484375 0.73191303515625 0.646376931640625 0.691140224609375 0.570235017578125 0.5714817734375 0.6082579296875 0.56590552734375 0.61174235546875 0.605214578125 0.68265775390625 0.73098423828125 0.646891771484375
0 0.724281359375 0.621070052734375 0.694499546875 0.63074675 0.6430736640625 0.64885201171875 0.6615823125 0.77922569140625 0.66364796875 0.782531431640625 0.74072602734375 0.75694157421875 0.724281359375 0.621070052734375
0 0.688081333984375 0.554958400390625 0.634105544921875 0.496796421875 0.52313254296875 0.5569809609375 0.519372166015625 0.560487568359375 0.521600240234375 0.564053234375 0.57571541796875 0.62036642578125 0.688081333984375 0.554958400390625
0 0.108728884765625 0.352203646484375 0.112672294921875 0.35628716796875 0.16140037109375 0.30471046484375 0.093648361328125 0.164327484375 0.051959439453125 0.19037761328125 0.02959280859375 0.211976818359375 0.108728884765625 0.352203646484375
0 0.4162985234375 0.932586912109375 0.43556787890625 0.9594992421875 0.603803861328125 0.874782111328125 0.54952249609375 0.802873779296875 0.38443012890625 0.879878833984375 0.38258567578125 0.881170337890625 0.401574591796875 0.91155895703125 0.4162985234375 0.932586912109375
0 0.051494724609375 0.34133797265625 0.05697577734375 0.359265685546875 0.248030208984375 0.347319240234375 0.224686021484375 0.276826763671875 0.041399072265625 0.28242141796875 0.03923228125 0.28308387109375 0.03652350390625 0.28477650390625 0.051494724609375 0.34133797265625
0 0.400001154296875 0.60330436328125 0.31839240234375 0.64854083203125 0.37478098828125 0.8179571484375 0.37771411328125 0.82324865234375 0.379348400390625 0.8258640546875 0.456695501953125 0.78792298828125 0.400001154296875 0.60330436328125
0 0.619123140625 1 0.533613423828125 0.850195802734375 0.50360954296875 0.8716623671875 0.459803091796875 0.90467289453125 0.51073208984375 1 0.619123140625 1
0 0.135538923828125 0.4771007890625 0.142156064453125 0.483566861328125 0.30581187890625 0.386021203125 0.247116998046875 0.325919388671875 0.08608087890625 0.419271564453125 0.08299210546875 0.42236033984375 0.08664612109375 0.42820798828125 0.135538923828125 0.4771007890625
0 0.23224121484375 0.61941013671875 0.236470783203125 0.62890990234375 0.2702362421875 0.69725322265625 0.44751346484375 0.6626525859375 0.44809591796875 0.662393259765625 0.4210632890625 0.597891423828125 0.412444373046875 0.57853301953125 0.235003400390625 0.617684130859375 0.23224121484375 0.61941013671875
0 0.46229015234375 0.6870855625 0.46070848046875 0.68772459765625 0.37921383203125 0.72735212890625 0.41205530859375 0.90179455078125 0.415359615234375 0.907082544921875 0.5031572890625 0.87213834375 0.46229015234375 0.6870855625
0 0.16537589453125 0.5402915546875 0.35243524609375 0.511961875 0.31687555078125 0.4234814375 0.13491701171875 0.45360169921875 0.129975462890625 0.45668951953125 0.15350126953125 0.5136207109375 0.16537589453125 0.5402915546875
0 0.40057133203125 0.549641578125 0.3430933359375 0.486842728515625 0.17794939453125 0.57350526171875 0.176657623046875 0.574709859375 0.245013607421875 0.6399599140625 0.2626005859375 0.63012021484375 0.400398861328125 0.549802408203125 0.40057133203125 0.549641578125
0 1 0.44182566796875 0.980699716796875 0.45388582421875 0.980190775390625 0.45425558984375 0.93791262109375 0.48703434765625 0.979836578125 0.576767513671875 0.98142393359375 0.578952322265625 1 0.564976369140625 1 0.44182566796875
0 1 0.436423927734375 0.982892234375 0.403015451171875 0.88812937109375 0.42144934765625 0.882378068359375 0.42504316015625 0.88672523046875 0.434365681640625 0.914947033203125 0.490862853515625 1 0.472128427734375 1 0.436423927734375
0 0.97880106640625 0.3920801328125 0.932088400390625 0.330090333984375 0.84154019140625 0.36867696875 0.837896037109375 0.3714230390625 0.83981037109375 0.37448661328125 0.88919273046875 0.4310533984375 0.97880106640625 0.3920801328125
0 0 0.563785921875 0.00232396484375 0.57060267578125 0.00346931640625 0.57217911328125 0.07843987109375 0.516795240234375 0.013546880859375 0.345195546875 0 0.353660578125 0 0.563785921875
0 0.11576799609375 0.61135840625 0.08759548828125 0.43227426171875 0.086853099609375 0.430606828125 0.026693017578125 0.4536125 0.00304222265625 0.464142513671875 0.02964027734375 0.64657861328125 0.03037652734375 0.64775686328125 0.11576799609375 0.61135840625
0 0.10548273828125 0.503403314453125 0.03672526171875 0.55902823046875 0.1034953671875 0.72925344921875 0.1063709453125 0.73306946875 0.112256048828125 0.729392048828125 0.1825293359375 0.67388165234375 0.10548273828125 0.503403314453125
0 0.304248587890625 1 0.424109044921875 0.973169119140625 0.385269646484375 0.882272564453125 0.202745751953125 0.932635548828125 0.199321974609375 0.9347749609375 0.22836203515625 1 0.304248587890625 1
0 0.2696962734375 0.986560693359375 0.295438119140625 0.96436385546875 0.341228638671875 0.924558763671875 0.24883999609375 0.755365138671875 0.24844096484375 0.75490610546875 0.23346329296875 0.76772748046875 0.174391958984375 0.819077408203125 0.26815603515625 0.984788853515625 0.2696962734375 0.986560693359375
0 0.22074063671875 0.67008845703125 0.201908240234375 0.68096134765625 0.137599458984375 0.71974822265625 0.19069675390625 0.89547716796875 0.19541171484375 0.903022685546875 0.28001987890625 0.854174140625 0.22074063671875 0.67008845703125
0 0.271804529296875 0.719975939453125 0.22584094921875 0.633531013671875 0.035668982421875 0.68700914453125 0.07233250390625 0.75912889453125 0.079258232421875 0.77021237890625 0.27156883984375 0.720123212890625 0.271804529296875 0.719975939453125
0 0.393703984375 1 0.34093084765625 0.927356431640625 0.33455489453125 0.9313405703125 0.314088087890625 0.951105134765625 0.26776754296875 0.99987138671875 0.267865962890625 1 0.393703984375 1
0 0.72356796484375 0.074582595703125 0.69507034765625 0.10210242578125 0.74505163671875 0.197992890625 0.747841068359375 0.20088143359375 0.800190017578125 0.152030310546875 0.7464604140625 0.054884771484375 0.742535005859375 0.057337638671875 0.72356796484375 0.074582595703125
0 0.8061738125 0.28841423828125 0.826361818359375 0.350546537109375 0.826682771484375 0.35147712109375 0.922600384765625 0.3483204140625 0.9226612734375 0.348282365234375 0.901044810546875 0.27815321484375 0.81079840234375 0.28622383984375 0.808466794921875 0.28698142578125 0.8061738125 0.28841423828125
0 0.7114077734375 0 0.671819759765625 0.026018583984375 0.689767947265625 0.13731710546875 0.691665380859375 0.140353630859375 0.753375255859375 0.10178658203125 0.72546641015625 0 0.7114077734375 0
0 0.75462230078125 0.258797138671875 0.824093625 0.2315417734375 0.817945439453125 0.1314299453125 0.817590203125 0.13045394140625 0.768760552734375 0.145565375 0.747933380859375 0.15314584375 0.75393430859375 0.257078134765625 0.7544730234375 0.25855824609375 0.75462230078125 0.258797138671875
0 0.7638992421875 0.2245494765625 0.76692586328125 0.233864453125 0.786906638671875 0.29126901953125 0.88657485546875 0.290574390625 0.88715155859375 0.29038701171875 0.88508907421875 0.28403933203125 0.86190925 0.2199165859375 0.76563421875 0.223465341796875 0.7638992421875 0.2245494765625
0 0.59658940234375 0 0.61659421875 0.03481679296875 0.61879418359375 0.038478150390625 0.6223761171875 0.044210443359375 0.64786525390625 0.04137134765625 0.73949154296875 0.02958259765625 0.72337120703125 0 0.59658940234375 0