0 1 0.41332316796875 0.956103765625 0.38857401171875 0.93730503515625 0.50441654296875 0.986557375 0.53169523046875 0.9953196953125 0.53541461328125 0.997852087890625 0.530651875 1 0.519276251953125 1 0.41332316796875
0 0.97140181640625 0.394260060546875 0.8540269296875 0.41110280078125 0.842477677734375 0.47732677734375 0.8440744765625 0.478004580078125 0.95978298046875 0.460844474609375 0.97140181640625 0.394260060546875
0 0.751325810546875 0.32380050390625 0.637766484375 0.29691305078125 0.601630013671875 0.36438328515625 0.602778619140625 0.36504643359375 0.712164767578125 0.39004148828125 0.74802563671875 0.3315752265625 0.751325810546875 0.32380050390625
0 0.7899147265625 0.44083421875 0.78839754296875 0.327413482421875 0.7155780390625 0.30504333984375 0.71548006640625 0.418090861328125 0.76514614453125 0.43694866015625 0.788529478515625 0.44409766015625 0.7899147265625 0.44083421875
0 0.78913161328125 0.336402255859375 0.791825208984375 0.457825943359375 0.86843415234375 0.479793203125 0.8694736875 0.47734420703125 0.86513001171875 0.357754392578125 0.78913161328125 0.336402255859375
0 0.53874583984375 0.353492576171875 0.654595263671875 0.353524919921875 0.67257807421875 0.2769806953125 0.671338904296875 0.27664866015625 0.55552088671875 0.280207599609375 0.536176470703125 0.352401943359375 0.53874583984375 0.353492576171875
0 0.494202701171875 0.212197728515625 0.48463769921875 0.332131970703125 0.56263691796875 0.35643558203125 0.563310859375 0.354847876953125 0.572406837890625 0.23717987109375 0.494202701171875 0.212197728515625
0 0.30264276171875 0.16744768359375 0.30491013671875 0.16381912109375 0.307777388671875 0.157064298828125 0.1787266875 0.103582890625 0.135551626953125 0.17370080078125 0.13975905078125 0.176329892578125 0.265234291015625 0.22606598828125 0.30264276171875 0.16744768359375
0 0.299476826171875 0.2850373671875 0.303212609375 0.2874634140625 0.307256900390625 0.28918011328125 0.30923887109375 0.2861281484375 0.3626390859375 0.16015043359375 0.293920572265625 0.113775369140625 0.289975703125 0.11210087109375 0.289720318359375 0.11249412890625 0.236290359375 0.243260068359375 0.299476826171875 0.2850373671875
0 0.36771272265625 0.291077955078125 0.50694096875 0.311689494140625 0.525418326171875 0.2659564296875 0.535419052734375 0.238910740234375 0.3915045234375 0.215835728515625 0.36262655078125 0.28891900390625 0.36771272265625 0.291077955078125
0 0.297124322265625 0.259417517578125 0.43368833203125 0.2795324609375 0.4502590703125 0.24085408984375 0.462294611328125 0.211065080078125 0.322922484375 0.181811625 0.294057142578125 0.258115576171875 0.297124322265625 0.259417517578125
0 0.7970990625 0.596338427734375 0.948471642578125 0.63729446875 0.9774627734375 0.59431334765625 0.99203557421875 0.57173358984375 0.84232691015625 0.52561284765625 0.794880990234375 0.594842318359375 0.7970990625 0.596338427734375
0 0.953351744140625 0.533845642578125 0.91757891796875 0.52439271484375 0.913968580078125 0.547187498046875 0.894398255859375 0.68234580859375 0.93347150390625 0.690143619140625 0.9606423125 0.69444705078125 0.9735045546875 0.664145509765625 0.953351744140625 0.533845642578125
0 0.552763240234375 0.524354462890625 0.616243009765625 0.54606171484375 0.61891938671875 0.539756564453125 0.62927894921875 0.396401669921875 0.61109244140625 0.389420525390625 0.5572750625 0.36962562890625 0.538152669921875 0.518745990234375 0.552763240234375 0.524354462890625
0 0.871100533203125 0.5990893671875 0.89871923828125 0.524986787109375 0.75282176953125 0.50766032421875 0.718715994140625 0.581272544921875 0.7233221171875 0.5834204140625 0.871100533203125 0.5990893671875
0 0.699589275390625 0.573649376953125 0.70276123828125 0.434819962890625 0.623857802734375 0.404156064453125 0.62348241015625 0.405040439453125 0.6260891796875 0.558176712890625 0.696959798828125 0.57984403515625 0.699589275390625 0.573649376953125
0 0.64564985546875 0.555034943359375 0.649329509765625 0.55659686328125 0.794363328125 0.5703159453125 0.826182333984375 0.4953550625 0.673628455078125 0.48545914453125 0.64564985546875 0.555034943359375
0 0.54890405859375 0.35984779296875 0.546579828125 0.359268294921875 0.46860605859375 0.344230892578125 0.469608390625 0.497889873046875 0.474807896484375 0.49918625390625 0.543077837890625 0.51448346875 0.546344427734375 0.506787861328125 0.5474651484375 0.5022928984375 0.54806046484375 0.49380257421875 0.54890405859375 0.35984779296875
0 0.15576118359375 0.334132376953125 0.194861576171875 0.266408509765625 0.19609823046875 0.264206279296875 0.1988525859375 0.25771742578125 0.084506115234375 0.210674775390625 0.06609504296875 0.242563689453125 0.0479609375 0.2852849609375 0.15576118359375 0.334132376953125
0 0.254558892578125 0.330939431640625 0.26374481640625 0.262223138671875 0.26365163671875 0.2621835859375 0.13210616015625 0.263390435546875 0.115851689453125 0.345425908203125 0.117703392578125 0.346211908203125 0.25185733203125 0.347996400390625 0.254558892578125 0.330939431640625
0 0.43087715625 0.348698640625 0.43213595703125 0.34558300390625 0.43211730859375 0.34557508984375 0.3006629765625 0.320906916015625 0.270370669921875 0.399133255859375 0.280437 0.40340616015625 0.400121310546875 0.4220937109375 0.43087715625 0.348698640625
0 0.29993359375 0.41947684765625 0.32063641796875 0.28728648046875 0.242992474609375 0.25846319921875 0.21927126953125 0.391902181640625 0.248664556640625 0.40341855859375 0.29897687109375 0.4217307421875 0.29993359375 0.41947684765625
0 0.35939530078125 0.450501474609375 0.483768876953125 0.44660073828125 0.50044572265625 0.36718672265625 0.50094825390625 0.364601439453125 0.368769115234375 0.372749486328125 0.35426744140625 0.448324826171875 0.35939530078125 0.450501474609375
0 0.90244091796875 0.825863654296875 0.73560622265625 0.807038330078125 0.73350971484375 0.81249991796875 0.70770604296875 0.883520212890625 0.713218875 0.88586026953125 0.87605639453125 0.893718982421875 0.87958197265625 0.885413248046875 0.90244091796875 0.825863654296875
0 0.101056720703125 0.65628301171875 0.15999078515625 0.673182083984375 0.16045828515625 0.672080724609375 0.16126851953125 0.6692551015625 0.1803294140625 0.48808680859375 0.09466646484375 0.46017383203125 0.069337123046875 0.64682527734375 0.101056720703125 0.65628301171875
0 0.836730853515625 0.84649933984375 0.8464131953125 0.83158983984375 0.84917830078125 0.82507566015625 0.669888078125 0.761310876953125 0.629504623046875 0.82898599609375 0.63123397265625 0.830109048828125 0.809061548828125 0.88702647265625 0.836730853515625 0.84649933984375
0 0.23431838671875 0.571715109375 0.190949892578125 0.652232876953125 0.19062276953125 0.65300352734375 0.19528220703125 0.65548099609375 0.37545021484375 0.70738554296875 0.38396430078125 0.691372875 0.41370646484375 0.627964673828125 0.23431838671875 0.571715109375
0 0 0.574945189453125 0.12269923046875 0.58376963671875 0.135038158203125 0.530323859375 0.142440650390625 0.494204736328125 0.142371361328125 0.49417532421875 0 0.479919216796875 0 0.574945189453125
0 0.592603212890625 0.866267974609375 0.65647179296875 0.89741876171875 0.66089927734375 0.899298119140625 0.663383783203125 0.89420412109375 0.699221765625 0.71154898046875 0.623285203125 0.67561912109375 0.584335091796875 0.8621164921875 0.592603212890625 0.866267974609375
0 0.27915608984375 0.686194427734375 0.44700607421875 0.74743298046875 0.48817398046875 0.68927219140625 0.49619191796875 0.676925650390625 0.4968499921875 0.67537532421875 0.324931751953125 0.607853958984375 0.318331515625 0.618017431640625 0.27701948828125 0.68480690234375 0.27915608984375 0.686194427734375
0 0.220540740234375 0.71916676171875 0.29265429296875 0.54466745703125 0.21034793359375 0.49382812890625 0.210173107421875 0.494107908203125 0.145451953125 0.66573148828125 0.21726540625 0.71777646484375 0.220540740234375 0.71916676171875
0 0.51311181640625 0.83492967578125 0.566625794921875 0.867661439453125 0.569085755859375 0.8638734296875 0.627698693359375 0.687667689453125 0.545870359375 0.638704404296875 0.488626935546875 0.819029005859375 0.51311181640625 0.83492967578125
0 0.39742573046875 0.6687375625 0.3668755546875 0.755820634765625 0.373090572265625 0.75845875390625 0.554029232421875 0.760635103515625 0.562622431640625 0.73066705859375 0.577046560546875 0.67853868359375 0.41756297265625 0.669520478515625 0.39742573046875 0.6687375625
0 0.302871615234375 0 0.300914939453125 0.02367032421875 0.374681546875 0.04343602734375 0.37737251953125 0.0370964921875 0.379757744140625 0 0.302871615234375 0
0 0.79579820703125 1 0.8096327578125 0.951270775390625 0.778590572265625 0.93100999609375 0.73548083203125 1 0.79579820703125 1
0 0.36662875390625 0 0.3478517265625 0.04034748046875 0.3503188203125 0.04144590234375 0.44680758203125 0.063797146484375 0.466620685546875 0.02278775390625 0.47629351171875 0 0.36662875390625 0
0 0.43869371484375 0.014074099609375 0.42494998046875 0.087917025390625 0.426105603515625 0.08840755859375 0.4273348828125 0.088602255859375 0.528220859375 0.07979020703125 0.539701810546875 0.02135776171875 0.54187730859375 0.007622203125 0.43869371484375 0.014074099609375
0 0.510714029296875 0.019995001953125 0.51780252734375 0.1234676875 0.591506779296875 0.136463734375 0.59387373046875 0.130887546875 0.588293931640625 0.039511529296875 0.510714029296875 0.019995001953125
0 0.662478541015625 1 0.656713265625 0.896058484375 0.57213176953125 0.874441896484375 0.57494849609375 1 0.662478541015625 1
0 0.60204289453125 1 0.641653189453125 0.934077396484375 0.643826521484375 0.92895734765625 0.464020587890625 0.8797851171875 0.42194648828125 0.959158005859375 0.423881583984375 0.96032073046875 0.56280691015625 1 0.60204289453125 1
0 0.75038215234375 1 0.7477705390625 0.928808517578125 0.67466228515625 0.9093259296875 0.65891813671875 0.905400474609375 0.658411513671875 0.906594001953125 0.663310337890625 1 0.75038215234375 1
0 0.4524748515625 1 0.51445231640625 0.849760775390625 0.446676099609375 0.79294434375 0.366665978515625 0.9620520703125 0.413019427734375 1 0.4524748515625 1
0 0.1514514375 0.682070501953125 0.059890884765625 0.6448233828125 0.021174189453125 0.8331409375 0.102839490234375 0.86780580078125 0.10495873046875 0.862813185546875 0.1514514375 0.682070501953125
0 0.109757927734375 0.87351009375 0.200980146484375 0.908527025390625 0.2016523125 0.906943501953125 0.23045383984375 0.717327564453125 0.213984431640625 0.71100555078125 0.141952884765625 0.68368541015625 0.14125757421875 0.685323455078125 0.109757927734375 0.87351009375
0 0.185523357421875 0.897742470703125 0.23865169140625 0.932244412109375 0.271617150390625 0.946237419921875 0.334449765625 0.77183182421875 0.254173560546875 0.717489638671875 0.185523357421875 0.897742470703125
0 0.28300574609375 0.947639416015625 0.3150119921875 0.9646574375 0.37089184765625 0.988377029296875 0.41990465625 0.8001989453125 0.336404439453125 0.75774993359375 0.28300574609375 0.947639416015625
0 0 0.778954625 0.054318611328125 0.799182275390625 0.08741119140625 0.740627845703125 0.096485033203125 0.722819427734375 0.1027061953125 0.70816328515625 0 0.67280440625 0 0.778954625
0 0.85659502734375 0.25575287890625 0.87036096484375 0.157132076171875 0.802887142578125 0.129842869140625 0.79013680859375 0.24123219921875 0.83206095703125 0.25902794140625 0.851921802734375 0.266762306640625 0.85659502734375 0.25575287890625
0 0.575012525390625 0.149917357421875 0.66560053515625 0.13860987109375 0.668531865234375 0.122034552734375 0.676567091796875 0.071302125 0.580683626953125 0.077821494140625 0.57064744140625 0.14806448828125 0.575012525390625 0.149917357421875
0 0.963565130859375 0.196221125 0.84908753125 0.203903494140625 0.828596744140625 0.25925491015625 0.835058412109375 0.2619977265625 0.94079329296875 0.26630563671875 0.963565130859375 0.196221125
0 0.80082290625 0.198560150390625 0.815987728515625 0.16746765625 0.82507808203125 0.146052126953125 0.72207085546875 0.12917569921875 0.693476158203125 0.195905447265625 0.695595314453125 0.196939029296875 0.79317867578125 0.21329392578125 0.80082290625 0.198560150390625
0 0.723889671875 0.174076658203125 0.754132041015625 0.129240501953125 0.755880697265625 0.12512092578125 0.662240814453125 0.09756243359375 0.621578322265625 0.155223462890625 0.624899232421875 0.157463447265625 0.7146705546875 0.18682431640625 0.723889671875 0.174076658203125
0 1 0.25093841796875 0.981305658203125 0.249591220703125 0.95151955859375 0.30804973046875 0.95006524609375 0.311475876953125 0.95263819140625 0.312786859375 1 0.315906076171875 1 0.25093841796875
0 0.919197302734375 0.19232798828125 0.9271766953125 0.308209609375 0.93300259765625 0.30977065625 0.997314125 0.324130814453125 0.99873037109375 0.32079434375 0.98538333203125 0.233249515625 0.981057947265625 0.20779609765625 0.97234951953125 0.205462681640625 0.919197302734375 0.19232798828125