0 0.98825452734375 0.424258830078125 0.989291896484375 0.420865748046875 0.98582073828125 0.309325857421875 0.9234002734375 0.289068158203125 0.921345716796875 0.2887058828125 0.92196522265625 0.404151443359375 0.954017103515625 0.41482285546875 0.980283697265625 0.422853357421875 0.98825452734375 0.424258830078125
0 0.8503713515625 0.275672333984375 0.849201861328125 0.3944204140625 0.913148923828125 0.41631230078125 0.9148750234375 0.297747708984375 0.8503713515625 0.275672333984375
0 0.5663521171875 0.3350136796875 0.56486110546875 0.339110205078125 0.56480051953125 0.33945380078125 0.682424095703125 0.34627841796875 0.70630637890625 0.27352499609375 0.705167537109375 0.273110490234375 0.592984505859375 0.26748393359375 0.5663521171875 0.3350136796875
0 0.773107970703125 0.266938955078125 0.667014689453125 0.29927441015625 0.661914572265625 0.376235916015625 0.66696458203125 0.377126369140625 0.773107970703125 0.34311615234375 0.773107970703125 0.266938955078125
0 0.72642770703125 0.369577890625 0.845244640625 0.3794073671875 0.86994606640625 0.318269189453125 0.87287655078125 0.310900880859375 0.87404090625 0.30429748828125 0.752563244140625 0.29597369140625 0.74203515625 0.32203162109375 0.723578830078125 0.36842687109375 0.72642770703125 0.369577890625
0 0.61470001953125 0.353396275390625 0.586386353515625 0.239701146484375 0.5076303828125 0.24077205859375 0.50753468359375 0.241314798828125 0.539215130859375 0.353569654296875 0.614437927734375 0.35488267578125 0.61470001953125 0.353396275390625
0 0.440121009765625 0.33118101953125 0.506272083984375 0.360241306640625 0.50693155078125 0.358827078125 0.528687095703125 0.242124615234375 0.453137818359375 0.20957794921875 0.43151312109375 0.327167095703125 0.440121009765625 0.33118101953125
0 0.2025681796875 0.30622119140625 0.184837630859375 0.16928303515625 0.103843654296875 0.164265640625 0.1037676640625 0.164696609375 0.11948676953125 0.302879658203125 0.20239126953125 0.307224498046875 0.2025681796875 0.30622119140625
0 0.180520013671875 0.186135998046875 0.17770490625 0.186283533203125 0.177461224609375 0.18766551953125 0.211064927734375 0.324728763671875 0.28673993359375 0.321387234375 0.295168125 0.32094553125 0.29543171484375 0.31945065234375 0.29527873828125 0.316531708984375 0.264432578125 0.18322573828125 0.180520013671875 0.186135998046875
0 0.48249850390625 0.257328916015625 0.3396479609375 0.23618112890625 0.31280746875 0.30876781640625 0.314598154296875 0.30949130078125 0.4545325625 0.331928146484375 0.48081491015625 0.26687705078125 0.48249850390625 0.257328916015625
0 0.27558397265625 0.1928983203125 0.283436859375 0.33577312890625 0.36255312890625 0.3436997421875 0.36429069140625 0.33384553515625 0.34915962890625 0.2034895234375 0.27558397265625 0.1928983203125
0 0.83249630078125 0.42335823828125 0.888222916015625 0.56946390234375 0.97110116796875 0.563668490234375 0.971566328125 0.5610304375 0.91055083203125 0.416306755859375 0.83249630078125 0.42335823828125
0 1 0.43584069140625 0.945286130859375 0.41985555078125 0.938262345703125 0.418617068359375 0.949274 0.584757130859375 0.970944494140625 0.592559845703125 0.983339525390625 0.594745423828125 1 0.52792391015625 1 0.43584069140625
0 0.65018969140625 0.44527930078125 0.66139345703125 0.412515486328125 0.66199461328125 0.40910614453125 0.511860259765625 0.3982566640625 0.485553607421875 0.46977788671875 0.48761496484375 0.47056916796875 0.63331003125 0.489252318359375 0.65018969140625 0.44527930078125
0 0.808127814453125 0.555969255859375 0.87420299609375 0.55532444140625 0.87463493359375 0.55287480078125 0.83914410546875 0.412897923828125 0.756562314453125 0.407327310546875 0.75654133984375 0.40762726953125 0.795915943359375 0.555115318359375 0.808127814453125 0.555969255859375
0 0.7281737578125 0.39426561328125 0.588585111328125 0.43347891796875 0.58257762109375 0.514560662109375 0.589905150390625 0.515852703125 0.728444068359375 0.470904896484375 0.728444068359375 0.39431327734375 0.7281737578125 0.39426561328125
0 0.67826351953125 0.39477913671875 0.71387744140625 0.542030619140625 0.793067234375 0.547568107421875 0.7938740859375 0.542992228515625 0.75441642578125 0.398645669921875 0.67826351953125 0.39477913671875
0 0.512104123046875 0.351219134765625 0.509710197265625 0.35130273046875 0.430612126953125 0.3583403359375 0.473929787109375 0.505770548828125 0.479285203125 0.50558353125 0.54892333984375 0.50148240234375 0.550185951171875 0.49432176953125 0.54998414453125 0.48854277734375 0.548216150390625 0.480217259765625 0.512104123046875 0.351219134765625
0 0.089175486328125 0.44501319921875 0.09262364453125 0.43647870703125 0.130806654296875 0.3065485625 0.04906791015625 0.27465325 0.013641833984375 0.4130046796875 0.0851115234375 0.44429661328125 0.089175486328125 0.44501319921875
0 0.092744650390625 0.42958519140625 0.21885990234375 0.41292438671875 0.22290379296875 0.357954255859375 0.22390968359375 0.329149314453125 0.222939966796875 0.328978326171875 0.089272265625 0.34358876953125 0.088356755859375 0.42900279296875 0.091391775390625 0.42953794921875 0.092744650390625 0.42958519140625
0 0.270539095703125 0.465886267578125 0.3906681015625 0.43565516015625 0.390301267578125 0.35607737890625 0.39024254296875 0.352713140625 0.259579390625 0.381373693359375 0.262235203125 0.46442206640625 0.270539095703125 0.465886267578125
0 0.283790103515625 0.4664562109375 0.28170206640625 0.3364193359375 0.197119509765625 0.32090256640625 0.202107345703125 0.45699311328125 0.23432258203125 0.46267352734375 0.28309500390625 0.470398318359375 0.283790103515625 0.4664562109375
0 0.480901384765625 0.38336166015625 0.34966972265625 0.39145130078125 0.33487580859375 0.46854965234375 0.338524333984375 0.4692588515625 0.464669486328125 0.4653025546875 0.47579257421875 0.412335154296875 0.480901384765625 0.38336166015625
0 0.896489505859375 0.6895996640625 0.8245805078125 0.683780216796875 0.82444875390625 0.68452742578125 0.8651492265625 0.867178626953125 0.926722244140625 0.8693288046875 0.942543560546875 0.8695959921875 0.944944251953125 0.85598099609375 0.896489505859375 0.6895996640625
0 0.14186252734375 0.743359876953125 0.17191262109375 0.7531237421875 0.181555779296875 0.754824091796875 0.182986169921875 0.75042180078125 0.21353226953125 0.5722451640625 0.12311602734375 0.54181175 0.09706769921875 0.727013359375 0.14186252734375 0.743359876953125
0 0.70195056640625 0.795505462890625 0.88951687109375 0.810524171875 0.88969795703125 0.809966849609375 0.91118314453125 0.734169064453125 0.72257062890625 0.72511478515625 0.698304234375 0.7943206953125 0.70195056640625 0.795505462890625
0 0.234644142578125 0.70914433203125 0.41979477734375 0.738705033203125 0.426293947265625 0.721774115234375 0.44808690234375 0.655213892578125 0.263180857421875 0.62124551171875 0.229645205078125 0.707225419921875 0.234644142578125 0.70914433203125
0 0 0.671825953125 0.135421318359375 0.697458517578125 0.13824697265625 0.6887620546875 0.16099178515625 0.604335107421875 0 0.578509228515625 0 0.671825953125
0 0.601582689453125 0.797154087890625 0.60683598046875 0.798080384765625 0.79094612109375 0.784549509765625 0.80599376171875 0.69921010546875 0.61497169140625 0.71558396875 0.601582689453125 0.797154087890625
0 0.341134677734375 0.676589458984375 0.33477750390625 0.753282341796875 0.341923091796875 0.754542302734375 0.51453798046875 0.73348253125 0.52481440625 0.66297105078125 0.526532853515625 0.64662111328125 0.34240141015625 0.664537294921875 0.341134677734375 0.676589458984375
0 0.1512557578125 0.717749298828125 0.328867236328125 0.710497744140625 0.34914680859375 0.62217754296875 0.34941366796875 0.620492658203125 0.159910671875 0.62230076171875 0.14545646484375 0.7167267265625 0.1512557578125 0.717749298828125
0 0.66885674609375 0.82909108984375 0.648288689453125 0.64537941015625 0.55618405859375 0.63333210546875 0.57458319140625 0.820952220703125 0.6067669921875 0.82662709375 0.667985912109375 0.834029826171875 0.66885674609375 0.82909108984375
0 0.56756894921875 0.64184625 0.476672193359375 0.6152115625 0.476451978515625 0.61616541796875 0.48400544140625 0.80334437890625 0.566915951171875 0.8216750703125 0.567186978515625 0.820501126953125 0.567841009765625 0.66199687109375 0.56756894921875 0.64184625
0 0.12080519140625 0 0.10948793359375 0.05437026171875 0.168511365234375 0.078217275390625 0.17945873046875 0.08014758984375 0.18131287109375 0.0755584296875 0.199504654296875 0 0.12080519140625 0
0 0.187448986328125 0 0.1703644140625 0.0684332265625 0.26929376953125 0.07487498046875 0.28368104296875 0.01717078515625 0.28670871484375 0 0.187448986328125 0
0 0.80621501171875 0.88970168359375 0.8051146796875 0.892568146484375 0.7793652265625 0.97518740234375 0.7823790390625 0.976344296875 0.919131939453125 0.98794698046875 0.923835791015625 0.97569303125 0.930580625 0.93744116796875 0.80621501171875 0.88970168359375
0 0.256439181640625 0.088961509765625 0.35275281640625 0.081892265625 0.3602295078125 0.039300609375 0.36508857421875 0.00862169140625 0.263874228515625 0.01208134765625 0.249461255859375 0.08773111328125 0.256439181640625 0.088961509765625
0 0.41887589453125 0.12394990234375 0.419583423828125 0.120621240234375 0.416113107421875 0.0208411328125 0.34602307421875 0.00321490625 0.34475433984375 0.002991193359375 0.34580157421875 0.106806267578125 0.40719925 0.121595650390625 0.415351248046875 0.12332841015625 0.41887589453125 0.12394990234375
0 0.5026001875 0.021642083984375 0.40439265234375 0.055302392578125 0.41097062890625 0.130489009765625 0.41527790234375 0.131248498046875 0.50382782421875 0.101629765625 0.5026001875 0.021642083984375
0 0.7891774375 1 0.74529381640625 0.849785087890625 0.651485099609375 0.850677712890625 0.70050684765625 1 0.7891774375 1
0 0.539066142578125 0.90428571875 0.543753935546875 0.996389056640625 0.54617169921875 0.996815373046875 0.72079863671875 0.941067775390625 0.719895123046875 0.91519452734375 0.714200041015625 0.851037978515625 0.71237591796875 0.851101677734375 0.539066142578125 0.90428571875
0 0.8700957265625 1 0.838349798828125 0.862517537109375 0.750666359375 0.86005058984375 0.750648615234375 0.860304353515625 0.780599103515625 1 0.8700957265625 1
0 0.62494440234375 0.83474016015625 0.4457356484375 0.888436205078125 0.45018830078125 0.983064119140625 0.45646979296875 0.98417171484375 0.628072705078125 0.9231253125 0.62494440234375 0.83474016015625
0 0.09617134765625 0.7430156484375 0.108238630859375 0.936193455078125 0.20424156640625 0.944592625 0.20584989453125 0.935471345703125 0.18525202734375 0.75132351953125 0.09617134765625 0.7430156484375
0 0.169936826171875 0.80076054296875 0.146229984375 0.85661036328125 0.133484439453125 0.88697420703125 0.133295546875 0.888045466796875 0.13523528515625 0.88886883984375 0.321810927734375 0.92683612109375 0.35239356640625 0.8547879453125 0.35956953515625 0.837518728515625 0.35975044140625 0.83649275390625 0.359399189453125 0.83634365625 0.169936826171875 0.80076054296875
0 0.448934869140625 0.86580223828125 0.45364903515625 0.852850169921875 0.45500168359375 0.845178923828125 0.26478962109375 0.81895537890625 0.23091351953125 0.912029203125 0.23510068359375 0.91355320703125 0.421904353515625 0.935869294921875 0.448934869140625 0.86580223828125
0 0.34294293359375 0.9593940546875 0.535077814453125 0.931018224609375 0.53801559765625 0.897439216796875 0.542153265625 0.837477107421875 0.346203474609375 0.8625563359375 0.33781044921875 0.95848905859375 0.34294293359375 0.9593940546875
0 0 0.9130191328125 0.024962611328125 0.921845798828125 0.04123415234375 0.926820509765625 0.082825814453125 0.934154240234375 0.08290653515625 0.93389021875 0.11268835546875 0.745794826171875 0.01857096484375 0.71959833203125 0 0.82053772265625 0 0.9130191328125
0 0.774304537109375 0.18607102734375 0.803195845703125 0.18419122265625 0.80375567578125 0.18101626171875 0.80364338671875 0.177800697265625 0.7727507734375 0.0770934375 0.7000658046875 0.080876685546875 0.735652896484375 0.1874207734375 0.774304537109375 0.18607102734375
0 0.58082164453125 0.1316184609375 0.55629759765625 0.045467369140625 0.48304249609375 0.05042122265625 0.51449280859375 0.141167251953125 0.5154766015625 0.141133396484375 0.579737736328125 0.13776561328125 0.58082164453125 0.1316184609375
0 0.76929744921875 0.196844904296875 0.877056671875 0.155826515625 0.880009482421875 0.104836515625 0.88019140234375 0.094414455078125 0.77066191796875 0.123081380859375 0.76808795703125 0.19663163671875 0.76929744921875 0.196844904296875
0 0.722636240234375 0.172943802734375 0.725839005859375 0.17299970703125 0.72686310546875 0.16719175390625 0.7268674140625 0.166944951171875 0.699632021484375 0.07002260546875 0.626381412109375 0.072329900390625 0.653446482421875 0.170018078125 0.722636240234375 0.172943802734375
0 0.55580115234375 0.087401912109375 0.558483421875 0.159672703125 0.56183814453125 0.16026423046875 0.5646759921875 0.1600657890625 0.652071453125 0.125462263671875 0.650695306640625 0.0974107421875 0.64767129296875 0.054165333984375 0.55580115234375 0.087401912109375
0 1 0.18749708984375 0.98394878515625 0.124211865234375 0.91399024609375 0.109582150390625 0.94184891796875 0.222338345703125 1 0.23154857421875 1 0.18749708984375
0 0.924466654296875 0.114837583984375 0.858845525390625 0.0940375625 0.86475648828125 0.186229818359375 0.866843619140625 0.21192173828125 0.87715741015625 0.215675650390625 0.92532805078125 0.23214987109375 0.927232380859375 0.22691776953125 0.929275578125 0.116587888671875 0.924466654296875 0.114837583984375