0 0.95246475390625 0.186786666015625 0.94876316015625 0.184649548828125 0.89324479296875 0.153850033203125 0.81026384765625 0.22653916796875 0.807465189453125 0.23254091015625 0.86744310546875 0.265221890625 0.95246475390625 0.186786666015625
0 0.9006065234375 0.2942138359375 0.82864368359375 0.20155373046875 0.827548755859375 0.201043158203125 0.789978517578125 0.256530677734375 0.862376892578125 0.35066329296875 0.9006065234375 0.2942138359375
0 0.725537337890625 0.4224228203125 0.6781206171875 0.481340689453125 0.747545248046875 0.5757796015625 0.748142890625 0.57605828515625 0.750785349609375 0.572551623046875 0.7929155234375 0.51343648828125 0.72810052734375 0.42380350390625 0.727454919921875 0.42331700390625 0.725537337890625 0.4224228203125
0 0.71460093359375 0.407225326171875 0.78341534375 0.5011326171875 0.78388051953125 0.501349533203125 0.826218798828125 0.43413997265625 0.761318060546875 0.34816891015625 0.7596474609375 0.346955146484375 0.758708046875 0.346517091796875 0.71460093359375 0.407225326171875
0 0.822198236328125 0.288101953125 0.727446953125 0.35674048046875 0.726583318359375 0.357929173828125 0.72499124609375 0.361343384765625 0.788133623046875 0.407745703125 0.88549694921875 0.33509612890625 0.885846984375 0.3343454765625 0.822198236328125 0.288101953125
0 0.76979222265625 0.53127976171875 0.77016730078125 0.530052931640625 0.695724677734375 0.504740962890625 0.63303105078125 0.60513409765625 0.6352330625 0.606160912109375 0.70539987109375 0.62761305859375 0.76979222265625 0.53127976171875
0 0.7295555546875 0.647985837890625 0.644239505859375 0.563912361328125 0.6010211640625 0.633906314453125 0.686923904296875 0.718146630859375 0.7295555546875 0.647985837890625
0 0.571005640625 1 0.5921326875 0.92318008984375 0.46571772265625 0.86559658984375 0.4645535234375 0.86809322265625 0.444271912109375 0.94378522265625 0.56277989453125 1 0.571005640625 1
0 0.59727883984375 0.92730153125 0.626254697265625 0.857445328125 0.51005069140625 0.779725603515625 0.50790813671875 0.77881614453125 0.50476509765625 0.785556412109375 0.475032537109375 0.859197630859375 0.59106469140625 0.934632111328125 0.59339857421875 0.93562278515625 0.59727883984375 0.92730153125
0 0.596993927734375 0.622810271484375 0.55663626171875 0.67317219140625 0.55004905078125 0.681913716796875 0.643768212890625 0.79592414453125 0.666719357421875 0.76594776171875 0.69219374609375 0.73214210546875 0.603054349609375 0.6263200703125 0.60067389453125 0.62452626953125 0.596993927734375 0.622810271484375
0 0.60589448046875 0.864053462890625 0.659193859375 0.80115751953125 0.571053365234375 0.699240103515625 0.569304525390625 0.69782391796875 0.563789365234375 0.695252158203125 0.52002494140625 0.751655525390625 0.60589448046875 0.864053462890625
0 0.667886025390625 0.140597384765625 0.75976576953125 0.27113660546875 0.80912580859375 0.202128884765625 0.71713596484375 0.08059570703125 0.7133609140625 0.078835373046875 0.698851044921875 0.097977689453125 0.667886025390625 0.140597384765625
0 0.75821776953125 0.07230668359375 0.697437771484375 0.182901751953125 0.696414322265625 0.18816694921875 0.696838296875 0.18836465234375 0.77982451953125 0.201083802734375 0.8030321015625 0.08961723046875 0.771407765625 0.07487055859375 0.75821776953125 0.07230668359375
0 0.65416595703125 0.429718373046875 0.617049486328125 0.40071980859375 0.502302076171875 0.491365990234375 0.50106278515625 0.494023658203125 0.559812939453125 0.54126956640625 0.683351083984375 0.454338189453125 0.68335940234375 0.454320353515625 0.65416595703125 0.429718373046875
0 0.61286028125 0.281860478515625 0.61043501171875 0.2875740546875 0.67877265625 0.32323805078125 0.781537203125 0.20889609375 0.77518776171875 0.20593530078125 0.705492935546875 0.17614908984375 0.61286028125 0.281860478515625
0 0.58464049609375 0.312738068359375 0.554543193359375 0.388129388671875 0.662773482421875 0.484529037109375 0.6647647578125 0.485457583984375 0.69737184765625 0.4164938359375 0.59300927734375 0.315799244140625 0.584974775390625 0.31205269140625 0.58464049609375 0.312738068359375
0 0.69183579296875 0.257013369140625 0.567828966796875 0.33975155078125 0.56613764453125 0.34337860546875 0.628949896484375 0.391476873046875 0.75313878125 0.303208482421875 0.69183579296875 0.257013369140625
0 0.46471458984375 0.57197261328125 0.46429080859375 0.572881416015625 0.52682669140625 0.6236746796875 0.628999658203125 0.5368390703125 0.642958146484375 0.523354404296875 0.6441816640625 0.52167037890625 0.62174941015625 0.50453800390625 0.580848232421875 0.47482155859375 0.46651506640625 0.56949447265625 0.46471458984375 0.57197261328125
0 0.41064067578125 1 0.448988171875 0.940230349609375 0.3417264453125 0.857558068359375 0.339486060546875 0.85615812109375 0.33262823046875 0.85296026171875 0.2916265078125 0.922973296875 0.37876355078125 0.995155474609375 0.38915266796875 1 0.41064067578125 1
0 0.329310130859375 0.8605835546875 0.44497793359375 0.923453083984375 0.475138275390625 0.84229323828125 0.355348193359375 0.780629279296875 0.352694240234375 0.78632069921875 0.34481815234375 0.80919452734375 0.329310130859375 0.8605835546875
0 0.513324740234375 0.768949306640625 0.514322640625 0.76931251171875 0.54503830078125 0.68858729296875 0.43344444921875 0.620545697265625 0.426072154296875 0.636355634765625 0.40381948828125 0.697494333984375 0.513324740234375 0.768949306640625
0 0.427498251953125 0.69977682421875 0.36708432421875 0.81784107421875 0.365911359375 0.82193168359375 0.367638984375 0.8227372890625 0.448154419921875 0.84371690625 0.506483619140625 0.7236989453125 0.4993917578125 0.72039195703125 0.427498251953125 0.69977682421875
0 0.52120434375 0.702026673828125 0.57409465234375 0.63703858203125 0.4998521953125 0.539240580078125 0.496148021484375 0.53613241015625 0.49406423828125 0.535160724609375 0.44432975390625 0.59414308203125 0.52120434375 0.702026673828125
0 0.42857062890625 0 0.5406182421875 0.125481369140625 0.58115360546875 0.058105775390625 0.5836275703125 0.053820740234375 0.528977755859375 0 0.42857062890625 0
0 0.098106392578125 0.652204076171875 0.08135830859375 0.68075373828125 0.22717899609375 0.799987396484375 0.270792306640625 0.72115114453125 0.133295572265625 0.60165254296875 0.13141376953125 0.600521841796875 0.12965343359375 0.599700984375 0.098106392578125 0.652204076171875
0 0.4165307578125 0.18235576171875 0.56417337109375 0.060310669921875 0.54417551171875 0.045241203125 0.50431377734375 0.01662161328125 0.356677419921875 0.130927111328125 0.3564858359375 0.1311813515625 0.355726337890625 0.132810103515625 0.4165307578125 0.18235576171875
0 0.35263191015625 0.55286536328125 0.21480821484375 0.42907789453125 0.207984224609375 0.42589581640625 0.16245326953125 0.5047577421875 0.304867666015625 0.626780583984375 0.35263191015625 0.55286536328125
0 0.236747998046875 0.74009345703125 0.206314095703125 0.719241029296875 0.16031165625 0.68936669921875 0.041122861328125 0.822268193359375 0.0390425390625 0.826729458984375 0.09372036328125 0.862237654296875 0.122037615234375 0.875442205078125 0.236747998046875 0.74009345703125
0 0.520073798828125 0.14895370703125 0.47973662890625 0.12207398828125 0.44984257421875 0.1026605625 0.31149020703125 0.22767479296875 0.308908763671875 0.2332107109375 0.380275138671875 0.27839371484375 0.520073798828125 0.14895370703125
0 0.39957251171875 0.404803486328125 0.386161552734375 0.39541303125 0.326203921875 0.356909056640625 0.19384391015625 0.476270900390625 0.19256033203125 0.479023541015625 0.2553788671875 0.52510340234375 0.26530580078125 0.53205431640625 0.39949561328125 0.404968396484375 0.39957251171875 0.404803486328125
0 0.134331263671875 0.687523984375 0.2255254765625 0.70207907421875 0.30035012890625 0.536653330078125 0.30044381640625 0.5362475234375 0.293076322265625 0.53281200390625 0.20682940625 0.512900333984375 0.134331263671875 0.687523984375
0 0.481107916015625 0.2326872578125 0.4306931484375 0.200510091796875 0.40213671875 0.183351658203125 0.27001721484375 0.30921952734375 0.26727532421875 0.315099533203125 0.34511798828125 0.36585447265625 0.481107916015625 0.2326872578125
0 0.25651468359375 0.275323568359375 0.24416447265625 0.367050033203125 0.262462322265625 0.37549456640625 0.408436587890625 0.43976608984375 0.408668076171875 0.439811087890625 0.425688693359375 0.35639817578125 0.25850805859375 0.2737328828125 0.257360455078125 0.27350980859375 0.25651468359375 0.275323568359375
0 0.76472165625 1 0.78865726953125 0.9621684140625 0.77143508203125 0.954137578125 0.71591437109375 0.932825173828125 0.67511243359375 1 0.76472165625 1
0 0.798797005859375 0.97425860546875 0.81305047265625 0.90122719921875 0.72025899609375 0.85756704296875 0.719519333984375 0.85740982421875 0.718599947265625 0.85938145703125 0.705057166015625 0.934550068359375 0.798797005859375 0.97425860546875
0 0.75211848046875 0.7961353125 0.734227623046875 0.85670194921875 0.823692798828125 0.909565048828125 0.84383137890625 0.8387929453125 0.759154427734375 0.7858975078125 0.75668784765625 0.78509606640625 0.7534474921875 0.792045033203125 0.75211848046875 0.7961353125
0 0.8599949609375 0.83796465625 0.876132990234375 0.76204119140625 0.787606318359375 0.719018703125 0.784372681640625 0.71833137109375 0.78175059375 0.72395445703125 0.771793107421875 0.7959051484375 0.8599949609375 0.83796465625
0 0.26294894140625 0 0.166732103515625 0.117616232421875 0.246691732421875 0.152655701171875 0.368839087890625 0.01300374609375 0.340952462890625 0 0.26294894140625 0
0 0.13459794921875 0.1510833046875 0.301623421875 0.235106892578125 0.317945833984375 0.157743015625 0.320692677734375 0.143611732421875 0.16238872265625 0.06619703515625 0.155951779296875 0.0649458203125 0.13542278515625 0.146839900390625 0.13459794921875 0.1510833046875
0 0.22027737109375 0 0.20252385546875 0.0176910859375 0.19908855859375 0.02505810546875 0.27157692578125 0.069285095703125 0.343329298828125 0 0.22027737109375 0
0 0.20616287109375 0.14127205078125 0.0857081640625 0.271900337890625 0.081862599609375 0.28014717578125 0.1574099296875 0.32036221484375 0.292148640625 0.188336234375 0.20616287109375 0.14127205078125
0 0 0.63084826171875 0.0760294296875 0.686865732421875 0.119148994140625 0.59791976171875 0 0.518833876953125 0 0.63084826171875
0 0 0.514515685546875 0.10760758984375 0.603213060546875 0.109213560546875 0.6039619375 0.14563920703125 0.536111603515625 0.15392121484375 0.5205354140625 0.007797037109375 0.396336033203125 0.00622294921875 0.3956020234375 0 0.40730569140625 0 0.514515685546875
0 0.19840594140625 0.40224112109375 0.03062899609375 0.323468572265625 0.015597357421875 0.35570402734375 0.003138140625 0.41480500390625 0.175891134765625 0.49976347265625 0.19840594140625 0.40224112109375
0 0.054123431640625 0.398290916015625 0.05379566796875 0.39997711328125 0.145036873046875 0.419458564453125 0.2265631640625 0.23974415234375 0.220642046875 0.23698308984375 0.13106813671875 0.219571685546875 0.054123431640625 0.398290916015625
0 0 0.761846697265625 0.025763470703125 0.780274685546875 0.075268240234375 0.696051072265625 0 0.639326529296875 0 0.761846697265625
0 1 0.4704373359375 0.98343690625 0.4620054609375 0.967034798828125 0.454005619140625 0.949422244140625 0.44579275 0.8825533046875 0.52257110546875 0.87883416796875 0.53054681640625 0.938292654296875 0.5617932578125 1 0.494380630859375 1 0.4704373359375
0 0.866376568359375 0.66237752734375 0.85076653515625 0.65607985546875 0.791853291015625 0.728533712890625 0.790850880859375 0.730895240234375 0.8573188984375 0.76030641015625 0.913603794921875 0.68252244921875 0.91125743359375 0.681428322265625 0.866376568359375 0.66237752734375
0 1 0.42274676171875 0.96522393359375 0.36523576953125 0.962697482421875 0.36405766796875 0.92188785546875 0.418213869140625 0.919364859375 0.42168702734375 0.98829451953125 0.5120618203125 1 0.49514795703125 1 0.42274676171875
0 0.891411232421875 0.51106153125 0.8849885546875 0.508723865234375 0.857357537109375 0.5744421640625 0.943289255859375 0.63848314453125 0.967262771484375 0.567159421875 0.891411232421875 0.51106153125
0 0.869608677734375 0.572357732421875 0.864306806640625 0.57992958984375 0.8304862109375 0.63043387890625 0.891022794921875 0.70961441796875 0.891519513671875 0.70996222265625 0.89534776171875 0.704494921875 0.93260849609375 0.64739266015625 0.872824462890625 0.57385727734375 0.869608677734375 0.572357732421875
0 1 0.31542716015625 0.99669254296875 0.314602517578125 0.935389341796875 0.40922133203125 0.93489578125 0.411200896484375 0.995707986328125 0.427631443359375 1 0.422263455078125 1 0.31542716015625