0 0.53925876171875 0 0.5099509453125 0.04937462890625 0.5551546796875 0.10214223828125 0.55876526953125 0.09889125 0.61352458984375 0.0009812578125 0.61267099609375 0 0.53925876171875 0
0 0.450730544921875 0.11721054296875 0.569162671875 0.123073439453125 0.593296234375 0.059849748046875 0.59256646484375 0.0593387578125 0.47484081640625 0.054066451171875 0.450730544921875 0.11721054296875
0 0.454519771484375 0.265963611328125 0.339536328125 0.253227423828125 0.31174549609375 0.3249763125 0.42472955859375 0.336594828125 0.454859681640625 0.270551458984375 0.45628303125 0.2671982578125 0.454519771484375 0.265963611328125
0 0.45068924609375 0.16863937109375 0.43713258203125 0.15460103515625 0.431757265625 0.1508371953125 0.376980912109375 0.2528508671875 0.4287662109375 0.3066204453125 0.43236716796875 0.303143041015625 0.48471723828125 0.2088937421875 0.45068924609375 0.16863937109375
0 0.39862225 0.177636759765625 0.51608464453125 0.208516412109375 0.5577761328125 0.14179608203125 0.552997072265625 0.138449748046875 0.44009523828125 0.11046785546875 0.39862225 0.177636759765625
0 0.31414373828125 0.284125921875 0.29758956640625 0.401676837890625 0.369888263671875 0.429750068359375 0.371562015625 0.427359705078125 0.38398185546875 0.3137704453125 0.31414373828125 0.284125921875
0 0.277179388671875 0.35003570703125 0.243319921875 0.46493006640625 0.31342324609375 0.50494219921875 0.315858439453125 0.5014643828125 0.34891274609375 0.390301130859375 0.277179388671875 0.35003570703125
0 0.106538478515625 0.615850140625 0.05494602734375 0.746008619140625 0.12220276953125 0.788929884765625 0.126094109375 0.7833724765625 0.17742912890625 0.659501017578125 0.106538478515625 0.615850140625
0 0.108689421875 0.68480857421875 0.18266709765625 0.721646826171875 0.187208546875 0.715160962890625 0.18734439453125 0.714882431640625 0.22396784765625 0.586920390625 0.195622248046875 0.5724690703125 0.145867453125 0.548202037109375 0.108689421875 0.68480857421875
0 0.34813986328125 0.51256858203125 0.34576972265625 0.51011423046875 0.225481396484375 0.433715130859375 0.171131009765625 0.489423732421875 0.292465697265625 0.56854851171875 0.34334805859375 0.51941198828125 0.34813986328125 0.51256858203125
0 0.301295955078125 0.576744478515625 0.296364078125 0.571812599609375 0.18579178515625 0.49480822265625 0.128811693359375 0.554390037109375 0.24956971484375 0.628040388671875 0.297718609375 0.58185345703125 0.301295955078125 0.576744478515625
0 0.6560035703125 0.229423150390625 0.727536751953125 0.0898736640625 0.691522466796875 0.05257978125 0.67246598828125 0.0336308359375 0.596226912109375 0.17047896484375 0.6540789921875 0.231281693359375 0.6560035703125 0.229423150390625
0 0.68354351953125 0.176206859375 0.6870756640625 0.171997416015625 0.734774083984375 0.055162755859375 0.72642611328125 0.0481579765625 0.696440623046875 0.02716191015625 0.62109789453125 0.11941322265625 0.68354351953125 0.176206859375
0 0.432215509765625 0.467319630859375 0.501958298828125 0.497203259765625 0.502951185546875 0.49578526953125 0.50316001171875 0.4953162421875 0.5294426484375 0.35079864453125 0.48641330859375 0.331640748046875 0.450976154296875 0.31741062109375 0.432215509765625 0.467319630859375
0 0.70913773046875 0.17338966015625 0.5563512421875 0.167914171875 0.534068775390625 0.24342454296875 0.535091681640625 0.24381719921875 0.67962255078125 0.250816658203125 0.70930029296875 0.173503490234375 0.70913773046875 0.17338966015625
0 0.583236814453125 0.293179353515625 0.530710310546875 0.250644228515625 0.523360654296875 0.2454979453125 0.466135271484375 0.37831724609375 0.524623767578125 0.43331349609375 0.52720902734375 0.43512371484375 0.530007177734375 0.431668287109375 0.583236814453125 0.293179353515625
0 0.524401056640625 0.216969291015625 0.47828051171875 0.2839321953125 0.62441544140625 0.32504047265625 0.667975576171875 0.262830150390625 0.665759046875 0.26127812109375 0.524401056640625 0.216969291015625
0 0.38212474609375 0.415675390625 0.338972818359375 0.48233830078125 0.48181842578125 0.53897062109375 0.4849681796875 0.534635357421875 0.525469287109375 0.47599056640625 0.515066494140625 0.468432494140625 0.50741741015625 0.464699994140625 0.383532716796875 0.41373748046875 0.38212474609375 0.415675390625
0 0.20397544921875 0.90097378515625 0.209845861328125 0.892589970703125 0.2621553984375 0.79157394140625 0.19657069921875 0.748982740234375 0.188435056640625 0.74383637109375 0.135622546875 0.855247455078125 0.161950064453125 0.873682181640625 0.20397544921875 0.90097378515625
0 0.324971974609375 0.753213736328125 0.207786123046875 0.6966595 0.161119935546875 0.769589833984375 0.28094039453125 0.824130421875 0.3126485390625 0.7808184765625 0.329248423828125 0.75620813671875 0.324971974609375 0.753213736328125
0 0.35518335546875 0.536583443359375 0.3532508671875 0.53458229296875 0.352782810546875 0.5342545546875 0.276831474609375 0.644236103515625 0.336658126953125 0.70441537890625 0.342107958984375 0.6991525390625 0.409723560546875 0.59453276953125 0.35518335546875 0.536583443359375
0 0.36219940234375 0.66035300390625 0.308354099609375 0.611870474609375 0.300050337890625 0.6060561171875 0.22918519140625 0.719112201171875 0.289184501953125 0.775841583984375 0.29125962890625 0.77729460546875 0.29408974609375 0.774151439453125 0.36219940234375 0.66035300390625
0 0.449082490234375 0.51753180078125 0.41097300390625 0.47390437109375 0.404411205078125 0.46930975 0.328777884765625 0.572635892578125 0.382275572265625 0.636075849609375 0.38460989453125 0.634046654296875 0.45775579296875 0.527509294921875 0.449082490234375 0.51753180078125
0 0.84601655859375 0.319330642578125 0.889039279296875 0.37565649609375 0.88910513671875 0.375702609375 0.893435119140625 0.372069322265625 0.986795375 0.24088264453125 0.965612931640625 0.215638390625 0.926968873046875 0.188579529296875 0.84601655859375 0.319330642578125
0 0.52806715234375 0.782980087890625 0.51853351171875 0.772391904296875 0.516249615234375 0.770792703125 0.401594974609375 0.917512021484375 0.45944680078125 0.986574611328125 0.459469357421875 0.98655430078125 0.57984034765625 0.841711115234375 0.52806715234375 0.782980087890625
0 0.95622703515625 0.36686069921875 0.97816996484375 0.31980393359375 0.9732014609375 0.31632494921875 0.97292847265625 0.31619765234375 0.79227874609375 0.279187904296875 0.76149083203125 0.35233796875 0.947594021484375 0.384310841796875 0.95622703515625 0.36686069921875
0 0.484615701171875 0.7276603359375 0.66665237109375 0.79059353515625 0.678107337890625 0.771529271484375 0.7085066484375 0.714666498046875 0.70847104296875 0.71464156640625 0.7016318671875 0.71053217578125 0.53301118359375 0.647790796875 0.484488861328125 0.72757151953125 0.484615701171875 0.7276603359375
0 0.5170872421875 1 0.539289376953125 0.93580309765625 0.531027861328125 0.932465228515625 0.35943080078125 0.89249042578125 0.32724659765625 0.978195998046875 0.41025135546875 1 0.5170872421875 1
0 0.753995126953125 0.345423748046875 0.698105322265625 0.410489908203125 0.697454908203125 0.411418796875 0.8712091015625 0.492813966796875 0.9176360625 0.43748447265625 0.92344514453125 0.429188244140625 0.9182133828125 0.42479827734375 0.753995126953125 0.345423748046875
0 0.599633662109375 0.7219899609375 0.680072578125 0.754967203125 0.68120488671875 0.75335009765625 0.70807921484375 0.57228815625 0.6694261484375 0.55821958984375 0.622190228515625 0.54219573828125 0.621675 0.5436113125 0.599633662109375 0.7219899609375
0 0.4725887734375 0.86652899609375 0.556451150390625 0.91244794921875 0.5582872421875 0.90982573828125 0.558831822265625 0.9088432890625 0.613253375 0.737926904296875 0.53719555859375 0.688663052734375 0.535703552734375 0.687836021484375 0.4725887734375 0.86652899609375
0 0.77401598828125 0.606698626953125 0.82676277734375 0.429896740234375 0.79851015234375 0.41224254296875 0.74695226171875 0.381930783203125 0.69003754296875 0.563555345703125 0.7716546640625 0.61047753515625 0.77401598828125 0.606698626953125
0 0.5971871484375 0.5530181171875 0.72904706640625 0.642752595703125 0.745904822265625 0.65379512890625 0.81698518359375 0.59484950390625 0.81824816796875 0.593045771484375 0.81744130859375 0.592180521484375 0.65874492578125 0.494209234375 0.59702631640625 0.552845646484375 0.5971871484375 0.5530181171875
0 0 0.545118267578125 0.00889758203125 0.55426365234375 0.011814421875 0.55124317578125 0.06279779296875 0.465724978515625 0.03219720703125 0.435170859375 0.019709310546875 0.423111439453125 0.008684201171875 0.41539157421875 0 0.42874248046875 0 0.545118267578125
0 0 0.43711946875 0.079455146484375 0.4708593984375 0.12293096484375 0.417392955078125 0.123074548828125 0.417202412109375 0.124662056640625 0.41493521484375 0.118927302734375 0.410613767578125 0.031259212890625 0.370805072265625 0 0.410042357421875 0 0.43711946875
0 0.09025424609375 0.28939134765625 0.04644446484375 0.38299592578125 0.10638415234375 0.43153412890625 0.10767353515625 0.429941876953125 0.1488430625 0.3436499453125 0.09282591796875 0.291192048828125 0.09025424609375 0.28939134765625
0 1 0.44110373828125 0.92917169921875 0.41832881640625 0.878679580078125 0.48954575390625 1 0.5330202578125 1 0.44110373828125
0 1 0.49384055859375 0.961765697265625 0.451377064453125 0.95933928515625 0.449678072265625 0.85968566015625 0.60734541796875 0.923289056640625 0.67078746484375 0.924966740234375 0.66927687109375 1 0.553471263671875 1 0.49384055859375
0 1 0.631778818359375 0.82466542578125 0.57339369140625 0.772715224609375 0.644968119140625 0.94699223828125 0.712986982421875 0.98337933203125 0.66160700390625 1 0.63696584765625 1 0.631778818359375
0 0.756356455078125 1 0.771281623046875 0.981568951171875 0.77767358203125 0.9724402890625 0.611595478515625 0.87490332421875 0.550553740234375 0.952650279296875 0.64105726953125 1 0.756356455078125 1
0 0.674837912109375 0.79619036328125 0.662147947265625 0.808444919921875 0.606858220703125 0.86226678515625 0.6078887109375 0.863333888671875 0.76537905859375 0.97158359765625 0.81108951953125 0.927441521484375 0.8304828203125 0.899745017578125 0.674837912109375 0.79619036328125
0 0.88436196484375 0.784392828125 0.711012017578125 0.728570705078125 0.66096822265625 0.8152491015625 0.84525330078125 0.87093166796875 0.8891619921875 0.798130896484375 0.893428419921875 0.790741228515625 0.88436196484375 0.784392828125
0 0.83584158203125 0.837545431640625 0.91367391796875 0.6593848046875 0.886754091796875 0.63909926171875 0.838095970703125 0.603815244140625 0.75552679296875 0.783280056640625 0.8328346796875 0.8415357265625 0.83584158203125 0.837545431640625
0 0.700155029296875 1 0.652787373046875 0.955091603515625 0.635881578125 0.940395619140625 0.62482202734375 0.932651638671875 0.581090240234375 1 0.700155029296875 1
0 0.325759314453125 0.141299431640625 0.3462070703125 0.12032923046875 0.34640199609375 0.12005084765625 0.3420283984375 0.11552185546875 0.25168440234375 0.06135296875 0.200200431640625 0.11280020703125 0.297938705078125 0.16816548046875 0.325759314453125 0.141299431640625
0 0.20963481640625 0.301753943359375 0.1307416171875 0.250745017578125 0.078308384765625 0.294696494140625 0.156058787109375 0.351414466796875 0.19576909375 0.31689482421875 0.20453307421875 0.30903998828125 0.20963481640625 0.301753943359375
0 0.308936404296875 0 0.26175599609375 0.0774972890625 0.3111702109375 0.132385623046875 0.31193823828125 0.13166942578125 0.36103666015625 0.027144158203125 0.33770076171875 0 0.308936404296875 0
0 0.158768443359375 0.175536751953125 0.249828482421875 0.230911966796875 0.30041066796875 0.18067442578125 0.29583724609375 0.175595126953125 0.21540969921875 0.1262814453125 0.16007065234375 0.17367700390625 0.158768443359375 0.175536751953125
0 0.219173896484375 0.20358955859375 0.192715126953125 0.174204119140625 0.189710369140625 0.1721001640625 0.13823423046875 0.25412516796875 0.18537362109375 0.31005443359375 0.18996405078125 0.305921189453125 0.237528556640625 0.224847220703125 0.219173896484375 0.20358955859375
0 0.32905532421875 0 0.324796501953125 0.012139908203125 0.316605435546875 0.03682691796875 0.363505951171875 0.078879607421875 0.364897341796875 0.0773875234375 0.399451158203125 0 0.32905532421875 0