0 0 0.62217183203125 0.057266876953125 0.601350888671875 0.0568213515625 0.48399380078125 0 0.505142134765625 0 0.62217183203125
0 0.054092326171875 0.5621325234375 0.164916236328125 0.51995904296875 0.122473408203125 0.46735592578125 0.011286705078125 0.50906912109375 0.054092326171875 0.5621325234375
0 0.366591064453125 0.408556708984375 0.341141287109375 0.34057244921875 0.22887714453125 0.34424028515625 0.22773124609375 0.34463484765625 0.25034016796875 0.41779399609375 0.36617976171875 0.41309962890625 0.36778296875 0.412018251953125 0.366591064453125 0.408556708984375
0 0.15696442578125 0.395746533203125 0.166838408203125 0.42018549609375 0.189772171875 0.4676445390625 0.296501115234375 0.45821375390625 0.30128339453125 0.45498806640625 0.27374931640625 0.38710148046875 0.15696442578125 0.395746533203125
0 0.102168150390625 0.44912640234375 0.162494330078125 0.553952787109375 0.162687248046875 0.554126494140625 0.16668730859375 0.55142841796875 0.217363990234375 0.49514626171875 0.155567224609375 0.391189326171875 0.15383859765625 0.39235530078125 0.102168150390625 0.44912640234375
0 0.31667088671875 0.29742251953125 0.334778416015625 0.4087302421875 0.33720623046875 0.412329626953125 0.407545443359375 0.380687015625 0.384861818359375 0.264163578125 0.31667088671875 0.29742251953125
0 0.373956005859375 0.26344402734375 0.42156519140625 0.37335555078125 0.48785673828125 0.3246481640625 0.439766080078125 0.21436216796875 0.373956005859375 0.26344402734375
0 0.63255158984375 0.1440219765625 0.6854638203125 0.189141763671875 0.7909149609375 0.10489348828125 0.79416987109375 0.10114914453125 0.732380861328125 0.04671821875 0.62396515234375 0.136121578125 0.6246766171875 0.137176369140625 0.63255158984375 0.1440219765625
0 0.63669231640625 0.08362879296875 0.575876556640625 0.128583578125 0.63545421484375 0.25505187109375 0.636822333984375 0.25693492578125 0.642987939453125 0.252776173828125 0.70640175 0.20496673046875 0.64579441015625 0.080545783203125 0.6443041171875 0.0784945703125 0.63669231640625 0.08362879296875
0 0.56742888671875 0.300033185546875 0.499461814453125 0.169028849609375 0.47077976953125 0.193578365234375 0.43883346484375 0.22134886328125 0.5040233125 0.34339155859375 0.5085679375 0.34861955078125 0.55916815625 0.30721412890625 0.56742888671875 0.300033185546875
0 0.5608598828125 0.12981746484375 0.500292701171875 0.185749033203125 0.575355599609375 0.29764839453125 0.580200654296875 0.30266559375 0.5853712890625 0.29917795703125 0.632391498046875 0.251842466796875 0.5608598828125 0.12981746484375
0 0.224001541015625 0.669124943359375 0.227031076171875 0.667003638671875 0.184010921875 0.602832728515625 0.03177719921875 0.646887068359375 0.0725429296875 0.70732475 0.07902014453125 0.716575171875 0.224001541015625 0.669124943359375
0 0.0908766328125 0.75522532421875 0.169726275390625 0.66765392578125 0.14095723828125 0.646599720703125 0.03671118359375 0.70729191015625 0.052177810546875 0.730222125 0.08462779296875 0.759440220703125 0.0908766328125 0.75522532421875
0 0.47246236328125 0.516973138671875 0.4058329453125 0.382202712890625 0.361392201171875 0.41844037890625 0.346469361328125 0.430962126953125 0.40432228515625 0.566378255859375 0.406522328125 0.5690001640625 0.46047373828125 0.52703279296875 0.47246236328125 0.516973138671875
0 0.23885890625 0.52873783203125 0.238430791015625 0.527729251953125 0.16374406640625 0.55263341796875 0.17452757421875 0.70484188671875 0.17479598828125 0.70523983203125 0.250898158203125 0.672936375 0.23885890625 0.52873783203125
0 0.42811758984375 0.544715865234375 0.432661041015625 0.54165126953125 0.388563220703125 0.47172639453125 0.24764838671875 0.50247362890625 0.246811787109375 0.503037921875 0.2826455234375 0.570431376953125 0.42811758984375 0.544715865234375
0 0.36627640625 0.573642609375 0.36846023046875 0.5718101640625 0.317312666015625 0.5098888984375 0.177912587890625 0.56735588671875 0.1859760546875 0.57931046875 0.22579082421875 0.62675986328125 0.36627640625 0.573642609375
0 0.567343203125 0.43557676171875 0.572647716796875 0.431432421875 0.52630462109375 0.36909876171875 0.3861583125 0.430403681640625 0.3855194375 0.43090282421875 0.410747109375 0.46704486328125 0.434100736328125 0.49693614453125 0.554359517578125 0.442483462890625 0.567343203125 0.43557676171875
0 0.768062900390625 0.15245873046875 0.82395709765625 0.275810353515625 0.825303677734375 0.27814269921875 0.829491337890625 0.28435116015625 0.89890330859375 0.241572630859375 0.852159013671875 0.1279513828125 0.84104582421875 0.11147540234375 0.768062900390625 0.15245873046875
0 0.8204412734375 0.296773537109375 0.789765572265625 0.16874768359375 0.70927084375 0.20064071484375 0.74331133203125 0.32982480078125 0.744325740234375 0.33132872265625 0.771874890625 0.319634802734375 0.8204412734375 0.296773537109375
0 0.64868079296875 0.26659853515625 0.64824886328125 0.26562840234375 0.568843107421875 0.29960985546875 0.597192978515625 0.426146470703125 0.5986284296875 0.42827461328125 0.67334912890625 0.39500681640625 0.64868079296875 0.26659853515625
0 0.64201266796875 0.249777740234375 0.667380341796875 0.37931641015625 0.668577416015625 0.38109114453125 0.745036787109375 0.351741138671875 0.721520775390625 0.21701434765625 0.64201266796875 0.249777740234375
0 0.508621427734375 0.44171670703125 0.516577609375 0.452274916015625 0.63599476171875 0.402877791015625 0.6384649453125 0.40101637109375 0.58753409765625 0.335497830078125 0.4699308671875 0.3883597421875 0.481720734375 0.405838935546875 0.508621427734375 0.44171670703125
0 0.28286528125 1 0.315764583984375 0.9839539375 0.27865537890625 0.800539388671875 0.278231099609375 0.799910369140625 0.214905943359375 0.83447472265625 0.23747123046875 1 0.28286528125 1
0 0.99024926953125 0.489154126953125 0.98949002734375 0.488028501953125 0.93480743359375 0.418158759765625 0.767486837890625 0.499788333984375 0.777819251953125 0.51510676953125 0.823603662109375 0.5767491484375 0.99024926953125 0.489154126953125
0 0.2196228984375 0.850686470703125 0.2514480078125 0.9227564375 0.25170489453125 0.9232831328125 0.432388904296875 0.882968341796875 0.43804192578125 0.879155330078125 0.40513973828125 0.81547051953125 0.2196228984375 0.850686470703125
0 0.661303724609375 0.52399195703125 0.69750017578125 0.7089798828125 0.6999656484375 0.712635095703125 0.78423525 0.6768647734375 0.743933236328125 0.493705876953125 0.661303724609375 0.52399195703125
0 1 0.423060591796875 0.93989677734375 0.33758546484375 0.867127837890625 0.40101589453125 0.972062091796875 0.541702953125 0.979699826171875 0.54961205859375 0.98258245703125 0.54766769921875 0.994859931640625 0.536385025390625 1 0.531421318359375 1 0.423060591796875
0 0.35221183203125 0.73931750390625 0.3982384140625 0.913561796875 0.40375072265625 0.92173412890625 0.47452859765625 0.882501310546875 0.42775445703125 0.696295912109375 0.35221183203125 0.73931750390625
0 0.696689365234375 0.729196732421875 0.719012849609375 0.71356566015625 0.645414001953125 0.543834734375 0.640821966796875 0.547050111328125 0.5754360546875 0.59684635546875 0.642162255859375 0.7616346953125 0.644121849609375 0.76443328515625 0.6774552421875 0.7421703125 0.696689365234375 0.729196732421875
0 0.759506701171875 0.64064294921875 0.909423978515625 0.52580122265625 0.90900111328125 0.525174298828125 0.837904798828125 0.467461318359375 0.69039187890625 0.573311890625 0.689536880859375 0.57422876171875 0.69165720703125 0.57737226953125 0.759506701171875 0.64064294921875
0 0.3770048671875 0.758492322265625 0.4126275 0.80771234765625 0.43411902734375 0.835220248046875 0.60374277734375 0.7618204921875 0.606965296875 0.75930278515625 0.552404017578125 0.685438095703125 0.3770048671875 0.758492322265625
0 0.675488455078125 0.741612212890625 0.64912241015625 0.662661232421875 0.46151934375 0.67475723046875 0.46348384765625 0.680462560546875 0.49724375 0.762648123046875 0.517312421875 0.76081237890625 0.671705296875 0.7439406484375 0.67238169921875 0.74370774609375 0.675488455078125 0.741612212890625
0 0.449260365234375 0 0.472842892578125 0.07693175 0.47329170703125 0.07759714453125 0.53818962109375 0.04168808203125 0.527173501953125 0 0.449260365234375 0
0 0.4257025390625 0 0.3879646328125 0.018500689453125 0.40524553515625 0.11642483203125 0.40747090625 0.11972408203125 0.417631744140625 0.11520018359375 0.47461284765625 0.087968689453125 0.456840017578125 0 0.4257025390625 0
0 0.354095083984375 0.15172583203125 0.436213982421875 0.09616682421875 0.438712361328125 0.09339209375 0.438062828125 0.09242912109375 0.376630427734375 0.044640943359375 0.29742958984375 0.09908561328125 0.300209560546875 0.103207087890625 0.354095083984375 0.15172583203125
0 0.524231994140625 1 0.462792013671875 0.87850261328125 0.395828052734375 0.94420421484375 0.42639416796875 1 0.524231994140625 1
0 0.52094859765625 1 0.6668576171875 0.943127328125 0.611842875 0.8676454453125 0.44368608203125 0.935381060546875 0.442228384765625 0.936479513671875 0.478177498046875 0.989922546875 0.48577140234375 1 0.52094859765625 1
0 0.426998884765625 1 0.407533220703125 0.9273419140625 0.40668093359375 0.926078345703125 0.392856388671875 0.93471687890625 0.3293467578125 0.97583761328125 0.33622917578125 1 0.426998884765625 1
0 0.559165943359375 0.95042289453125 0.735818693359375 0.921430669921875 0.742387171875 0.91700017578125 0.70784269921875 0.839313228515625 0.520383837890625 0.8603976875 0.559165943359375 0.95042289453125
0 1 0.65387214453125 0.9398450546875 0.559874490234375 0.867714087890625 0.6274600390625 0.977131330078125 0.781279828125 0.99894958984375 0.7665632265625 1 0.76554885546875 1 0.65387214453125
0 0.878776966796875 0.612031240234375 0.866872599609375 0.620060837890625 0.81591101171875 0.656775955078125 0.801639041015625 0.6671451484375 0.878671595703125 0.8431568984375 0.8790448125 0.84367058984375 0.896919205078125 0.83161416015625 0.958645353515625 0.78676748828125 0.879388109375 0.61287240625 0.878776966796875 0.612031240234375
0 0.908230904296875 0.78246193359375 0.913652345703125 0.778071740234375 0.85218824609375 0.705069521484375 0.68098372265625 0.787878841796875 0.689674625 0.800763634765625 0.7427074609375 0.866253732421875 0.908230904296875 0.78246193359375
0 0.641098771484375 0.90162333203125 0.6649334140625 0.92545797265625 0.83052802734375 0.823587927734375 0.8340610078125 0.820054947265625 0.765613099609375 0.7516070390625 0.600062916015625 0.85791480078125 0.602616212890625 0.86170021875 0.641098771484375 0.90162333203125
0 1 0.584526671875 0.92979780078125 0.62575487109375 0.9723312421875 0.685265984375 0.98715163671875 0.70493330859375 1 0.697812177734375 1 0.584526671875
0 0.160076095703125 0.309346150390625 0.148553220703125 0.19871526953125 0.08278966015625 0.221716107421875 0.091375658203125 0.33008558984375 0.094054240234375 0.334056751953125 0.12652349609375 0.32222578515625 0.160076095703125 0.309346150390625
0 0.2724118984375 0.175093712890625 0.283681388671875 0.18759701171875 0.368393943359375 0.148301783203125 0.370330126953125 0.14661868359375 0.323482076171875 0.0910464375 0.23938177734375 0.13597123828125 0.2427703671875 0.140995033203125 0.2724118984375 0.175093712890625
0 0.109363626953125 0.34021369921875 0.0698688984375 0.233634771484375 0.021514857421875 0.2718420546875 0.049269740234375 0.3818451171875 0.09005750390625 0.354333423828125 0.10593541796875 0.34279744140625 0.109363626953125 0.34021369921875
0 0.227411962890625 0.25873673046875 0.207177611328125 0.159408642578125 0.140863349609375 0.19060791015625 0.160053548828125 0.286606052734375 0.164964138671875 0.29388630078125 0.167091685546875 0.292755064453125 0.227411962890625 0.25873673046875
0 0.218001283203125 0.246777845703125 0.22679133984375 0.243226431640625 0.282662283203125 0.219289986328125 0.275016841796875 0.11991301171875 0.274789689453125 0.11935078515625 0.268601345703125 0.121851037109375 0.2062517421875 0.149447373046875 0.21642151953125 0.24443574609375 0.218001283203125 0.246777845703125
0 0 0.394586177734375 0.0800324921875 0.348265833984375 0.0813709609375 0.346726099609375 0.034646203125 0.304478212890625 0.01095062890625 0.31520490234375 0 0.3203886015625 0 0.394586177734375