0 0.280869255859375 0.88548166015625 0.183036341796875 0.8236164296875 0.16661433203125 0.88938430078125 0.25775314453125 0.95035608984375 0.26411029296875 0.95124952734375 0.27293421875 0.91831818359375 0.280869255859375 0.88548166015625
0 0.17760243359375 0.80796479296875 0.264988646484375 0.885103037109375 0.267122970703125 0.88540299609375 0.29338817578125 0.82384678515625 0.20412252734375 0.74579433203125 0.17760243359375 0.80796479296875
0 0.333540712890625 0.570223849609375 0.245433384765625 0.4985475859375 0.214350345703125 0.568932796875 0.30488148828125 0.6414084296875 0.30675516015625 0.641671755859375 0.30814621484375 0.63822877734375 0.333540712890625 0.570223849609375
0 0.31982854296875 0.601194033203125 0.319899056640625 0.5971541953125 0.241618751953125 0.60097090234375 0.207887576171875 0.70509174609375 0.219260283203125 0.706690076171875 0.28360223046875 0.707813169921875 0.31982854296875 0.601194033203125
0 0.18981454296875 0.73320208203125 0.28279648828125 0.80871298828125 0.2853715078125 0.8090748828125 0.31385116796875 0.734882826171875 0.21849894921875 0.65965702734375 0.18981454296875 0.73320208203125
0 0.34596169921875 0.446666775390625 0.3460827421875 0.444935787109375 0.26798846484375 0.437032107421875 0.229548046875 0.548772513671875 0.23699726171875 0.54981943359375 0.305055888671875 0.554578556640625 0.34596169921875 0.446666775390625
0 0.236405115234375 0.42001594921875 0.337336662109375 0.48451401171875 0.36505801953125 0.40706399609375 0.263517912109375 0.342524716796875 0.236405115234375 0.42001594921875
0 0.280584142578125 0.09318884765625 0.397733326171875 0.162166962890625 0.401190640625 0.16265285546875 0.429788744140625 0.088152251953125 0.3109301796875 0.0156646484375 0.280584142578125 0.09318884765625
0 0.391502443359375 0.249651181640625 0.393005611328125 0.2498624375 0.396030150390625 0.241983244140625 0.42259299609375 0.171044626953125 0.30262221875 0.096730732421875 0.301232572265625 0.096535431640625 0.300222341796875 0.09916716796875 0.271524111328125 0.1780734375 0.38877363671875 0.24860369140625 0.391502443359375 0.249651181640625
0 0.33268118359375 0.41043133984375 0.39269027734375 0.286797109375 0.39355103125 0.28067252734375 0.32014491796875 0.26140515234375 0.2546046015625 0.39240594140625 0.33268118359375 0.41043133984375
0 0.398965505859375 0.19723842578125 0.326807162109375 0.187342986328125 0.272402462890625 0.31790715625 0.316212314453125 0.325851900390625 0.3540256015625 0.3311662109375 0.397906404296875 0.204774322265625 0.398965505859375 0.19723842578125
0 0.43991460546875 0.81702391015625 0.44030119140625 0.813345791015625 0.363647029296875 0.803713609375 0.29681326171875 0.9479563515625 0.31964923046875 0.95116573828125 0.38060939453125 0.95757291015625 0.43991460546875 0.81702391015625
0 0.354827375 0.98451110546875 0.447243427734375 0.976425748046875 0.44787283203125 0.97194730859375 0.44716328125 0.963837107421875 0.442845162109375 0.94120503515625 0.28064912890625 0.904378875 0.28014741796875 0.907948751953125 0.288749146484375 0.975224416015625 0.354827375 0.98451110546875
0 0.42174762890625 0.62769365234375 0.48998243359375 0.5039165234375 0.49107748828125 0.49612482421875 0.411553931640625 0.47611801171875 0.34634096875 0.61166547265625 0.42174762890625 0.62769365234375
0 0.383412021484375 0.869426416015625 0.463971927734375 0.7451260234375 0.46474740234375 0.7396082421875 0.386793546875 0.719968390625 0.30844248828125 0.844255916015625 0.383412021484375 0.869426416015625
0 0.46174260546875 0.71394519921875 0.462055671875 0.71298168359375 0.481367625 0.63413533203125 0.359401953125 0.55282158984375 0.358785208984375 0.552734912109375 0.33598140234375 0.625924833984375 0.455481962890625 0.71266815234375 0.45763605859375 0.7133680625 0.46174260546875 0.71394519921875
0 0.470853830078125 0.655299095703125 0.471263189453125 0.65196512109375 0.3968201953125 0.64137905859375 0.32888741796875 0.778899966796875 0.37994776953125 0.78607603125 0.40933769921875 0.78968466015625 0.470853830078125 0.655299095703125
0 0.48405813671875 0.3961044765625 0.48323776953125 0.38942312890625 0.40593893359375 0.39704270703125 0.38630682421875 0.548745908203125 0.38640562890625 0.549550609375 0.43037861328125 0.54654080078125 0.46802844921875 0.54191798046875 0.4832912421875 0.4107908828125 0.48405813671875 0.3961044765625
0 0.43361148046875 0 0.4270263359375 0.07025884375 0.56023770703125 0.10505095703125 0.564893263671875 0.10562258984375 0.570120732421875 0.06842721484375 0.576162431640625 0.01922153515625 0.490334478515625 0 0.43361148046875 0
0 0.56285384375 0.12213677734375 0.44405422265625 0.06540699609375 0.41818279296875 0.1480340859375 0.53933979296875 0.20258057421875 0.54183714453125 0.2029315546875 0.5500565703125 0.1742670078125 0.56285384375 0.12213677734375
0 0.395415919921875 0.352659041015625 0.398633646484375 0.353642798828125 0.475027607421875 0.375930033203125 0.53723755078125 0.2687221328125 0.53839282421875 0.26050193359375 0.458981857421875 0.234957474609375 0.395415919921875 0.352659041015625
0 0.51323384765625 0.286683326171875 0.53191837890625 0.15538253515625 0.531689435546875 0.151014009765625 0.53065176953125 0.15086817578125 0.446840751953125 0.157310296875 0.43075124609375 0.289880064453125 0.43658696484375 0.290700220703125 0.51323384765625 0.286683326171875
0 0.469196162109375 0.45371771484375 0.482414458984375 0.45348698828125 0.512642986328125 0.32784158203125 0.512589005859375 0.324749044921875 0.42964698828125 0.3274421328125 0.403365556640625 0.453283947265625 0.412520193359375 0.454570548828125 0.469196162109375 0.45371771484375
0 0.65275386328125 1 0.727895623046875 0.885332984375 0.728617849609375 0.88263759765625 0.654788548828125 0.861422068359375 0.649137734375 0.8599079375 0.569676958984375 1 0.65275386328125 1
0 0.66974803515625 0.29343523828125 0.698052234375 0.29945148046875 0.758124091796875 0.30999186328125 0.82668476171875 0.140246662109375 0.82722691796875 0.13638901953125 0.73464691796875 0.117726390625 0.66974803515625 0.29343523828125
0 0.5662456796875 0.891049724609375 0.74609351953125 0.926829052734375 0.75140026171875 0.926457970703125 0.749509958984375 0.86715149609375 0.748202244140625 0.848450302734375 0.5595663125 0.817147373046875 0.55944248046875 0.81802847265625 0.5662456796875 0.891049724609375
0 0.625914662109375 0.39449098828125 0.78639295703125 0.49449209375 0.790190111328125 0.495025748046875 0.821557857421875 0.40884357421875 0.660118015625 0.31340453125 0.625914662109375 0.39449098828125
0 0.86044773828125 0.14992916015625 0.853106515625 0.08008208984375 0.6699528515625 0.070847486328125 0.675135677734375 0.16724186328125 0.850602572265625 0.17116814453125 0.8603515703125 0.170143484375 0.861444541015625 0.16236660546875 0.86044773828125 0.14992916015625
0 0.620269689453125 0.86387758984375 0.69357708203125 0.863031126953125 0.739152984375 0.68296056640625 0.739152984375 0.678319923828125 0.65632207421875 0.677338939453125 0.6071406875 0.86218587109375 0.619177904296875 0.86387758984375 0.620269689453125 0.86387758984375
0 0.625904603515625 0.672324583984375 0.639128560546875 0.67418308984375 0.68273694140625 0.677640435546875 0.7106739765625 0.679593982421875 0.77231774609375 0.50367404296875 0.77241948828125 0.502219056640625 0.769995998046875 0.50204958984375 0.6778901796875 0.50097523046875 0.67173853515625 0.52016582421875 0.625904603515625 0.672324583984375
0 0.72426423828125 0.405596814453125 0.618730306640625 0.55108685546875 0.61814169921875 0.55247352734375 0.66361610546875 0.5729692421875 0.701479908203125 0.58904147265625 0.80530921484375 0.438292904296875 0.8055839609375 0.436337994140625 0.72426423828125 0.405596814453125
0 0.83203980078125 0.309708732421875 0.8301878046875 0.274370494140625 0.64197708203125 0.252771318359375 0.653122361328125 0.34444474609375 0.82875691796875 0.370185984375 0.8338528203125 0.369918919921875 0.834623482421875 0.3644353671875 0.83203980078125 0.309708732421875
0 0.624445564453125 0.775828341796875 0.68414523046875 0.77222716015625 0.71733334375 0.76932357421875 0.750601986328125 0.587845400390625 0.75021362109375 0.583406349609375 0.65619000390625 0.5881609296875 0.624445564453125 0.775828341796875
0 0.115450482421875 0 0.1099336640625 0.07438369140625 0.11490918359375 0.075082953125 0.188058841796875 0.06813266796875 0.190989333984375 0 0.115450482421875 0
0 0.194521578125 0.057694896484375 0.1192913359375 0.045803201171875 0.08475051171875 0.13907375 0.151795541015625 0.149692638671875 0.16253758984375 0.151202333984375 0.194041087890625 0.06111376953125 0.194521578125 0.057694896484375
0 0.84195730859375 1 0.884110478515625 0.93293322265625 0.884613 0.929357595703125 0.803692529296875 0.90040041015625 0.8007410703125 0.899554091796875 0.771938669921875 1 0.84195730859375 1
0 0.08894716796875 0.215533927734375 0.139149140625 0.234017740234375 0.192309203125 0.152025939453125 0.192880376953125 0.14796183203125 0.125085361328125 0.121878638671875 0.066542611328125 0.204874806640625 0.066328884765625 0.206395548828125 0.08894716796875 0.215533927734375
0 0.0642696875 0.29520683984375 0.089415560546875 0.299640736328125 0.139187705078125 0.307040767578125 0.174604779296875 0.221864333984375 0.176175755859375 0.21068624609375 0.106199091796875 0.2009961171875 0.0642696875 0.29520683984375
0 0.06068509375 0.342131166015625 0.14135166796875 0.389636751953125 0.14525208984375 0.390184919921875 0.167493005859375 0.317438162109375 0.07851627734375 0.264146650390625 0.06068509375 0.342131166015625
0 0.789868763671875 0.752171044921875 0.788644037109375 0.751998921875 0.759465724609375 0.8336536328125 0.906703490234375 0.945310921875 0.908638462890625 0.94558286328125 0.940291251953125 0.8586175390625 0.789868763671875 0.752171044921875
0 0.954365556640625 0.734366607421875 0.77870506640625 0.683798232421875 0.772433076171875 0.77188407421875 0.772395474609375 0.774038291015625 0.948014580078125 0.826743494140625 0.951621810546875 0.82680645703125 0.953988294921875 0.755979904296875 0.954365556640625 0.734366607421875
0 0.93264821484375 1 0.93531329296875 0.936104591796875 0.93531329296875 0.929499751953125 0.740917767578125 0.87005885546875 0.74000079296875 0.87005885546875 0.74000079296875 0.88659901953125 0.74121817578125 0.96224891015625 0.8720020390625 1 0.93264821484375 1
0 0.969737171875 0.67261672265625 0.8125825234375 0.56827212109375 0.784424251953125 0.662164087890625 0.94320381640625 0.756364470703125 0.94464201171875 0.75656659765625 0.9530963359375 0.730546865234375 0.969737171875 0.67261672265625
0 1 0.1949939609375 0.942794736328125 0.17566233984375 0.8442596171875 0.3437303671875 0.937903826171875 0.37597465234375 1 0.257066587890625 1 0.1949939609375
0 0.858975193359375 0.46209076171875 0.883430080078125 0.46347052734375 0.944925478515625 0.46669336328125 0.99556720703125 0.28237655859375 0.995682193359375 0.280182462890625 0.9758725703125 0.2789932734375 0.8981866640625 0.27492192578125 0.850111869140625 0.4608451015625 0.858975193359375 0.46209076171875
0 0.820484548828125 0.54617351953125 0.841755130859375 0.55069471875 0.915499353515625 0.56490142578125 0.994007642578125 0.397968837890625 0.995126392578125 0.39000851953125 0.899608853515625 0.369705638671875 0.820484548828125 0.54617351953125
0 0.79634801171875 0.5020551875 0.79610055859375 0.503815908203125 0.801133404296875 0.59984830078125 0.98661528515625 0.63020058984375 0.994200677734375 0.5762277265625 0.992905421875 0.53813417578125 0.79634801171875 0.5020551875
0 1 0.129238021484375 0.849243400390625 0.121329705078125 0.8514844453125 0.146944970703125 0.861583287109375 0.223929814453125 1 0.22773624609375 1 0.129238021484375
0 0.12989940234375 0.624508033203125 0.036196333984375 0.56255790234375 0.013729744140625 0.63178701171875 0.1019895625 0.687053041015625 0.109568109375 0.68811813671875 0.118591869140625 0.66149330859375 0.12989940234375 0.624508033203125
0 0.09786928125 0.354872474609375 0.045399724609375 0.4353144375 0.083235755859375 0.4475123359375 0.115541349609375 0.457389146484375 0.15979673828125 0.38039465234375 0.16056913671875 0.377868255859375 0.161251591796875 0.373012328125 0.09786928125 0.354872474609375
0 0.019234935546875 0.752411888671875 0.070309591796875 0.752131736328125 0.1169843515625 0.64650194140625 0.117021 0.645452439453125 0.04317760546875 0.64416904296875 0.00905378125 0.75130669140625 0.016151517578125 0.75230421484375 0.019234935546875 0.752411888671875
0 0.09024516015625 0.602307748046875 0.106843458984375 0.6021856875 0.13657305859375 0.507813306640625 0.136614208984375 0.50545588671875 0.06417584765625 0.50063927734375 0.03248408203125 0.599969759765625 0.04328765625 0.6014881015625 0.09024516015625 0.602307748046875
0 0.030824423828125 0.50446666015625 0.08602778515625 0.524559041015625 0.100979095703125 0.529453251953125 0.1563267421875 0.45296255859375 0.156899029296875 0.44889051953125 0.090928826171875 0.42642144140625 0.030824423828125 0.50446666015625
0 0 0.84985886328125 0.0898746953125 0.90223436328125 0.09002736328125 0.902253107421875 0.0949795625 0.867016365234375 0.0992146875 0.832524046875 0 0.775523447265625 0 0.84985886328125
0 0 0.72865940625 0.00374917578125 0.78846530859375 0.00428410546875 0.7935548203125 0.11183101171875 0.818263529296875 0.1173683984375 0.81768152734375 0.1130370625 0.76695628515625 0.1118897890625 0.756040703125 0.087465955078125 0.7478001328125 0 0.71993910546875 0 0.72865940625
0 0 0.90486168359375 0.09128481640625 0.934535462890625 0.09499395703125 0.934276095703125 0.095608251953125 0.929905169921875 0.08986070703125 0.85130033984375 0.032672671875 0.85529931640625 0 0.857798806640625 0 0.90486168359375