0 0.16568138671875 0.840204400390625 0.182870171875 0.811122658203125 0.107904203125 0.72394372265625 0.10722799609375 0.723642658203125 0.072466623046875 0.7814498671875 0.14295985546875 0.8678291953125 0.14723117578125 0.86973091015625 0.16568138671875 0.840204400390625
0 0.15681863671875 0.789084361328125 0.225112708984375 0.692149015625 0.160510720703125 0.672272783203125 0.09165848828125 0.769029404296875 0.15681863671875 0.789084361328125
0 0.32063274609375 0.521621099609375 0.255695203125 0.428435779296875 0.206415474609375 0.487526740234375 0.27346260546875 0.582148556640625 0.275191111328125 0.58291813671875 0.277477291015625 0.579991958984375 0.32063274609375 0.521621099609375
0 0.1729231640625 0.619483234375 0.18581441015625 0.623922044921875 0.236678111328125 0.6377496484375 0.299972888671875 0.55047289453125 0.30128998828125 0.546647767578125 0.291375650390625 0.54223362109375 0.23098545703125 0.521530291015625 0.16157279296875 0.61442972265625 0.1729231640625 0.619483234375
0 0.124094337890625 0.6935239140625 0.136993294921875 0.69804398828125 0.19934045703125 0.719511837890625 0.269872978515625 0.62339084375 0.27087332421875 0.6204856328125 0.223749947265625 0.603976775390625 0.19717673046875 0.594826884765625 0.12296611328125 0.69302159765625 0.124094337890625 0.6935239140625
0 0.23100272265625 0.475757990234375 0.23069236328125 0.47700276953125 0.3063576953125 0.4983840234375 0.363709724609375 0.394850060546875 0.36191499609375 0.39405099609375 0.2902651328125 0.3761866796875 0.23100272265625 0.475757990234375
0 0.399891232421875 0.32032745703125 0.400187134765625 0.31904576953125 0.3209541953125 0.298873064453125 0.265498328125 0.40504191015625 0.34506969921875 0.42590756640625 0.399891232421875 0.32032745703125
0 0.48284311328125 0 0.3920301875 0.092444744140625 0.40162937109375 0.099166166015625 0.458968046875 0.138507947265625 0.553824337890625 0.04489352734375 0.556577775390625 0.03870920703125 0.502062984375 0 0.48284311328125 0
0 0.482376744140625 0.22362566015625 0.48349595703125 0.221330935546875 0.51874073046875 0.145701197265625 0.40681553125 0.06429744140625 0.40423946484375 0.063041009765625 0.400763970703125 0.070166828125 0.367634107421875 0.139536740234375 0.4768410078125 0.221160990234375 0.482376744140625 0.22362566015625
0 0.289116236328125 0.314061638671875 0.31129996484375 0.33248352734375 0.35016835546875 0.362850845703125 0.46202491796875 0.27412771484375 0.463516318359375 0.27077797265625 0.402212369140625 0.222120826171875 0.289116236328125 0.314061638671875
0 0.32914075390625 0.260206494140625 0.35776744140625 0.27479251953125 0.395648830078125 0.293112076171875 0.484082923828125 0.190010650390625 0.4863194296875 0.184987375 0.41513423828125 0.14669229296875 0.32914075390625 0.260206494140625
0 0.191686373046875 0.825669498046875 0.31709623828125 0.913083458984375 0.32056047265625 0.91420905859375 0.32874839453125 0.89064639453125 0.34502766796875 0.84054394140625 0.21730600390625 0.744786166015625 0.191686373046875 0.825669498046875
0 0.33705923046875 0.879113802734375 0.21206779296875 0.82408738671875 0.19082353515625 0.815069732421875 0.179883361328125 0.85041609765625 0.302151396484375 0.955925171875 0.303580439453125 0.956531765625 0.33147931640625 0.893869857421875 0.33705923046875 0.879113802734375
0 0.39085939453125 0.601499380859375 0.487687912109375 0.50076253515625 0.491519361328125 0.4921569609375 0.42024369921875 0.452450232421875 0.32217055078125 0.56650066796875 0.39085939453125 0.601499380859375
0 0.3939229375 0.73056987890625 0.39667833984375 0.724381140625 0.33306919921875 0.682184716796875 0.219233849609375 0.78487141015625 0.21897535546875 0.78545199609375 0.2911203125 0.82567487890625 0.3939229375 0.73056987890625
0 0.285149791015625 0.63217954296875 0.29412440234375 0.63800772265625 0.35906400390625 0.673653384765625 0.46357668359375 0.581808107421875 0.466767900390625 0.57464051953125 0.404623458984375 0.535346107421875 0.285149791015625 0.63217954296875
0 0.300600431640625 0.594124916015625 0.269559662109375 0.66927546875 0.384110361328125 0.76402772265625 0.38560005078125 0.76462959765625 0.41020062890625 0.70937579296875 0.415867859375 0.69534890625 0.300600431640625 0.594124916015625
0 0.39230034765625 0.51362231640625 0.439677943359375 0.530866349609375 0.523486650390625 0.40834641015625 0.52486744140625 0.404552712890625 0.45057730078125 0.37288919140625 0.376297484375 0.484523623046875 0.36659659765625 0.501333396484375 0.36633197265625 0.502060451171875 0.39230034765625 0.51362231640625
0 0.557660974609375 0.12031482421875 0.56640254296875 0.1242068203125 0.63842434765625 0.138669470703125 0.678534298828125 0.032170451171875 0.63910422265625 0.01461505078125 0.596588560546875 0.004799537109375 0.557660974609375 0.12031482421875
0 0.6632596171875 0.130288849609375 0.54165380078125 0.0798543046875 0.520142193359375 0.163722162109375 0.645187431640625 0.212319212890625 0.64779590234375 0.20646048828125 0.65320816796875 0.183017392578125 0.6632596171875 0.130288849609375
0 0.594249451171875 0.3022415 0.48590853515625 0.22813744921875 0.484901904296875 0.22771016015625 0.45355673828125 0.30427411328125 0.559464890625 0.3815758125 0.559551041015625 0.381612380859375 0.581164111328125 0.33306862890625 0.594249451171875 0.3022415
0 0.51855509765625 0.284976541015625 0.57131341796875 0.298723587890625 0.62921181640625 0.17959204296875 0.630045845703125 0.176683439453125 0.55079885546875 0.15450676953125 0.48933868359375 0.27461565234375 0.501852419921875 0.280187125 0.51855509765625 0.284976541015625
0 0.40638003515625 0.398566375 0.458398154296875 0.439409388671875 0.46881590234375 0.447548625 0.5697863359375 0.3701481875 0.571886232421875 0.3654317421875 0.50713047265625 0.31638573046875 0.40638003515625 0.398566375
0 0.5757204140625 1 0.473033642578125 0.87211444140625 0.42902766796875 0.937276240234375 0.426332830078125 0.94142592578125 0.47988944140625 1 0.5757204140625 1
0 0.90149424609375 0.33647877734375 0.91519916015625 0.308866970703125 0.916130841796875 0.30677437890625 0.762427212890625 0.1980591015625 0.72441948046875 0.27974562109375 0.86980808203125 0.389279728515625 0.873706451171875 0.39101539453125 0.90149424609375 0.33647877734375
0 0.637113181640625 0.9324384765625 0.49807729296875 0.80085756640625 0.46244305859375 0.866006177734375 0.59060370703125 0.995297572265625 0.596700529296875 0.998012052734375 0.627739751953125 0.948673734375 0.637113181640625 0.9324384765625
0 0.825009232421875 0.51143686328125 0.835522572265625 0.48782351953125 0.68193934765625 0.372388982421875 0.6429133046875 0.4572681328125 0.78921975390625 0.561976482421875 0.79339690625 0.5639243203125 0.79651808203125 0.56531395703125 0.825009232421875 0.51143686328125
0 0.91911458203125 0.288517748046875 0.954230482421875 0.227695220703125 0.811484021484375 0.11256924609375 0.759017822265625 0.19360032421875 0.8986657109375 0.29991360546875 0.90852469921875 0.305605693359375 0.90864425 0.305658921875 0.91911458203125 0.288517748046875
0 0.486097494140625 0.851867287109375 0.497613232421875 0.8590631171875 0.560229986328125 0.89719227734375 0.692715529296875 0.7701578671875 0.69550480859375 0.763893041015625 0.627037814453125 0.719974224609375 0.486097494140625 0.851867287109375
0 0.741070306640625 0.658642490234375 0.74765377734375 0.64958112109375 0.789958095703125 0.586167712890625 0.671354455078125 0.44994145703125 0.67083864453125 0.449566697265625 0.62849473046875 0.50522855859375 0.616039318359375 0.5223719609375 0.74037337890625 0.65833219921875 0.741070306640625 0.658642490234375
0 0.87458560546875 0.32804640234375 0.87626776171875 0.324083494140625 0.78814496484375 0.28613723046875 0.68695040625 0.444695779296875 0.70279328515625 0.451749484375 0.77340691015625 0.4761578046875 0.87458560546875 0.32804640234375
0 0.70300706640625 0.78260958984375 0.72082998828125 0.756186015625 0.59575546484375 0.614312560546875 0.5417511015625 0.689889865234375 0.662181732421875 0.83033983984375 0.662765591796875 0.830733658203125 0.666647287109375 0.832461900390625 0.70300706640625 0.78260958984375
0 0.580826822265625 0.626012994140625 0.596088216796875 0.639173974609375 0.71792992578125 0.74055752734375 0.719003431640625 0.741104505859375 0.758255154296875 0.66580862890625 0.6197230234375 0.5397060234375 0.618850775390625 0.53926158984375 0.580826822265625 0.626012994140625
0 0.21718419921875 0 0.206938966796875 0.018055142578125 0.2826558984375 0.07997239453125 0.283453619140625 0.080327564453125 0.320612283203125 0.01329155859375 0.304951095703125 0 0.21718419921875 0
0 0.18277930859375 0.1261540390625 0.202722041015625 0.13187252734375 0.244482978515625 0.143096353515625 0.293052224609375 0.056184357421875 0.29408975390625 0.0525660625 0.2917539140625 0.051526078125 0.218774513671875 0.033041626953125 0.173515625 0.12202958203125 0.18277930859375 0.1261540390625
0 0.219208736328125 0.224957890625 0.257627849609375 0.16774968359375 0.190987818359375 0.088353921875 0.187251234375 0.093496890625 0.147854294921875 0.15091273828125 0.211065171875 0.22255580859375 0.21853698828125 0.22588247265625 0.219208736328125 0.224957890625
0 0.234327220703125 0.19546949609375 0.235318125 0.19149519140625 0.157528126953125 0.17794762890625 0.11333945703125 0.26285360546875 0.121675634765625 0.266565111328125 0.18790391015625 0.28307767578125 0.234327220703125 0.19546949609375
0 0.817105294921875 1 0.82923793359375 0.931192396484375 0.66289344921875 0.845795611328125 0.6473368984375 0.93830975 0.77793130078125 1 0.817105294921875 1
0 0.85616253515625 0.89278651171875 0.86761758203125 0.874454603515625 0.74309179296875 0.74063720703125 0.692348083984375 0.812911197265625 0.6912063515625 0.8147383515625 0.8134920390625 0.949152470703125 0.818294646484375 0.95129073046875 0.85616253515625 0.89278651171875
0 0.76096552734375 1 0.62664130078125 0.92827478125 0.6263924765625 0.928221892578125 0.607978447265625 1 0.76096552734375 1
0 0.90468374609375 0.69212017578125 0.9060717890625 0.68610790234375 0.8206382734375 0.66945940234375 0.730387666015625 0.83511026171875 0.8263765 0.854978158203125 0.90468374609375 0.69212017578125
0 1 0.357186033203125 0.94586893359375 0.294069720703125 0.88384603125 0.37103622265625 1 0.49375599609375 1 0.357186033203125
0 1 0.41292045703125 0.9493243671875 0.39447603515625 0.846475927734375 0.556769978515625 0.86454662109375 0.564815568359375 0.937952322265625 0.59153305859375 1 0.490271046875 1 0.41292045703125
0 1 0.53840135546875 0.934996671875 0.49304706640625 0.79000545703125 0.61825501953125 0.8709638984375 0.677074771484375 1 0.561502068359375 1 0.53840135546875
0 0.76297891796875 0.678930671875 0.9332604375 0.756177791015625 0.95597021484375 0.70517080078125 0.9637149609375 0.66532753125 0.782538232421875 0.58732478515625 0.76297891796875 0.678930671875
0 1 0.23651073828125 0.964135017578125 0.21446782421875 0.920625978515625 0.301939552734375 1 0.3534912421875 1 0.23651073828125
0 0 0.50947931640625 0.0892666328125 0.56411766796875 0.093014294921875 0.56512184765625 0.093687765625 0.5636092109375 0.10309123046875 0.53077119921875 0.112393111328125 0.4960561171875 0.016117873046875 0.440351119140625 0 0.49399758984375 0 0.50947931640625
0 0.19551074609375 0.299931681640625 0.19587903515625 0.299018796875 0.12136230078125 0.238428201171875 0.09165248046875 0.305571162109375 0.1650571171875 0.35868715625 0.16882040234375 0.360284576171875 0.191819078125 0.308628703125 0.19551074609375 0.299931681640625
0 0 0.62190834375 0.03669547265625 0.62904122265625 0.085545625 0.531773609375 0.086335611328125 0.52770948828125 0.026577162109375 0.51858039453125 0 0.55975809765625 0 0.62190834375
0 0.031380052734375 0.43046970703125 0.095136740234375 0.49762166015625 0.103014576171875 0.50112909765625 0.14088021484375 0.44238244921875 0.06737459375 0.364392509765625 0.031380052734375 0.43046970703125
0 0.094238896484375 0.408933328125 0.12082443359375 0.4179882109375 0.178176931640625 0.343516326171875 0.1802896015625 0.337711810546875 0.110774166015625 0.31495640234375 0.05379783984375 0.39369793359375 0.06014857421875 0.39652546484375 0.094238896484375 0.408933328125
0 0 0.6938090390625 0.070419654296875 0.606658650390625 0.07111743359375 0.60474151953125 0.01235582421875 0.582044373046875 0 0.59455455859375 0 0.6938090390625