0 0 0.37612654296875 0.0358702109375 0.42200550390625 0.037531197265625 0.42372550390625 0.10159761328125 0.327634869140625 0.08099278125 0.30086468359375 0.06554021484375 0.2817823515625 0.05790754296875 0.27387848828125 0.055127794921875 0.276129482421875 0 0.36361162890625 0 0.37612654296875
0 0.0253405078125 0.3837595859375 0.120246701171875 0.454846548828125 0.176020361328125 0.415637560546875 0.080638556640625 0.344893052734375 0.0253405078125 0.3837595859375
0 0.351627939453125 0.56228971484375 0.2420732734375 0.52601421484375 0.2001747890625 0.5901074375 0.20116754296875 0.5908025703125 0.30807176953125 0.62527251171875 0.351274666015625 0.56693675390625 0.353309373046875 0.564030890625 0.351627939453125 0.56228971484375
0 0.16237828515625 0.49100916796875 0.15178263671875 0.499589353515625 0.1428451796875 0.50822015625 0.239845224609375 0.571776537109375 0.28951248828125 0.531667107421875 0.29731919140625 0.524128263671875 0.294773251953125 0.52098429296875 0.205445208984375 0.4606190625 0.16237828515625 0.49100916796875
0 0.142913896484375 0.536121564453125 0.142956927734375 0.53609570703125 0.2224633671875 0.44437519140625 0.186539302734375 0.38458750390625 0.180320310546875 0.37814755078125 0.100951826171875 0.467137458984375 0.142913896484375 0.536121564453125
0 0.337509017578125 0.7057457109375 0.337822171875 0.705372509765625 0.38386834765625 0.59814516015625 0.3266355 0.550121099609375 0.324390060546875 0.552289494140625 0.275549646484375 0.65695180078125 0.337509017578125 0.7057457109375
0 0.401096869140625 0.608065642578125 0.326662732421875 0.701909859375 0.3775270625 0.766352193359375 0.452523185546875 0.6722708828125 0.401096869140625 0.608065642578125
0 0.60717834765625 1 0.69757273828125 0.897864291015625 0.65328979296875 0.84317941015625 0.644394236328125 0.8339677890625 0.554562837890625 0.93869272265625 0.603250599609375 1 0.60717834765625 1
0 0.480920373046875 0.84207244140625 0.592576251953125 0.926123888671875 0.64759269921875 0.876610603515625 0.65635799609375 0.8681460546875 0.652477126953125 0.86398433203125 0.54273971484375 0.78359646484375 0.50589519140625 0.8179545390625 0.480920373046875 0.84207244140625
0 0.36524956640625 0.736096126953125 0.49570809375 0.8000330078125 0.54517883984375 0.737975162109375 0.543934134765625 0.73668623046875 0.413340599609375 0.67461724609375 0.3822995625 0.712949736328125 0.364926232421875 0.7357613046875 0.36524956640625 0.736096126953125
0 0.52348923046875 0.70756255859375 0.515946185546875 0.714846791015625 0.44594643359375 0.82523805078125 0.4964601953125 0.87977162109375 0.58027138671875 0.76379505859375 0.52348923046875 0.70756255859375
0 0.26779189453125 0.2685386953125 0.26460321484375 0.26523672265625 0.125127693359375 0.205680642578125 0.071334869140625 0.269788435546875 0.072789720703125 0.27129498046875 0.219805640625 0.32814080859375 0.26779189453125 0.2685386953125
0 0.197534078125 0.264037294921875 0.22044162890625 0.237500517578125 0.2182911796875 0.235273662109375 0.12325980859375 0.16873198046875 0.10048258984375 0.190727681640625 0.07559425390625 0.22627191015625 0.197534078125 0.264037294921875
0 0.4944867578125 0.521534767578125 0.491476890625 0.517817890625 0.371880201171875 0.43674342578125 0.31728706640625 0.48095207421875 0.312448912109375 0.485624224609375 0.431611451171875 0.576426150390625 0.4944867578125 0.521534767578125
0 0.26660824609375 0.39476005859375 0.325171748046875 0.34463750390625 0.32152336328125 0.339615931640625 0.20748498828125 0.25745173046875 0.14055965234375 0.30632777734375 0.26660824609375 0.39476005859375
0 0.44219976953125 0.453641953125 0.4370722265625 0.448332224609375 0.307295421875 0.382136943359375 0.25349974609375 0.435932619140625 0.25498216796875 0.4374677109375 0.3797264765625 0.50749632421875 0.44219976953125 0.453641953125
0 0.387049732421875 0.397262076171875 0.384846025390625 0.394727 0.25869938671875 0.31771569921875 0.21808183984375 0.353023994140625 0.198515671875 0.37191882421875 0.331253345703125 0.447666314453125 0.387049732421875 0.397262076171875
0 0.552515060546875 0.582678673828125 0.43654703515625 0.49001556640625 0.3961707109375 0.52044130859375 0.380559068359375 0.532801802734375 0.374535384765625 0.53861880859375 0.37529359765625 0.53962498828125 0.38948530078125 0.552863990234375 0.4931581953125 0.637903212890625 0.55494469140625 0.585902900390625 0.552515060546875 0.582678673828125
0 0.69145817578125 0.88276805078125 0.73940346484375 0.95034718359375 0.739544099609375 0.95049281640625 0.8461324765625 0.852399609375 0.806221103515625 0.799435427734375 0.79627056640625 0.786553388671875 0.7930961953125 0.78326623046875 0.789426548828125 0.786031509765625 0.69145817578125 0.88276805078125
0 0.710186275390625 0.884477228515625 0.772952255859375 0.76875320703125 0.731957666015625 0.73410101171875 0.70845941015625 0.7157421640625 0.7066453125 0.71749401953125 0.64068886328125 0.83283735546875 0.710186275390625 0.884477228515625
0 0.502482 0.673517525390625 0.61699033984375 0.74131387890625 0.672135638671875 0.678251671875 0.6655766796875 0.671459671875 0.55813799609375 0.612212640625 0.504134365234375 0.670662328125 0.502006701171875 0.67302533984375 0.502482 0.673517525390625
0 0.580762603515625 0.7167653125 0.56280137109375 0.742416609375 0.687927998046875 0.797867712890625 0.734772904296875 0.731867923828125 0.731161509765625 0.72812821484375 0.61311222265625 0.6728799609375 0.580762603515625 0.7167653125
0 0.46452325 0.631962150390625 0.516271306640625 0.69786340625 0.59501701171875 0.591337892578125 0.550062525390625 0.53609611328125 0.54551243359375 0.53138435546875 0.5404612109375 0.53547475390625 0.46452325 0.631962150390625
0 0.33729073828125 0 0.282216607421875 0.10462104296875 0.330102498046875 0.158988060546875 0.42729371484375 0 0.33729073828125 0
0 0.771799669921875 0.54904866796875 0.759725830078125 0.561122509765625 0.91276627734375 0.668306662109375 0.977732873046875 0.60782605078125 0.97207172265625 0.601963759765625 0.827740611328125 0.494272681640625 0.771799669921875 0.54904866796875
0 0.516488642578125 0.103201982421875 0.516393572265625 0.103140244140625 0.3391055625 0.04008755078125 0.33878640234375 0.040579015625 0.298415392578125 0.10823327734375 0.47825767578125 0.165795552734375 0.519127123046875 0.1059342109375 0.516488642578125 0.103201982421875
0 0.835451857421875 0.494599751953125 0.83102953515625 0.486621673828125 0.71723775 0.349024470703125 0.637644716796875 0.393143609375 0.6360203359375 0.39471225390625 0.76215104296875 0.54017344140625 0.835451857421875 0.494599751953125
0 1 0.581703630859375 0.980853578125 0.554280677734375 0.973297189453125 0.55900243359375 0.84009467578125 0.6743307734375 0.890514537109375 0.750744810546875 1 0.66118991015625 1 0.581703630859375
0 0.373791125 0.144009759765625 0.522230001953125 0.264645974609375 0.588665005859375 0.2151655546875 0.585937306640625 0.2114111953125 0.443222806640625 0.09251989453125 0.38341833984375 0.13492409765625 0.3825350703125 0.135565830078125 0.373791125 0.144009759765625
0 0.68520296875 0.27504750390625 0.676507001953125 0.26872951171875 0.675043779296875 0.270142529296875 0.599339974609375 0.43670170703125 0.616483375 0.4491571171875 0.67359186328125 0.48875769140625 0.674654251953125 0.48773175390625 0.74503258984375 0.322284482421875 0.68520296875 0.27504750390625
0 0.91341781640625 0.52098209765625 0.912557326171875 0.520260060546875 0.755165279296875 0.434226001953125 0.69229402734375 0.4994864375 0.69119750390625 0.50079322265625 0.854564517578125 0.59684463671875 0.9156415078125 0.523284796875 0.91341781640625 0.52098209765625
0 0.43114704296875 0.25325472265625 0.610539728515625 0.316425859375 0.66028173046875 0.236496017578125 0.656587533203125 0.23400425 0.481734185546875 0.175119294921875 0.46310473828125 0.2027385859375 0.43104745703125 0.253151599609375 0.43114704296875 0.25325472265625
0 0.683958775390625 0.3036703828125 0.698264927734375 0.2894768828125 0.654384013671875 0.20578354296875 0.65287001953125 0.206693240234375 0.5240448046875 0.3415523515625 0.5685678515625 0.41411345703125 0.568769990234375 0.413992 0.683958775390625 0.3036703828125
0 0.42139983984375 1 0.4463060390625 0.965772734375 0.40833405078125 0.92241776171875 0.39384353125 0.907412388671875 0.39362633984375 0.90761492578125 0.336575162109375 0.992830125 0.343040818359375 1 0.42139983984375 1
0 0.27648146484375 0.91965427734375 0.26811216015625 0.93076072265625 0.36224684765625 0.973505798828125 0.408328041015625 0.9156636171875 0.40476242578125 0.911971314453125 0.314050916015625 0.873451470703125 0.27648146484375 0.91965427734375
0 0.35655189453125 0.881650142578125 0.3543210703125 0.87821497265625 0.28190453515625 0.81049376171875 0.220210744140625 0.85055817578125 0.21736741796875 0.853303943359375 0.287410662109375 0.9197855625 0.35655189453125 0.881650142578125
0 0.53256635546875 0 0.500417869140625 0.0638788671875 0.56963398828125 0.127203435546875 0.628478279296875 0 0.53256635546875 0
0 0.62721644140625 0 0.569360236328125 0.136697310546875 0.58070426171875 0.145560234375 0.643778212890625 0.1932390234375 0.714709501953125 0.02024705078125 0.71130306640625 0.01758565234375 0.686120142578125 0 0.62721644140625 0
0 0.82277555859375 0.16395036328125 0.81447866796875 0.155358677734375 0.666813439453125 0.06193540234375 0.595938671875 0.12965066796875 0.760257111328125 0.22230502734375 0.82277555859375 0.16395036328125
0 1 0.31690963671875 0.998469140625 0.318387970703125 0.895107833984375 0.47499170703125 0.9695535625 0.54001875 1 0.488572927734375 1 0.31690963671875
0 1 0.340866248046875 0.857421630859375 0.27846600390625 0.8212259375 0.3282851015625 0.801683451171875 0.35541060546875 0.8021988125 0.35578503515625 0.97704233984375 0.43547455859375 1 0.403876048828125 1 0.340866248046875
0 0.805290443359375 0.393267775390625 0.80560605859375 0.39359460546875 0.94624316015625 0.2617564453125 0.915330357421875 0.21030890625 0.88824058203125 0.18225662109375 0.757193396484375 0.30963914453125 0.805290443359375 0.393267775390625
0 0.89807998828125 0.2216866171875 0.893845603515625 0.217301783203125 0.72548703515625 0.128887275390625 0.66251559375 0.20393371484375 0.84042417578125 0.293019365234375 0.89807998828125 0.2216866171875
0 0.026391185546875 0.6723899296875 0.07454478515625 0.722739859375 0.135037107421875 0.629398298828125 0.118597236328125 0.61113997265625 0.085817888671875 0.57719596484375 0.08353196875 0.57925421484375 0.026391185546875 0.6723899296875
0 0.241610830078125 0.8749748125 0.280498171875 0.78715830859375 0.279755580078125 0.786512123046875 0.23042598828125 0.745119681640625 0.22446953515625 0.75087176171875 0.18465691796875 0.82863797265625 0.241610830078125 0.8749748125
0 0 0.653317544921875 0.009701025390625 0.6694655078125 0.078514001953125 0.575309220703125 0.051836318359375 0.52851117578125 0.047537025390625 0.524059126953125 0.043756443359375 0.52642149609375 0 0.574453447265625 0 0.653317544921875
0 0.13840790234375 0.775332990234375 0.13884890625 0.774907115234375 0.1826938203125 0.6778218203125 0.127170447265625 0.63413573046875 0.122137140625 0.63899633984375 0.08303779296875 0.724735306640625 0.13840790234375 0.775332990234375
0 0.1782838828125 0.694476576171875 0.1695371796875 0.688796400390625 0.16892842578125 0.689384265625 0.14022776953125 0.78261351171875 0.19616620703125 0.821599685546875 0.201574810546875 0.82511207421875 0.20213741015625 0.824568779296875 0.22856103125 0.72863391796875 0.1782838828125 0.694476576171875
0 0 0.58837798046875 0.01187282421875 0.59367923828125 0.05922304296875 0.53840966015625 0.0576235 0.53675328515625 0 0.516538287109375 0 0.58837798046875