0 1 0.47195976171875 0.90886009765625 0.49248655859375 0.903853701171875 0.49537700390625 0.937814150390625 0.55194112109375 1 0.53960823828125 1 0.47195976171875
0 0.93909331640625 0.59325002734375 0.94557109375 0.476136994140625 0.945025294921875 0.475017939453125 0.88032367578125 0.492231685546875 0.87320687109375 0.610772080078125 0.93909331640625 0.59325002734375
0 0.72466279296875 0.604193859375 0.61203133203125 0.622679603515625 0.6099030625 0.62371762890625 0.61166167578125 0.6273233203125 0.64520694921875 0.6916992890625 0.756187294921875 0.674377236328125 0.7572765703125 0.673845962890625 0.741600509765625 0.638921322265625 0.72466279296875 0.604193859375
0 0.71008837109375 0.645847171875 0.827182326171875 0.647413490234375 0.819475916015625 0.622206953125 0.80076574609375 0.5729296953125 0.692953634765625 0.573023130859375 0.69162059765625 0.573430681640625 0.688334408203125 0.575033462890625 0.71008837109375 0.645847171875
0 0.878450232421875 0.617043083984375 0.85969730859375 0.497560251953125 0.85933379296875 0.496846810546875 0.82708740234375 0.51257442578125 0.78739769140625 0.532797345703125 0.807890798828125 0.65232027734375 0.82114775 0.6458544296875 0.878450232421875 0.617043083984375
0 0.63491908984375 0.605229474609375 0.633615568359375 0.60306005078125 0.565318416015625 0.64126281640625 0.59807141015625 0.7553658359375 0.66310414453125 0.716290224609375 0.63491908984375 0.605229474609375
0 0.57659946484375 0.76666410546875 0.5840605625 0.647399375 0.58393483203125 0.64714158984375 0.502899265625 0.660420970703125 0.4956795625 0.780519212890625 0.57659946484375 0.76666410546875
0 0.301614982421875 0.80459119921875 0.16630123046875 0.810523208984375 0.161271474609375 0.81297638671875 0.178432740234375 0.890100322265625 0.318387357421875 0.886136099609375 0.301614982421875 0.80459119921875
0 0.31745086328125 0.72115664453125 0.310350857421875 0.724619546875 0.309530755859375 0.725237537109375 0.249412447265625 0.771320734375 0.311834021484375 0.89804105078125 0.31257536328125 0.89902483984375 0.315099396484375 0.897122845703125 0.381250830078125 0.84541427734375 0.31919293359375 0.72346844921875 0.31745086328125 0.72115664453125
0 0.5377691328125 0.740363216796875 0.52171058203125 0.693725798828125 0.377763958984375 0.7073859453125 0.376153478515625 0.7081714296875 0.401415740234375 0.78340672265625 0.54587435546875 0.767945150390625 0.54629270703125 0.767741107421875 0.5377691328125 0.740363216796875
0 0.472790279296875 0.802207525390625 0.4595810546875 0.75528130859375 0.449693484375 0.722940521484375 0.311918587890625 0.73950087890625 0.30875188671875 0.741045380859375 0.33159053125 0.810544470703125 0.472790279296875 0.802207525390625
0 0.982609537109375 0.428007166015625 0.973049783203125 0.40289097265625 0.953628455078125 0.3548215 0.797976115234375 0.363359541015625 0.79477710546875 0.36491980078125 0.82658332421875 0.441993876953125 0.982609537109375 0.428007166015625
0 0.922540884765625 0.278267076171875 0.890412361328125 0.30336862890625 0.860018583984375 0.32913183203125 0.94266122265625 0.43785607421875 0.956870025390625 0.45604251171875 0.9835747734375 0.430431787109375 0.927788556640625 0.27887475 0.925996859375 0.276581484375 0.922540884765625 0.278267076171875
0 0.521674189453125 0.572062287109375 0.672672380859375 0.57698355078125 0.66416104296875 0.539756607421875 0.65197028515625 0.49426007421875 0.505120427734375 0.497611595703125 0.504624505859375 0.497744478515625 0.50306865234375 0.498503318359375 0.521674189453125 0.572062287109375
0 0.7644349375 0.3692880234375 0.76183120703125 0.370614689453125 0.7832148671875 0.521763041015625 0.783351375 0.52203095703125 0.857191703125 0.48463590625 0.83507662109375 0.34132790234375 0.834227689453125 0.339661779296875 0.77516025 0.3640569375 0.7644349375 0.3692880234375
0 0.726367033203125 0.46272966796875 0.57984994921875 0.46279301953125 0.57390657421875 0.465691796875 0.604918521484375 0.54154268359375 0.75007333984375 0.53569017578125 0.726367033203125 0.46272966796875
0 0.643492615234375 0.443627451171875 0.6406133828125 0.445357470703125 0.678103134765625 0.510536779296875 0.827310736328125 0.4796061875 0.81801404296875 0.460545140625 0.78726299609375 0.40936680859375 0.643492615234375 0.443627451171875
0 0.59901884765625 0.604688048828125 0.599602376953125 0.60440344140625 0.59202507421875 0.5773186875 0.57724374609375 0.52897113671875 0.4289576328125 0.53577287109375 0.42509687109375 0.53695322265625 0.4445181796875 0.61533955078125 0.578376111328125 0.607478771484375 0.597639130859375 0.60510987109375 0.59901884765625 0.604688048828125
0 0.102378607421875 0.81181493359375 0.2123211328125 0.75491743359375 0.210415126953125 0.7510095390625 0.207456619140625 0.74667516796875 0.16260248828125 0.682616833984375 0.06073586328125 0.73996106640625 0.080637404296875 0.78076527734375 0.102378607421875 0.81181493359375
0 0.15158976953125 0.659190234375 0.17099055078125 0.789402474609375 0.253958634765625 0.764646380859375 0.23142958984375 0.633700666015625 0.230324064453125 0.631434001953125 0.20196383203125 0.64064880078125 0.15158976953125 0.659190234375
0 0.278117390625 0.62641358203125 0.271339650390625 0.63170893359375 0.32216022265625 0.69506202734375 0.441292125 0.639827205078125 0.43906457421875 0.635260044921875 0.38987484765625 0.57038060546875 0.278117390625 0.62641358203125
0 0.19629375 0.6705824140625 0.1927703125 0.6735389296875 0.24903432421875 0.737368275390625 0.3641954765625 0.67066520703125 0.36133969140625 0.664809982421875 0.31239985546875 0.606485755859375 0.19629375 0.6705824140625
0 0.393245595703125 0.67245915234375 0.474233794921875 0.650970826171875 0.471654607421875 0.528211958984375 0.47125436328125 0.52660666015625 0.468832837890625 0.52164180078125 0.394465130859375 0.53999374609375 0.393245595703125 0.67245915234375
0 0.69201790625 0.09559049609375 0.689379466796875 0.096498982421875 0.71307581640625 0.169569822265625 0.71498044140625 0.175101251953125 0.8823705 0.16210983984375 0.86044755859375 0.09844099609375 0.857979265625 0.09338024609375 0.69201790625 0.09559049609375
0 0.185297830078125 0.3793188125 0.01314861328125 0.452413267578125 0.06594648046875 0.53187190234375 0.23433878515625 0.454320169921875 0.22750777734375 0.440314529296875 0.22032187109375 0.42924920703125 0.185297830078125 0.3793188125
0 0.81719835546875 0.13299495703125 0.78610216796875 0.095033580078125 0.613911958984375 0.16723311328125 0.612287072265625 0.16850261328125 0.65841512890625 0.23240055859375 0.8315351796875 0.1532204375 0.8291010234375 0.1482296796875 0.81719835546875 0.13299495703125
0 0.401386751953125 0.40513413671875 0.385477828125 0.336927814453125 0.380479017578125 0.319494884765625 0.19419809375 0.33275337890625 0.188653349609375 0.33545773046875 0.2142237890625 0.422857634765625 0.401386751953125 0.40513413671875
0 0 0.57161402734375 0.147865373046875 0.48375462109375 0.14744190234375 0.482886375 0.12603175390625 0.45403885546875 0.0922617265625 0.41081519140625 0 0.462196080078125 0 0.57161402734375
0 0.62039146484375 0.31908367578125 0.693578982421875 0.272167447265625 0.6378316875 0.098500552734375 0.63390540625 0.09221718359375 0.631299470703125 0.09348818359375 0.5639361875 0.135581435546875 0.62039146484375 0.31908367578125
0 0.572283310546875 0.303020296875 0.572499298828125 0.302905453125 0.5691451875 0.296028505859375 0.546312466796875 0.25210547265625 0.533164796875 0.22737830078125 0.35131000390625 0.26832478515625 0.350664576171875 0.26866796484375 0.35475716015625 0.27705900390625 0.399060271484375 0.349834056640625 0.41859469140625 0.344881484375 0.572283310546875 0.303020296875
0 0.297799828125 0.3726613515625 0.302142728515625 0.3839749921875 0.48463709375 0.35362397265625 0.47874552734375 0.33827591015625 0.450569546875 0.27282678515625 0.277655439453125 0.29726383203125 0.271775466796875 0.3001316875 0.297799828125 0.3726613515625
0 0.101207392578125 0.40611185546875 0.09768082421875 0.40858118359375 0.152304736328125 0.487459408203125 0.32229822265625 0.4065465390625 0.319699302734375 0.401217966796875 0.26549887890625 0.33412280078125 0.101207392578125 0.40611185546875
0 0.64753923828125 0.295350037109375 0.63668933984375 0.236534236328125 0.62976278515625 0.20394736328125 0.44558289453125 0.19304332421875 0.441224259765625 0.193969779296875 0.45740199609375 0.28671312109375 0.64753923828125 0.295350037109375
0 0.40184958984375 1 0.386764970703125 0.96003526953125 0.3852194765625 0.95756196484375 0.3744407421875 0.96281910546875 0.318528009765625 0.9977572578125 0.319421662109375 1 0.40184958984375 1
0 0.48076230859375 1 0.45937300390625 0.919056869140625 0.45889215234375 0.91815251953125 0.454982234375 0.92005951171875 0.39062903515625 0.95689532421875 0.40384226953125 1 0.48076230859375 1
0 0.522807865234375 1 0.54884580078125 0.99024237109375 0.538183259765625 0.89551276953125 0.53455737109375 0.88807859765625 0.532866220703125 0.888660908203125 0.46858184765625 0.913486826171875 0.47616305859375 1 0.522807865234375 1
0 0.50716708203125 0.9008069765625 0.5054295625 0.90189269921875 0.54630116015625 0.96730092578125 0.644484337890625 0.935245712890625 0.64322142578125 0.932656359375 0.597833109375 0.87046066015625 0.50716708203125 0.9008069765625
0 0.4966183125 0 0.513127806640625 0.059714087890625 0.69781883203125 0.060633228515625 0.681572208984375 0 0.4966183125 0
0 0.52890313671875 0 0.394971236328125 0.057666134765625 0.45258674609375 0.131182048828125 0.6182771640625 0.057619107421875 0.61969563671875 0.056470453125 0.581903287109375 0.004314580078125 0.57840941015625 0 0.52890313671875 0
0 0.31569055078125 0.073613947265625 0.3101926640625 0.07641526171875 0.35235477734375 0.15256258203125 0.5366495859375 0.11534405078125 0.53012905859375 0.10197498828125 0.4907819296875 0.028917685546875 0.31569055078125 0.073613947265625
0 0 0.2290271953125 0.068610431640625 0.38009905078125 0.071200908203125 0.37883558984375 0.14351756640625 0.331281591796875 0.07366032421875 0.15500151953125 0.07200183984375 0.1524476796875 0.05765280859375 0.159446169921875 0 0.196886341796875 0 0.2290271953125
0 0.269840388671875 0.217012423828125 0.261327375 0.205106041015625 0.215321255859375 0.14178405078125 0.042068314453125 0.22074862109375 0.040168974609375 0.222128572265625 0.060037798828125 0.24970704296875 0.095700513671875 0.29879255859375 0.272077890625 0.221599984375 0.269840388671875 0.217012423828125
0 0.22784058984375 0.294645625 0.316212685546875 0.24765734765625 0.26553339453125 0.069150369140625 0.262317189453125 0.063101564453125 0.245634869140625 0.07123807421875 0.1786233984375 0.108529515625 0.22784058984375 0.294645625
0 0.218646978515625 0.11606915234375 0.21713028515625 0.116875591796875 0.25941030859375 0.20004340234375 0.451047640625 0.15012959765625 0.43961465234375 0.1266885 0.40596077734375 0.063394765625 0.218646978515625 0.11606915234375
0 0 0.35371316015625 0.091539388671875 0.319624904296875 0.06102501171875 0.255804853515625 0.05949837890625 0.25267479296875 0.048806080078125 0.231689974609375 0 0.248492548828125 0 0.35371316015625
0 0.90001802734375 0.76778409765625 0.876176310546875 0.736145072265625 0.774909412109375 0.77406769921875 0.771702455078125 0.77648431640625 0.81380971484375 0.834396517578125 0.917409712890625 0.792652390625 0.916962923828125 0.79173633984375 0.90001802734375 0.76778409765625
0 0.703779830078125 0.909711580078125 0.685372326171875 0.86175839453125 0.679058849609375 0.846154744140625 0.58677398046875 0.85404194140625 0.58379251953125 0.85549609765625 0.608636197265625 0.92326996875 0.703779830078125 0.909711580078125
0 0.94759125390625 0.795924291015625 0.943224712890625 0.688750408203125 0.94054358203125 0.68325327734375 0.88517011328125 0.70375223046875 0.877361416015625 0.820112259765625 0.94759125390625 0.795924291015625
0 0.705953849609375 0.794444150390625 0.742641287109375 0.85949719921875 0.840923171875 0.839475974609375 0.84184023828125 0.83898836328125 0.82008009375 0.792737025390625 0.809674814453125 0.773167541015625 0.70758915234375 0.79357464453125 0.705953849609375 0.794444150390625
0 0.741253197265625 0.814340408203125 0.73159480859375 0.8019222578125 0.642902853515625 0.83439821484375 0.639662138671875 0.836752732421875 0.682312201171875 0.892959537109375 0.774117330078125 0.86242126171875 0.76989242578125 0.85375892578125 0.741253197265625 0.814340408203125
0 1 0.692168333984375 0.9834416875 0.644245140625 0.98001375390625 0.639857583984375 0.93929156640625 0.670411048828125 0.93064258984375 0.677168369140625 0.936596849609375 0.70224779296875 0.9594641640625 0.79175442578125 1 0.762747392578125 1 0.692168333984375