0 0.550028583984375 1 0.573925904296875 0.993286123046875 0.578449806640625 0.990348267578125 0.573980888671875 0.98194345703125 0.542513380859375 0.935256029296875 0.42875008203125 0.964079568359375 0.45335891015625 1 0.550028583984375 1
0 0.43585007421875 0.957068990234375 0.548078306640625 0.9187888984375 0.50749715625 0.86473658984375 0.3949224140625 0.902544017578125 0.43585007421875 0.957068990234375
0 0.403423642578125 0.650636212890625 0.2899043359375 0.654345056640625 0.312622521484375 0.727857759765625 0.429859244140625 0.723106775390625 0.4303316796875 0.722855576171875 0.42887341796875 0.71862047265625 0.403423642578125 0.650636212890625
0 0.362872615234375 0.8315259375 0.387940818359375 0.823380783203125 0.43688403515625 0.80381345703125 0.434929345703125 0.697128068359375 0.43203819921875 0.69169061328125 0.362395123046875 0.7144224765625 0.362872615234375 0.8315259375
0 0.389416494140625 0.87530903515625 0.50714905078125 0.871362611328125 0.511088533203125 0.869267951171875 0.484130791015625 0.79520216015625 0.36281498828125 0.800985212890625 0.389416494140625 0.87530903515625
0 0.25643112109375 0.583674087890625 0.276067556640625 0.656958265625 0.39059485546875 0.66047754296875 0.39185874609375 0.660138884765625 0.39297449609375 0.65954562890625 0.375141931640625 0.5836409453125 0.25643112109375 0.583674087890625
0 0.25176809765625 0.60051165234375 0.365557177734375 0.566676556640625 0.3668947265625 0.56587287890625 0.33107896484375 0.503121810546875 0.32618726171875 0.4949806484375 0.21150267578125 0.52877829296875 0.25176809765625 0.60051165234375
0 0.098735013671875 0.314116494140625 0.22733502734375 0.263433208984375 0.216983306640625 0.243964451171875 0.1866256484375 0.19344082421875 0.056328 0.24247482421875 0.098735013671875 0.314116494140625
0 0.265438205078125 0.3217820234375 0.22487455078125 0.2616748515625 0.09745217578125 0.315687439453125 0.0950484296875 0.317248451171875 0.09936643359375 0.32389759765625 0.14176491796875 0.388023578125 0.271177943359375 0.33514641015625 0.272193505859375 0.334486896484375 0.265438205078125 0.3217820234375
0 0.25846857421875 0.38259655859375 0.257176271484375 0.3811613125 0.198147083984375 0.431209234375 0.26698862890625 0.55841763671875 0.273515642578125 0.554947162109375 0.32741269921875 0.50641803515625 0.25846857421875 0.38259655859375
0 0.3067373125 0.415514736328125 0.310738400390625 0.413296896484375 0.27290158984375 0.34129356640625 0.137488630859375 0.387534341796875 0.174870548828125 0.451784966796875 0.3067373125 0.415514736328125
0 0.563810828125 0.940735984375 0.712059255859375 0.90343667578125 0.71518149609375 0.901560642578125 0.702770291015625 0.87992264453125 0.67563765234375 0.834766349609375 0.519575388671875 0.86833636328125 0.563810828125 0.940735984375
0 0.56042133203125 0.95644163671875 0.56081291015625 0.95717809375 0.587190646484375 0.98194669921875 0.73562035546875 0.91830505078125 0.7374827109375 0.91668612890625 0.734890673828125 0.91181121484375 0.709203923828125 0.882261990234375 0.68188533984375 0.85325820703125 0.57763528515625 0.94147777734375 0.56042133203125 0.95644163671875
0 0.50634615625 0.6530665625 0.500967697265625 0.50867989453125 0.5007688671875 0.50810244921875 0.498774109375 0.50435085546875 0.419541224609375 0.528391021484375 0.433404138671875 0.677618521484375 0.43365761328125 0.678095234375 0.50634615625 0.6530665625
0 0.4858485078125 0.797242873046875 0.53549768359375 0.86346781640625 0.672788271484375 0.8168035390625 0.67428166796875 0.81567818359375 0.63859471484375 0.7595331328125 0.631227484375 0.749756486328125 0.486088650390625 0.797061912109375 0.4858485078125 0.797242873046875
0 0.59861610546875 0.68029394921875 0.556518927734375 0.610885544921875 0.4143961328125 0.63930733984375 0.41245618359375 0.640338830078125 0.44790964453125 0.707883431640625 0.591134884765625 0.685135294921875 0.598962296875 0.68097338671875 0.59861610546875 0.68029394921875
0 0.480235431640625 0.76993678125 0.629921466796875 0.770690544921875 0.63401398828125 0.76851451171875 0.60824239453125 0.693668373046875 0.456790826171875 0.697379451171875 0.480235431640625 0.76993678125
0 0.498099533203125 0.47978469140625 0.487016447265625 0.4589404375 0.3582212421875 0.48953073046875 0.33764956640625 0.4958243828125 0.37175823046875 0.56692027734375 0.5081527265625 0.53636685546875 0.520322232421875 0.52989621484375 0.498099533203125 0.47978469140625
0 0.172177412109375 0.119152423828125 0.24202325 0.22130310546875 0.244610505859375 0.2199274375 0.249637421875 0.215508658203125 0.307751931640625 0.163182119140625 0.24039816015625 0.07174772265625 0.202367947265625 0.09196874609375 0.172177412109375 0.119152423828125
0 0.32502051953125 0.15396115234375 0.19754952734375 0.186866541015625 0.23084253125 0.266792400390625 0.35608176953125 0.231442744140625 0.3606898359375 0.22899258984375 0.34872590234375 0.202121154296875 0.32502051953125 0.15396115234375
0 0.2783072109375 0.34302260546875 0.2773784140625 0.3435374453125 0.318151224609375 0.419679359375 0.44323716796875 0.379931796875 0.416787390625 0.33018700390625 0.40407687109375 0.30725662109375 0.2783072109375 0.34302260546875
0 0.36881839453125 0.23059182421875 0.237359171875 0.26356348046875 0.271528408203125 0.33900767578125 0.39794864453125 0.310051251953125 0.403680583984375 0.307003525390625 0.38235708984375 0.25911016796875 0.36881839453125 0.23059182421875
0 0.32606561328125 0.395253548828125 0.34372902734375 0.472611193359375 0.46992673828125 0.47597635546875 0.4735226015625 0.4751461875 0.47563063671875 0.47402532421875 0.45608136328125 0.39479149609375 0.32606561328125 0.395253548828125
0 0.994691083984375 0.78470585546875 0.99458071484375 0.784542224609375 0.952513220703125 0.727953498046875 0.771981126953125 0.778913076171875 0.814768375 0.84488153515625 0.817535224609375 0.84898355859375 0.99019926171875 0.78805047265625 0.99481430078125 0.78493758984375 0.994691083984375 0.78470585546875
0 0.538488857421875 0.01115217578125 0.53847322265625 0.01112615625 0.46295730078125 0.060256802734375 0.5293322109375 0.233114806640625 0.555034396484375 0.219448712890625 0.611252158203125 0.184859474609375 0.538488857421875 0.01115217578125
0 0.924761908203125 0.659312216796875 0.91268945703125 0.644038306640625 0.7373006015625 0.7140055234375 0.78262448046875 0.77915591796875 0.95163181640625 0.70539573046875 0.956057013671875 0.702061103515625 0.953855607421875 0.69792086328125 0.924761908203125 0.659312216796875
0 0.513655751953125 0.28882439453125 0.55915184765625 0.36415691015625 0.734673033203125 0.292988091796875 0.736223375 0.291942373046875 0.72916061328125 0.27865925 0.685759517578125 0.2143144765625 0.513655751953125 0.28882439453125
0 0.466354419921875 0 0.384786697265625 0.04923119140625 0.4429865078125 0.1262475546875 0.590650703125 0.03138274609375 0.599183375 0.024222986328125 0.59822405859375 0.022418771484375 0.58693602734375 0.008269482421875 0.57999710546875 0 0.466354419921875 0
0 0.812526626953125 0.50826330859375 0.8102063046875 0.50424439453125 0.737982142578125 0.54481029296875 0.787748673828125 0.72924370703125 0.827337884765625 0.708193751953125 0.863092017578125 0.6869969375 0.812526626953125 0.50826330859375
0 0.6103377421875 0.302435560546875 0.6478419296875 0.47821439453125 0.648478572265625 0.479579677734375 0.694138173828125 0.459499919921875 0.73141799609375 0.4421160546875 0.689744837890625 0.26776494921875 0.68711605859375 0.262820935546875 0.6103377421875 0.302435560546875
0 0.5875286484375 0.09830003515625 0.5851838984375 0.0946894375 0.50444737890625 0.146527263671875 0.57956187890625 0.31966422265625 0.584555833984375 0.317008890625 0.653740158203125 0.265003822265625 0.5875286484375 0.09830003515625
0 0.76431238671875 0.64972364453125 0.81092760546875 0.61075437109375 0.83686932421875 0.587396341796875 0.751816013671875 0.42330589453125 0.7490796484375 0.4202668515625 0.679200892578125 0.47984776171875 0.76431238671875 0.64972364453125
0 0.6033715 0.441469548828125 0.654616390625 0.51938842578125 0.673966068359375 0.513757126953125 0.825353220703125 0.466789513671875 0.82639662890625 0.466187099609375 0.78462621484375 0.39225876171875 0.603417666015625 0.439761181640625 0.60268733984375 0.44018283203125 0.6033715 0.441469548828125
0 0 0.42408601953125 0.02804293359375 0.4217908515625 0.03233126171875 0.419510708984375 0.01118111328125 0.34575137890625 0 0.3468724375 0 0.42408601953125
0 0 0.523413939453125 0.0055506171875 0.520462623046875 0.02417812890625 0.50836577734375 0.0600465 0.484211888671875 0.026317478515625 0.39053681640625 0.024030564453125 0.38701527734375 0 0.403708775390625 0 0.523413939453125
0 0 0.539020365234375 0.01837036328125 0.568287056640625 0.11433926953125 0.540753775390625 0.117286375 0.53905226171875 0.11560612890625 0.53589217578125 0.111439068359375 0.5286746171875 0.07840060546875 0.47485212890625 0 0.499454525390625 0 0.539020365234375
0 0.10462653515625 0.523777521484375 0.10251695703125 0.52026658984375 0.037931546875 0.565692849609375 0.066951443359375 0.657700732421875 0.081226953125 0.65011030859375 0.133748638671875 0.61855209765625 0.10462653515625 0.523777521484375
0 1 0.5258744765625 0.873150275390625 0.56639364453125 0.921126201171875 0.63932934765625 1 0.6169727578125 1 0.5258744765625
0 1 0.425873212890625 0.83366384765625 0.482953158203125 0.87905009765625 0.558706322265625 0.88025490234375 0.56049251953125 1 0.520902375 1 0.425873212890625
0 1 0.62118605078125 0.917498923828125 0.628400744140625 0.915957611328125 0.629220275390625 0.92199148828125 0.644154642578125 0.951459173828125 0.713839962890625 1 0.708824541015625 1 0.62118605078125
0 1 0.381003708984375 0.99329105859375 0.37355267578125 0.95010737109375 0.327736826171875 0.7869928046875 0.419348408203125 0.848398662109375 0.48299620703125 1 0.40768332421875 1 0.381003708984375
0 0.79047246484375 0 0.6070399375 0.04106155078125 0.6458793359375 0.13195810546875 0.826758740234375 0.08204887890625 0.83179040234375 0.07937349609375 0.796451044921875 0 0.79047246484375 0
0 0.82133071875 0.06560788671875 0.651421576171875 0.15457349609375 0.650353416015625 0.155469791015625 0.6775255234375 0.18835656640625 0.712955505859375 0.230580375 0.87596690625 0.14206367578125 0.859503390625 0.111100306640625 0.82133071875 0.06560788671875
0 0.827296787109375 0.12128569921875 0.825068841796875 0.11742678515625 0.73929154296875 0.166950333984375 0.798312140625 0.35023282421875 0.81853990234375 0.339477533203125 0.8817119609375 0.30137625390625 0.827296787109375 0.12128569921875
0 0.87387788671875 0.205419376953125 0.8730190078125 0.20393175390625 0.7913774140625 0.24908853515625 0.847948857421875 0.43886716015625 0.870976669921875 0.4266230546875 0.933057345703125 0.39078076171875 0.87387788671875 0.205419376953125
0 0.2705336328125 0.8144145078125 0.1591720859375 0.82913489453125 0.187634716796875 0.896122177734375 0.28697347265625 0.880483958984375 0.2967311171875 0.875295728515625 0.28626425390625 0.84974605859375 0.2705336328125 0.8144145078125
0 0.1760806015625 0.64652001953125 0.142259255859375 0.606213310546875 0.056593443359375 0.6500701484375 0.101505611328125 0.701682875 0.18782862890625 0.66345688671875 0.188460498046875 0.6629266875 0.186633927734375 0.65949141015625 0.1760806015625 0.64652001953125
0 0.217858033203125 0.955336697265625 0.323904125 0.95286890234375 0.33034939453125 0.949441890625 0.311105455078125 0.89453368359375 0.194899427734375 0.88469541796875 0.217858033203125 0.955336697265625
0 0.229906169921875 0.74420287109375 0.124580439453125 0.76335238671875 0.16039341015625 0.82952816796875 0.251540767578125 0.81261146875 0.25899016796875 0.808650552734375 0.230717228515625 0.745728248046875 0.229906169921875 0.74420287109375
0 0.126226255859375 0.78115074609375 0.18177187109375 0.76202485546875 0.19647124609375 0.7564192109375 0.191521912109375 0.66535616015625 0.1881504921875 0.65901544140625 0.123820705078125 0.682673294921875 0.126226255859375 0.78115074609375
0 0.34480617578125 1 0.31309616015625 0.902758634765625 0.31186835546875 0.901129283203125 0.2608290625 0.9380491640625 0.26639476171875 0.96345713671875 0.2750543203125 1 0.34480617578125 1