0 0.60864891796875 0 0.57844285546875 0.0688356796875 0.628599810546875 0.11465897265625 0.634393490234375 0.10844601171875 0.675346810546875 0.00818057421875 0.666255021484375 0 0.60864891796875 0
0 0.65575773046875 0.09722019921875 0.54903119921875 0.04554826171875 0.501763685546875 0.094678984375 0.60889174609375 0.145924009765625 0.65575773046875 0.09722019921875
0 0.335562453125 0.285843865234375 0.438608365234375 0.333613400390625 0.48859857421875 0.280977578125 0.49117036328125 0.27812131640625 0.48914559765625 0.27623319140625 0.38519835546875 0.22705176953125 0.335562453125 0.285843865234375
0 0.456842310546875 0.16538298046875 0.39093164453125 0.210190361328125 0.487635970703125 0.275993544921875 0.539278662109375 0.2356458515625 0.545977728515625 0.228461984375 0.545026005859375 0.227243837890625 0.456842310546875 0.16538298046875
0 0.541346673828125 0.235719244140625 0.578617349609375 0.12579221875 0.5252710546875 0.087033865234375 0.51314390625 0.078323337890625 0.475240353515625 0.195536150390625 0.497977275390625 0.212055490234375 0.537162818359375 0.24020587890625 0.541346673828125 0.235719244140625
0 0.286748619140625 0.32293311328125 0.287021044921875 0.323337005859375 0.37740254296875 0.39715529296875 0.436560890625 0.357252482421875 0.439534892578125 0.354063255859375 0.35073065234375 0.276823369140625 0.286748619140625 0.32293311328125
0 0.321661806640625 0.47817560546875 0.32351359765625 0.47618980078125 0.36287540234375 0.36540312890625 0.29334768359375 0.321438654296875 0.253521513671875 0.43440348828125 0.321661806640625 0.47817560546875
0 0.00319651171875 0.645611263671875 0.00624732421875 0.64845619140625 0.12513311328125 0.71303325390625 0.176434712890625 0.64737019921875 0.0531808828125 0.58287308984375 0.00319651171875 0.645611263671875
0 0.060317921875 0.58564603515625 0.061181138671875 0.58645099609375 0.062493515625 0.58751373828125 0.183572005859375 0.654549705078125 0.237220740234375 0.59064458203125 0.23931567578125 0.588057552734375 0.2384524609375 0.58725259375 0.23730161328125 0.58632065625 0.114124693359375 0.52020580859375 0.065255484375 0.57954865234375 0.060317921875 0.58564603515625
0 0.320478083984375 0.4199558984375 0.25252371875 0.377493298828125 0.20623617578125 0.51646884765625 0.273053849609375 0.5555029296875 0.273076431640625 0.55547871484375 0.27408275 0.55386826953125 0.320478083984375 0.4199558984375
0 0.19391134375 0.610292548828125 0.27378074609375 0.4935545859375 0.24628098828125 0.461705423828125 0.236461048828125 0.450799275390625 0.22384562890625 0.43903520703125 0.137393291015625 0.550272275390625 0.19391134375 0.610292548828125
0 0.809103833984375 0.14089989453125 0.807643892578125 0.140022671875 0.659395462890625 0.10272336328125 0.615160025390625 0.175122984375 0.771222287109375 0.208692998046875 0.79835492578125 0.163536703125 0.810560109375 0.142257892578125 0.809103833984375 0.14089989453125
0 0.817639205078125 0.114676068359375 0.7633605234375 0.06406037890625 0.711376041015625 0.17968780859375 0.73441155078125 0.20509422265625 0.78711334765625 0.14857846484375 0.817639205078125 0.114676068359375
0 0.4719080625 0.49456293359375 0.47567690234375 0.49161839453125 0.55882626953125 0.37345486328125 0.51521475 0.31763466015625 0.51075559765625 0.31347643359375 0.418122365234375 0.43073921484375 0.4719080625 0.49456293359375
0 0.59172124609375 0.26163582421875 0.64615546484375 0.3217929453125 0.64993234375 0.318392224609375 0.722097318359375 0.18848382421875 0.664677021484375 0.134106486328125 0.59172124609375 0.26163582421875
0 0.637127572265625 0.343725791015625 0.50244844140625 0.28648915625 0.4515028203125 0.34368029296875 0.45231075 0.34443369921875 0.58436565625 0.40688075390625 0.642003779296875 0.3497183046875 0.642697708984375 0.348920029296875 0.637127572265625 0.343725791015625
0 0.56941628515625 0.2202125078125 0.510236431640625 0.26829535546875 0.63523320703125 0.35389416796875 0.69405972265625 0.307933853515625 0.698106625 0.30359408203125 0.69696587890625 0.3021339921875 0.56941628515625 0.2202125078125
0 0.5028448671875 0.42881380859375 0.4746102109375 0.40154791796875 0.44569973046875 0.37458845703125 0.4442640703125 0.376075126953125 0.433408134765625 0.392163142578125 0.36563390234375 0.50786271484375 0.426659541015625 0.560753875 0.429463994140625 0.55784978125 0.5028448671875 0.42881380859375
0 0.066577615234375 0.779490818359375 0.176607330078125 0.860542548828125 0.19240678515625 0.84359970703125 0.22131005859375 0.81149937109375 0.23415334765625 0.79688851953125 0.22427823828125 0.78767983203125 0.11761069140625 0.71474557421875 0.060903392578125 0.77419951953125 0.066577615234375 0.779490818359375
0 0.228751474609375 0.65470671875 0.204625890625 0.63843380859375 0.145754931640625 0.760420134765625 0.21686183984375 0.805919564453125 0.2214616484375 0.800986873046875 0.2732258515625 0.687265865234375 0.228751474609375 0.65470671875
0 0.244780435546875 0.6053495546875 0.24563956640625 0.605973748046875 0.366112982421875 0.656800603515625 0.41407369140625 0.590788353515625 0.41145633203125 0.58834762890625 0.294528697265625 0.534744146484375 0.244780435546875 0.6053495546875
0 0.28347319921875 0.74594293359375 0.286765201171875 0.742412693359375 0.32968328515625 0.617066369140625 0.258332373046875 0.57587190234375 0.257737958984375 0.576509333984375 0.21179247265625 0.702196748046875 0.28347319921875 0.74594293359375
0 0.382553431640625 0.45339698828125 0.38042274609375 0.451848953125 0.331946068359375 0.57508744921875 0.394334103515625 0.620185986328125 0.398984982421875 0.61519852734375 0.447479033203125 0.502073154296875 0.382553431640625 0.45339698828125
0 1 0.32109450390625 0.89057223046875 0.255958173828125 0.83377356640625 0.300933087890625 0.988759962890625 0.407205224609375 1 0.39743441015625 1 0.32109450390625
0 0.47468576171875 0.769087626953125 0.345421255859375 0.902916666015625 0.3954297109375 0.977191451171875 0.3958294453125 0.977564208984375 0.53061353515625 0.846162720703125 0.485263021484375 0.78234165234375 0.4776243046875 0.771827861328125 0.47468576171875 0.769087626953125
0 0.97446769921875 0.34644207421875 0.925774677734375 0.28450737109375 0.80758595703125 0.431776130859375 0.84931128515625 0.49208626953125 0.85241304296875 0.489832712890625 0.974812142578125 0.34691616015625 0.97446769921875 0.34644207421875
0 0.614604015625 0.819277056640625 0.67685833203125 0.7525174765625 0.66987644140625 0.746006759765625 0.513128380859375 0.6515579140625 0.45640781640625 0.718845806640625 0.614604015625 0.819277056640625
0 0.40026967578125 1 0.45166694921875 0.88301445703125 0.44382901171875 0.87830494921875 0.366682390625 0.837151150390625 0.30120748828125 0.99828671484375 0.30304476171875 1 0.40026967578125 1
0 0.85032261328125 0.374166857421875 0.80818886328125 0.3505017421875 0.80797434375 0.350731787109375 0.756195287109375 0.5337553671875 0.829596087890625 0.57727098046875 0.831454189453125 0.57527841015625 0.83197937109375 0.574368767578125 0.881191716796875 0.39198914453125 0.85032261328125 0.374166857421875
0 0.6312568125 0.776217443359375 0.703709552734375 0.609129630859375 0.67001476953125 0.5855362890625 0.628535654296875 0.557832880859375 0.62767160546875 0.55906687109375 0.560213515625 0.725662697265625 0.629321083984375 0.778293259765625 0.6312568125 0.776217443359375
0 0.4921624453125 0.691065603515625 0.4911411328125 0.69290809765625 0.4360552578125 0.86591084765625 0.51226659765625 0.915274134765625 0.514834814453125 0.91252005859375 0.5765344296875 0.7378337578125 0.4921624453125 0.691065603515625
0 0.80711601953125 0.45405594921875 0.75852519140625 0.417579734375 0.682420955078125 0.591677197265625 0.754204552734375 0.6466631953125 0.75934096875 0.641155064453125 0.83424465234375 0.47602428125 0.80711601953125 0.45405594921875
0 0.705688212890625 0.67343156640625 0.72061098828125 0.68697528515625 0.801893080078125 0.6387743359375 0.800905390625 0.63731002734375 0.65948891015625 0.515719341796875 0.58935740234375 0.563978927734375 0.589489271484375 0.56417443359375 0.705688212890625 0.67343156640625
0 0 0.47384864453125 0.009782439453125 0.48583748046875 0.0129514296875 0.48308271875 0.071194197265625 0.4023334375 0.04337301953125 0.369228568359375 0.032601630859375 0.35683750390625 0.0220481796875 0.346996251953125 0 0.37517372265625 0 0.47384864453125
0 0 0.363996244140625 0.08903508203125 0.4142100859375 0.13254190234375 0.36843283203125 0.13965830859375 0.360529259765625 0.133747138671875 0.35501700390625 0.049742859375 0.310335947265625 0 0.36163789453125 0 0.363996244140625
0 0.12848870703125 0.376035126953125 0.132980990234375 0.3712177421875 0.17214804296875 0.289123033203125 0.11375693359375 0.234442009765625 0.0697494453125 0.32846901171875 0.12848870703125 0.376035126953125
0 1 0.51068229296875 0.9246896328125 0.48933575 0.87671370703125 0.562271455078125 1 0.6016523671875 1 0.51068229296875
0 1 0.62575032421875 0.893270265625 0.535253169921875 0.89148406640625 0.5364579765625 0.82102503515625 0.58969309765625 0.95910680078125 0.709472869140625 0.977027765625 0.69738502734375 1 0.681351220703125 1 0.62575032421875
0 0.7508516171875 0.673540703125 0.90717834375 0.776307419921875 0.95345279296875 0.73361551953125 0.970327404296875 0.71731989453125 0.977982716796875 0.709110576171875 0.816547740234375 0.61433140234375 0.7508516171875 0.673540703125
0 0.70544258203125 1 0.55095599609375 0.8933563671875 0.486243779296875 0.95513595703125 0.54486934375 1 0.70544258203125 1
0 0.778550451171875 0.900758142578125 0.60140036328125 0.834516083984375 0.572191599609375 0.881259876953125 0.5498608828125 0.9176082265625 0.551043388671875 0.91834713671875 0.731680607421875 0.982800158203125 0.781327791015625 0.9033480546875 0.778550451171875 0.900758142578125
0 0.75082883203125 0.732992302734375 0.7334618828125 0.7199053671875 0.65219009765625 0.89539458203125 0.73021434765625 0.954190072265625 0.735051578125 0.94900277734375 0.809931333984375 0.7793273359375 0.75082883203125 0.732992302734375
0 0.8462021953125 0.85617626171875 0.87452869921875 0.831506732421875 0.912220771484375 0.791086935546875 0.76054884765625 0.673834154296875 0.685483869140625 0.73682115234375 0.8462021953125 0.85617626171875
0 0.256735515625 0.100187892578125 0.3638490625 0.13402237109375 0.38547595703125 0.1019591796875 0.4004885 0.07819085546875 0.394891431640625 0.07297150390625 0.29639795703125 0.03916078125 0.256735515625 0.100187892578125
0 0.201272833984375 0.2115361796875 0.1704358359375 0.186447666015625 0.13154849609375 0.274264169921875 0.181070478515625 0.31735701953125 0.187771501953125 0.31017105078125 0.22715111328125 0.2332506328125 0.201272833984375 0.2115361796875
0 0.33645558203125 0 0.306311306640625 0.017888205078125 0.391657662109375 0.092954181640625 0.39529835546875 0.09067960546875 0.4476620703125 0.0566742109375 0.452165078125 0.05184532421875 0.378562646484375 0 0.33645558203125 0
0 0.256667248046875 0.093889033203125 0.208397900390625 0.14903470703125 0.298300845703125 0.19586374609375 0.328797634765625 0.16581222265625 0.349638591796875 0.14346303125 0.3461262578125 0.14007120703125 0.256667248046875 0.093889033203125
0 0.28981490234375 0.19763572265625 0.295816216796875 0.189954390625 0.293633177734375 0.187918673828125 0.20533016796875 0.15204278515625 0.16161698828125 0.20437048828125 0.1575078515625 0.209629943359375 0.15798568359375 0.210003267578125 0.251405595703125 0.24474454296875 0.28981490234375 0.19763572265625
0 0.3912135 0 0.44608617578125 0.042965294921875 0.45114455078125 0.039680349609375 0.5055214921875 0.00101827734375 0.50486021484375 0 0.3912135 0