0 0.030619810546875 0.78036971484375 0.033315625 0.78263176953125 0.08264226171875 0.82260403515625 0.17858153515625 0.7644610625 0.179396833984375 0.763489427734375 0.1811109609375 0.760265623046875 0.127391484375 0.71740458203125 0.03131123046875 0.77906934375 0.030619810546875 0.78036971484375
0 0.118963251953125 0.75936066015625 0.21985891015625 0.69737596484375 0.22001349609375 0.69708523046875 0.16800375390625 0.6532776484375 0.0672630703125 0.715822484375 0.118963251953125 0.75936066015625
0 0.18607134375 0.49442701953125 0.18957986328125 0.49758610546875 0.244798162109375 0.54470818359375 0.340209376953125 0.487670705078125 0.341348283203125 0.485528732421875 0.28677686328125 0.43314744140625 0.18607134375 0.49442701953125
0 0.165385177734375 0.596376451171875 0.17793538671875 0.60170369921875 0.22771062109375 0.61904569140625 0.29693933203125 0.53639676171875 0.29852005078125 0.532672826171875 0.28893778125 0.527577841796875 0.230138884765625 0.502712337890625 0.154414970703125 0.59054348828125 0.165385177734375 0.596376451171875
0 0.126722623046875 0.619238162109375 0.198607263671875 0.71491046875 0.200956337890625 0.716159494140625 0.24666822265625 0.65087615625 0.17234713671875 0.554817095703125 0.126722623046875 0.619238162109375
0 0.29387848828125 0.484193677734375 0.3748623125 0.402528751953125 0.375855546875 0.400660748046875 0.30782615625 0.36173297265625 0.226889814453125 0.44857516796875 0.29387848828125 0.484193677734375
0 0.278048283203125 0.3560379453125 0.37595287890625 0.423175552734375 0.377419201171875 0.423709251953125 0.403646349609375 0.35638465234375 0.4068947734375 0.34745968359375 0.308455720703125 0.2796025703125 0.278048283203125 0.3560379453125
0 0.51234398828125 0 0.42352632421875 0.093995869140625 0.49304713671875 0.1397969609375 0.58228641796875 0.042374634765625 0.586392087890625 0.034652994140625 0.53190377734375 0 0.51234398828125 0
0 0.46687687890625 0.215756748046875 0.544463908203125 0.104021521484375 0.54693463671875 0.098472177734375 0.546488623046875 0.098235029296875 0.467595857421875 0.064769232421875 0.39004023828125 0.179626533203125 0.41224562890625 0.19143334765625 0.46687687890625 0.215756748046875
0 0.46874148828125 0.244464634765625 0.46946497265625 0.24267394921875 0.39860550390625 0.211558431640625 0.3137456484375 0.33018117578125 0.31891902734375 0.33293191015625 0.38767459765625 0.36071096484375 0.46874148828125 0.244464634765625
0 0.42276940234375 0.28845291796875 0.503131046875 0.17205326171875 0.42684303515625 0.14079845703125 0.35399985546875 0.26133304296875 0.365220458984375 0.267299142578125 0.383180615234375 0.27419340234375 0.42276940234375 0.28845291796875
0 0.219489546875 0.88578201171875 0.33949855859375 0.79160682421875 0.340090396484375 0.79076158984375 0.3413548125 0.788383572265625 0.279246396484375 0.7429901171875 0.15119134765625 0.836505494140625 0.150628138671875 0.837564736328125 0.219489546875 0.88578201171875
0 0.207159115234375 0.9099901953125 0.29449219140625 0.81889458203125 0.296514216796875 0.814748818359375 0.28609733203125 0.8092100625 0.21961856640625 0.780008810546875 0.16506185546875 0.888195255859375 0.19377546875 0.903462552734375 0.207159115234375 0.9099901953125
0 0.4810402890625 0.47444453515625 0.482278150390625 0.46982477734375 0.40251236328125 0.445252693359375 0.33075646484375 0.576357841796875 0.33442372265625 0.5783077578125 0.404759234375 0.5971541015625 0.4810402890625 0.47444453515625
0 0.38000032421875 0.73746656640625 0.3842334921875 0.73292705078125 0.332214916015625 0.6760410078125 0.1963286875 0.74845266796875 0.2567986796875 0.805120544921875 0.38000032421875 0.73746656640625
0 0.328065080078125 0.509058794921875 0.299299525390625 0.58912215234375 0.406406615234375 0.678016193359375 0.41127351953125 0.680183078125 0.41835522265625 0.6668643359375 0.44269944140625 0.61218632421875 0.328065080078125 0.509058794921875
0 0.261172953125 0.64271741796875 0.352330423828125 0.757714427734375 0.357251916015625 0.76033123046875 0.398862994140625 0.69864026953125 0.3071600859375 0.575662822265625 0.261172953125 0.64271741796875
0 0.36364409375 0.486863142578125 0.399797013671875 0.50865855078125 0.434951962890625 0.52735076953125 0.522597451171875 0.428769134765625 0.5316494296875 0.417178607421875 0.53480969140625 0.4112350234375 0.46711978125 0.373139830078125 0.36402471484375 0.486147298828125 0.36364409375 0.486863142578125
0 0.62093051953125 0 0.57440977734375 0.060226103515625 0.673994833984375 0.15187416015625 0.683128671875 0.15673070703125 0.72966858203125 0.091132462890625 0.652207013671875 0.01464487890625 0.62466400390625 0 0.62093051953125 0
0 0.576015025390625 0.2118468203125 0.62954435546875 0.2249875546875 0.68436148046875 0.11019329296875 0.685572953125 0.10596838671875 0.60364705078125 0.080316505859375 0.548170943359375 0.203538337890625 0.549494900390625 0.204242296875 0.576015025390625 0.2118468203125
0 0.609356974609375 0.27638991015625 0.61231721484375 0.26941601953125 0.53469506640625 0.235129353515625 0.460047853515625 0.344264373046875 0.473797134765625 0.35157499609375 0.53591726953125 0.377006884765625 0.609356974609375 0.27638991015625
0 0.656521193359375 0.19897002734375 0.583662259765625 0.15923844140625 0.497233267578125 0.26253330859375 0.54988392578125 0.2929311796875 0.569399326171875 0.303307703125 0.650441806640625 0.21040369140625 0.656521193359375 0.19897002734375
0 0.57468732421875 0.352481685546875 0.57631666796875 0.34914103515625 0.50583998828125 0.314557037109375 0.42102442578125 0.41376692578125 0.45426225390625 0.431439791015625 0.495611634765625 0.45084472265625 0.57468732421875 0.352481685546875
0 0.50168476953125 1 0.5825072421875 0.943904263671875 0.584251625 0.94062355859375 0.524427896484375 0.89382948046875 0.51975575390625 0.89030876953125 0.388247810546875 0.99468246875 0.3953044140625 1 0.50168476953125 1
0 0.766550205078125 0.39172199609375 0.8238791171875 0.4125336171875 0.922850458984375 0.254109150390625 0.92114405859375 0.25320183984375 0.834145162109375 0.2191123203125 0.7402419453125 0.379989208984375 0.748884904296875 0.38458475390625 0.766550205078125 0.39172199609375
0 0.430470564453125 0.948734267578125 0.46768625390625 0.98071912890625 0.6247231875 0.879715955078125 0.626102943359375 0.87818358203125 0.569579912109375 0.823266443359375 0.4118963515625 0.931955671875 0.411876826171875 0.931992392578125 0.430470564453125 0.948734267578125
0 0.64409508984375 0.4775307421875 0.793966681640625 0.57706928515625 0.8013509921875 0.58020373828125 0.829486998046875 0.52218434765625 0.83817725390625 0.501711390625 0.68013512109375 0.39134130859375 0.64409508984375 0.4775307421875
0 0.78207870703125 0.207987509765625 0.91117517578125 0.327894294921875 0.91856217578125 0.332876888671875 0.96578888671875 0.270027880859375 0.975083029296875 0.256248751953125 0.835134666015625 0.1333796484375 0.78207870703125 0.207987509765625
0 0.65197652734375 0.85784751171875 0.65719530859375 0.850208076171875 0.533938392578125 0.70739691796875 0.532313873046875 0.706533146484375 0.48371658203125 0.7742169296875 0.60285662890625 0.91569654296875 0.609133333984375 0.91903392578125 0.65197652734375 0.85784751171875
0 0.6156637734375 0.632285146484375 0.6246557578125 0.63573684765625 0.692147345703125 0.65859202734375 0.79194571875 0.51038925 0.79285869921875 0.50801085546875 0.72017869921875 0.47825963671875 0.70886505859375 0.47391673828125 0.609755623046875 0.629143728515625 0.6156637734375 0.632285146484375
0 0.756592236328125 0.29566423828125 0.75633584765625 0.29545662109375 0.69506532421875 0.37032248046875 0.81852105859375 0.51009298828125 0.8212427109375 0.511540115234375 0.87366246484375 0.436866376953125 0.756592236328125 0.29566423828125
0 0.519937107421875 0.725967951171875 0.67616909375 0.825070419921875 0.68081829296875 0.82649182421875 0.701255576171875 0.76748958203125 0.710574220703125 0.73700967578125 0.54948507421875 0.63790366796875 0.519937107421875 0.725967951171875
0 0.76801368359375 0.624971279296875 0.693209400390625 0.56927826171875 0.676952669921875 0.5811879296875 0.54977769921875 0.677846451171875 0.5908856640625 0.712996962890625 0.6147676640625 0.733036341796875 0.765675439453125 0.62858520703125 0.766812890625 0.62722964453125 0.76801368359375 0.624971279296875
0 0.25126519140625 0 0.235129765625 0.021164623046875 0.268154046875 0.0387239453125 0.3050509296875 0.0567197578125 0.34667682421875 0 0.25126519140625 0
0 0.206488841796875 0.07877623046875 0.290432671875 0.13530691796875 0.29308505078125 0.130318515625 0.318856310546875 0.066671689453125 0.235005189453125 0.00530671875 0.206488841796875 0.07877623046875
0 0.176113693359375 0.171836998046875 0.2317511953125 0.193065080078125 0.29268566015625 0.112178591796875 0.29365112109375 0.109904103515625 0.22346293359375 0.082317521484375 0.16390919921875 0.16556896875 0.174050783203125 0.170961345703125 0.176113693359375 0.171836998046875
0 0.2008576953125 0.262290642578125 0.257611724609375 0.18099305859375 0.259057041015625 0.17722787890625 0.25876976171875 0.177075130859375 0.183520458984375 0.154242341796875 0.128933048828125 0.23368421484375 0.135677541015625 0.23727032421875 0.2008576953125 0.262290642578125
0 0.78253003515625 1 0.79898995703125 0.96303041015625 0.655385771484375 0.84555393359375 0.6203463046875 0.925513564453125 0.7055071875 1 0.78253003515625 1
0 0.83813881640625 0.9011351484375 0.840493197265625 0.897509720703125 0.71710566796875 0.75703556640625 0.672990771484375 0.8226516171875 0.66515026953125 0.8347249296875 0.78228492578125 0.965089603515625 0.788962474609375 0.968640119140625 0.83813881640625 0.9011351484375
0 0.7362358125 1 0.75755538671875 0.96322316015625 0.758736451171875 0.9584861640625 0.67584958203125 0.93410942578125 0.636255060546875 1 0.7362358125 1
0 0.89136975 0.721478068359375 0.893276517578125 0.715609650390625 0.80961911328125 0.691578478515625 0.7056107734375 0.84822668359375 0.708230572265625 0.849619654296875 0.79916648046875 0.876891400390625 0.89136975 0.721478068359375
0 1 0.339720517578125 0.98638471484375 0.33480169921875 0.89706307421875 0.505843861328125 0.900083876953125 0.507450048828125 0.981404560546875 0.535451005859375 1 0.50373339453125 1 0.339720517578125
0 1 0.50691771484375 0.880935091796875 0.42550475390625 0.8796556875 0.42498783984375 0.87958547265625 0.42511989453125 0.86336147265625 0.464413361328125 0.842713431640625 0.51551905859375 1 0.61961540625 1 0.50691771484375
0 0.82510488671875 0.69004165234375 0.89830837890625 0.706813341796875 0.9842667890625 0.53946708203125 0.985344765625 0.535143552734375 0.88923979296875 0.511181892578125 0.80474590625 0.6832719609375 0.8107435703125 0.686460974609375 0.82510488671875 0.69004165234375
0 0.95420317578125 0.64704358203125 0.9549830234375 0.645513048828125 0.87264616015625 0.60163679296875 0.744555033203125 0.75213742578125 0.810315728515625 0.7871030078125 0.830977482421875 0.79763069921875 0.95420317578125 0.64704358203125
0 1 0.31223735546875 0.926758384765625 0.38402291015625 0.98242544140625 0.431476517578125 1 0.4457081171875 1 0.31223735546875
0 0 0.471349083984375 0.08242652734375 0.53684362109375 0.08518700390625 0.53795892578125 0.091267833984375 0.526522546875 0.1002119921875 0.5054305078125 0.11367523828125 0.47210780078125 0.024906353515625 0.405085017578125 0 0.46176228515625 0 0.471349083984375
0 0.21764471484375 0.262216525390625 0.22110169140625 0.2557148984375 0.15865878515625 0.22128902734375 0.095770529296875 0.29391558203125 0.14275991796875 0.31890028125 0.1561022734375 0.32569004296875 0.21764471484375 0.262216525390625
0 0 0.5885548125 0.0277994453125 0.59652617578125 0.084941140625 0.503886267578125 0.08608233203125 0.499906462890625 0.02734693359375 0.48560381640625 0 0.520809443359375 0 0.5885548125
0 0.14588476953125 0.415889619140625 0.082761822265625 0.336573845703125 0.037839552734375 0.394478642578125 0.099937150390625 0.47309508203125 0.10575866796875 0.476190439453125 0.107583009765625 0.473585005859375 0.14588476953125 0.415889619140625
0 0.1387256015625 0.408776515625 0.144628787109375 0.4000246796875 0.177562810546875 0.34893783203125 0.11570634765625 0.270892470703125 0.1150960703125 0.27056798046875 0.11141859765625 0.27602005859375 0.075160107421875 0.333763912109375 0.138047451171875 0.408415935546875 0.1387256015625 0.408776515625
0 0 0.63155399609375 0.067551947265625 0.590430935546875 0.06756957421875 0.590405763671875 0.008892595703125 0.54552293359375 0 0.5519982421875 0 0.63155399609375