0 0.3056640625 0.705078125 0.134765625 0.134765625
0 0.29296875 0.54296875 0.1142578125 0.115234375
0 0.30078125 0.6181640625 0.1201171875 0.1201171875
0 0.2890625 0.4580078125 0.123046875 0.123046875
0 0.2705078125 0.216796875 0.1357421875 0.134765625
0 0.3349609375 0.939453125 0.1298828125 0.1201171875
0 0.322265625 0.7890625 0.1611328125 0.1044921875
0 0.2880859375 0.38671875 0.1484375 0.099609375
0 0.3310546875 0.8662109375 0.1533203125 0.091796875
0 0.287109375 0.302734375 0.1533203125 0.0966796875
0 0.27734375 0.12890625 0.1142578125 0.1142578125
0 0.43359375 0.572265625 0.134765625 0.1357421875
0 0.427734375 0.4814453125 0.1455078125 0.1015625
0 0.416015625 0.314453125 0.126953125 0.0908203125
0 0.4462890625 0.65625 0.1611328125 0.1123046875
0 0.4619140625 0.822265625 0.1640625 0.109375
0 0.4111328125 0.228515625 0.126953125 0.126953125
0 0.42578125 0.396484375 0.138671875 0.1015625
0 0.4716796875 0.9111328125 0.142578125 0.140625
0 0.458984375 0.7353515625 0.123046875 0.123046875
0 0.4013671875 0.060546875 0.1220703125 0.115234375
0 0.412109375 0.14453125 0.142578125 0.111328125
0 0.052734375 0.1884765625 0.10546875 0.091796875
0 0.0517578125 0.1123046875 0.103515625 0.078125
0 0.103515625 0.9296875 0.1171875 0.119140625
0 0.072265625 0.4990234375 0.1435546875 0.091796875
0 0.068359375 0.421875 0.1357421875 0.0966796875
0 0.7412109375 0.81640625 0.1435546875 0.142578125
0 0.755859375 0.904296875 0.1298828125 0.130859375
0 0.7421875 0.7177734375 0.1669921875 0.107421875
0 0.0634765625 0.2685546875 0.126953125 0.0966796875
0 0.078125 0.5732421875 0.1171875 0.1171875
0 0.0986328125 0.7939453125 0.154296875 0.0966796875
0 0.0693359375 0.3447265625 0.138671875 0.1015625
0 0.73828125 0.626953125 0.173828125 0.119140625
0 0.697265625 0.0703125 0.1875 0.1279296875
0 0.7412109375 0.5380859375 0.1640625 0.1220703125
0 0.71875 0.2607421875 0.169921875 0.111328125
0 0.71484375 0.1650390625 0.173828125 0.126953125
0 0.7314453125 0.349609375 0.158203125 0.158203125
0 0.7451171875 0.4482421875 0.1796875 0.111328125
0 0.087890625 0.6474609375 0.1201171875 0.119140625
0 0.095703125 0.7216796875 0.119140625 0.115234375
0 0.1103515625 0.861328125 0.142578125 0.0986328125
0 0.9189453125 0.7646484375 0.162109375 0.1171875
0 0.9306640625 0.857421875 0.138671875 0.16015625
0 0.9111328125 0.4765625 0.162109375 0.1611328125
0 0.9267578125 0.671875 0.146484375 0.150390625
0 0.89453125 0.2744140625 0.1591796875 0.1591796875
0 0.9033203125 0.37890625 0.15625 0.154296875
0 0.923828125 0.5771484375 0.1484375 0.1484375
0 0.888671875 0.177734375 0.1484375 0.1484375
0 0.880859375 0.0771484375 0.158203125 0.154296875