0 0.681585083984375 1 0.68356000390625 0.90707473828125 0.621958052734375 0.883452482421875 0.61998087109375 0.888884740234375 0.61482921484375 0.9984284296875 0.6188363515625 1 0.681585083984375 1
0 0.69345362890625 0.94828191015625 0.694036306640625 0.948374197265625 0.69162524609375 0.829906841796875 0.626390447265625 0.810096060546875 0.62936591796875 0.9288126171875 0.69345362890625 0.94828191015625
0 0.74193409375 0.67083345703125 0.76336584765625 0.59693546484375 0.6497991015625 0.59520837109375 0.62553969140625 0.6636264375 0.624080767578125 0.668116544921875 0.74193409375 0.67083345703125
0 0.62411908984375 0.763282953125 0.7294999375 0.74479562109375 0.744358078125 0.666842634765625 0.74342762109375 0.666695265625 0.62996041015625 0.6882712890625 0.628012236328125 0.700571578125 0.6203848671875 0.76269151171875 0.62411908984375 0.763282953125
0 0.73769808984375 0.752054037109375 0.7376491796875 0.75204274609375 0.61674260546875 0.76279115234375 0.601094544921875 0.83057034765625 0.59963073046875 0.839812509765625 0.7199626953125 0.830826353515625 0.73769808984375 0.752054037109375
0 0.762999546875 0.50696466796875 0.762513552734375 0.50693068359375 0.64869954296875 0.53270519921875 0.643424423828125 0.60814294140625 0.644115134765625 0.60825233984375 0.759943248046875 0.58577119140625 0.762999546875 0.50696466796875
0 0.64344334375 0.509574240234375 0.761597837890625 0.521075708984375 0.787436103515625 0.442977291015625 0.66840969921875 0.431683451171875 0.66516127734375 0.440608421875 0.64197701953125 0.50904054296875 0.64344334375 0.509574240234375
0 0.689298935546875 0.20093083984375 0.695557615234375 0.2019221171875 0.8267884765625 0.17998556640625 0.826240197265625 0.0967354453125 0.689298935546875 0.121813353515625 0.689298935546875 0.20093083984375
0 0.6705378046875 0.28299912109375 0.67050353125 0.284962662109375 0.676391880859375 0.28589528515625 0.81090525390625 0.26272013671875 0.81287961328125 0.18587044921875 0.81301798046875 0.177943458984375 0.81015227734375 0.1778934375 0.67346966015625 0.19961173828125 0.6705378046875 0.28299912109375
0 0.790098390625 0.39569164453125 0.79847354296875 0.363448650390625 0.7991559921875 0.359139826171875 0.65204924609375 0.355490708984375 0.64921632421875 0.36606332421875 0.6341830546875 0.42969344140625 0.64087417578125 0.43148632421875 0.77914276953125 0.43657857421875 0.790098390625 0.39569164453125
0 0.741943046875 0.38859051953125 0.773895525390625 0.391948859375 0.7635995859375 0.2499124296875 0.6830416640625 0.243259154296875 0.682181482421875 0.2486901171875 0.70019549609375 0.383322908203125 0.741943046875 0.38859051953125
0 0.442812541015625 0.871055619140625 0.429681181640625 0.95396376171875 0.43161417578125 0.95426991796875 0.586847708984375 0.927288193359375 0.59753540625 0.849647951171875 0.442812541015625 0.871055619140625
0 0.42610601171875 0.930842646484375 0.411494748046875 0.9689062890625 0.41089323828125 0.97270407421875 0.413610140625 0.973746998046875 0.57485516796875 0.9827846328125 0.59153911328125 0.949758904296875 0.569993083984375 0.94148816015625 0.44185720703125 0.894244501953125 0.42610601171875 0.930842646484375
0 0.5872658125 0.644930326171875 0.625300890625 0.64152133203125 0.57395948046875 0.499434271484375 0.49930305078125 0.50440036328125 0.498627513671875 0.5086655390625 0.54022888671875 0.647395427734375 0.5872658125 0.644930326171875
0 0.453671533203125 0.87550066796875 0.59300769140625 0.837572310546875 0.597136205078125 0.754905876953125 0.59683592578125 0.754890140625 0.450057521484375 0.79683276953125 0.44941683984375 0.80905768359375 0.4512147265625 0.875111546875 0.453671533203125 0.87550066796875
0 0.594898001953125 0.73650711328125 0.58056443359375 0.592678193359375 0.505607208984375 0.573659025390625 0.499589697265625 0.5727059453125 0.49883570703125 0.57698203515625 0.51942078515625 0.72391342578125 0.55504953515625 0.730195736328125 0.594898001953125 0.73650711328125
0 0.46048395703125 0.797480810546875 0.46587848828125 0.79833522265625 0.6059058359375 0.75392577734375 0.60527723046875 0.6726193203125 0.46048395703125 0.72329262890625 0.46048395703125 0.797480810546875
0 0.54520214453125 0.400007662109375 0.542680470703125 0.4062490234375 0.539620111328125 0.42063348828125 0.5204246484375 0.551242841796875 0.55559512109375 0.56545263671875 0.597290767578125 0.57974093359375 0.597594478515625 0.578989224609375 0.617894990234375 0.427374021484375 0.54520214453125 0.400007662109375
0 0.5795357890625 0.00636466796875 0.554331435546875 0.065742400390625 0.54952214453125 0.07745919921875 0.54820856640625 0.08575279296875 0.55112058203125 0.08698887109375 0.683881068359375 0.12346369921875 0.718518751953125 0.04796684765625 0.59176663671875 0.008301845703125 0.5795357890625 0.00636466796875
0 0.69117659765625 0.11817353515625 0.56012744921875 0.10561412109375 0.544247802734375 0.15688953125 0.53798649609375 0.180257046875 0.537004119140625 0.18645951953125 0.67079664453125 0.202323544921875 0.69117659765625 0.11817353515625
0 0.663170041015625 0.28377990234375 0.66210450390625 0.283533904296875 0.53089759375 0.2798041484375 0.518374146484375 0.33404916015625 0.51356225 0.364430279296875 0.64352565234375 0.364145666015625 0.663170041015625 0.28377990234375
0 0.68139950390625 0.2111022421875 0.5479605234375 0.18738103515625 0.536444146484375 0.216774322265625 0.520532890625 0.260490138671875 0.519361974609375 0.2678830078125 0.65257622265625 0.28874618359375 0.68139950390625 0.2111022421875
0 0.60999366796875 0.482617796875 0.61497070703125 0.35327466796875 0.53514394140625 0.330596087890625 0.53434341015625 0.333583701171875 0.533277646484375 0.462809845703125 0.54604748828125 0.46623151171875 0.604542634765625 0.4817544375 0.60999366796875 0.482617796875
0 0.121185208984375 0.914077244140625 0.125190890625 0.9158606875 0.30581269140625 0.945885265625 0.307825197265625 0.94136510546875 0.338507109375 0.86896892578125 0.151868666015625 0.850132609375 0.12182019140625 0.910068130859375 0.121185208984375 0.914077244140625
0 0.37732236328125 0.252857380859375 0.394270078125 0.254938298828125 0.384511236328125 0.068351626953125 0.2968942578125 0.05439917578125 0.29570755078125 0.061891740234375 0.299717615234375 0.24249878515625 0.37732236328125 0.252857380859375
0 0.347346677734375 0.77462878125 0.15605628515625 0.769359095703125 0.151204240234375 0.787467173828125 0.138032458984375 0.84532333203125 0.143170896484375 0.846700171875 0.32654144140625 0.845894794921875 0.34726999609375 0.7751129296875 0.347346677734375 0.77462878125
0 0.215616513671875 0.37610272265625 0.39359709765625 0.402414837890625 0.42448612109375 0.314248119140625 0.233185931640625 0.29051824609375 0.225944966796875 0.311547533203125 0.20803154296875 0.3734910078125 0.215616513671875 0.37610272265625
0 0.268349193359375 0.102896353515625 0.444421083984375 0.10939444140625 0.459660580078125 0.01912248828125 0.27382056640625 0.007045626953125 0.270649201171875 0.02336089453125 0.2596025703125 0.10119618359375 0.268349193359375 0.102896353515625
0 0.30126280078125 0.811812076171875 0.29397898828125 0.6224935546875 0.210125599609375 0.60365549609375 0.20935380859375 0.607286486328125 0.21890848828125 0.795947263671875 0.253774142578125 0.803358189453125 0.2760676484375 0.807821556640625 0.30126280078125 0.811812076171875
0 0.19484918359375 0.448117533203125 0.192472177734375 0.454000828125 0.19168012109375 0.45900168359375 0.372473705078125 0.4923223359375 0.380411771484375 0.472674931640625 0.4051768515625 0.407268962890625 0.404585701171875 0.40703012109375 0.2262089296875 0.37863744921875 0.19484918359375 0.448117533203125
0 0.22176134765625 0.289052697265625 0.22722463671875 0.29041484765625 0.404543947265625 0.298659201171875 0.43297657421875 0.21079669140625 0.24410249609375 0.19608673046875 0.23554166796875 0.230422330078125 0.222716794921875 0.28302025 0.22176134765625 0.289052697265625
0 0.368273919921875 0.559941361328125 0.180268939453125 0.58099008984375 0.17562977734375 0.610280595703125 0.167558548828125 0.671987146484375 0.172175384765625 0.672718380859375 0.35682631640625 0.65461042578125 0.368273919921875 0.559941361328125
0 0.36227013671875 0.564501326171875 0.38087887109375 0.47164120703125 0.38018096484375 0.47153066796875 0.37991187890625 0.4714928515625 0.19410351953125 0.49533129296875 0.18306870703125 0.57952392578125 0.184261806640625 0.57969160546875 0.342219908203125 0.56652859375 0.36227013671875 0.564501326171875
0 1 0.106927859375 0.931364044921875 0.10508604296875 0.92924887109375 0.117081783203125 0.918909375 0.18236280078125 0.920023484375 0.182559248046875 1 0.18222187890625 1 0.106927859375
0 1 0.17464524609375 0.912891388671875 0.193671552734375 0.91421980078125 0.26977631640625 0.91636062890625 0.270115392578125 1 0.253441361328125 1 0.17464524609375
0 0.10902741015625 0.805275103515625 0.106035703125 0.8045844140625 0.02063686328125 0.790583931640625 0.01991066796875 0.793729423828125 0.027453224609375 0.930766234375 0.0360382109375 0.932748234375 0.0780613046875 0.9394040390625 0.10902741015625 0.805275103515625
0 1 0.26370459765625 0.90630830078125 0.26036354296875 0.887150123046875 0.332941779296875 0.886611666015625 0.33634147265625 0.88755140625 0.33655842578125 0.99010062109375 0.33620426171875 1 0.29637110546875 1 0.26370459765625
0 0.982515890625 0.32189430078125 0.88291947265625 0.351543552734375 0.885626498046875 0.414639294921875 0.886361029296875 0.42514357421875 0.891133490234375 0.42589945703125 0.98493494921875 0.395436134765625 0.982515890625 0.32189430078125
0 0.9591223828125 0.492444119140625 0.9869387734375 0.419979943359375 0.8900592265625 0.407215841796875 0.8583456015625 0.474853546875 0.85770849609375 0.4788760625 0.86144594140625 0.480310732421875 0.9591223828125 0.492444119140625
0 0 0.790942048828125 0.15197013671875 0.76061641015625 0.15925687890625 0.6670868671875 0 0.704366177734375 0 0.790942048828125
0 0 0.700698078125 0.16739026953125 0.66295948046875 0.167503029296875 0.660807888671875 0.167390875 0.57249910546875 0 0.60826183984375 0 0.700698078125
0 0 0.88682181640625 0.14418263671875 0.84246291796875 0.144079560546875 0.76680330078125 0.1437947421875 0.75048612109375 0.14275273828125 0.75032108203125 0 0.796710365234375 0 0.88682181640625
0 0.025140578125 0.45174090234375 0.024039650390625 0.458691888671875 0.06044783984375 0.63481440234375 0.158391876953125 0.638758466796875 0.11089666796875 0.456194548828125 0.025140578125 0.45174090234375
0 0.073163029296875 0.090625970703125 0.048380505859375 0.1551866484375 0.04379783203125 0.184120515625 0.229643646484375 0.21561305859375 0.262183650390625 0.132273171875 0.073163029296875 0.090625970703125
0 0.14050500390625 0.353273017578125 0.16291668359375 0.35960252734375 0.172898533203125 0.36118349609375 0.187937798828125 0.1701925390625 0.113158830078125 0.148750013671875 0.09404130078125 0.143425033203125 0.0934356953125 0.14553702734375 0.08131070703125 0.33629932421875 0.14050500390625 0.353273017578125
0 0.202353431640625 0.39515858984375 0.2243178125 0.300739798828125 0.031435263671875 0.3012461484375 0.013361275390625 0.38627758203125 0.011462064453125 0.39826873046875 0.01509294140625 0.3990405 0.202353431640625 0.39515858984375
0 0.05655478515625 0.33902717578125 0.05613922265625 0.34069391015625 0.050344798828125 0.53518677734375 0.132782322265625 0.555740759765625 0.1454129296875 0.557741251953125 0.1474806171875 0.3599311875 0.05655478515625 0.33902717578125
0 0.083623982421875 0 0.073555658203125 0.02113395703125 0.0672652109375 0.03595332421875 0.060474427734375 0.078828630859375 0.2394723671875 0.12678146875 0.27536330078125 0.03591794140625 0.15351913671875 0 0.083623982421875 0
0 0.92173562109375 0.7772815078125 0.933147099609375 0.70539830078125 0.82153228515625 0.718055970703125 0.82031186328125 0.72497733203125 0.810727748046875 0.785489046875 0.81680612109375 0.786560828125 0.92173562109375 0.7772815078125
0 0.89585072265625 0.57075896484375 0.92985787109375 0.58390256640625 0.933002328125 0.58440059765625 0.9427784921875 0.489555095703125 0.8830591015625 0.46417001953125 0.88123123828125 0.463880513671875 0.87859019140625 0.47041733984375 0.8645288828125 0.55810412109375 0.89585072265625 0.57075896484375
0 0.822563115234375 0.751713904296875 0.8223090625 0.752732853515625 0.838060201171875 0.86713603515625 0.88248654296875 0.88013922265625 0.89714819140625 0.8824613984375 0.89389969140625 0.77083422265625 0.822563115234375 0.751713904296875
0 0.875668880859375 0.72150465234375 0.933860740234375 0.72150465234375 0.9035085859375 0.62030663671875 0.83158618359375 0.62382944140625 0.831134626953125 0.6266804609375 0.859075240234375 0.7210929296875 0.875668880859375 0.72150465234375
0 0.94497762109375 0.54909464453125 0.848822509765625 0.571097671875 0.845719544921875 0.607482541015625 0.843773201171875 0.644621001953125 0.8461214140625 0.644992921875 0.9397368359375 0.6206067265625 0.94497762109375 0.54909464453125
0 0.81043638671875 1 0.88888805859375 0.97163475390625 0.89256343359375 0.901504443359375 0.89152364453125 0.90144994921875 0.785227578125 0.940626662109375 0.782077474609375 0.971577236328125 0.780587900390625 1 0.81043638671875 1
0 0.81583360546875 0.814630408203125 0.815003794921875 0.816494193359375 0.805058216796875 0.928796857421875 0.83701401953125 0.94302449609375 0.87362798828125 0.957511478515625 0.8741624296875 0.86513146875 0.873869931640625 0.83912269140625 0.81583360546875 0.814630408203125
0 0.87511962890625 1 0.874206484375 0.96802523828125 0.824686044921875 0.9720316015625 0.76934157421875 0.976873615234375 0.76818108203125 0.984200666015625 0.7695127890625 1 0.87511962890625 1