0 0.1402522578125 0.68377410546875 0.135393734375 0.68377410546875 0.029185056640625 0.719894271484375 0.02818231640625 0.77850646484375 0.028497232421875 0.78752449609375 0.138536759765625 0.75323528515625 0.1402522578125 0.68377410546875
0 0.09236600390625 0.69131572265625 0.09244122265625 0.69346970703125 0.160022548828125 0.788440353515625 0.224624537109375 0.76856412109375 0.15633046484375 0.671628775390625 0.09236600390625 0.69131572265625
0 0.455806265625 0.65945197265625 0.349066439453125 0.699741689453125 0.349258068359375 0.70522921484375 0.356485658203125 0.776052935546875 0.35769463671875 0.775968396484375 0.4624674609375 0.735479560546875 0.45933053515625 0.662955701171875 0.45907754296875 0.65933773828125 0.455806265625 0.65945197265625
0 0.2591585546875 0.677087615234375 0.25951967578125 0.67894541796875 0.31000768359375 0.774098404296875 0.388837708984375 0.764127775390625 0.3888203515625 0.76363071484375 0.332786478515625 0.661563642578125 0.25911651171875 0.6758836328125 0.2591585546875 0.677087615234375
0 0.291388265625 0.78700914453125 0.29139525390625 0.78695943359375 0.270150046875 0.667449732421875 0.1991449453125 0.6574706171875 0.19202885546875 0.657719115234375 0.2113699609375 0.7762066953125 0.291388265625 0.78700914453125
0 0.420438244140625 0.75831260546875 0.421708646484375 0.7584911484375 0.536229646484375 0.740844068359375 0.54650665234375 0.66771937890625 0.54643808984375 0.66575600390625 0.428958623046875 0.680147373046875 0.420438244140625 0.75831260546875
0 0.51685682421875 0.643460720703125 0.530172392578125 0.761424544921875 0.61193625 0.77046060546875 0.598236310546875 0.65168709765625 0.58883098828125 0.650365263671875 0.51707399609375 0.6419154765625 0.51685682421875 0.643460720703125
0 0.858446748046875 0.615685861328125 0.84364427734375 0.616202775390625 0.859251953125 0.75340628515625 0.942416677734375 0.75721573046875 0.92454008984375 0.619149666015625 0.858446748046875 0.615685861328125
0 0.877414478515625 0.74168163671875 0.8229649140625 0.61199573828125 0.74874432421875 0.6271343046875 0.74058153125 0.628869359375 0.740669171875 0.6313790390625 0.74107021875 0.633265814453125 0.792390259765625 0.760105166015625 0.874814455078125 0.74410391796875 0.87747928515625 0.74353748828125 0.877414478515625 0.74168163671875
0 0.613451916015625 0.7596963203125 0.69081233203125 0.7682273671875 0.6784624140625 0.62390025390625 0.605093849609375 0.61358897265625 0.60017612109375 0.613760703125 0.599598337890625 0.617871841796875 0.613451916015625 0.7596963203125
0 0.65382723828125 0.6979902890625 0.65831221484375 0.74653344921875 0.79312123046875 0.703715193359375 0.78953435546875 0.630599955078125 0.784267638671875 0.63078387109375 0.651468177734375 0.66425417578125 0.65382723828125 0.6979902890625
0 0.031967849609375 0.57351000390625 0.034920734375 0.658069578125 0.18411135546875 0.6012176796875 0.17991441796875 0.52524870703125 0.1723342109375 0.525513412109375 0.031967849609375 0.57351000390625
0 0.12468744140625 0.630294529296875 0.129513291015625 0.54624655859375 0.129505498046875 0.54602341015625 0.12403187890625 0.545927869140625 0.00321670703125 0.58238566796875 0.003001916015625 0.594691150390625 0.004227671875 0.629792228515625 0.12468744140625 0.630294529296875
0 0.3663802890625 0.568745572265625 0.36866369140625 0.60139975390625 0.372735970703125 0.63936954296875 0.513905359375 0.58555619140625 0.507610236328125 0.51067841015625 0.501847099609375 0.5108796640625 0.365874255859375 0.5542547265625 0.3663802890625 0.568745572265625
0 0.27184561328125 0.63745469140625 0.1939214296875 0.50749769140625 0.18194725 0.510042880859375 0.1181795 0.529003341796875 0.118568279296875 0.530832416015625 0.19156828125 0.65612112109375 0.271894017578125 0.638840763671875 0.27184561328125 0.63745469140625
0 0.287656537109375 0.6310981875 0.288403001953125 0.641773119140625 0.4310174140625 0.584224873046875 0.426752171875 0.5103751328125 0.4173853125 0.51070223046875 0.287963482421875 0.557019375 0.287656537109375 0.6310981875
0 0.20343919921875 0.514179427734375 0.203633724609375 0.519749966796875 0.267031548828125 0.65209312890625 0.347459251953125 0.64015496875 0.27712776171875 0.50382317578125 0.20343919921875 0.514179427734375
0 0.608218990234375 0.5282288359375 0.601659994140625 0.526714572265625 0.58697387890625 0.5259421171875 0.454969712890625 0.52741478515625 0.44643673828125 0.56437515625 0.43884698828125 0.607792640625 0.439636953125 0.60797501953125 0.59256122265625 0.604307755859375 0.608218990234375 0.5282288359375
0 1 0.50665794921875 0.88444007421875 0.5018617109375 0.873556625 0.579301453125 0.87336076171875 0.580826974609375 0.87364121484375 0.58885808984375 0.99675465234375 0.58963698828125 1 0.566545130859375 1 0.50665794921875
0 0.921183712890625 0.60955722265625 0.890014734375 0.47706196484375 0.87051802734375 0.478767703125 0.805947583984375 0.485994349609375 0.80628219921875 0.495576439453125 0.8368795234375 0.61366947265625 0.921183712890625 0.60955722265625
0 0.7556888671875 0.57334894140625 0.751183759765625 0.494355375 0.73499925390625 0.49492055078125 0.62284858203125 0.525752443359375 0.623503798828125 0.54451534375 0.629234626953125 0.6123128984375 0.7556888671875 0.57334894140625
0 0.733700767578125 0.47620446484375 0.7283652890625 0.47639078515625 0.737482265625 0.609441201171875 0.8200226171875 0.62015456640625 0.822720869140625 0.620060341796875 0.81060585546875 0.484287515625 0.733700767578125 0.47620446484375
0 0.57868090625 0.61671399609375 0.66247108984375 0.6165088359375 0.62700853515625 0.48887271484375 0.55228321484375 0.490356966796875 0.549277541015625 0.490461927734375 0.549399875 0.497470494140625 0.57868090625 0.61671399609375
0 0 0.357451583984375 0.00375706640625 0.3811727734375 0.157652814453125 0.314058634765625 0.1567376484375 0.30828050390625 0.143355603515625 0.2326380234375 0.14059948828125 0.233074548828125 0 0.3054476484375 0 0.357451583984375
0 0.76984107421875 0.371974171875 0.863431345703125 0.37786702734375 0.865033810546875 0.377811068359375 0.84228025390625 0.19233632421875 0.79478098046875 0.18814055859375 0.756903818359375 0.1861555 0.75352900390625 0.1862733515625 0.75323083203125 0.19196284765625 0.76984107421875 0.371974171875
0 0.05120149609375 0.36317544921875 0.238222083984375 0.32539071484375 0.237982197265625 0.246582798828125 0.23592144140625 0.2465108359375 0.05417881640625 0.289311052734375 0.051334611328125 0.33830033203125 0.05083372265625 0.352643837890625 0.05120149609375 0.36317544921875
0 0.68708919140625 0.374896818359375 0.6431770859375 0.193253830078125 0.605745482421875 0.194560970703125 0.551970345703125 0.19737920703125 0.55229500390625 0.20667617578125 0.599545734375 0.38389826171875 0.68708919140625 0.374896818359375
0 0.848804982421875 0.182946240234375 0.84841048828125 0.19424315625 0.864567154296875 0.36900873828125 0.9610882578125 0.36745480859375 0.939099994140625 0.185391470703125 0.86891097265625 0.182940416015625 0.8534660625 0.18278347265625 0.848804982421875 0.182946240234375
0 0.34122109375 0.23347565625 0.336580451171875 0.23347565625 0.156509892578125 0.27905155859375 0.15602998046875 0.320613951171875 0.157594787109375 0.36542419140625 0.342202078125 0.31630656640625 0.34122109375 0.23347565625
0 0.59408492578125 0.204348880859375 0.4325082734375 0.2886663671875 0.443846267578125 0.328206650390625 0.45864727734375 0.375839896484375 0.46009534375 0.37542466796875 0.617362275390625 0.2884081484375 0.59683493359375 0.20425284765625 0.59408492578125 0.204348880859375
0 0.810422375 0.226954974609375 0.80613361328125 0.226579755859375 0.627858484375 0.24638115234375 0.61449790234375 0.33139163671875 0.614711736328125 0.33751505078125 0.8025557890625 0.322577474609375 0.810422375 0.226954974609375
0 0.41732239453125 0.38126284375 0.360316912109375 0.20156807421875 0.32765653125 0.20270859765625 0.26623627734375 0.20819576171875 0.266411294921875 0.213207630859375 0.3247256953125 0.388628431640625 0.41732239453125 0.38126284375
0 0.357129626953125 0.214298435546875 0.409355037109375 0.3596498984375 0.416502609375 0.37849223828125 0.51102721875 0.37243213671875 0.510907916015625 0.37146048828125 0.4397910078125 0.198153234375 0.356948380859375 0.20910825 0.357129626953125 0.214298435546875
0 0.897538283203125 0.93950469140625 0.975042095703125 0.95237378125 0.974630072265625 0.85469963671875 0.91193837109375 0.8436453984375 0.9008288984375 0.84403334765625 0.8999694140625 0.848907724609375 0.897538283203125 0.93950469140625
0 0.91145418359375 0.85423177734375 0.90679269921875 0.85398748046875 0.81430455078125 0.867514779296875 0.81071693359375 0.935970572265625 0.811004208984375 0.9441970546875 0.90816586328125 0.931794375 0.91145418359375 0.85423177734375
0 0 0.163560419921875 0.119452986328125 0.182479916015625 0.11993330078125 0.17944731640625 0.12794255859375 0.09327987890625 0.124754072265625 0.09277487109375 0 0.108425271484375 0 0.163560419921875
0 0.742878322265625 0.843295294921875 0.741708091796875 0.84333616015625 0.745177380859375 0.944832330078125 0.82149403515625 0.959372357421875 0.82257626171875 0.95933456640625 0.81498830078125 0.8559537421875 0.742878322265625 0.843295294921875
0 0.64850033203125 0.865375322265625 0.647228826171875 0.865739919921875 0.647471455078125 0.87268788671875 0.64761798046875 0.873198884765625 0.693675359375 0.95775149609375 0.761103154296875 0.940367861328125 0.767213953125 0.938615619140625 0.715398572265625 0.848839521484375 0.64850033203125 0.865375322265625
0 0.57064220703125 0.86638563671875 0.57075683203125 0.86966801171875 0.61282533203125 0.95406509765625 0.69186372265625 0.9417172734375 0.6449087265625 0.84923986328125 0.57064220703125 0.86638563671875
0 0.275988103515625 0.04191384765625 0.26894416796875 0.042159828125 0.10012005859375 0.104190529296875 0.104684044921875 0.191276568359375 0.28005162109375 0.13332974609375 0.275988103515625 0.04191384765625
0 0.212387830078125 0.199994998046875 0.212472982421875 0.200338732421875 0.37667261328125 0.11042316796875 0.351801142578125 0.02409996484375 0.34960145703125 0.024607802734375 0.19136922265625 0.10895340234375 0.212387830078125 0.199994998046875
0 0.11835572265625 0.02217644921875 0.111787064453125 0.02148605859375 0.0310481875 0.01639001953125 0.030914947265625 0.017657712890625 0.065497501953125 0.21178507421875 0.140605724609375 0.22090335546875 0.15705528125 0.2226322734375 0.157151130859375 0.221720322265625 0.11835572265625 0.02217644921875
0 0.28686452734375 0.114330669921875 0.30979498828125 0.199746802734375 0.4723316484375 0.10711378515625 0.44662704296875 0.015630125 0.441061474609375 0.015824478515625 0.44093855078125 0.01586205859375 0.28686452734375 0.114330669921875
0 0.874677478515625 0.043576990234375 0.86869104296875 0.042521419921875 0.68126912890625 0.047043958984375 0.666837560546875 0.128889453125 0.66705737109375 0.135183994140625 0.85917539453125 0.139964931640625 0.874677478515625 0.043576990234375
0 0.7573563984375 0.029138400390625 0.7540431875 0.011148724609375 0.74832794921875 0.011348306640625 0.5748268984375 0.082729705078125 0.585520115234375 0.1433739609375 0.591457220703125 0.176274607421875 0.5920845625 0.176163990234375 0.770864927734375 0.10574907421875 0.7573563984375 0.029138400390625
0 0.667694892578125 0.02689142578125 0.6607188046875 0.02689142578125 0.4793510390625 0.065940248046875 0.479351037109375 0.13254819140625 0.480510080078125 0.16573880078125 0.66587009765625 0.12230541796875 0.667694892578125 0.02689142578125
0 0.452502412109375 0.195848015625 0.5461130390625 0.192493048828125 0.50075633984375 0.000523765625 0.451806068359375 0.001378197265625 0.403264369140625 0.003073310546875 0.403283484375 0.004168431640625 0.452502412109375 0.195848015625
0 0.768787529296875 0.138212298828125 0.964723166015625 0.127934 0.97071074609375 0.031527328125 0.96115583984375 0.030691380859375 0.779927826171875 0.0356751171875 0.771179794921875 0.1023625390625 0.76857523046875 0.13213284765625 0.768787529296875 0.138212298828125
0 0.381926189453125 0.963481927734375 0.346406748046875 0.85714038671875 0.30088976171875 0.858729875 0.2796210390625 0.86011371875 0.280038443359375 0.872066638671875 0.309241220703125 0.96726517578125 0.381926189453125 0.963481927734375
0 0.508121384765625 0.91839702734375 0.51493481640625 0.9575624609375 0.6018962734375 0.91679889453125 0.59277578125 0.85166389453125 0.585227744140625 0.85192748046875 0.50283676171875 0.885031244140625 0.508121384765625 0.91839702734375
0 0.30993659765625 0.85997740625 0.308552578125 0.860025736328125 0.203254953125 0.906553720703125 0.20301762109375 0.949821279296875 0.2036505625 0.96794630859375 0.311217646484375 0.933685705078125 0.30993659765625 0.85997740625
0 0.353234625 0.863874318359375 0.353600828125 0.874361009765625 0.385310728515625 0.959237572265625 0.460479490234375 0.955852232421875 0.42260533984375 0.85559727734375 0.353234625 0.863874318359375
0 0.460426564453125 0.95285915234375 0.532123287109375 0.95184730859375 0.501823515625 0.85797578515625 0.501552765625 0.85797637890625 0.428163875 0.86053917578125 0.42823044140625 0.862445384765625 0.460426564453125 0.95285915234375
0 0.06472418359375 0.97427166796875 0.17028433203125 0.927542037109375 0.16959851953125 0.888251724609375 0.168550458984375 0.858239259765625 0.16592764453125 0.858285041015625 0.064713349609375 0.903840470703125 0.063549619140625 0.9406364921875 0.06472418359375 0.97427166796875
0 0.13132007421875 0.89404723828125 0.13192518359375 0.928714046875 0.131943529296875 0.92923943359375 0.134274626953125 0.96832787890625 0.218225212890625 0.92977076953125 0.2416735546875 0.918513890625 0.239343890625 0.855564228515625 0.237304033203125 0.855599833984375 0.13132007421875 0.89404723828125
0 0.1015705390625 0.86535632421875 0.03616780078125 0.861720361328125 0.01876899609375 0.86232794140625 0.018607947265625 0.8654009140625 0.053784537109375 0.967516623046875 0.09593041015625 0.972217361328125 0.09885494921875 0.922621271484375 0.101684720703125 0.8686260234375 0.1015705390625 0.86535632421875