0 0.7822265625 0.517578125 0.1669921875 0.1669921875
0 0.666015625 0.630859375 0.142578125 0.142578125
0 0.7177734375 0.576171875 0.1513671875 0.1513671875
0 0.603515625 0.6884765625 0.154296875 0.154296875
0 0.431640625 0.857421875 0.1689453125 0.1689453125
0 0.9306640625 0.3408203125 0.138671875 0.166015625
0 0.8359375 0.4501953125 0.1611328125 0.1611328125
0 0.548828125 0.7353515625 0.1513671875 0.1513671875
0 0.888671875 0.3935546875 0.1669921875 0.1669921875
0 0.486328125 0.7900390625 0.1591796875 0.1591796875
0 0.359375 0.9091796875 0.1484375 0.1484375
0 0.5986328125 0.5048828125 0.171875 0.171875
0 0.5322265625 0.5673828125 0.1640625 0.1640625
0 0.412109375 0.6845703125 0.154296875 0.154296875
0 0.654296875 0.4404296875 0.169921875 0.169921875
0 0.771484375 0.322265625 0.1748046875 0.1748046875
0 0.349609375 0.7421875 0.154296875 0.154296875
0 0.4677734375 0.623046875 0.154296875 0.154296875
0 0.8330078125 0.2578125 0.189453125 0.189453125
0 0.7060546875 0.380859375 0.162109375 0.162109375
0 0.2255859375 0.8583984375 0.1513671875 0.1513671875
0 0.2841796875 0.794921875 0.1591796875 0.1591796875
0 0.7763671875 0.8310546875 0.1513671875 0.1513671875
0 0.7216796875 0.884765625 0.15625 0.15625
0 0.5869140625 0.111328125 0.1875 0.1875
0 0.646484375 0.0673828125 0.1826171875 0.134765625
0 0.51171875 0.1748046875 0.1767578125 0.1767578125
0 0.6123046875 0.9521484375 0.171875 0.095703125
0 0.8271484375 0.775390625 0.1591796875 0.1591796875
0 0.9501953125 0.6181640625 0.099609375 0.162109375
0 0.6640625 0.9267578125 0.166015625 0.146484375
0 0.443359375 0.236328125 0.1904296875 0.1904296875
0 0.0732421875 0.625 0.146484375 0.2060546875
0 0.3740234375 0.2900390625 0.1796875 0.1796875
0 0.1767578125 0.486328125 0.1796875 0.1796875
0 0.10546875 0.55078125 0.197265625 0.197265625
0 0.236328125 0.4189453125 0.2060546875 0.2060546875
0 0.302734375 0.3447265625 0.1923828125 0.1923828125
0 0.876953125 0.720703125 0.154296875 0.154296875
0 0.9248046875 0.6669921875 0.150390625 0.1591796875
0 0.9755859375 0.5654296875 0.048828125 0.150390625
0 0.423828125 0.0478515625 0.201171875 0.095703125
0 0.2177734375 0.201171875 0.1953125 0.1953125
0 0.35546875 0.08203125 0.205078125 0.1640625
0 0.0888671875 0.34375 0.177734375 0.2060546875
0 0.1494140625 0.26953125 0.205078125 0.205078125
0 0.287109375 0.126953125 0.1953125 0.1953125
0 0.048828125 0.4091796875 0.09765625 0.193359375