0 0.779296875 0.4580078125 0.158203125 0.158203125
0 0.689453125 0.59375 0.134765625 0.134765625
0 0.7294921875 0.529296875 0.1484375 0.1484375
0 0.6396484375 0.662109375 0.1640625 0.1640625
0 0.5068359375 0.8642578125 0.169921875 0.1689453125
0 0.9033203125 0.251953125 0.1640625 0.1640625
0 0.818359375 0.380859375 0.1796875 0.1611328125
0 0.5966796875 0.7197265625 0.166015625 0.150390625
0 0.8583984375 0.3154296875 0.1533203125 0.1533203125
0 0.546875 0.787109375 0.162109375 0.162109375
0 0.447265625 0.927734375 0.1455078125 0.1435546875
0 0.5966796875 0.4833984375 0.1796875 0.1611328125
0 0.544921875 0.5595703125 0.173828125 0.1611328125
0 0.451171875 0.69921875 0.150390625 0.1376953125
0 0.638671875 0.41015625 0.162109375 0.162109375
0 0.728515625 0.26953125 0.1689453125 0.1484375
0 0.4033203125 0.7685546875 0.158203125 0.1435546875
0 0.494140625 0.626953125 0.1484375 0.1484375
0 0.775390625 0.193359375 0.181640625 0.181640625
0 0.6767578125 0.33984375 0.166015625 0.1533203125
0 0.3046875 0.908203125 0.154296875 0.140625
0 0.349609375 0.833984375 0.15625 0.15625
0 0.673828125 0.9814453125 0.150390625 0.037109375
0 0.83984375 0.7666015625 0.158203125 0.1376953125
0 0.796875 0.830078125 0.1640625 0.1455078125
0 0.50390625 0.1025390625 0.189453125 0.1669921875
0 0.546875 0.052734375 0.16796875 0.10546875
0 0.443359375 0.1796875 0.169921875 0.1689453125
0 0.7119140625 0.9404296875 0.169921875 0.119140625
0 0.8779296875 0.701171875 0.1591796875 0.1591796875
0 0.9580078125 0.5126953125 0.083984375 0.158203125
0 0.7509765625 0.892578125 0.1767578125 0.1591796875
0 0.3896484375 0.2529296875 0.197265625 0.1796875
0 0.087890625 0.7158203125 0.17578125 0.193359375
0 0.3330078125 0.3212890625 0.1767578125 0.1767578125
0 0.1806640625 0.552734375 0.189453125 0.189453125
0 0.125 0.6318359375 0.1875 0.1875
0 0.224609375 0.474609375 0.1953125 0.1953125
0 0.275390625 0.388671875 0.1923828125 0.169921875
0 0.9150390625 0.6376953125 0.1533203125 0.1513671875
0 0.9375 0.5732421875 0.125 0.1591796875
0 0.974609375 0.455078125 0.0498046875 0.1435546875
0 0.3203125 0.0546875 0.2001953125 0.109375
0 0.37109375 0.0224609375 0.205078125 0.044921875
0 0.162109375 0.2666015625 0.208984375 0.189453125
0 0.26953125 0.1025390625 0.2080078125 0.1875
0 0.0751953125 0.435546875 0.150390625 0.201171875
0 0.109375 0.3486328125 0.212890625 0.1923828125
0 0.2138671875 0.1796875 0.1982421875 0.1767578125
0 0.044921875 0.513671875 0.0888671875 0.1904296875
0 0.0234375 0.6005859375 0.046875 0.1982421875