0 0.768780857421875 0.95444454296875 0.799836201171875 0.95552901953125 0.812851837890625 0.95416101953125 0.779860681640625 0.844768216796875 0.713974064453125 0.84133816796875 0.713772314453125 0.84711553515625 0.74272366015625 0.95288972265625 0.768780857421875 0.95444454296875
0 0.69938205859375 0.76955400390625 0.73889733203125 0.881540685546875 0.8064753828125 0.880241146484375 0.767545908203125 0.768236513671875 0.69938205859375 0.76955400390625
0 0.76423766015625 0.6410160859375 0.76786459765625 0.641525818359375 0.76887420703125 0.641419705078125 0.751123515625 0.525138490234375 0.6750292421875 0.516908134765625 0.674844658203125 0.51822151953125 0.69264641796875 0.62900590234375 0.76423766015625 0.6410160859375
0 0.683182111328125 0.601616484375 0.69995535546875 0.7081158671875 0.751552841796875 0.718887021484375 0.776185048828125 0.7223488515625 0.7775935625 0.722200810546875 0.757790029296875 0.607148072265625 0.68499684375 0.596817943359375 0.68383940234375 0.596939595703125 0.683182111328125 0.601616484375
0 0.68869546875 0.67969785546875 0.686964751953125 0.67987976171875 0.68672509765625 0.682619009765625 0.71206383203125 0.79911806640625 0.777752560546875 0.8048650859375 0.78928965234375 0.80581126171875 0.79249188671875 0.8054746953125 0.76475443359375 0.68609276171875 0.736756998046875 0.683643302734375 0.68869546875 0.67969785546875
0 0.6566650703125 0.477829171875 0.651518412109375 0.551429802734375 0.651724712890625 0.553392623046875 0.65192459765625 0.553406599609375 0.767908775390625 0.5308951640625 0.770965072265625 0.452088638671875 0.770479080078125 0.452054654296875 0.6566650703125 0.477829171875
0 0.757528890625 0.362537400390625 0.64213283984375 0.396588291015625 0.64743219921875 0.47867906640625 0.76223190625 0.44450005078125 0.757528890625 0.362537400390625
0 0.59179625 0.043003712890625 0.591863712890625 0.043295923828125 0.643977296875 0.1691724921875 0.724970388671875 0.1499110625 0.66941581640625 0.02139375 0.5913375234375 0.03863923046875 0.59179625 0.043003712890625
0 0.59656547265625 0.133224072265625 0.649992724609375 0.253062724609375 0.68099584375 0.24591287890625 0.73470877734375 0.23252073828125 0.675379810546875 0.103976482421875 0.595511166015625 0.123193017578125 0.59656547265625 0.133224072265625
0 0.73980136328125 0.274778525390625 0.606354455078125 0.331123525390625 0.61978356640625 0.407283798828125 0.62877648046875 0.40633860546875 0.755593537109375 0.350988892578125 0.73980136328125 0.274778525390625
0 0.738458408203125 0.29137065234375 0.74776392578125 0.21762136328125 0.605047927734375 0.2279665625 0.59835290234375 0.30902999609375 0.602902501953125 0.309508177734375 0.738458408203125 0.29137065234375
0 0.54758153125 0.9333844296875 0.550904830078125 0.956555052734375 0.559124138671875 0.95569116796875 0.69452351171875 0.895754005859375 0.68480785546875 0.8114682734375 0.54160341796875 0.88088198828125 0.544387763671875 0.907373283203125 0.54758153125 0.9333844296875
0 0.69638068359375 0.893130142578125 0.5432655 0.960636384765625 0.54330408984375 0.97180320703125 0.545721818359375 0.99480637109375 0.701914818359375 0.97838982421875 0.69638068359375 0.893130142578125
0 0.503553767578125 0.53588121484375 0.504372826171875 0.55150980859375 0.510474607421875 0.61958905078125 0.51389257421875 0.619409921875 0.65238526171875 0.569367294921875 0.65136573828125 0.549913607421875 0.6475597734375 0.49269767578125 0.503553767578125 0.53588121484375
0 0.581177349609375 0.8712208671875 0.66400633203125 0.873909369140625 0.619123033203125 0.726620517578125 0.54211583984375 0.730062337890625 0.541899216796875 0.736265560546875 0.581177349609375 0.8712208671875
0 0.651511642578125 0.6613317265625 0.659091623046875 0.5786398515625 0.658890974609375 0.576730802734375 0.511799837890625 0.62163154296875 0.51059744921875 0.690516470703125 0.51122983203125 0.696533201171875 0.51687140234375 0.69663167578125 0.651511642578125 0.6613317265625
0 0.646367162109375 0.63948970703125 0.519622818359375 0.725911623046875 0.5388241328125 0.79757190234375 0.54425598828125 0.7970009921875 0.668018009765625 0.71786301953125 0.646367162109375 0.63948970703125
0 0.616086095703125 0.55017933984375 0.59380938671875 0.398841873046875 0.516389345703125 0.39257250390625 0.515685708984375 0.39926715234375 0.51670880078125 0.4139379375 0.53425775390625 0.544778693359375 0.571982533203125 0.548743728515625 0.61600134765625 0.55098564453125 0.616086095703125 0.55017933984375
0 0.479079951171875 0 0.461810705078125 0.002120396484375 0.461909888671875 0.003064072265625 0.492525833984375 0.12028580078125 0.5752268671875 0.1125344921875 0.550024287109375 0 0.479079951171875 0
0 0.45095041796875 0.182805208984375 0.5854334453125 0.172839935546875 0.589382380859375 0.086347318359375 0.458344525390625 0.099024013671875 0.45254044140625 0.15238733203125 0.450627953125 0.17973716796875 0.45095041796875 0.182805208984375
0 0.590059275390625 0.37396977734375 0.592529232421875 0.374012890625 0.59340383203125 0.373920966796875 0.56934049609375 0.242444705078125 0.48448348828125 0.24219536328125 0.484351267578125 0.24977036328125 0.5105171640625 0.3715591640625 0.590059275390625 0.37396977734375
0 0.4628242578125 0.17619260546875 0.512285845703125 0.29317103515625 0.565691330078125 0.282203986328125 0.5962031953125 0.27515976953125 0.54032001953125 0.15022551171875 0.46194151171875 0.167793841796875 0.4628242578125 0.17619260546875
0 0.4834578515625 0.4472485390625 0.4899565703125 0.44713510546875 0.609200072265625 0.41785407421875 0.608994912109375 0.334063892578125 0.48135879296875 0.3695264453125 0.482773177734375 0.440734306640625 0.4834578515625 0.4472485390625
0 0.40475609765625 1 0.423022587890625 0.99335154296875 0.42293141015625 0.992484046875 0.328181732421875 0.85494190234375 0.322684384765625 0.856942771484375 0.25131682421875 0.88438465625 0.251470369140625 0.885845533203125 0.251939478515625 0.88713440234375 0.34087398828125 1 0.40475609765625 1
0 0.1681814921875 0.19594472265625 0.162572435546875 0.249311333984375 0.163405365234375 0.257236130859375 0.165862150390625 0.257494349609375 0.3475879765625 0.24480612109375 0.360201677734375 0.155597548828125 0.1719874921875 0.16306469921875 0.1681814921875 0.19594472265625
0 0.256372279296875 0.93409404296875 0.422802212890625 0.86936748046875 0.416747046875 0.79535751171875 0.237600826171875 0.858522216796875 0.24353766015625 0.915007408203125 0.24642949609375 0.935139072265625 0.256372279296875 0.93409404296875
0 0.17833972265625 0.44417129296875 0.180909732421875 0.444578341796875 0.370063193359375 0.434900736328125 0.37945976171875 0.34739880859375 0.19199152734375 0.3526040859375 0.178000255859375 0.44094148828125 0.17833972265625 0.44417129296875
0 0.15445636328125 0.105609771484375 0.169352259765625 0.182800912109375 0.178175876953125 0.181560833984375 0.3467706875 0.130381498046875 0.331790244140625 0.0400661953125 0.152143216796875 0.089150888671875 0.15445636328125 0.105609771484375
0 0.396067146484375 0.68151987890625 0.223359697265625 0.765379328125 0.2388007578125 0.844816697265625 0.24860437109375 0.843786296875 0.41166855859375 0.767042630859375 0.396067146484375 0.68151987890625
0 0.202798291015625 0.4227616328125 0.2890867265625 0.57871267578125 0.358313447265625 0.561826748046875 0.374050990234375 0.557314080078125 0.374031970703125 0.5571331171875 0.288528142578125 0.39328308984375 0.27687904296875 0.396623416015625 0.20248081640625 0.41974106640625 0.202798291015625 0.4227616328125
0 0.174907224609375 0.296602822265625 0.169022779296875 0.3555265078125 0.169130345703125 0.356549927734375 0.1750204765625 0.35716900390625 0.3517615234375 0.340655046875 0.367689345703125 0.249690552734375 0.17860614453125 0.261409939453125 0.174907224609375 0.296602822265625
0 0.213294453125 0.66773283984375 0.20688149609375 0.72984419921875 0.211695814453125 0.73052080859375 0.395172591796875 0.70672995703125 0.40561061328125 0.614429103515625 0.217730259765625 0.63617043359375 0.213294453125 0.66773283984375
0 0.30268980859375 0.492092115234375 0.211714220703125 0.50759104296875 0.212419970703125 0.514305802734375 0.29823729296875 0.6736134375 0.328614001953125 0.666600421875 0.38119946484375 0.653943712890625 0.31176778515625 0.510084109375 0.30268980859375 0.492092115234375
0 0.822939521484375 0 0.830826728515625 0.082472046875 0.90136492578125 0.085462560546875 0.909174029296875 0.08464179296875 0.898418705078125 0 0.822939521484375 0
0 0.842925908203125 0.163875658203125 0.92704992578125 0.134381111328125 0.91637772265625 0.05827540625 0.822885650390625 0.08914873046875 0.82493688671875 0.1086649453125 0.83284515234375 0.1649351875 0.842925908203125 0.163875658203125
0 0.2038417109375 1 0.2038417109375 0.8975883671875 0.200771310546875 0.8975883671875 0.1144118125 0.903157275390625 0.114411810546875 0.906385505859375 0.14152148046875 1 0.2038417109375 1
0 0.91860530078125 0.2320809375 0.942407720703125 0.22480380859375 0.942351716796875 0.224270970703125 0.89076722265625 0.13563238671875 0.82046936328125 0.155847794921875 0.82081469921875 0.1591334453125 0.86698339453125 0.246119025390625 0.91860530078125 0.2320809375
0 0.83253761328125 0.225825287109375 0.869941330078125 0.31844031640625 0.92917726171875 0.31233561328125 0.942948693359375 0.310400162109375 0.906610751953125 0.213611552734375 0.832139705078125 0.22203942578125 0.83253761328125 0.225825287109375
0 0.84705796484375 0.393873361328125 0.848576064453125 0.393820349609375 0.9396261484375 0.36857954296875 0.94258642578125 0.288637234375 0.8428486484375 0.31708401171875 0.844770025390625 0.37210505859375 0.84705796484375 0.393873361328125
0 0.07933980859375 0.738539859375 0.106113763671875 0.922402517578125 0.19224699609375 0.93297834765625 0.198699375 0.93230017578125 0.16592524609375 0.7496874296875 0.07933980859375 0.738539859375
0 0.141838529296875 0.83120560546875 0.205609095703125 0.8221606328125 0.205450015625 0.82034234765625 0.143268529296875 0.65005351953125 0.050362509765625 0.659676837890625 0.11604802734375 0.833461982421875 0.141838529296875 0.83120560546875
0 0.24149321484375 1 0.133540220703125 0.83378104296875 0.05244335546875 0.860740185546875 0.05298121875 0.86585761328125 0.137131568359375 1 0.24149321484375 1
0 0.196389478515625 0.73277351171875 0.12394850390625 0.55859634765625 0.038756572265625 0.56609025 0.04000504296875 0.57796866796875 0.09884971875 0.742499005859375 0.196389478515625 0.73277351171875
0 0 0.3436086484375 0.00147656640625 0.3481530546875 0.006666533203125 0.34760756640625 0.171791302734375 0.25463176171875 0.144732419921875 0.169701162109375 0.1438088515625 0.169798232421875 0 0.2417321953125 0 0.3436086484375
0 0 0.29601616796875 0.078526494140625 0.454462681640625 0.138277103515625 0.439565181640625 0.170683453125 0.431347505859375 0.17052934375 0.430729408203125 0.087814869140625 0.25729644140625 0.01233312109375 0.276116154296875 0 0.2792908828125 0 0.29601616796875
0 0.153198728515625 0.55373245703125 0.126053517578125 0.365067876953125 0.031161646484375 0.35493415234375 0.030553642578125 0.36188369140625 0.05364662890625 0.54596462890625 0.14830834765625 0.55424645703125 0.153198728515625 0.55373245703125
0 0.199902177734375 0.568598455078125 0.1900254375 0.475449890625 0.00168770703125 0.534087203125 0.00595465234375 0.5828586328125 0.011031736328125 0.631163841796875 0.01212285546875 0.631068380859375 0.199902177734375 0.568598455078125
0 0 0.210171078125 0.15416052734375 0.20208419921875 0.1602164609375 0.10457694140625 0 0.10898286328125 0 0.210171078125
0 0.861852333984375 0.609372791015625 0.921132427734375 0.699037279296875 0.95901773046875 0.687454580078125 0.987794734375 0.6777013984375 0.92842754296875 0.582892025390625 0.86135680859375 0.60465816796875 0.861852333984375 0.609372791015625
0 0.85029198828125 0.408088 0.861733845703125 0.47297798828125 0.86305778125 0.4728388359375 0.86674798828125 0.47218815234375 0.950219763671875 0.43694596875 0.93637528515625 0.36484062109375 0.8501384921875 0.407115666015625 0.85029198828125 0.408088
0 0.98258620703125 0.766641697265625 0.936448029296875 0.66222623828125 0.875997203125 0.661894654296875 0.87614169140625 0.66603232421875 0.9091744140625 0.76974425390625 0.974906876953125 0.767448826171875 0.98258620703125 0.766641697265625
0 0.86768644140625 0.620036373046875 0.877669681640625 0.618987091796875 0.96643101171875 0.58186565234375 0.955213912109375 0.509442228515625 0.861552291015625 0.54821075390625 0.866081275390625 0.60476423046875 0.86768644140625 0.620036373046875
0 0.956405337890625 0.44289998828125 0.85995344921875 0.468025060546875 0.85551089453125 0.528645021484375 0.855320484375 0.53227830078125 0.8560512265625 0.539230845703125 0.95086777734375 0.517534115234375 0.956661576171875 0.449596919921875 0.95701088671875 0.44293172265625 0.956405337890625 0.44289998828125
0 1 0.879020349609375 0.94181074609375 0.79857042578125 0.875491525390625 0.81388142578125 0.8759893984375 0.818618373046875 0.94057655859375 0.90676226171875 0.97753170703125 0.9001206171875 1 0.89493340234375 1 0.879020349609375
0 0.988177357421875 0.7876150859375 0.990928806640625 0.7329332109375 0.878698796875 0.76287725390625 0.87827806640625 0.76889398046875 0.876430111328125 0.83558875390625 0.87924794140625 0.835785794921875 0.96338801171875 0.80571141015625 0.987548458984375 0.79660875390625 0.988177357421875 0.7876150859375
0 1 0.878456125 0.89473276171875 0.9066775390625 0.887709748046875 0.945078138671875 0.887972091796875 0.947574166015625 0.95117161328125 0.955334091796875 0.99466041796875 0.950763234375 1 0.908389021484375 1 0.878456125