0 1 0.35309281640625 0.9439125703125 0.3245393515625 0.94320184765625 0.324348912109375 0.925732271484375 0.438612587890625 0.955720162109375 0.454166634765625 0.98384473046875 0.46788390234375 0.98798618359375 0.4689936015625 0.98961534765625 0.46565332421875 1 0.3836518984375 1 0.35309281640625
0 0.85633341796875 0.312534806640625 0.865517953125 0.43093294140625 0.9299617734375 0.44687917578125 0.93086351171875 0.44351384765625 0.92251562890625 0.328904310546875 0.85633341796875 0.312534806640625
0 0.588518130859375 0.3594899375 0.5878304765625 0.3633898203125 0.58973692578125 0.36390065234375 0.70478281640625 0.350427849609375 0.7156687734375 0.274632599609375 0.714475255859375 0.274422150390625 0.60301949609375 0.288361455078125 0.588518130859375 0.3594899375
0 0.673789369140625 0.39127529296875 0.67504324609375 0.39140708203125 0.78528253515625 0.36844440234375 0.79324522265625 0.29268451171875 0.684353154296875 0.313753064453125 0.671099181640625 0.3905544609375 0.673789369140625 0.39127529296875
0 0.85959458203125 0.322376685546875 0.792256349609375 0.28552080859375 0.790242296875 0.28498114453125 0.765657375 0.40339341796875 0.831896794921875 0.44011052734375 0.836557333984375 0.44135931640625 0.83668319140625 0.441132265625 0.85959458203125 0.322376685546875
0 0.62272345703125 0.367989794921875 0.612472796875 0.250446279296875 0.534417453125 0.23916919921875 0.53433285546875 0.239648978515625 0.54806937109375 0.355533671875 0.62254245703125 0.36866528515625 0.62272345703125 0.367989794921875
0 0.55605227734375 0.29684708984375 0.56906730859375 0.243521890625 0.448757998046875 0.24234637890625 0.43012442578125 0.32113261328125 0.43499426953125 0.322437482421875 0.548971322265625 0.32327357421875 0.55605227734375 0.29684708984375
0 0.25938337109375 0.178512125 0.12122433984375 0.15783903125 0.0962948203125 0.2363191328125 0.10101330078125 0.23785226171875 0.234793640625 0.255755775390625 0.25413348828125 0.198104962890625 0.25938337109375 0.178512125
0 0.313808318359375 0.282890787109375 0.338734521484375 0.214406603515625 0.34188662109375 0.20264281640625 0.20469754296875 0.17852323828125 0.1769116015625 0.25085654296875 0.174647798828125 0.25930516796875 0.1795362421875 0.261084416015625 0.313808318359375 0.282890787109375
0 0.440528640625 0.36112565234375 0.44213578125 0.35733946484375 0.46546112890625 0.21676196875 0.392944703125 0.18849926171875 0.36751919921875 0.33110494140625 0.43433182421875 0.35946521875 0.440528640625 0.36112565234375
0 0.40553926953125 0.28332262890625 0.427279689453125 0.240136689453125 0.42738094140625 0.2397588125 0.290445 0.2046530625 0.2542546328125 0.2694308046875 0.2549048515625 0.269776529296875 0.389662447265625 0.3131825859375 0.40553926953125 0.28332262890625
0 0.80809130078125 0.555683779296875 0.96400716796875 0.572455697265625 0.98591764453125 0.525468533203125 0.9957435546875 0.503230046875 0.996386357421875 0.50083107421875 0.841698400390625 0.478753755859375 0.8056770859375 0.55453079296875 0.805670603515625 0.55455498828125 0.80809130078125 0.555683779296875
0 1 0.478688669921875 0.950172744140625 0.45724390234375 0.94685970703125 0.45635617578125 0.93752482421875 0.62290452734375 0.958089931640625 0.633293615234375 0.964771951171875 0.6358586015625 0.97000726953125 0.63726140234375 1 0.559127669921875 1 0.478688669921875
0 0.530006693359375 0.367724810546875 0.547527796875 0.517041787109375 0.56306118359375 0.518949044921875 0.63086948828125 0.524736517578125 0.631421998046875 0.52267451953125 0.631582830078125 0.521364654296875 0.60634946484375 0.376286173828125 0.58701428515625 0.37391211328125 0.530006693359375 0.367724810546875
0 0.797129111328125 0.58148930078125 0.862189001953125 0.5911439453125 0.863175671875 0.587461642578125 0.850144826171875 0.4450314296875 0.769451193359375 0.426610763671875 0.769383552734375 0.42690374609375 0.78520117578125 0.57873551953125 0.797129111328125 0.58148930078125
0 0.7327709140625 0.409213251953125 0.59224756640625 0.4460556328125 0.584775666015625 0.527568427734375 0.59021241796875 0.529025201171875 0.731432048828125 0.485916787109375 0.7327709140625 0.409213251953125
0 0.766486205078125 0.58272809765625 0.76752975390625 0.58038424609375 0.784110185546875 0.43265158203125 0.70957736328125 0.400155525390625 0.696977005859375 0.553041453125 0.759374009765625 0.580822388671875 0.766486205078125 0.58272809765625
0 0.57192996484375 0.45622416796875 0.573915203125 0.41834357421875 0.573850279296875 0.37426775 0.5730406484375 0.374225318359375 0.42307645703125 0.404391888671875 0.42086759375 0.4820317734375 0.420877669921875 0.48203447265625 0.42758983203125 0.482386244140625 0.442186962890625 0.480596744140625 0.57192996484375 0.45622416796875
0 0.095531212890625 0.409416724609375 0.099710080078125 0.401215236328125 0.149071951171875 0.275107384765625 0.07042410546875 0.23620944140625 0.02307471484375 0.37094681640625 0.091545169921875 0.40834866796875 0.095531212890625 0.409416724609375
0 0.23802375 0.35039281640625 0.242520201171875 0.33803891796875 0.2466133203125 0.322763189453125 0.11537179296875 0.295436013671875 0.08796976171875 0.376793259765625 0.09209987109375 0.37829649609375 0.217191076171875 0.40142288671875 0.23802375 0.35039281640625
0 0.280774314453125 0.44265401171875 0.354536009765625 0.473963994140625 0.360863791015625 0.475659517578125 0.3609064765625 0.475558955078125 0.38339215234375 0.34638277734375 0.30765853515625 0.31308146484375 0.30723124609375 0.314088095703125 0.280774314453125 0.44265401171875
0 0.182439267578125 0.41167462109375 0.30672149609375 0.420539822265625 0.321195365234375 0.367976251953125 0.328771017578125 0.33759197265625 0.19208334765625 0.33066528125 0.172047876953125 0.40889025390625 0.182439267578125 0.41167462109375
0 0.36587469140625 0.348445392578125 0.38551798046875 0.479451931640625 0.461361240234375 0.48723886328125 0.463474078125 0.479353650390625 0.44906531640625 0.358453216796875 0.36587469140625 0.348445392578125
0 0.942336115234375 0.763456767578125 0.774767029296875 0.77388798046875 0.773650767578125 0.77963065234375 0.760493080078125 0.854499859375 0.764673755859375 0.855620068359375 0.92790398828125 0.83489223046875 0.929894353515625 0.827464087890625 0.942336115234375 0.763456767578125
0 0.11236739453125 0.708802306640625 0.14462763671875 0.72668444921875 0.149016068359375 0.727860326171875 0.151388001953125 0.723581244140625 0.215370587890625 0.55450668359375 0.132422517578125 0.50738018359375 0.07151463671875 0.684208865234375 0.11236739453125 0.708802306640625
0 0.67472652734375 0.80825910546875 0.859064419921875 0.846024453125 0.85931207421875 0.84549335546875 0.88987454296875 0.772878939453125 0.703771353515625 0.74090606640625 0.6712517578125 0.806638794921875 0.67472652734375 0.80825910546875
0 0.265674873046875 0.574480751953125 0.29044740234375 0.760377916015625 0.3820348671875 0.765177810546875 0.38302730078125 0.76147399609375 0.3536796640625 0.57467940234375 0.265674873046875 0.574480751953125
0 0 0.64975851171875 0.14116053515625 0.62768766796875 0.14116053515625 0.57283605078125 0.140247712890625 0.535954986328125 0 0.553875970703125 0 0.64975851171875
0 0.74136177734375 0.6926040390625 0.66505284375 0.652606251953125 0.664327943359375 0.652412015625 0.62411656640625 0.839969412109375 0.6937067109375 0.87542736328125 0.697868025390625 0.876542384765625 0.70096268359375 0.870468775390625 0.74136177734375 0.6926040390625
0 0.32436257421875 0.6681613125 0.31661393359375 0.745268515625 0.320901685546875 0.746417416015625 0.496746546875 0.7280720234375 0.508252001953125 0.657750630859375 0.51025553515625 0.64143317578125 0.32583945703125 0.656133091796875 0.32436257421875 0.6681613125
0 0.341079208984375 0.61617458984375 0.340840076171875 0.61608755078125 0.16134994921875 0.588743466796875 0.1238889453125 0.673152638671875 0.30982598046875 0.707457435546875 0.335579056640625 0.63670144140625 0.341079208984375 0.61617458984375
0 0.5013776796875 0.709535125 0.495029248046875 0.80278046875 0.499240904296875 0.80390898046875 0.499414482421875 0.80392722265625 0.68144563671875 0.773830876953125 0.68492798828125 0.74069849609375 0.68957052734375 0.68107076953125 0.5013776796875 0.709535125
0 0.57431903125 0.77373518359375 0.60555424609375 0.697695755859375 0.608752146484375 0.685761029296875 0.42244037109375 0.67374829296875 0.39576708984375 0.753619271484375 0.399857486328125 0.755027708984375 0.554250359375 0.771899439453125 0.57431903125 0.77373518359375
0 0.16114472265625 0 0.164590318359375 0.03755789453125 0.237215150390625 0.043911744140625 0.23940599609375 0.035735396484375 0.23724357421875 0 0.16114472265625 0
0 0.222656583984375 0 0.220615529296875 0.05793963671875 0.221288689453125 0.058120009765625 0.31871250390625 0.043951755859375 0.32024733203125 0 0.222656583984375 0
0 0.859608912109375 1 0.832221591796875 0.898851935546875 0.79517817578125 0.89747296875 0.79338855859375 1 0.859608912109375 1
0 0.306508115234375 0 0.283742783203125 0.062695427734375 0.28629622265625 0.063574646484375 0.38436585546875 0.0774312890625 0.40335140234375 0.02741690625 0.4035562109375 0.02682209375 0.40980675390625 0.003494755859375 0.375414193359375 0 0.306508115234375 0
0 0.3711168125 0.091795857421875 0.46336068359375 0.0924753515625 0.475996447265625 0.0437684296875 0.48174030078125 0.0188890703125 0.37863574609375 0.020674228515625 0.360213498046875 0.08887432421875 0.3711168125 0.091795857421875
0 0.546478822265625 0.02739827734375 0.45076103125 0.04512880859375 0.441171708984375 0.12189034375 0.44671666015625 0.123376109375 0.542416376953125 0.1049143671875 0.546478822265625 0.02739827734375
0 0.684256560546875 1 0.766683599609375 0.99542805859375 0.78778053125 0.91081288671875 0.60313367578125 0.91495519140625 0.581211111328125 1 0.684256560546875 1
0 0.674323494140625 0.97237836328125 0.70248491796875 0.914452283203125 0.70088853515625 0.913567392578125 0.52494125390625 0.86989387890625 0.480966958984375 0.952297748046875 0.661772248046875 0.995021408203125 0.674323494140625 0.97237836328125
0 0.82009014453125 1 0.82691310546875 0.89989363671875 0.756241828125 0.87287588671875 0.74069915625 0.867218814453125 0.740385533203125 0.86808048828125 0.733477041015625 1 0.82009014453125 1
0 0.561541310546875 1 0.52883608203125 0.8249475 0.441049720703125 0.8142108046875 0.46605025390625 0.99961311328125 0.46955127734375 1 0.561541310546875 1
0 0.22071547265625 0.7570959375 0.02783005859375 0.77252861328125 0.022561025390625 0.868679654296875 0.02892447265625 0.870384736328125 0.21447462109375 0.84634428515625 0.22071547265625 0.7570959375
0 0.109279841796875 0.88059255859375 0.3002246953125 0.8893864375 0.31616271875 0.82990492578125 0.3246862890625 0.797577685546875 0.324070974609375 0.797412814453125 0.13228230859375 0.78567455078125 0.112148123046875 0.86081635546875 0.10715759765625 0.880023904296875 0.109279841796875 0.88059255859375
0 0.218394837890625 0.9260060234375 0.218785302734375 0.926040185546875 0.40286623828125 0.902947197265625 0.41158792578125 0.803257857421875 0.22196948828125 0.83054030859375 0.2119586484375 0.924281453125 0.218394837890625 0.9260060234375
0 0.51928645703125 0.856651546875 0.32289622265625 0.83739917578125 0.29414705078125 0.926157103515625 0.29577122265625 0.926716349609375 0.48901896875 0.94943989453125 0.51338534375 0.878674802734375 0.51928645703125 0.856651546875
0 0 0.835249978515625 0.11137325390625 0.84498830859375 0.116912935546875 0.820993314453125 0.13156381640625 0.74932730078125 0 0.73451244921875 0 0.835249978515625
0 0.77646148046875 0.21347709765625 0.79959007421875 0.22439873046875 0.80358311328125 0.225468662109375 0.8061313515625 0.2204674609375 0.827935912109375 0.11740987109375 0.76253005078125 0.08548040234375 0.742001625 0.19591892578125 0.77646148046875 0.21347709765625
0 0.52366330078125 0.137523423828125 0.60927133984375 0.13170270703125 0.614555958984375 0.098336923828125 0.62017878515625 0.05898291796875 0.524876888671875 0.070878806640625 0.51356916796875 0.13481870703125 0.52366330078125 0.137523423828125
0 0.875749640625 0.24642324609375 0.885947392578125 0.13351185546875 0.832211736328125 0.103339205078125 0.809875869140625 0.214784306640625 0.813666056640625 0.21679994921875 0.86742982421875 0.24419395703125 0.875749640625 0.24642324609375
0 0.746138185546875 0.0962261015625 0.67434480078125 0.07369805078125 0.6756456484375 0.18086061328125 0.74505397265625 0.1971348984375 0.74693791796875 0.190564798828125 0.746138185546875 0.0962261015625
0 0.674108681640625 0.176217521484375 0.674602345703125 0.17437514453125 0.67024746875 0.078498791015625 0.60138771484375 0.05850433203125 0.602918154296875 0.15713291015625 0.60317724609375 0.157211501953125 0.674108681640625 0.176217521484375
0 1 0.16347678125 0.939160771484375 0.15295548046875 0.9389435625 0.15376611328125 0.97046665234375 0.264589291015625 1 0.268215529296875 1 0.16347678125
0 0.86651773046875 0.18355691796875 0.86014026953125 0.24547596484375 0.863066576171875 0.24626006640625 0.97239216015625 0.223143697265625 0.976655146484375 0.188424451171875 0.9798042265625 0.14917475390625 0.891304529296875 0.175672966796875 0.86651773046875 0.18355691796875