0 0 0.615375927734375 0.031413046875 0.698147556640625 0.09876712109375 0.696948513671875 0.09890939453125 0.696141638671875 0.060917431640625 0.5876988828125 0.02713751171875 0.588043935546875 0 0.58899159765625 0 0.615375927734375
0 0.175084666015625 0.602955671875 0.17320891015625 0.60262492578125 0.06180154296875 0.63761421484375 0.060741849609375 0.70519644921875 0.17403687109375 0.67019959765625 0.175084666015625 0.602955671875
0 0.3327019140625 0.7444056875 0.4088634609375 0.75534425390625 0.39476830859375 0.642642369140625 0.323639826171875 0.62814100390625 0.31899037109375 0.6273211796875 0.3327019140625 0.7444056875
0 0.24734823046875 0.609351271484375 0.24700601171875 0.610345142578125 0.24453977734375 0.724872044921875 0.31653421484375 0.74976992578125 0.3205774296875 0.63679469140625 0.271599734375 0.616215056640625 0.256197470703125 0.610911630859375 0.24734823046875 0.609351271484375
0 0.13150980078125 0.6866129609375 0.12977696484375 0.69204644140625 0.1282270390625 0.70083651171875 0.250161943359375 0.7006659375 0.258846673828125 0.67393708203125 0.274021671875 0.626367400390625 0.271099443359375 0.62541791015625 0.1518862734375 0.62390062890625 0.13150980078125 0.6866129609375
0 0.41790096484375 0.760789763671875 0.49375876953125 0.75946566015625 0.46106949609375 0.645344369140625 0.38326952734375 0.64912091015625 0.382938322265625 0.65099926953125 0.382950013671875 0.651669103515625 0.41790096484375 0.760789763671875
0 0.480851005859375 0.64576430078125 0.48051016015625 0.64703636328125 0.47935030078125 0.7657436640625 0.559403482421875 0.78467687890625 0.560280509765625 0.665119087890625 0.55110638671875 0.66266088671875 0.48454996484375 0.64641652734375 0.480851005859375 0.64576430078125
0 0.89632087109375 0.83480128125 0.897006015625 0.830915640625 0.87933799609375 0.69652925390625 0.796061146484375 0.69362116015625 0.816328669921875 0.831246056640625 0.89632087109375 0.83480128125
0 0.81933469921875 0.695277806640625 0.745129236328125 0.662218205078125 0.73945594140625 0.66121784765625 0.738938837890625 0.66243606640625 0.709337328125 0.79906504296875 0.779851509765625 0.829684037109375 0.78714945703125 0.83278183203125 0.788269345703125 0.830143537109375 0.81933469921875 0.695277806640625
0 0.55799020703125 0.63902130078125 0.55675546484375 0.646023873046875 0.570398986328125 0.785697939453125 0.64775940234375 0.79422898828125 0.635409486328125 0.64990187109375 0.55799020703125 0.63902130078125
0 0.723318720703125 0.6684147265625 0.643675439453125 0.65189045703125 0.642646365234375 0.656347869140625 0.6441285859375 0.79310376953125 0.71619410546875 0.811327703125 0.723318720703125 0.6684147265625
0 0.18801765234375 0.469154494140625 0.184500283203125 0.46801162890625 0.03198078125 0.46502320703125 0.00724045703125 0.5411661015625 0.006478166015625 0.545489265625 0.16563903125 0.54309931640625 0.18801765234375 0.469154494140625
0 0 0.507867591796875 0.114921765625 0.504272130859375 0.12816226171875 0.47117188671875 0.01099112109375 0.4375736015625 0.00776351953125 0.43700448828125 0 0.464079099609375 0 0.507867591796875
0 0.336960685546875 0.5878205625 0.486661650390625 0.60390698828125 0.515448330078125 0.53334742578125 0.513415845703125 0.532484685546875 0.3684615625 0.50872823046875 0.35005755078125 0.55208537109375 0.33741945703125 0.585218736328125 0.336960685546875 0.5878205625
0 0.2335292109375 0.594065658203125 0.233757013671875 0.592993921875 0.218060689453125 0.44914751171875 0.1619124765625 0.43721283984375 0.13705777734375 0.43283028515625 0.155462751953125 0.58386994921875 0.2335292109375 0.594065658203125
0 0.295654126953125 0.47115662890625 0.311525138671875 0.606440693359375 0.39373180078125 0.625778716796875 0.394040080078125 0.624030390625 0.3703383984375 0.473963953125 0.35130879296875 0.47060851953125 0.2972602109375 0.46204806640625 0.295654126953125 0.47115662890625
0 0.34659241796875 0.48037052734375 0.34329512109375 0.479729595703125 0.19647732421875 0.49670748828125 0.19082734765625 0.525774099609375 0.181873673828125 0.57655290625 0.3336562109375 0.55444129296875 0.34659241796875 0.48037052734375
0 0.430314916015625 0.591560111328125 0.4276174609375 0.61892514453125 0.43235596875 0.619760669921875 0.448993765625 0.61889187890625 0.58218310546875 0.603389046875 0.587658802734375 0.5233896328125 0.58251043359375 0.5224818359375 0.43647621875 0.54138031640625 0.430314916015625 0.591560111328125
0 0.87507361328125 0.6924219296875 0.950334177734375 0.725373642578125 0.951224068359375 0.725530552734375 0.992014458984375 0.58672794140625 0.93052516796875 0.561884654296875 0.914516001953125 0.5556377109375 0.910862822265625 0.554993556640625 0.909225896484375 0.55904508984375 0.87507361328125 0.6924219296875
0 0.88754826953125 0.693196052734375 0.886340513671875 0.56155198828125 0.83368612109375 0.551119072265625 0.8043661640625 0.54647524609375 0.80345962109375 0.551616513671875 0.80172895703125 0.68172381640625 0.88754826953125 0.693196052734375
0 0.729641775390625 0.654782880859375 0.72966030859375 0.65372109765625 0.70219451953125 0.52588196875 0.62102784765625 0.52446519921875 0.620261451171875 0.52881165234375 0.64327078125 0.65452908984375 0.729641775390625 0.654782880859375
0 0.7452647890625 0.532140572265625 0.721403662109375 0.5279332109375 0.7142665546875 0.66057071875 0.797560677734375 0.68194987109375 0.80209748828125 0.54526143359375 0.7452647890625 0.532140572265625
0 0.534962044921875 0.53567043359375 0.52047191796875 0.61784802734375 0.65091616796875 0.6075188984375 0.66429581640625 0.530556388671875 0.658952126953125 0.52961415234375 0.534962044921875 0.53567043359375
0 0.21894112109375 0.18624923046875 0.213512408203125 0.184589505859375 0.05264236328125 0.177740392578125 0.04429619140625 0.20503948828125 0.035216296875 0.25653412109375 0.19510802734375 0.25308159765625 0.21894112109375 0.18624923046875
0 0.7498015234375 0.38337776171875 0.74772060546875 0.4003254765625 0.93430727734375 0.390566634765625 0.948256396484375 0.302970587890625 0.941335931640625 0.301750322265625 0.76016012109375 0.305773013671875 0.7498015234375 0.38337776171875
0 0.174505150390625 0.126872263671875 0.17226867578125 0.13214106640625 0.14158605859375 0.313972365234375 0.21576604296875 0.342188625 0.24122453125 0.155082966796875 0.22348373046875 0.147064212890625 0.176915908203125 0.127297345703125 0.174505150390625 0.126872263671875
0 0.56899748828125 0.29057726171875 0.55668001171875 0.359522720703125 0.744514048828125 0.367426576171875 0.765757244140625 0.277616158203125 0.76053989453125 0.27641163671875 0.573077080078125 0.27290660546875 0.56899748828125 0.29057726171875
0 0.902687642578125 0.274608521484375 0.89004869140625 0.450346373046875 0.97973380078125 0.46872703125 0.998289029296875 0.283421705078125 0.982094380859375 0.279682876953125 0.90469203125 0.2659265625 0.902687642578125 0.274608521484375
0 0.20905387890625 0.215450490234375 0.19400623828125 0.30078989453125 0.38502830859375 0.28441603125 0.398417310546875 0.202845912109375 0.39316401953125 0.201919615234375 0.20905387890625 0.215450490234375
0 0.470124216796875 0.31995247265625 0.469463205078125 0.322257693359375 0.467063015625 0.335869841796875 0.65003792578125 0.350085705078125 0.653378248046875 0.338436607421875 0.67335778515625 0.262487048828125 0.67090887109375 0.261784833984375 0.4924887109375 0.252296703125 0.470124216796875 0.31995247265625
0 0.83865813671875 0.25984639453125 0.8355013046875 0.26012258203125 0.663373052734375 0.31058030078125 0.6650624609375 0.401183083984375 0.665211138671875 0.40288248046875 0.84864766796875 0.355283162109375 0.83981821484375 0.26005094921875 0.83865813671875 0.25984639453125
0 0.294846240234375 0.256759240234375 0.282971517578125 0.3153767265625 0.47323053515625 0.31005948046875 0.49102440234375 0.217612603515625 0.4866826015625 0.21661021875 0.302340458984375 0.22429821484375 0.294846240234375 0.256759240234375
0 0.37770483203125 0.329754796875 0.564018775390625 0.31571022265625 0.57931658203125 0.23290433984375 0.5750699765625 0.2320788828125 0.419831552734375 0.23685868359375 0.399702701171875 0.23783382421875 0.38101640234375 0.31097394921875 0.37770483203125 0.329754796875
0 0.88961623828125 1 0.907437259765625 0.954590607421875 0.81101346484375 0.934519845703125 0.78478968359375 0.999425982421875 0.78468846875 1 0.88961623828125 1
0 0.81576086328125 1 0.797752498046875 0.91722894140625 0.721067453125 0.91990684375 0.72022407421875 0.92468988671875 0.738055876953125 1 0.81576086328125 1
0 0.105867294921875 0 0.09047614453125 0.128130587890625 0.1243056328125 0.143285853515625 0.185126869140625 0 0.105867294921875 0
0 0.726270265625 1 0.73066624609375 0.91018587890625 0.659491744140625 0.888484775390625 0.650544111328125 0.989894169921875 0.68204492578125 1 0.726270265625 1
0 0.644606171875 1 0.66119405859375 0.900039443359375 0.60329730078125 0.874813150390625 0.598028357421875 0.872684357421875 0.59175773046875 0.871578677734375 0.59093206640625 0.873622265625 0.57702302734375 0.97248910546875 0.63847831640625 1 0.644606171875 1
0 0.498525064453125 0.868287935546875 0.497253111328125 0.87550153515625 0.512154279296875 0.970452599609375 0.589478552734375 0.97721759765625 0.575044572265625 0.880572736328125 0.498525064453125 0.868287935546875
0 0.213506625 0 0.25975365625 0.149633470703125 0.34705224609375 0.1501458359375 0.306018849609375 0 0.213506625 0
0 0.32808170703125 0 0.31750698046875 0.153529013671875 0.331118451171875 0.1582158203125 0.40627873828125 0.182762130859375 0.41680050390625 0 0.32808170703125 0
0 0.141872107421875 0 0.129037962890625 0.12421288671875 0.198723283203125 0.15368057421875 0.21122953515625 0.1587334296875 0.21430205078125 0.159275197265625 0.214402560546875 0.15902642578125 0.22830937109375 0 0.141872107421875 0
0 0.391424583984375 0 0.391328001953125 0.00054775 0.444503890625 0.17912055859375 0.532517091796875 0.1806152265625 0.5326905234375 0.179631642578125 0.48896842578125 0 0.391424583984375 0
0 0.953323142578125 0.10553848046875 0.9515079453125 0.105218412109375 0.75971412109375 0.107141458984375 0.74593041015625 0.20521766015625 0.940414125 0.193723515625 0.953323142578125 0.10553848046875
0 0.848008255859375 0.089606849609375 0.847867451171875 0.071077755859375 0.84331798046875 0.070275560546875 0.658945755859375 0.110688068359375 0.6589457578125 0.172267859375 0.659079525390625 0.205699638671875 0.659716544921875 0.20569963671875 0.848008255859375 0.167399369140625 0.848008255859375 0.089606849609375
0 0.54714759765625 0.160628048828125 0.73824616015625 0.17684161328125 0.76720473046875 0.082122404296875 0.76294354296875 0.08081962890625 0.575227947265625 0.06831067578125 0.55190150390625 0.13969637109375 0.54938984765625 0.1479116328125 0.54714759765625 0.160628048828125
0 0.630809748046875 0.19800205859375 0.58168519140625 0.00668999609375 0.569376869140625 0.00451970703125 0.48741012890625 0.00745736328125 0.53283430078125 0.199712224609375 0.630809748046875 0.19800205859375
0 1 0.16385313671875 0.9854992109375 0.0778933046875 0.967800671875 0.07477257421875 0.941525951171875 0.075014083984375 0.88379075390625 0.078039857421875 0.88292690234375 0.08293900390625 0.882957037109375 0.083514021484375 0.9193036953125 0.27045185546875 1 0.264177345703125 1 0.16385313671875
0 0.24269215234375 0.811942765625 0.20787061328125 0.80703624609375 0.20684639453125 0.812844884765625 0.220811140625 0.91934883984375 0.28964617578125 0.928139109375 0.28981469140625 0.92718340625 0.27822284375 0.81788062109375 0.260926134765625 0.81483074609375 0.24269215234375 0.811942765625
0 0.441576455078125 0.84668426953125 0.44009072265625 0.850361583984375 0.425744486328125 0.939825181640625 0.49422974609375 0.966294408203125 0.50407701171875 0.870759099609375 0.503171083984375 0.870374015625 0.446829443359375 0.847610513671875 0.441576455078125 0.84668426953125
0 0.2273492265625 0.79939060546875 0.22715262109375 0.79940091015625 0.1223535 0.847912052734375 0.122964765625 0.898983822265625 0.123510298828125 0.90939318359375 0.23077326953125 0.87315569921875 0.22820816015625 0.79954205859375 0.2273492265625 0.79939060546875
0 0.256688046875 0.90809813671875 0.361524029296875 0.9178318203125 0.385394240234375 0.84926995703125 0.38320814453125 0.848386716796875 0.284721630859375 0.83887873046875 0.27812380078125 0.854109853515625 0.25697993359375 0.90644276171875 0.256688046875 0.90809813671875
0 0.337435298828125 0.927055896484375 0.434852568359375 0.92603453515625 0.456879849609375 0.85900445703125 0.453049138671875 0.85783329296875 0.358616109375 0.8560019453125 0.35352687890625 0.870888001953125 0.33890783203125 0.91870475 0.337435298828125 0.927055896484375
0 0 0.882774193359375 0.092659419921875 0.835809841796875 0.087950166015625 0.768464375 0.08321843359375 0.76763004296875 0 0.8104572421875 0 0.882774193359375
0 0.141287716796875 0.79037107421875 0.135551498046875 0.78850726171875 0.071284904296875 0.7705792734375 0.070412021484375 0.773265736328125 0.0792377421875 0.86218213671875 0.082225068359375 0.887827046875 0.09079944140625 0.890613029296875 0.143191396484375 0.9065114921875 0.141287716796875 0.79037107421875
0 0 0.867714091796875 0.021874392578125 0.868999947265625 0.022199263671875 0.81931876953125 0.022199263671875 0.7632171328125 0.01511844921875 0.76196859375 0 0.7619205703125 0 0.867714091796875