0 0.8971287734375 0.74543001171875 0.967319580078125 0.733791423828125 0.98495285546875 0.626199259765625 0.98418837890625 0.62075973046875 0.97137342578125 0.621880892578125 0.91908422265625 0.63014409375 0.8971287734375 0.74543001171875
0 0.89999891015625 0.734939068359375 0.898272810546875 0.6163744765625 0.834325748046875 0.63826636328125 0.83549523828125 0.757014443359375 0.89999891015625 0.734939068359375
0 0.677556 0.75359907421875 0.6787612890625 0.753472392578125 0.673189056640625 0.67710241015625 0.55750291796875 0.6552864140625 0.558051236328125 0.66155371484375 0.567344095703125 0.73191896484375 0.677556 0.75359907421875
0 0.689651478515625 0.639013603515625 0.638981248046875 0.743987169921875 0.63901460546875 0.744368443359375 0.71828866796875 0.750201990234375 0.7637275625 0.6525370703125 0.764080509765625 0.65002572265625 0.764031630859375 0.64946705078125 0.689651478515625 0.639013603515625
0 0.7360111171875 0.7554946484375 0.7360198359375 0.7555440859375 0.81561239453125 0.741955619140625 0.830763416015625 0.62320339453125 0.8129097890625 0.624765384765625 0.753072556640625 0.635316302734375 0.7360111171875 0.7554946484375
0 0.592924248046875 0.766234958984375 0.594204009765625 0.76632444921875 0.602121287109375 0.68809583203125 0.49445760546875 0.65105787109375 0.48972785546875 0.651471671875 0.48457483984375 0.7251632578125 0.592924248046875 0.766234958984375
0 0.51243447265625 0.773689822265625 0.52202287109375 0.69198889453125 0.409840576171875 0.65239479296875 0.40865320703125 0.65229091015625 0.40852778515625 0.6523018828125 0.39958088671875 0.733549494140625 0.51243447265625 0.773689822265625
0 0.06055926953125 0.689091986328125 0.055943830078125 0.689740642578125 0.067904015625 0.769342150390625 0.207239884765625 0.77512730859375 0.20619914453125 0.763231583984375 0.1967510078125 0.69263408203125 0.06055926953125 0.689091986328125
0 0.244350951171875 0.644706935546875 0.17097080859375 0.661666505859375 0.17573180859375 0.799981921875 0.176327712890625 0.802785431640625 0.18408266015625 0.80113706640625 0.259143677734375 0.784535369140625 0.256156068359375 0.644768416015625 0.25592771484375 0.643694099609375 0.244350951171875 0.644706935546875
0 0.33100669921875 0.782857955078125 0.40861771875 0.77703194140625 0.427412458984375 0.635777345703125 0.427001154296875 0.63186405078125 0.36585819921875 0.6372133671875 0.34838603515625 0.639049765625 0.33100669921875 0.782857955078125
0 0.322700232421875 0.78263194140625 0.35180337109375 0.6526554921875 0.35109789453125 0.64459185546875 0.271164904296875 0.64420309765625 0.24842055078125 0.785474373046875 0.322700232421875 0.78263194140625
0 0.814036107421875 0.50152099609375 0.810499330078125 0.502602298828125 0.831584025390625 0.576926419921875 0.990269404296875 0.5820804453125 0.98985075390625 0.57729523828125 0.96658453515625 0.50119486328125 0.814036107421875 0.50152099609375
0 1 0.49779061328125 0.997676859375 0.483122880859375 0.977541015625 0.4848845390625 0.873844619140625 0.50130843359375 0.882952515625 0.53577556640625 1 0.553878701171875 1 0.49779061328125
0 0.56797053125 0.492184353515625 0.55238004296875 0.490820361328125 0.50419707421875 0.633231560546875 0.56124532421875 0.63903201171875 0.580651580078125 0.64072983984375 0.63528944921875 0.504585265625 0.6349365 0.50055104296875 0.56797053125 0.492184353515625
0 0.8856600703125 0.527949064453125 0.74714513671875 0.4830830078125 0.7392260625 0.483775837890625 0.7404195 0.563365345703125 0.88075077734375 0.6068786796875 0.8856600703125 0.527949064453125
0 0.733643181640625 0.590345515625 0.711691099609375 0.5195933359375 0.57071685546875 0.51296701171875 0.5650169296875 0.51428294140625 0.5828420625 0.58743500390625 0.73466534375 0.60065167578125 0.733837193359375 0.591185880859375 0.733643181640625 0.590345515625
0 0.804997009765625 0.530666509765625 0.66714056640625 0.486945564453125 0.66072817578125 0.48750657421875 0.65932235546875 0.561164615234375 0.804997009765625 0.6121463828125 0.804997009765625 0.530666509765625
0 0.40753042578125 0.52769733203125 0.400946001953125 0.529096892578125 0.415273623046875 0.6054374921875 0.56811059765625 0.611773091796875 0.568903626953125 0.61160452734375 0.562072771484375 0.568061197265625 0.55418614453125 0.53095753515625 0.422227783203125 0.52718130078125 0.40753042578125 0.52769733203125
0 0.13274236328125 0.578858330078125 0.015845484375 0.5439265 0.01573704296875 0.54393598828125 0.00684550390625 0.6000749453125 0.0096290078125 0.63189054296875 0.12210955078125 0.661238466796875 0.13274236328125 0.578858330078125
0 0.1343458125 0.52310135546875 0.114786552734375 0.522418330078125 0.091381021484375 0.65200880859375 0.091761619140625 0.65635904296875 0.1749984296875 0.6560577421875 0.200148525390625 0.532723607421875 0.199644685546875 0.52696469921875 0.1343458125 0.52310135546875
0 0.274146818359375 0.5184066328125 0.27787657421875 0.64961354296875 0.278122572265625 0.650679080078125 0.3584883359375 0.63103469140625 0.3587754765625 0.49991639453125 0.35875090234375 0.499809947265625 0.352224830078125 0.500380904296875 0.274146818359375 0.5184066328125
0 0.17075865234375 0.52723641796875 0.164874025390625 0.52775125390625 0.1669272734375 0.6120425546875 0.299305181640625 0.63519366015625 0.299597748046875 0.6351680625 0.299597748046875 0.55251130859375 0.17075865234375 0.52723641796875
0 0.354078126953125 0.6360894453125 0.432858328125 0.626608869140625 0.44939630859375 0.50145423828125 0.44880478515625 0.496636658203125 0.425802564453125 0.498649091796875 0.367208951171875 0.50673763671875 0.354078126953125 0.6360894453125
0 0.957287564453125 0.169267896484375 0.89576144921875 0.16604344921875 0.83929675390625 0.344452328125 0.839362880859375 0.345208177734375 0.911505443359375 0.345678158203125 0.974276892578125 0.184153064453125 0.973071962890625 0.17038064453125 0.957287564453125 0.169267896484375
0 0.263556763671875 0.376066123046875 0.26153825390625 0.34720008203125 0.255112271484375 0.28654998046875 0.073791904296875 0.267511794921875 0.069182322265625 0.26791508203125 0.0767660234375 0.36211323828125 0.263556763671875 0.376066123046875
0 0.73064580859375 0.208476056640625 0.737423314453125 0.281221552734375 0.922623662109375 0.31806572265625 0.9204646171875 0.250327662109375 0.91944141015625 0.238632341796875 0.73527480859375 0.208071072265625 0.73064580859375 0.208476056640625
0 0.383602611328125 0.39905514453125 0.422820669921875 0.22346653515625 0.42310063671875 0.21544940234375 0.35885182421875 0.20997446484375 0.336624365234375 0.209198265625 0.290222251953125 0.39629640625 0.383602611328125 0.39905514453125
0 0.131704564453125 0.40637364453125 0.100765244140625 0.2329196328125 0.09786432421875 0.22449475 0.02232391796875 0.246266455078125 0.006608798828125 0.251677603515625 0.044432060546875 0.434028259765625 0.131704564453125 0.40637364453125
0 0.73233564453125 0.364351048828125 0.801184484375 0.195669919921875 0.800476921875 0.187582458984375 0.720819298828125 0.176387310546875 0.64611358203125 0.35324693359375 0.73233564453125 0.364351048828125
0 0.3456991875 0.251346244140625 0.367216205078125 0.33581029296875 0.5469264453125 0.338808970703125 0.54839994921875 0.338495765625 0.53910601171875 0.289489453125 0.53055382421875 0.24925458984375 0.34555832421875 0.25068353125 0.3456991875 0.251346244140625
0 0.243081638671875 0.21853276171875 0.208746041015625 0.22709358984375 0.223456001953125 0.41596766796875 0.31131851171875 0.38753504296875 0.303074158203125 0.21021573046875 0.301826755859375 0.205212681640625 0.295407052734375 0.20577433203125 0.243081638671875 0.21853276171875
0 0.537742142578125 0.293887416015625 0.7181331328125 0.354598677734375 0.72391537109375 0.2950706640625 0.72623930078125 0.26183693359375 0.55219978515625 0.20058844140625 0.55202567578125 0.200576265625 0.54768204296875 0.20095628515625 0.537742142578125 0.293887416015625
0 0.47835745703125 0.378118328125 0.572494634765625 0.36767275 0.5762616796875 0.34787550390625 0.60314155859375 0.191665712890625 0.60307850390625 0.190462541015625 0.51824449609375 0.19411748828125 0.47830250390625 0.37714113671875 0.478348130859375 0.378011748046875 0.47835745703125 0.378118328125
0 0.10970485546875 0.899599560546875 0.082435470703125 0.901985322265625 0.07024540625 0.997918158203125 0.14873986328125 0.994590330078125 0.15736784765625 0.904372380859375 0.157354041015625 0.90410890234375 0.15674384765625 0.8971343515625 0.10970485546875 0.899599560546875
0 0.158660421875 0.89531650390625 0.14457173046875 0.991642974609375 0.22306619140625 0.988315146484375 0.234979451171875 0.89498756640625 0.23458393359375 0.890466767578125 0.183481724609375 0.893144919921875 0.158660421875 0.89531650390625
0 0.87897416015625 0 0.867470703125 0.164507091796875 0.867485203125 0.164672830078125 0.90448184765625 0.1665263515625 0.95959456640625 0.01633329296875 0.958165587890625 0 0.87897416015625 0
0 0.32145522265625 0.943111521484375 0.314722994140625 0.900395865234375 0.21557004296875 0.891375943359375 0.211411955078125 0.89196032421875 0.22463957421875 0.968645005859375 0.32500616015625 0.97383068359375 0.32374235546875 0.95938533203125 0.32145522265625 0.943111521484375
0 0.395573056640625 0.8789286328125 0.32691167578125 0.873061607421875 0.2897783046875 0.96983812109375 0.29608798046875 0.970612853515625 0.36540502734375 0.97723443359375 0.397420224609375 0.88721570703125 0.39670738671875 0.87906791015625 0.395573056640625 0.8789286328125
0 0.452743392578125 0.95842359375 0.465066833984375 0.864746759765625 0.464805298828125 0.862258423828125 0.4337635 0.864974228515625 0.3882801875 0.869754716796875 0.374037083984375 0.97215006640625 0.377581708984375 0.97183994921875 0.452743392578125 0.95842359375
0 0.74641590234375 0 0.680501634765625 0.16083441015625 0.68060942578125 0.162066466796875 0.7667350234375 0.17212862890625 0.842409251953125 0.0035471328125 0.842238951171875 0.001600580078125 0.829203275390625 0 0.74641590234375 0
0 0.5735620859375 0.032042759765625 0.57133233203125 0.03239591796875 0.5806091484375 0.121750412109375 0.765247072265625 0.143456955078125 0.76367981640625 0.125543142578125 0.751868875 0.050971798828125 0.5735620859375 0.032042759765625
0 0.82677328515625 0 0.787754681640625 0.1676603125 0.78779986328125 0.16817673046875 0.875419837890625 0.167241439453125 0.91712468359375 0 0.82677328515625 0
0 0.65219559375 0.17880468359375 0.664545525390625 0.0912307109375 0.499619640625 0.012272970703125 0.499493052734375 0.012250650390625 0.49394528515625 0.012736017578125 0.47958133203125 0.106670375 0.65219559375 0.17880468359375
0 0.23871543359375 0.211257408203125 0.220789421875 0.022517841796875 0.196868130859375 0.02461068359375 0.133615951171875 0.04038122265625 0.14245541015625 0.2337227265625 0.23871543359375 0.211257408203125
0 0.225736662109375 0.033439818359375 0.237411248046875 0.224188119140625 0.237795193359375 0.22562101953125 0.312405849609375 0.205948783203125 0.329445869140625 0.201382923828125 0.320805330078125 0.01376758203125 0.288657931640625 0.016580115234375 0.225736662109375 0.033439818359375
0 0.38719534765625 0.2036455703125 0.460639869140625 0.032183962890625 0.46017983203125 0.026925734375 0.36414832421875 0.0099927890625 0.29142376953125 0.18864069140625 0.38719534765625 0.2036455703125
0 0.365778818359375 0.06107669140625 0.3641451328125 0.0616075078125 0.391340888671875 0.15085366015625 0.588835865234375 0.134967458984375 0.5885216328125 0.13137576953125 0.5593937109375 0.04172924609375 0.365778818359375 0.06107669140625
0 0.075314349609375 0.03524526171875 0.05784773828125 0.036773392578125 0.0081295703125 0.222287314453125 0.03365101953125 0.225420955078125 0.1110532265625 0.231548845703125 0.15251321875 0.059848978515625 0.15342340625 0.052436091796875 0.152817140625 0.04550644140625 0.12383227734375 0.04120251171875 0.075314349609375 0.03524526171875
0 0.773985921875 0.93792736328125 0.773973302734375 0.90256555859375 0.773317298828125 0.86498313671875 0.67606544140625 0.840638619140625 0.665400099609375 0.84157171484375 0.664566662109375 0.9076444453125 0.773985921875 0.93792736328125
0 0.54418265234375 0.952742197265625 0.54339778515625 0.912996279296875 0.542218822265625 0.87923516796875 0.4573601953125 0.86290978515625 0.44757201171875 0.863766140625 0.451040865234375 0.929320599609375 0.54418265234375 0.952742197265625
0 0.75080662890625 0.945002630859375 0.82371930859375 0.9308241640625 0.834321521484375 0.8239793984375 0.83344829296875 0.819027060546875 0.82593723046875 0.819684193359375 0.774733515625 0.830861771484375 0.75080662890625 0.945002630859375
0 0.691860390625 0.87623861328125 0.68800765234375 0.860093185546875 0.58936632421875 0.852354720703125 0.587060068359375 0.8528449296875 0.59866199609375 0.924510201171875 0.70257573828125 0.933045212890625 0.701624892578125 0.92217698046875 0.691860390625 0.87623861328125
0 0.57293743359375 0.85047550390625 0.537338509765625 0.85861206640625 0.52893181640625 0.9568936328125 0.59901857421875 0.94175129296875 0.6101589296875 0.84547816015625 0.610036236328125 0.84484695703125 0.595229376953125 0.846142388671875 0.57293743359375 0.85047550390625
0 0.996348732421875 0.90255495703125 0.98923230078125 0.8759960703125 0.97774713671875 0.840248546875 0.867896931640625 0.82435630078125 0.86565087890625 0.824958126953125 0.866063466796875 0.829674037109375 0.882798830078125 0.89213126171875 0.9968170859375 0.90790825390625 0.996348732421875 0.90255495703125
0 0.913998802734375 0.82181944921875 0.913344384765625 0.814339396484375 0.86348899609375 0.81510565234375 0.85251997265625 0.81548869921875 0.842595755859375 0.83927820703125 0.808529482421875 0.92502001171875 0.80853928515625 0.9251320546875 0.877322083984375 0.925627712890625 0.882436517578125 0.92544911328125 0.913998802734375 0.82181944921875
0 1 0.80683993359375 0.964313810546875 0.8013039375 0.95692365625 0.8019504921875 0.948232802734375 0.85682238671875 0.940781828125 0.9059427265625 0.982984048828125 0.91010733203125 1 0.881796638671875 1 0.80683993359375