0 0.155847455078125 0.710275599609375 0.150991890625 0.71044516015625 0.04610848828125 0.750249951171875 0.04718476953125 0.81070808984375 0.047931259765625 0.8178104609375 0.15655716015625 0.77975433203125 0.155847455078125 0.710275599609375
0 0.130156283203125 0.69101187890625 0.1531188671875 0.80734442578125 0.220802708984375 0.81552633203125 0.197257529296875 0.69913003515625 0.130156283203125 0.69101187890625
0 0.373058138671875 0.7819809609375 0.47783096484375 0.741492125 0.474694037109375 0.668968263671875 0.474364705078125 0.664258583984375 0.36407523046875 0.705888140625 0.371849162109375 0.782065498046875 0.373058138671875 0.7819809609375
0 0.40441384765625 0.77730865234375 0.353178642578125 0.67653809375 0.300364580078125 0.682283599609375 0.2776296875 0.686292375 0.27839916015625 0.693613419921875 0.329375361328125 0.7904360703125 0.40441384765625 0.77730865234375
0 0.203216294921875 0.8004407265625 0.31687080078125 0.75663033203125 0.315399931640625 0.72856446484375 0.3125195625 0.678716111328125 0.30945116015625 0.67887691796875 0.197612333984375 0.72018259375 0.200428328125 0.773914998046875 0.203216294921875 0.8004407265625
0 0.5489258203125 0.77007087109375 0.54895131640625 0.769584357421875 0.521194400390625 0.65623751171875 0.4527481640625 0.652650396484375 0.445668380859375 0.65339451171875 0.470077958984375 0.76839040234375 0.5489258203125 0.77007087109375
0 0.521770892578125 0.64539581640625 0.521793876953125 0.646712552734375 0.553399115234375 0.761141033203125 0.635569875 0.757275162109375 0.603458333984375 0.64210709375 0.59396202734375 0.6422728515625 0.52550633984375 0.645003205078125 0.521770892578125 0.64539581640625
0 0.844920822265625 0.71138991015625 0.8471568046875 0.72289305078125 0.979102984375 0.67358710546875 0.96314691796875 0.594292005859375 0.95440317578125 0.595211009765625 0.832302056640625 0.643006681640625 0.844920822265625 0.71138991015625
0 0.79450317578125 0.73505964453125 0.87416944921875 0.730903556640625 0.881481833984375 0.730134994140625 0.881418974609375 0.72923605078125 0.84539312890625 0.592646775390625 0.77034433203125 0.59727419921875 0.76105120703125 0.598250947265625 0.761335205078125 0.602312314453125 0.79450317578125 0.73505964453125
0 0.583834453125 0.729604439453125 0.7274521015625 0.71224812890625 0.73519204296875 0.63275087109375 0.73462738671875 0.6326915234375 0.59006658984375 0.651926173828125 0.58491075390625 0.70098066796875 0.58320886328125 0.72365235546875 0.583834453125 0.729604439453125
0 0.8043135078125 0.61875249609375 0.66684603125 0.652062646484375 0.665971083984375 0.694132115234375 0.665971083984375 0.71883395703125 0.66673724609375 0.72612348828125 0.80615320703125 0.7011742109375 0.8043135078125 0.61875249609375
0 0.187129646484375 0.5511855703125 0.18343351953125 0.551314640625 0.03908996875 0.60067118359375 0.041356037109375 0.665562921875 0.043370677734375 0.684730939453125 0.1913912421875 0.628324912109375 0.187129646484375 0.5511855703125
0 0.13521483203125 0.573905359375 0.12972062890625 0.57400126171875 0.010251412109375 0.614653240234375 0.010441599609375 0.62554908203125 0.014267919921875 0.661954078125 0.13332014453125 0.658293650390625 0.13521483203125 0.573905359375
0 0.42707498828125 0.50547498828125 0.402389908203125 0.50711701953125 0.38081208984375 0.50938494140625 0.423795455078125 0.652723421875 0.43531953515625 0.65211947265625 0.508353552734375 0.645573603515625 0.50833115234375 0.64514614453125 0.45729051171875 0.50389145703125 0.42707498828125 0.50547498828125
0 0.25935490234375 0.673832994140625 0.259450396484375 0.672741484375 0.2263406015625 0.53188018359375 0.15305041796875 0.525468123046875 0.144162978515625 0.52640223046875 0.18062779296875 0.67322719140625 0.25935490234375 0.673832994140625
0 0.336361337890625 0.65061754296875 0.42075759765625 0.661335248046875 0.38091320703125 0.512376365234375 0.311981412109375 0.508763802734375 0.306066966796875 0.509385435546875 0.305781767578125 0.514827375 0.336361337890625 0.65061754296875
0 0.34728687109375 0.523511794921875 0.3444469375 0.5237602578125 0.20754905859375 0.58553899609375 0.2085971640625 0.59751888671875 0.215327482421875 0.66155358984375 0.35490502734375 0.603463533203125 0.34728687109375 0.523511794921875
0 0.51023468359375 0.49132131640625 0.452598498046875 0.5123953671875 0.453028966796875 0.51649100390625 0.45428274609375 0.520591931640625 0.52995670703125 0.64469363671875 0.604792681640625 0.619841998046875 0.59502966796875 0.60067203515625 0.52718865625 0.48613796484375 0.51023468359375 0.49132131640625
0 1 0.5200208359375 0.973827111328125 0.43762991015625 0.97323838671875 0.437691787109375 0.908939162109375 0.451359009765625 0.889690724609375 0.455691095703125 0.89046796484375 0.46308602734375 0.9359632578125 0.59058743359375 1 0.57888703515625 1 0.5200208359375
0 0.812767462890625 0.586530923828125 0.93476424609375 0.538412037109375 0.92050617578125 0.45580301953125 0.91822365234375 0.456042923828125 0.792646828125 0.502340548828125 0.796237376953125 0.519232751953125 0.812265125 0.586583720703125 0.812767462890625 0.586530923828125
0 0.622435408203125 0.588633212890625 0.755268095703125 0.57380002734375 0.761436154296875 0.48916712109375 0.753888828125 0.488506814453125 0.6305714609375 0.50611341796875 0.622618142578125 0.585293609375 0.622375681640625 0.588064951171875 0.622435408203125 0.588633212890625
0 0.73147158984375 0.4599602890625 0.726162107421875 0.460518337890625 0.74453800390625 0.59260868359375 0.8276246171875 0.5975382265625 0.83030972265625 0.59725601171875 0.8087531875 0.46265901953125 0.73147158984375 0.4599602890625
0 0.54207596484375 0.49672785546875 0.543141908203125 0.50686963671875 0.59709173828125 0.613688904296875 0.678688232421875 0.594640314453125 0.615422703125 0.478252837890625 0.54207596484375 0.49672785546875
0 0 0.287304650390625 0.043591865234375 0.427806064453125 0.11337744921875 0.432229306640625 0.11579577734375 0.43197512890625 0.07182819140625 0.24970718359375 0.01022702734375 0.248631931640625 0 0.24863773046875 0 0.287304650390625
0 0.715123904296875 0.184970341796875 0.71588313671875 0.188542244140625 0.7785177578125 0.35812078515625 0.872037224609375 0.33926877734375 0.801994935546875 0.1658553125 0.755028216796875 0.174096228515625 0.714877970703125 0.18263042578125 0.715123904296875 0.184970341796875
0 0.08043397265625 0.240076072265625 0.11306907421875 0.420520955078125 0.186874650390625 0.428698806640625 0.1588375859375 0.23933556640625 0.1401620625 0.237701669921875 0.08089761328125 0.23477661328125 0.08043397265625 0.240076072265625
0 0.6115322265625 0.37772187890625 0.693203263671875 0.344938890625 0.600596271484375 0.181857994140625 0.513697796875 0.211779541015625 0.514009056640625 0.21474098046875 0.51418523828125 0.2152526484375 0.6115322265625 0.37772187890625
0 0.79422093359375 0.223569380859375 0.80020201171875 0.310801615234375 0.97648491015625 0.280078416015625 0.9758566953125 0.24408790234375 0.970046775390625 0.188810216796875 0.79406134765625 0.214426771484375 0.79422093359375 0.223569380859375
0 0.180451087890625 0.21936460546875 0.17991189453125 0.22449467578125 0.208706943359375 0.40839167578125 0.2923527109375 0.4161828671875 0.265167984375 0.22761094140625 0.25597859765625 0.226537685546875 0.18409119921875 0.218982015625 0.180451087890625 0.21936460546875
0 0.4380361640625 0.214256123046875 0.427834533203125 0.216989640625 0.428111642578125 0.21962616796875 0.5096297421875 0.38271648828125 0.53009810546875 0.377232005859375 0.5972376328125 0.357647984375 0.597072615234375 0.357032134765625 0.51239819140625 0.197486970703125 0.4380361640625 0.214256123046875
0 0.60850789453125 0.20200438671875 0.609476341796875 0.204984958984375 0.69644965234375 0.359729107421875 0.78602828125 0.3372813046875 0.6984150234375 0.16931191015625 0.66476023828125 0.18024701171875 0.608187232421875 0.19895349609375 0.60850789453125 0.20200438671875
0 0.234375439453125 0.308100603515625 0.22973290234375 0.367728328125 0.41792575 0.33926397265625 0.42432054296875 0.245337654296875 0.419888947265625 0.244871875 0.23785779296875 0.274968220703125 0.234375439453125 0.308100603515625
0 0.3207284140625 0.34357667578125 0.32040558203125 0.345873744140625 0.3207801640625 0.349437650390625 0.506352927734375 0.3256294375 0.51729604296875 0.24213641015625 0.51301205859375 0.241534333984375 0.3582365390625 0.254432134765625 0.33818630859375 0.25645940234375 0.3207284140625 0.34357667578125
0 1 0.818112337890625 0.995584451171875 0.80612430078125 0.991924283203125 0.806508998046875 0.907809021484375 0.8521092890625 0.935381248046875 0.925571591796875 0.935617197265625 0.92554679296875 1 0.888012359375 1 0.818112337890625
0 0.9421673359375 0.832623650390625 0.9375448828125 0.831974005859375 0.8442296953125 0.83738895703125 0.83476504296875 0.904733455078125 0.835679650390625 0.91343534765625 0.93213150390625 0.909604501953125 0.9421673359375 0.832623650390625
0 0 0.198064611328125 0.01859476953125 0.254786361328125 0.05565958984375 0.254224736328125 0.04911022265625 0.066675376953125 0.048966865234375 0.06531144140625 0.025322845703125 0.066137107421875 0 0.06866003125 0 0.198064611328125
0 0.788647498046875 0.932562232421875 0.862768724609375 0.92602070703125 0.833076197265625 0.828643712890625 0.760015263671875 0.83402583203125 0.75511658203125 0.834540705078125 0.75537587890625 0.83700775 0.788647498046875 0.932562232421875
0 0.780492990234375 0.83448709765625 0.774663421875 0.8349971171875 0.68136290625 0.8645542734375 0.683588642578125 0.90140190234375 0.68763191796875 0.93987110546875 0.784128875 0.90665975390625 0.780492990234375 0.83448709765625
0 0.713226955078125 0.84896530078125 0.709153423828125 0.84853715625 0.610950955078125 0.86219703515625 0.603575173828125 0.932372923828125 0.604293017578125 0.939202759765625 0.699351755859375 0.92669752734375 0.713226955078125 0.84896530078125
0 0.106519177734375 0.048029001953125 0.0958815859375 0.04914705859375 0.144367986328125 0.2279180625 0.231595517578125 0.23147679296875 0.18896029296875 0.050907908203125 0.106519177734375 0.048029001953125
0 0.19901217578125 0.03055955859375 0.1985725 0.03414044921875 0.22632332421875 0.2153855859375 0.22846180859375 0.21564816015625 0.316563296875 0.22169638671875 0.290934265625 0.040707658203125 0.269478802734375 0.0380732578125 0.19901217578125 0.03055955859375
0 0 0.092835853515625 0.064558482421875 0.244909751953125 0.151338193359375 0.23211315234375 0.151311603515625 0.231860162109375 0.07672862109375 0.0481928515625 0.065957529296875 0.04914998828125 0 0.056082404296875 0 0.092835853515625
0 0.42971248046875 0.03448440234375 0.41997299609375 0.035508064453125 0.25669251171875 0.1037418515625 0.27150951171875 0.20063894140625 0.44165670703125 0.119181517578125 0.42971248046875 0.03448440234375
0 0.784160474609375 0 0.63949012890625 0.06312815234375 0.665123580078125 0.158793498046875 0.839655662109375 0.07222223828125 0.82074640234375 0 0.784160474609375 0
0 0.56759961328125 0 0.6240381953125 0.179026150390625 0.678855515625 0.1732646171875 0.721246568359375 0.16848318359375 0.72110081640625 0.1670964375 0.665634623046875 0 0.56759961328125 0
0 0.63798771484375 0.019741544921875 0.633534541015625 0.0198970546875 0.45197344140625 0.06918382421875 0.45315410546875 0.143979587890625 0.455429248046875 0.165626111328125 0.641444408203125 0.1187283046875 0.63798771484375 0.019741544921875
0 0.3485299296875 0.16501658203125 0.54292782421875 0.13320527734375 0.54799394140625 0.036537974609375 0.543004400390625 0.036276484375 0.351779255859375 0.071376712890625 0.350015154296875 0.105037791015625 0.34811121484375 0.16103276953125 0.3485299296875 0.16501658203125
0 0.789828921875 0 0.79791580078125 0.15416052734375 0.89542305859375 0.1602164609375 0.89101713671875 0 0.789828921875 0
0 0.308218615234375 0.870513826171875 0.30832345703125 0.87652012890625 0.33745378125 0.97775119921875 0.41019370703125 0.9752370546875 0.376471482421875 0.868088115234375 0.33780217578125 0.86876308984375 0.314193919921875 0.869885796875 0.308218615234375 0.870513826171875
0 0.53516843359375 0.8529448671875 0.53509483203125 0.85716148046875 0.5537623515625 0.945824171875 0.627184572265625 0.94599240234375 0.602140994140625 0.853273564453125 0.601157236328125 0.853238712890625 0.54216907421875 0.8522090703125 0.53516843359375 0.8529448671875
0 0.228157474609375 0.977947875 0.33834575390625 0.955195333984375 0.344788125 0.88162230859375 0.343740541015625 0.881549056640625 0.233810556640625 0.9169268046875 0.228193181640625 0.96769238671875 0.22774828515625 0.97405469921875 0.228157474609375 0.977947875
0 0.38201722265625 0.9619655078125 0.48335887890625 0.937269548828125 0.48360705078125 0.86467165234375 0.48125250390625 0.864548255859375 0.38503617578125 0.8876223515625 0.383756572265625 0.904171703125 0.38115676953125 0.953778857421875 0.38201722265625 0.9619655078125
0 0.464983546875 0.926234052734375 0.47757076171875 0.96740498828125 0.478202939453125 0.96733854296875 0.55969706640625 0.91463981640625 0.5407394140625 0.84450380078125 0.538175775390625 0.844773248046875 0.53470387109375 0.84583471484375 0.457332451171875 0.89921105859375 0.464983546875 0.926234052734375
0 0.09115047265625 0.96148033984375 0.08908251171875 0.985117244140625 0.09001294921875 0.99396978515625 0.198768826171875 0.95888842578125 0.204785806640625 0.890114029296875 0.20475541796875 0.889824900390625 0.20167533203125 0.88955542578125 0.09625366015625 0.924281525390625 0.09115047265625 0.96148033984375
0 0.23639325390625 0.90251173046875 0.22772768359375 0.87823543359375 0.2167937421875 0.877278837890625 0.166000634765625 0.873833439453125 0.165515361328125 0.879380140625 0.1920972578125 0.9864794375 0.19719533203125 0.986925462890625 0.26596391796875 0.9900327421875 0.23639325390625 0.90251173046875
0 0.051833671875 0.994810615234375 0.089754705078125 0.98905844140625 0.14637658984375 0.980090416015625 0.1336860546875 0.898284578125 0.128829439453125 0.898795029296875 0.044640720703125 0.94939609765625 0.051833671875 0.994810615234375