0 0.2649926015625 0.00412142578125 0.262559017578125 0.006824193359375 0.220889626953125 0.05472576953125 0.27564894921875 0.152635759765625 0.27576904296875 0.15274389453125 0.27968763671875 0.155387017578125 0.324463271484375 0.103119140625 0.266172607421875 0.004917349609375 0.2649926015625 0.00412142578125
0 0.27945445703125 0.09843290234375 0.3389025625 0.199097419921875 0.34036664453125 0.20008495703125 0.384665435546875 0.1493173359375 0.323888294921875 0.047500439453125 0.27945445703125 0.09843290234375
0 0.553328046875 0.341354818359375 0.554476650390625 0.34201796484375 0.59483935546875 0.27698774609375 0.515168009765625 0.19250351953125 0.50472952734375 0.207979205078125 0.47698862109375 0.2591211640625 0.553328046875 0.341354818359375
0 0.5443158125 0.20213034765625 0.479658958984375 0.161848904296875 0.392206892578125 0.23583964453125 0.39172478515625 0.23661117578125 0.41807856640625 0.254387025390625 0.45906204296875 0.27637013671875 0.5443158125 0.20213034765625
0 0.43872283984375 0.217590595703125 0.4564095 0.195749388671875 0.389460572265625 0.09234066796875 0.38000109765625 0.10389312890625 0.338503931640625 0.155137859375 0.40301978125 0.251768607421875 0.407994396484375 0.25512402734375 0.43872283984375 0.217590595703125
0 0.54068094140625 0.28651197265625 0.59633533203125 0.385931025390625 0.59900509765625 0.3877318046875 0.65455323046875 0.333674078125 0.59338423046875 0.23193612109375 0.54068094140625 0.28651197265625
0 0.67086861328125 0.29459580859375 0.587750021484375 0.37935469140625 0.58696980859375 0.380706060546875 0.648717296875 0.4182255546875 0.656942591796875 0.422974431640625 0.740862568359375 0.33781415234375 0.67086861328125 0.29459580859375
0 1 0.5553939296875 0.89795611328125 0.47164114453125 0.89348909765625 0.47826376953125 0.85661079296875 0.54377278125 0.9632466640625 0.628563859375 0.96732308984375 0.63082345703125 1 0.57052765234375 1 0.5553939296875
0 0.85430602734375 0.417050134765625 0.791995072265625 0.475156041015625 0.86453222265625 0.59023370703125 0.867296271484375 0.5931977890625 0.86904679296875 0.59437853125 0.930698884765625 0.53481338671875 0.85430602734375 0.417050134765625
0 0.76104601953125 0.34868706640625 0.6382317734375 0.42080222265625 0.63532666796875 0.42510922265625 0.68939690625 0.48110058984375 0.81341909375 0.406258533203125 0.76104601953125 0.34868706640625
0 0.762857041015625 0.3742571640625 0.74442890234375 0.400575275390625 0.72101555859375 0.43553841796875 0.8122634609375 0.539115248046875 0.815025865234375 0.540978513671875 0.86329855078125 0.475211892578125 0.762857041015625 0.3742571640625
0 0.14764436328125 0.2671549609375 0.195389419921875 0.289418845703125 0.30599878515625 0.174319134765625 0.22884058984375 0.13903326953125 0.12679458203125 0.25285526953125 0.12574692578125 0.255101974609375 0.132819 0.259872150390625 0.14764436328125 0.2671549609375
0 0.12816379296875 0.15712401953125 0.09491833203125 0.243731404296875 0.098667615234375 0.246260330078125 0.1062680625 0.2491778671875 0.128502572265625 0.255218013671875 0.232703767578125 0.12558071484375 0.22971512109375 0.123564845703125 0.16547740234375 0.101804318359375 0.12816379296875 0.15712401953125
0 0.47527568359375 0.48104919140625 0.573298330078125 0.36705748828125 0.522577 0.34030875 0.5052198515625 0.33146483984375 0.403173583984375 0.43763003515625 0.40161973046875 0.44067964453125 0.46133139453125 0.47394422265625 0.47527568359375 0.48104919140625
0 0.370399951171875 0.239005560546875 0.370880263671875 0.23802076953125 0.303085951171875 0.1979925859375 0.195413669921875 0.305862220703125 0.199227673828125 0.308434796875 0.269470384765625 0.34269445703125 0.370399951171875 0.239005560546875
0 0.347406875 0.339220166015625 0.450516951171875 0.44590142578125 0.4541457421875 0.44783088671875 0.4566241328125 0.444156521484375 0.4884654375 0.371834791015625 0.384151482421875 0.27218107421875 0.3789590078125 0.279879236328125 0.347406875 0.339220166015625
0 0.4457606875 0.30876117578125 0.39288177734375 0.25382451953125 0.25629919921875 0.31959098828125 0.255541576171875 0.320348611328125 0.25456762890625 0.321792548828125 0.311263748046875 0.37848866796875 0.4457606875 0.30876117578125
0 0.5921316171875 0.5354510390625 0.598232451171875 0.53829590625 0.632732822265625 0.468705013671875 0.514484646484375 0.37166558984375 0.51374986328125 0.37132295703125 0.493000193359375 0.4102091171875 0.476969193359375 0.444587708984375 0.58008323046875 0.527018068359375 0.5921316171875 0.5354510390625
0 0.85854787109375 0.62506926171875 0.85579431640625 0.629151576171875 0.83247878515625 0.703759033203125 0.932001216796875 0.753677681640625 0.9550664921875 0.719482005859375 0.969988396484375 0.67614564453125 0.85854787109375 0.62506926171875
0 0.794768216796875 0.5921740390625 0.761756529296875 0.6363135546875 0.845728224609375 0.73131191796875 0.849740580078125 0.73401828515625 0.90504581640625 0.66900244140625 0.81373129296875 0.57026076171875 0.812943521484375 0.569729404296875 0.794768216796875 0.5921740390625
0 0.6921014609375 0.627733806640625 0.764303416015625 0.51811609765625 0.764713072265625 0.517102162109375 0.687613732421875 0.48709799609375 0.612172158203125 0.5943391171875 0.61211846484375 0.594472013671875 0.61561800390625 0.596832482421875 0.6921014609375 0.627733806640625
0 0.799581830078125 0.67772612109375 0.80390396484375 0.679299248046875 0.83104979296875 0.59865851171875 0.71570266796875 0.532277564453125 0.71205978515625 0.537678357421875 0.68601944140625 0.60922361328125 0.799581830078125 0.67772612109375
0 0.691408123046875 0.468280474609375 0.611782322265625 0.442192765625 0.547086138671875 0.546551740234375 0.54489964453125 0.552901779296875 0.54599519921875 0.55364073828125 0.618239501953125 0.57871110546875 0.691408123046875 0.468280474609375
0 0 0.51255719921875 0.125249126953125 0.374605732421875 0.0540055234375 0.341335095703125 0.04948536328125 0.33932258984375 0 0.401396048828125 0 0.51255719921875
0 0.6164107890625 0.741398068359375 0.60520858984375 0.754284724609375 0.55446827734375 0.813910376953125 0.67421068359375 0.95298595703125 0.678173451171875 0.95565887890625 0.73400941015625 0.88658892578125 0.6164107890625 0.741398068359375
0 0.05016494140625 0.558749298828125 0.06799494921875 0.566567689453125 0.19000649609375 0.42245022265625 0.11940162890625 0.38620411328125 0.0048053203125 0.530674630859375 0.002463615234375 0.53569643359375 0.00635106640625 0.53831855078125 0.05016494140625 0.558749298828125
0 0.58953237109375 0.6980888359375 0.516462005859375 0.64904187109375 0.387463029296875 0.78772118359375 0.385799259765625 0.79049016015625 0.38916070703125 0.792757484375 0.46504263671875 0.838351947265625 0.58953237109375 0.6980888359375
0 0.63117806640625 0.939827041015625 0.679965177734375 0.99034757421875 0.829977625 0.88486388671875 0.766547197265625 0.812094947265625 0.62586013671875 0.917029201171875 0.620306921875 0.92239187890625 0.618126412109375 0.9256246171875 0.63117806640625 0.939827041015625
0 0.22374387890625 0.63798875390625 0.22776279296875 0.64030907421875 0.270027802734375 0.56906589453125 0.1339858203125 0.4335014921875 0.126455107421875 0.444666232421875 0.090586150390625 0.508483583984375 0.22374387890625 0.63798875390625
0 0.42861695703125 0.58057908984375 0.428789814453125 0.580128779296875 0.4276884453125 0.579385896484375 0.425725564453125 0.57863241796875 0.3387170234375 0.550917501953125 0.327223392578125 0.56747098828125 0.239131154296875 0.69924269921875 0.238699384765625 0.700367501953125 0.29632658203125 0.72310583203125 0.317816853515625 0.73135517578125 0.42861695703125 0.58057908984375
0 0.491608802734375 0.737384951171875 0.499069728515625 0.727835404296875 0.379062279296875 0.5870391328125 0.368940806640625 0.59999402734375 0.327351658203125 0.65785434765625 0.4368910703125 0.79291185546875 0.44290641796875 0.796969259765625 0.491608802734375 0.737384951171875
0 0.52781532421875 0.888714521484375 0.674094623046875 0.76833110546875 0.60040811328125 0.71266663671875 0.46129448046875 0.82003862890625 0.456853044921875 0.826623326171875 0.501108615234375 0.865498736328125 0.52781532421875 0.888714521484375
0 0.213767642578125 0.675382470703125 0.36982634375 0.5685302578125 0.30139385546875 0.505717875 0.148783412109375 0.607157560546875 0.14505946875 0.61267853515625 0.18971309765625 0.654472171875 0.213767642578125 0.675382470703125
0 1 0.3036899609375 0.963382365234375 0.336660626953125 1 0.3958905625 1 0.3036899609375
0 1 0.316630658203125 0.94961028515625 0.238447486328125 0.93216355078125 0.25651410546875 0.896219669921875 0.296136404296875 0.95131966796875 0.37470381640625 0.956117091796875 0.37793971875 1 0.3309526953125 1 0.316630658203125
0 0.872518583984375 0.322111796875 0.95925057421875 0.264874685546875 0.90446919921875 0.21574980078125 0.820149056640625 0.26845540234375 0.81792368359375 0.27175465234375 0.825924484375 0.27948093359375 0.872518583984375 0.322111796875
0 0.7732516796875 0.213464388671875 0.82083787109375 0.294231595703125 0.82411273828125 0.29644051953125 0.87868984765625 0.24373601953125 0.826654828125 0.153902322265625 0.7732516796875 0.213464388671875
0 0 0.690633193359375 0.07207239453125 0.7686966640625 0.11789908984375 0.69439174609375 0 0.55792598828125 0 0.690633193359375
0 0.08951366015625 0.60301169921875 0.0892771015625 0.60327522265625 0.02797733203125 0.673792541015625 0.127531212890625 0.82172015625 0.13025405859375 0.823556740234375 0.19228052734375 0.759489486328125 0.08951366015625 0.60301169921875
0 0 0.630575640625 0.072724484375 0.588591890625 0.07344953515625 0.5875169609375 0.0615824921875 0.57645076171875 0.00542541015625 0.525747998046875 0 0.528994919921875 0 0.630575640625
0 0.1794838125 0.65329985546875 0.106989525390625 0.7192783984375 0.1927165546875 0.8783558125 0.193820705078125 0.8796259921875 0.197636953125 0.882200083984375 0.260450197265625 0.823681265625 0.1794838125 0.65329985546875
0 0.59808275390625 1 0.45331687890625 0.89333843359375 0.44866007421875 0.90024243359375 0.410390892578125 0.982310953125 0.43704080859375 1 0.59808275390625 1
0 0.506497759765625 1 0.528129611328125 0.94903855078125 0.370921646484375 0.837468841796875 0.370500251953125 0.837289970703125 0.37004142578125 0.83797020703125 0.36252044921875 0.855320744140625 0.33193781640625 0.927368919921875 0.43762605859375 1 0.506497759765625 1
0 0.40661087890625 0.97644246875 0.413166259765625 0.978828431640625 0.44408501953125 0.8885444921875 0.285341046875 0.784714517578125 0.281095875 0.791008244140625 0.249536412109375 0.8777171484375 0.40661087890625 0.97644246875
0 0.32285481640625 0.92869255859375 0.324424068359375 0.929391236328125 0.363931015625 0.84487090625 0.20697405078125 0.72486340625 0.202625849609375 0.73130987890625 0.166024943359375 0.81351686328125 0.32285481640625 0.92869255859375
0 0.55783031640625 0 0.55091198828125 0.006290189453125 0.522414369140625 0.03381001953125 0.57239566015625 0.129700482421875 0.57440150390625 0.13177759765625 0.575361052734375 0.1324248203125 0.6275340390625 0.083737904296875 0.58121998046875 0 0.55783031640625 0
0 0.75077201953125 0.235036412109375 0.75161605078125 0.2355429765625 0.82311766015625 0.171422125 0.76144898046875 0.131574609375 0.69750391796875 0.19576633984375 0.69493148828125 0.19988308984375 0.7001750703125 0.2034199296875 0.75077201953125 0.235036412109375
0 0.487357455078125 0 0.439671998046875 0.0194219765625 0.43811317578125 0.021733025390625 0.48521859375 0.07051211328125 0.488254306640625 0.073547369140625 0.58829941015625 0.01960408203125 0.56777467578125 0 0.487357455078125 0
0 0.687209046875 0.122044275390625 0.6393278125 0.03391048046875 0.638593380859375 0.03317605078125 0.60072505859375 0.0675079609375 0.585052875 0.08318014453125 0.633826080078125 0.1737446953125 0.636375662109375 0.17546441015625 0.687209046875 0.122044275390625
0 0.639546990234375 0.17006463671875 0.64070459765625 0.170654466796875 0.69542430078125 0.197117083984375 0.765409197265625 0.1261498359375 0.765684486328125 0.125609546875 0.759737603515625 0.12257945703125 0.698005365234375 0.093628439453125 0.631835470703125 0.164863150390625 0.639546990234375 0.17006463671875
0 0.38977403125 0 0.423709634765625 0.033247138671875 0.428191853515625 0.0372829453125 0.495283685546875 0 0.38977403125 0