0 0 0.603066515625 0.0242266953125 0.688781828125 0.09151789453125 0.69346383203125 0.091659130859375 0.69273723046875 0.06324504296875 0.581324921875 0.029563591796875 0.578724548828125 0 0.577175185546875 0 0.603066515625
0 0.06772116796875 0.58660048828125 0.06759416015625 0.58725389453125 0.095025162109375 0.7020794296875 0.162368853515625 0.70785083984375 0.135360310546875 0.59239054296875 0.06772116796875 0.58660048828125
0 0.33072326171875 0.620971580078125 0.31748972265625 0.73078928515625 0.382997189453125 0.762067435546875 0.38731019921875 0.763987712890625 0.402331255859375 0.6470639921875 0.331888130859375 0.61835523828125 0.33072326171875 0.620971580078125
0 0.2398627578125 0.719701275390625 0.30825021484375 0.74605819921875 0.31098035546875 0.746588884765625 0.3189279453125 0.63433125 0.270698302734375 0.61205485546875 0.250543080078125 0.604317990234375 0.24697891796875 0.6036251875 0.246324421875 0.605330208984375 0.2398627578125 0.719701275390625
0 0.23603992578125 0.73084113671875 0.23605544140625 0.73079339453125 0.23588563671875 0.60941012109375 0.175051509765625 0.589643916015625 0.160633611328125 0.586841361328125 0.15911310546875 0.70630776953125 0.23603992578125 0.73084113671875
0 0.470864158203125 0.65140901171875 0.394104400390625 0.63618100390625 0.39353506640625 0.6386470625 0.401049146484375 0.752981771484375 0.474973982421875 0.770048666015625 0.470864158203125 0.65140901171875
0 0.56591429296875 0.77803392578125 0.548077564453125 0.659810888671875 0.53863183984375 0.658818103515625 0.46709256640625 0.652916431640625 0.46660682421875 0.65541536328125 0.483884890625 0.77185688671875 0.56591429296875 0.77803392578125
0 0.760102875 0.79965016796875 0.89927594140625 0.817997796875 0.922832 0.73909456640625 0.91808748046875 0.737644021484375 0.78401505859375 0.7220780234375 0.763052783203125 0.788380982421875 0.76096772265625 0.79520091015625 0.760102875 0.79965016796875
0 0.694055982421875 0.71361347265625 0.683705830078125 0.79790869921875 0.8238808984375 0.79049231640625 0.835866255859375 0.70535933203125 0.832647400390625 0.704733650390625 0.829825091796875 0.70438711328125 0.69410855859375 0.713342994140625 0.694055982421875 0.71361347265625
0 0.666388041015625 0.66286563671875 0.663050919921875 0.66221696484375 0.52683180078125 0.695904638671875 0.528230267578125 0.77602275390625 0.66999497265625 0.73915124609375 0.666388041015625 0.66286563671875
0 0.64634363671875 0.80436490625 0.728765353515625 0.802525208984375 0.695455201171875 0.66505773046875 0.622609765625 0.66354271484375 0.6226075390625 0.66355416796875 0.6226075390625 0.671728169921875 0.64634363671875 0.80436490625
0 0.14661219140625 0.58653349609375 0.124817462890625 0.428663646484375 0.060893873046875 0.41623816015625 0.048719056640625 0.414126912109375 0.047877181640625 0.41845798046875 0.063449390625 0.56972791015625 0.14661219140625 0.58653349609375
0 0 0.56037251953125 0.07715562890625 0.568871755859375 0.037263126953125 0.406360396484375 0.014559140625 0.402437919921875 0.009672224609375 0.4020961953125 0 0.45185547265625 0 0.56037251953125
0 0.4130595390625 0.48460967578125 0.3678763671875 0.483667697265625 0.36719294921875 0.487183583984375 0.396958943359375 0.631011958984375 0.40849180859375 0.6314146953125 0.48181841796875 0.631259072265625 0.481833357421875 0.63083128515625 0.44329809765625 0.485665630859375 0.4130595390625 0.48460967578125
0 0.25139014453125 0.541911392578125 0.264034232421875 0.46587139453125 0.258011603515625 0.46436978515625 0.11783901171875 0.474730810546875 0.097988146484375 0.55519080859375 0.25139014453125 0.541911392578125
0 0.43480956640625 0.514094208984375 0.430299349609375 0.512179736328125 0.2825031640625 0.49918484765625 0.255312033203125 0.56324313671875 0.254000494140625 0.569990423828125 0.39662051953125 0.588282890625 0.43480956640625 0.514094208984375
0 0.2160273828125 0.583095453125 0.289981720703125 0.616887337890625 0.305248384765625 0.464244599609375 0.244841876953125 0.43607658203125 0.23581441796875 0.434321822265625 0.23518358203125 0.43567465625 0.2160273828125 0.583095453125
0 0.549120353515625 0.502990802734375 0.531995810546875 0.498402296875 0.47118003515625 0.485569103515625 0.46903481640625 0.49357517578125 0.467446087890625 0.63892048046875 0.544079955078125 0.65750212109375 0.545958984375 0.636071462890625 0.549120353515625 0.502990802734375
0 0.8783828203125 0.705527244140625 0.95669525390625 0.73043785546875 0.957556642578125 0.73060529296875 0.983635025390625 0.588188609375 0.91988574609375 0.569908796875 0.906988671875 0.566376625 0.899656484375 0.564951392578125 0.89840633984375 0.56931116796875 0.8783828203125 0.705527244140625
0 0.8062992265625 0.551579814453125 0.805388517578125 0.55552453125 0.79765897265625 0.68283640234375 0.87910777734375 0.70497684765625 0.89040760546875 0.569334623046875 0.87133803125 0.56493206640625 0.807642990234375 0.551841015625 0.8062992265625 0.551579814453125
0 0.72931184375 0.63405926171875 0.74997072265625 0.5555127421875 0.74162513671875 0.553431955078125 0.61673894921875 0.547699134765625 0.597006189453125 0.632039673828125 0.72931184375 0.63405926171875
0 0.69853515234375 0.56773787890625 0.68274325390625 0.64898016015625 0.816003970703125 0.651492517578125 0.83398149609375 0.56969466015625 0.82281002734375 0.567523146484375 0.69853515234375 0.56773787890625
0 0.53973764453125 0.6217396171875 0.61576404296875 0.65696494140625 0.63756541015625 0.526300208984375 0.5687281796875 0.4958502109375 0.56623391796875 0.495365376953125 0.5635945 0.50129360546875 0.53973764453125 0.6217396171875
0 0.19806539453125 0.2627679765625 0.200066263671875 0.257270630859375 0.225034265625 0.18462448046875 0.22241208203125 0.18367008203125 0.0557924296875 0.178541517578125 0.050071625 0.194259298828125 0.039685572265625 0.24769091015625 0.19806539453125 0.2627679765625
0 0.75923530078125 0.39442480859375 0.76074972265625 0.42332168359375 0.94444772265625 0.386708734375 0.94051419140625 0.292746234375 0.93729692578125 0.292120861328125 0.75822199609375 0.333443654296875 0.75923530078125 0.39442480859375
0 0.243821587890625 0.32938246484375 0.226537962890625 0.1413453984375 0.207448029296875 0.1375229765625 0.15675062109375 0.12858365625 0.154520662109375 0.140055796875 0.165195552734375 0.318576251953125 0.243821587890625 0.32938246484375
0 0.604143947265625 0.23406251171875 0.62790921484375 0.412401029296875 0.721174673828125 0.41779142578125 0.6912558125 0.2273610390625 0.66904528515625 0.22619703515625 0.60456378515625 0.226051482421875 0.604143947265625 0.23406251171875
0 1 0.32351059375 0.85419841796875 0.333415599609375 0.849417783203125 0.3880584921875 0.84711273828125 0.42487876953125 1 0.41878669921875 1 0.32351059375
0 0.188328509765625 0.26911574609375 0.37795326171875 0.302895609375 0.41207004296875 0.227410728515625 0.407864193359375 0.2254495078125 0.22540363671875 0.190654197265625 0.193655435546875 0.25673552734375 0.1886473671875 0.26747536328125 0.188328509765625 0.26911574609375
0 0.51095858203125 0.21433609375 0.547707525390625 0.387882119140625 0.629760609375 0.39260173828125 0.63536559375 0.39269957421875 0.601469474609375 0.2108303046875 0.5694125546875 0.210270748046875 0.5116976015625 0.21053417578125 0.51095858203125 0.21433609375
0 0.8644353125 0.3056710078125 0.860364716796875 0.304269388671875 0.682594732421875 0.28035394140625 0.6475798046875 0.363117833984375 0.64711901953125 0.3654883671875 0.83366922265625 0.396550013671875 0.8644353125 0.3056710078125
0 0.320916587890625 0.176604064453125 0.320916587890625 0.178901041015625 0.370010935546875 0.357281189453125 0.462866220703125 0.35477183203125 0.41518858203125 0.171745724609375 0.38331599609375 0.171745724609375 0.32141869140625 0.174020953125 0.320916587890625 0.176604064453125
0 0.42003946484375 0.19074537109375 0.44654942578125 0.344805423828125 0.450316470703125 0.36460266796875 0.5444573671875 0.37504866015625 0.544508599609375 0.374071056640625 0.50456660546875 0.19104741015625 0.420683244140625 0.18743341796875 0.42003946484375 0.19074537109375
0 0.880547435546875 1 0.867468875 0.93550285546875 0.79040009765625 0.939541859375 0.79021120703125 0.939553650390625 0.78961021484375 0.942645490234375 0.8031066328125 1 0.880547435546875 1
0 0.802868625 1 0.823354572265625 0.941916455078125 0.818968197265625 0.9403199453125 0.72656633984375 0.926215248046875 0.704747939453125 0.98616081640625 0.70229021484375 0.9988047109375 0.7092642265625 1 0.802868625 1
0 0.092592916015625 0 0.084428451171875 0.017508748046875 0.066908822265625 0.107639427734375 0.13038741015625 0.1324019453125 0.15100169140625 0 0.092592916015625 0
0 0.74347101171875 0.918202517578125 0.73428271484375 0.916416494140625 0.642044388671875 0.9163483828125 0.64113833203125 0.920340654296875 0.626993064453125 0.99311173828125 0.72843246875 0.98921859375 0.74347101171875 0.918202517578125
0 0.548261478515625 0.972332142578125 0.65101481640625 0.97414019921875 0.672282701171875 0.9050765390625 0.66663026171875 0.90356197265625 0.5688473125 0.89942595703125 0.55451940234375 0.947662224609375 0.549192466796875 0.9675426171875 0.548261478515625 0.972332142578125
0 0.48024883203125 0.967317232421875 0.576625560546875 0.9563460703125 0.591795984375 0.87916941015625 0.58772005859375 0.87837712890625 0.48939314453125 0.890309046875 0.48931496484375 0.8907112421875 0.47991685546875 0.967252703125 0.48024883203125 0.967317232421875
0 0.24475523828125 0 0.238090283203125 0.13505480078125 0.319948884765625 0.165394142578125 0.33358994921875 0 0.24475523828125 0
0 0.308814025390625 0 0.35815226953125 0.164400064453125 0.36030648828125 0.1643624609375 0.448392330078125 0.15809047265625 0.40288193359375 0 0.308814025390625 0
0 0.137848142578125 0 0.163509939453125 0.13078819921875 0.238765859375 0.138594271484375 0.25481180078125 0.139998111328125 0.25514488671875 0.138284537109375 0.225746009765625 0 0.137848142578125 0
0 0.5594771875 0.0197120390625 0.552497841796875 0.018355392578125 0.37960611328125 0.0731421640625 0.379647912109375 0.16158265234375 0.560621462890625 0.11417361328125 0.5594771875 0.0197120390625
0 0.805235720703125 0.059755130859375 0.80336473046875 0.06938055078125 0.817480126953125 0.25357062890625 0.9062166015625 0.26498230859375 0.9008984765625 0.071501041015625 0.805235720703125 0.059755130859375
0 0.6600536328125 0.17858308984375 0.65781891796875 0.19800221875 0.658847625 0.1982021796875 0.850334275390625 0.180225671875 0.85772845703125 0.1200048828125 0.861715822265625 0.08642000390625 0.859385669921875 0.08596706640625 0.669592380859375 0.100896220703125 0.6600536328125 0.17858308984375
0 0.549353748046875 0.14783116796875 0.736266576171875 0.190466873046875 0.7781256875 0.100699720703125 0.77408728125 0.09881658203125 0.589939431640625 0.060304400390625 0.556905029296875 0.12774896484375 0.55064987109375 0.1411631953125 0.549353748046875 0.14783116796875
0 0.657126185546875 0.02914261328125 0.655351607421875 0.028797669921875 0.46769085546875 0.0801130390625 0.4728180078125 0.17794494921875 0.663688375 0.121764708984375 0.657126185546875 0.02914261328125
0 1 0.14129889453125 0.989641935546875 0.08581840234375 0.9718337421875 0.08235683984375 0.945504048828125 0.083058556640625 0.88746304296875 0.0871171796875 0.88690955859375 0.089964609375 0.887092400390625 0.0925793671875 0.92669603515625 0.27885439453125 1 0.27186566015625 1 0.14129889453125
0 0.29306066015625 0.81632591015625 0.290586126953125 0.816196224609375 0.18811184375 0.838078283203125 0.1861446328125 0.8756149140625 0.18489791015625 0.91095473828125 0.29530737109375 0.884508943359375 0.29681139453125 0.81705498046875 0.29306066015625 0.81632591015625
0 0.50217393359375 0.856973412109375 0.498210349609375 0.85718113671875 0.412796572265625 0.881495298828125 0.4145645703125 0.915230693359375 0.417246775390625 0.954893771484375 0.50799280078125 0.92344345703125 0.505729099609375 0.857664466796875 0.50217393359375 0.856973412109375
0 0.127717541015625 0.889825095703125 0.195572013671875 0.92004195703125 0.1979344765625 0.803444138671875 0.149239142578125 0.780411115234375 0.14316377734375 0.77923018359375 0.141421904296875 0.78333377734375 0.127717541015625 0.889825095703125
0 0.2556155546875 0.913800796875 0.3598806328125 0.90889202734375 0.37397657421875 0.8376753125 0.37168883203125 0.8371049140625 0.272837525390625 0.841396130859375 0.2684236640625 0.857397265625 0.26005472265625 0.8909632578125 0.2556155546875 0.913800796875
0 0.44127377734375 0.84513562109375 0.43627413671875 0.8446982109375 0.344541474609375 0.865204046875 0.341512455078125 0.893125484375 0.3377341640625 0.936311529296875 0.433672578125 0.917855806640625 0.44241313671875 0.84535708984375 0.44127377734375 0.84513562109375
0 0 0.82867686328125 0.003209623046875 0.863727923828125 0.070018267578125 0.889121447265625 0.060141537109375 0.773395412109375 0.005601466796875 0.75567426953125 0 0.754585455078125 0 0.82867686328125
0 0.117914611328125 0.77662345703125 0.05205556640625 0.773647640625 0.05133313671875 0.777364228515625 0.079617416015625 0.86107788671875 0.08829702734375 0.885393515625 0.09727834765625 0.886179279296875 0.151903876953125 0.889884638671875 0.123923078125 0.77714912890625 0.117914611328125 0.77662345703125
0 0 0.860927681640625 0.00854717578125 0.86438096484375 0.03973861328125 0.78787997265625 0.039891068359375 0.787095658203125 0.03633679296875 0.78565963671875 0 0.785664513671875 0 0.860927681640625