0 0.83538633984375 0.89339046484375 0.83695569140625 0.89240982421875 0.9080416171875 0.80974304296875 0.8719711015625 0.748715255859375 0.87152545703125 0.74887745703125 0.797638068359375 0.83941583203125 0.83104497265625 0.894970591796875 0.83538633984375 0.89339046484375
0 0.86291476953125 0.6875666875 0.76597942578125 0.75586076171875 0.78603437890625 0.82102091015625 0.882791001953125 0.752168677734375 0.86291476953125 0.6875666875
0 0.7539769140625 0.44680093359375 0.67670244921875 0.5300418203125 0.711314265625 0.5938506953125 0.71314099609375 0.5970146875 0.71528157421875 0.59623558203125 0.79455318359375 0.51217523828125 0.7539769140625 0.44680093359375
0 0.80036602734375 0.530339552734375 0.70460122265625 0.596814513671875 0.720800474609375 0.6497998828125 0.727592357421875 0.66846042578125 0.72954624609375 0.667863064453125 0.818900541015625 0.607705439453125 0.80142529296875 0.53324986328125 0.80036602734375 0.530339552734375
0 0.74178026171875 0.734852041015625 0.745225841796875 0.744318693359375 0.852448185546875 0.689497115234375 0.83968148046875 0.61159537109375 0.730772611328125 0.66535246484375 0.74178026171875 0.734852041015625
0 0.64542715234375 0.44161285546875 0.66538957421875 0.5172795859375 0.667855630859375 0.51671025390625 0.76732503125 0.45983560546875 0.75025813671875 0.38591076953125 0.64542715234375 0.44161285546875
0 0.63010005859375 0.43883110546875 0.73901633203125 0.39160808203125 0.72375212109375 0.31077502734375 0.614173923828125 0.358602357421875 0.61565969921875 0.367983177734375 0.628558841796875 0.4390752109375 0.63010005859375 0.43883110546875
0 0.541095537109375 0 0.482298228515625 0.021931009765625 0.48646862109375 0.033389072265625 0.5514400390625 0.143733470703125 0.572164328125 0.1361904453125 0.6292366484375 0.11385008203125 0.559803541015625 0 0.541095537109375 0
0 0.53511360546875 0.219003974609375 0.538357341796875 0.22664573828125 0.543520814453125 0.22476638671875 0.65731337890625 0.15078790234375 0.62587883984375 0.07293125 0.624831322265625 0.07046344921875 0.62206351171875 0.071470849609375 0.506091220703125 0.149035599609375 0.53511360546875 0.219003974609375
0 0.695882607421875 0.351327001953125 0.72067503515625 0.33660221484375 0.623354013671875 0.22810121484375 0.55479357421875 0.26679477734375 0.555907734375 0.269855912109375 0.65274225390625 0.37524008984375 0.695882607421875 0.351327001953125
0 0.659529630859375 0.283572291015625 0.688647923828125 0.26999420703125 0.60666841015625 0.153548025390625 0.533394736328125 0.1897281796875 0.53415126953125 0.19180673828125 0.62103197265625 0.300558646484375 0.659529630859375 0.283572291015625
0 0.7841960859375 0.84493452734375 0.76902430859375 0.768044662109375 0.629544046875 0.838738205078125 0.643232841796875 0.91637122265625 0.645036216796875 0.921325953125 0.645845033203125 0.921183337890625 0.7841960859375 0.84493452734375
0 0.659312357421875 0.839418931640625 0.65667332421875 0.840379458984375 0.6584098828125 0.84542278515625 0.73327187890625 0.945522087890625 0.778145625 0.92918937890625 0.73746439453125 0.81595166015625 0.659312357421875 0.839418931640625
0 0.526929 0.5761678828125 0.545447412109375 0.618143494140625 0.5477800859375 0.617294470703125 0.66641893359375 0.528887703125 0.6619099375 0.518265171875 0.630990255859375 0.4523234453125 0.629320779296875 0.4529310859375 0.51510665234375 0.54831617578125 0.526929 0.5761678828125
0 0.7318852890625 0.6954619765625 0.73079377734375 0.69555747265625 0.59782193359375 0.7526245625 0.6049423359375 0.834011142578125 0.605341259765625 0.83510717578125 0.744959505859375 0.77309823828125 0.7318852890625 0.6954619765625
0 0.5726384375 0.6963739921875 0.58160549609375 0.69311025 0.686203173828125 0.60629891015625 0.6574376171875 0.526235552734375 0.542803255859375 0.629363083984375 0.5726384375 0.6963739921875
0 0.619278228515625 0.78249071875 0.623271349609375 0.78103733984375 0.713324830078125 0.663267875 0.6661744375 0.597026076171875 0.576631748046875 0.721585232421875 0.619278228515625 0.78249071875
0 0.47929341015625 0.44350830859375 0.479760451171875 0.44884659765625 0.4876683203125 0.519677501953125 0.50047794921875 0.5185568046875 0.508699525390625 0.5163555078125 0.635630908203125 0.47354173046875 0.63542213671875 0.4711554609375 0.62425450390625 0.39253411328125 0.47929341015625 0.44350830859375
0 0.41870676171875 0 0.324990755859375 0.051145166015625 0.32513208984375 0.051533478515625 0.3508843203125 0.112201927734375 0.3589745859375 0.13064627734375 0.365823607421875 0.1281534375 0.482398283203125 0.0591083046875 0.459288107421875 0 0.41870676171875 0
0 0.36955452734375 0.16788462890625 0.40847957421875 0.220708490234375 0.41130499609375 0.21968012109375 0.41226969921875 0.21900462890625 0.50320213671875 0.12956554296875 0.45814612109375 0.05963245703125 0.455303158203125 0.0606672109375 0.358328958984375 0.15185285546875 0.36955452734375 0.16788462890625
0 0.567890439453125 0.339325673828125 0.48832084765625 0.234212984375 0.414770595703125 0.26583413671875 0.41841999609375 0.27586077734375 0.48938892578125 0.3758282265625 0.492913283203125 0.37454546484375 0.568054046875 0.339775185546875 0.567890439453125 0.339325673828125
0 0.426615646484375 0.30223472265625 0.428481041015625 0.3015557734375 0.5327074296875 0.220359490234375 0.494196619140625 0.143470630859375 0.38806012890625 0.22972233984375 0.426615646484375 0.30223472265625
0 0.481720958984375 0.45843247265625 0.490555787109375 0.455216857421875 0.58697291796875 0.38309712109375 0.55404463671875 0.306048013671875 0.45041129296875 0.38856287109375 0.481720958984375 0.45843247265625
0 0.5000416171875 1 0.4467946015625 0.887033685546875 0.376713302734375 0.8923932421875 0.376068935546875 0.892627771484375 0.376738224609375 0.89807869140625 0.41701371484375 1 0.5000416171875 1
0 0.252371150390625 0.176917775390625 0.10299488671875 0.289456138671875 0.123110880859375 0.33268959765625 0.14106337890625 0.367923359375 0.150314779296875 0.364556123046875 0.2947854140625 0.262371384765625 0.252371150390625 0.176917775390625
0 0.431395708984375 0.9922145625 0.50666675390625 0.968951125 0.41153457421875 0.80583604296875 0.340277185546875 0.8231767734375 0.3412694921875 0.826880115234375 0.430829673828125 0.992366232421875 0.431395708984375 0.9922145625
0 0.29366268359375 0.54220219921875 0.356680759765625 0.511642125 0.25266903515625 0.35503542578125 0.168986990234375 0.39002699609375 0.172513169921875 0.399715095703125 0.276968896484375 0.54928829296875 0.29366268359375 0.54220219921875
0 0.21076573828125 0.26752987109375 0.245966482421875 0.256486611328125 0.174107837890625 0.089487083984375 0.135766251953125 0.10048135546875 0.08252206640625 0.11986065625 0.1580389765625 0.28264902734375 0.21076573828125 0.26752987109375
0 0.31037004296875 0.8835479609375 0.315680732421875 0.882419138671875 0.481679013671875 0.798206123046875 0.463240912109375 0.71624666015625 0.29229889453125 0.800372802734375 0.29411784765625 0.809444080078125 0.309165900390625 0.88023960546875 0.31037004296875 0.8835479609375
0 0.2420975546875 0.628787146484375 0.38143855859375 0.52771353515625 0.3523761484375 0.450834669921875 0.3501857734375 0.445674470703125 0.19782672265625 0.55061301171875 0.210354267578125 0.580126056640625 0.233668923828125 0.63185491796875 0.2420975546875 0.628787146484375
0 0.283477279296875 0.267118853515625 0.129335958984375 0.377256287109375 0.144848482421875 0.409061673828125 0.17091630859375 0.461812779296875 0.17899685546875 0.458871701171875 0.318173556640625 0.35270158203125 0.283477279296875 0.267118853515625
0 0.29104665625 0.80573930078125 0.448984423828125 0.709378548828125 0.420977890625 0.620811994140625 0.258183640625 0.71709151171875 0.26696891796875 0.74772941015625 0.28637335546875 0.807079345703125 0.29104665625 0.80573930078125
0 0.260548916015625 0.72183806640625 0.412739580078125 0.61403770703125 0.382879857421875 0.53431435546875 0.382658255859375 0.53439501171875 0.248535458984375 0.62071065234375 0.23178390234375 0.63191363671875 0.25888916015625 0.72244216796875 0.260548916015625 0.72183806640625
0 0.70995705859375 0 0.7109562421875 0.003729005859375 0.75240187890625 0.087510296875 0.81861583984375 0.0697683203125 0.82635091796875 0.06695298046875 0.794738890625 0 0.70995705859375 0
0 0.767120583984375 0.1733127265625 0.770091966796875 0.17223123046875 0.8502538671875 0.111389720703125 0.821127791015625 0.042917685546875 0.737692259765625 0.10124810546875 0.767120583984375 0.1733127265625
0 0.75738141015625 0.1445643828125 0.7581038359375 0.146927330078125 0.8102495546875 0.23374009765625 0.864746705078125 0.219255833984375 0.880594900390625 0.213487564453125 0.83006868359375 0.124465587890625 0.75738141015625 0.1445643828125
0 0.90052225 0.261184341796875 0.87653646484375 0.187363677734375 0.793214205078125 0.2384123828125 0.809383158203125 0.30384948046875 0.8132377421875 0.31443986328125 0.81697761328125 0.31322470703125 0.90052225 0.261184341796875
0 0.152556734375 0.99360433984375 0.153558783203125 0.996357447265625 0.322027373046875 0.917172828125 0.31038513671875 0.830652513671875 0.13996302734375 0.90399547265625 0.152556734375 0.99360433984375
0 0.1109607265625 0.756060283203125 0.111430095703125 0.758268498046875 0.19300131640625 0.91794866796875 0.279143130859375 0.899638658203125 0.28436991015625 0.897736267578125 0.19770484765625 0.73269915234375 0.1109607265625 0.756060283203125
0 0.31416273828125 1 0.2463105859375 0.906954603515625 0.16161080859375 0.936248208984375 0.164886328125 0.94524762109375 0.206148525390625 1 0.31416273828125 1
0 0.216083623046875 0.63531673046875 0.070039052734375 0.752235619140625 0.09634187109375 0.809437755859375 0.110984923828125 0.839460462890625 0.11449986328125 0.83818112890625 0.252093794921875 0.71609413671875 0.216083623046875 0.63531673046875
0 0 0.45167605078125 0.127865640625 0.35329700390625 0.078646556640625 0.26757556640625 0 0.33446713671875 0 0.45167605078125
0 0 0.4684061875 0.088332634765625 0.55562618359375 0.13997779296875 0.522087423828125 0.16730492578125 0.504185115234375 0.16658295703125 0.5022015234375 0.032923916015625 0.36617783984375 0 0.38755887890625 0 0.4684061875
0 0 0.58292528515625 0.04720044140625 0.661480005859375 0.051385333984375 0.659956830078125 0.185673658203125 0.5294238046875 0.137521939453125 0.44570011328125 0.13669122265625 0.446002470703125 0 0.574141625 0 0.58292528515625
0 0.14946902734375 0.742314505859375 0.168842984375 0.734877541015625 0.224550404296875 0.71231079296875 0.116110609375 0.547186298828125 0.02594959765625 0.581795869140625 0.0278423046875 0.586996037109375 0.137242650390625 0.74676454296875 0.14946902734375 0.742314505859375
0 0 0.37502501953125 0.00239792578125 0.37825674609375 0.0620427265625 0.34717237890625 0.09324221484375 0.329159345703125 0 0.209826953125 0 0.37502501953125
0 1 0.523126873046875 0.97144970703125 0.46641689453125 0.969729478515625 0.467043005859375 0.886020091796875 0.537417423828125 0.90120886328125 0.56998984765625 0.91640848046875 0.601181927734375 0.922110361328125 0.59910661328125 1 0.5302683984375 1 0.523126873046875
0 0.886764169921875 0.36780718359375 0.925002853515625 0.356937173828125 0.87537264453125 0.274713052734375 0.810651345703125 0.290815078125 0.81259219921875 0.298058447265625 0.854133560546875 0.376550529296875 0.886764169921875 0.36780718359375
0 1 0.58441727734375 0.96075393359375 0.546074373046875 0.89708637109375 0.581359630859375 0.89797477734375 0.58380050390625 0.9874832265625 0.65413746875 1 0.647569994140625 1 0.58441727734375
0 0.8892412734375 0.52626831640625 0.9000025 0.52235155078125 0.972038126953125 0.4690758125 0.948064609375 0.39775208984375 0.862132892578125 0.4617930703125 0.8892412734375 0.52626831640625
0 0.951538 0.425443607421875 0.902059150390625 0.342734439453125 0.8308249765625 0.359344587890625 0.8324237109375 0.365311146484375 0.883067314453125 0.4444982421875 0.910340869140625 0.437794896484375 0.9378686015625 0.43041886328125 0.951538 0.425443607421875
0 1 0.683996412109375 0.941775751953125 0.708711140625 0.9434316328125 0.71326063671875 1 0.767447171875 1 0.683996412109375
0 1 0.63554677734375 0.972066240234375 0.6152062890625 0.913946875 0.65966259375 0.914311775390625 0.660665150390625 0.992288615234375 0.70813448828125 1 0.71265071484375 1 0.63554677734375