0 0.529218634765625 1 0.54878292578125 0.943874244140625 0.49749566796875 0.90237209375 0.493936595703125 0.90692749609375 0.4587812734375 1 0.529218634765625 1
0 0.46886879296875 0.94885106640625 0.469662578125 0.94925551953125 0.586976291015625 0.9380922734375 0.602063962890625 0.87220719140625 0.483968453125 0.882883921875 0.46886879296875 0.94885106640625
0 0.6512509140625 0.764705107421875 0.695872275390625 0.6560184453125 0.63488569921875 0.609772205078125 0.63405103515625 0.6108029296875 0.592251947265625 0.714932263671875 0.647431919921875 0.76209921484375 0.64963008203125 0.763879251953125 0.6512509140625 0.764705107421875
0 0.67767855078125 0.7249070390625 0.564649958984375 0.72283612890625 0.54492823828125 0.772165529296875 0.53766710546875 0.79451300390625 0.54229175390625 0.79686937890625 0.654040939453125 0.7973250390625 0.67767855078125 0.7249070390625
0 0.5967338671875 0.90137074609375 0.61111462890625 0.904873322265625 0.61122354296875 0.90465956640625 0.60247585546875 0.782027349609375 0.57520629296875 0.775228283203125 0.52863384765625 0.763881193359375 0.526092296875 0.768869267578125 0.53275291015625 0.885418501953125 0.5967338671875 0.90137074609375
0 0.59816734375 0.6274140234375 0.598327369140625 0.627534609375 0.7078604921875 0.67182444140625 0.753344828125 0.60739630859375 0.75295575 0.607103115234375 0.64346548046875 0.566731890625 0.59906335546875 0.62565550390625 0.59816734375 0.6274140234375
0 0.781850990234375 0.505806109375 0.66232671484375 0.50284264453125 0.65970877734375 0.511972470703125 0.641600869140625 0.580917419921875 0.644366189453125 0.582326421875 0.761523537109375 0.585516669921875 0.781850990234375 0.505806109375
0 0.85445479296875 0.15863453515625 0.8515853203125 0.16230729296875 0.78655699609375 0.28202384765625 0.85073775390625 0.331490130859375 0.85268633984375 0.332482986328125 0.917411626953125 0.20879311328125 0.85445479296875 0.15863453515625
0 0.766855044921875 0.25997913671875 0.735012271484375 0.31409860546875 0.7251302578125 0.333493150390625 0.72786354296875 0.33507121484375 0.856463361328125 0.381805083984375 0.89972466796875 0.309845044921875 0.90130488671875 0.307108029296875 0.90023808203125 0.306492109375 0.766855044921875 0.25997913671875
0 0.79015766015625 0.51996543359375 0.82584557421875 0.450800517578125 0.6866787890625 0.410607943359375 0.65457009765625 0.468533556640625 0.648798140625 0.4798616640625 0.65278842578125 0.482073515625 0.79015766015625 0.51996543359375
0 0.81854537890625 0.45702071875 0.859418775390625 0.38542400390625 0.72443015234375 0.343175390625 0.693022658203125 0.39306616015625 0.68669365234375 0.40548753125 0.692628513671875 0.4090535546875 0.81854537890625 0.45702071875
0 0.44252865234375 0.942177193359375 0.487299392578125 0.877851345703125 0.33955558203125 0.826625498046875 0.296053087890625 0.88650154296875 0.29145090234375 0.895533841796875 0.2915731328125 0.8956226484375 0.44252865234375 0.942177193359375
0 0.348533484375 0.8488953046875 0.345581255859375 0.85468937890625 0.340759826171875 0.97973839453125 0.38530700390625 0.9959522421875 0.425605548828125 0.88048316015625 0.348533484375 0.8488953046875
0 0.466272166015625 0.560489595703125 0.44473318359375 0.59470042578125 0.44197162109375 0.600120294921875 0.583470994140625 0.649693251953125 0.589756072265625 0.640015080078125 0.627388671875 0.57708175390625 0.627029681640625 0.576848623046875 0.4827513046875 0.535113947265625 0.466272166015625 0.560489595703125
0 0.50953083984375 0.77491595703125 0.5081205 0.7741973515625 0.36464233203125 0.759692689453125 0.331178572265625 0.834853525390625 0.33265306640625 0.83560481640625 0.48340591796875 0.84893308203125 0.50953083984375 0.77491595703125
0 0.5086240546875 0.755163943359375 0.548192060546875 0.607749119140625 0.487516873046875 0.567292189453125 0.48539709765625 0.566212109375 0.4823621015625 0.57088559765625 0.44037277734375 0.705624390625 0.4992994140625 0.75041280078125 0.5086240546875 0.755163943359375
0 0.550707330078125 0.7077157109375 0.39841708203125 0.69248430078125 0.39406750390625 0.701020828125 0.366587216796875 0.75995248828125 0.372339744140625 0.762883548828125 0.5169154453125 0.781670046875 0.550707330078125 0.7077157109375
0 0.63215975 0.56295580078125 0.66048862109375 0.48883039453125 0.660324001953125 0.488746517578125 0.509010095703125 0.4630823515625 0.506830525390625 0.467977748046875 0.47954948828125 0.5334208125 0.485834611328125 0.5366232421875 0.49115427734375 0.5389917109375 0.499412240234375 0.5410523125 0.63118545703125 0.565144095703125 0.63215975 0.56295580078125
0 0.802071376953125 0.09274993359375 0.70166461328125 0.072546943359375 0.682275005859375 0.13596748828125 0.67666962109375 0.155116251953125 0.68108826953125 0.157367666015625 0.681302599609375 0.15743319140625 0.81714847265625 0.179830958984375 0.84000903515625 0.11208013671875 0.802071376953125 0.09274993359375
0 0.66906028515625 0.255176302734375 0.72995636328125 0.2883973671875 0.77600583984375 0.1650642265625 0.70593757421875 0.12092724609375 0.7045353515625 0.12021277734375 0.65410438671875 0.24654151171875 0.66906028515625 0.255176302734375
0 0.560624005859375 0.38709142578125 0.685818724609375 0.408884048828125 0.71912004296875 0.33315043359375 0.71811341015625 0.33272314453125 0.58990648046875 0.3063400859375 0.58756798046875 0.3109296484375 0.55619675390625 0.38483562890625 0.560624005859375 0.38709142578125
0 0.661431890625 0.35174526171875 0.6729651875 0.358404013671875 0.68885918359375 0.36650241015625 0.73288559375 0.23791912109375 0.666666 0.19912092578125 0.66172049609375 0.196601064453125 0.6603705390625 0.19893925390625 0.61489408203125 0.323343599609375 0.661431890625 0.35174526171875
0 0.56322001953125 0.488989642578125 0.624161009765625 0.51468462890625 0.647193041015625 0.38672434375 0.572741705078125 0.3537946640625 0.569460744140625 0.360233912109375 0.55105066015625 0.483824056640625 0.56322001953125 0.488989642578125
0 0.19087538671875 0.84345643359375 0.23259298046875 0.787338390625 0.23369692578125 0.7851717734375 0.056887701171875 0.72277585546875 0.02243551953125 0.77385331640625 0.0122879296875 0.789498650390625 0.0110642890625 0.791900177734375 0.013104384765625 0.79327623828125 0.19087538671875 0.84345643359375
0 0.52286568359375 0.19870524609375 0.565413744140625 0.1238157578125 0.56959032421875 0.1156187578125 0.39316350390625 0.054849296875 0.3685700625 0.0957020546875 0.355926740234375 0.118511212890625 0.34901541796875 0.1320754453125 0.353791123046875 0.134722662109375 0.52286568359375 0.19870524609375
0 0.265089568359375 0.6973538828125 0.07898637890625 0.665381009765625 0.070353365234375 0.68283115234375 0.04861087890625 0.72945805859375 0.058469158203125 0.734481103515625 0.23430165234375 0.770503947265625 0.265089568359375 0.6973538828125
0 0.30704204296875 0.36242420703125 0.36288087890625 0.404699744140625 0.4551981328125 0.240926666015625 0.38482067578125 0.18122576171875 0.381378810546875 0.18532761328125 0.29314946875 0.350766955078125 0.30704204296875 0.36242420703125
0 0.41581884765625 0 0.40107500390625 0.048224935546875 0.395988470703125 0.06646473828125 0.40195885546875 0.06950680078125 0.406686697265625 0.07095224609375 0.5796789375 0.100578765625 0.60315945703125 0.006944353515625 0.55444873046875 0 0.41581884765625 0
0 0.209518470703125 0.72939625390625 0.22172329296875 0.7353489453125 0.25888796484375 0.5459321015625 0.18420744140625 0.51059654296875 0.181868607421875 0.51518676171875 0.1440012890625 0.69649961328125 0.209518470703125 0.72939625390625
0 0.22959600390625 0.40080224609375 0.399868091796875 0.43096078125 0.434981671875 0.356650484375 0.437172048828125 0.35149028515625 0.25584808984375 0.31478879296875 0.243320544921875 0.3443018359375 0.222278880859375 0.397073986328125 0.22959600390625 0.40080224609375
0 0.44744380078125 0.3168152578125 0.44805971875 0.314800685546875 0.46597254296875 0.134125462890625 0.38042598828125 0.101404048828125 0.37942644921875 0.103365751953125 0.355191900390625 0.28861101953125 0.44744380078125 0.3168152578125
0 0.20522932421875 0.62422194140625 0.25842377734375 0.653580634765625 0.309557689453125 0.4705858125 0.229594228515625 0.42543306640625 0.227488013671875 0.428938396484375 0.1753073046875 0.606242978515625 0.20522932421875 0.62422194140625
0 0.249034658203125 0.355832353515625 0.23234229296875 0.508583865234375 0.230506546875 0.5286525390625 0.312692109375 0.56241244140625 0.31839744140625 0.5643769453125 0.330493439453125 0.37677387890625 0.251761341796875 0.35048093359375 0.249034658203125 0.355832353515625
0 1 0.330986857421875 0.964688423828125 0.379589072265625 0.959320671875 0.39012387890625 0.9611979296875 0.39148778515625 1 0.409317458984375 1 0.330986857421875
0 1 0.39917887109375 0.960913619140625 0.38355583984375 0.9582523203125 0.38877893359375 0.946661263671875 0.48595383984375 0.987043771484375 0.501420037109375 1 0.50613571875 1 0.39917887109375
0 1 0.499510849609375 0.929531576171875 0.465128806640625 0.883317125 0.516246626953125 0.88195591015625 0.517868859375 0.88154264453125 0.5186799375 0.88696050390625 0.52322605859375 0.97242501953125 0.567568390625 1 0.53644798828125 1 0.499510849609375
0 0.94864955859375 0.629504478515625 0.985089771484375 0.560970404296875 0.89048790234375 0.536494798828125 0.850675615234375 0.59991010546875 0.848945232421875 0.603306173828125 0.853179869140625 0.60555776953125 0.94864955859375 0.629504478515625
0 0 0.673226330078125 0.06243372265625 0.687640291015625 0.06266926953125 0.68717800390625 0.05532587109375 0.503153033203125 0 0.489916591796875 0 0.673226330078125
0 0 0.573580751953125 0.08113623828125 0.61141519921875 0.081459529296875 0.61155972265625 0.111696482421875 0.4268111015625 0.029760623046875 0.393827849609375 0.02656812109375 0.400093490234375 0 0.551694177734375 0 0.573580751953125
0 0 0.44967316796875 0.17288712890625 0.4660687265625 0.20740510546875 0.384642494140625 0.022293884765625 0.357570748046875 0 0.41191272265625 0 0.44967316796875
0 0.16581954296875 0.1052613046875 0.168489568359375 0.106621751953125 0.17051926953125 0.10709034375 0.3600609375 0.11244334375 0.380685591796875 0.025385822265625 0.1882533125 0.01049269140625 0.18723901953125 0.01248335546875 0.16581954296875 0.1052613046875
0 0.211112912109375 0.0469057890625 0.193572525390625 0.041353572265625 0.1912216796875 0.0459673671875 0.17273881640625 0.233229365234375 0.2313046796875 0.25225856640625 0.26314152734375 0.26246233203125 0.263338376953125 0.2618564921875 0.28509799609375 0.070945 0.211112912109375 0.0469057890625
0 0.07790300390625 0.283177205078125 0.08108931640625 0.28403097265625 0.266421533203125 0.293256025390625 0.292326107421875 0.1965788359375 0.09990868359375 0.19049009375 0.076338369140625 0.272174646484375 0.07393234375 0.28115405078125 0.07790300390625 0.283177205078125
0 0.02863355078125 0.373813056640625 0.225126953125 0.376236015625 0.247169990234375 0.280757130859375 0.049842810546875 0.28213859765625 0.044962412109375 0.291716916015625 0.0276925234375 0.373333580078125 0.02863355078125 0.373813056640625
0 0.26220366015625 0 0.2514345546875 0.055416916015625 0.274719048828125 0.06343441015625 0.34446103515625 0.085496171875 0.363297345703125 0 0.26220366015625 0
0 0.710569966796875 0.862304869140625 0.809590001953125 0.898240072265625 0.85031146875 0.837914458984375 0.74380473046875 0.80221574609375 0.721621548828125 0.83389661328125 0.70536765234375 0.85866216796875 0.710569966796875 0.862304869140625
0 0.88809940234375 0.713529236328125 0.923522466796875 0.62534470703125 0.87171256640625 0.583346419921875 0.867095791015625 0.589255625 0.82940944140625 0.66966974609375 0.85602977734375 0.69046783203125 0.88317185546875 0.711018525390625 0.88809940234375 0.713529236328125
0 0.727163638671875 0.84055903515625 0.725031283203125 0.84410787109375 0.696249287109375 0.94907892578125 0.75262734765625 0.982954283203125 0.75950737109375 0.986459830078125 0.777681375 0.87376100390625 0.727163638671875 0.84055903515625
0 0.7683199140625 0.81515012109375 0.7878893984375 0.8255553984375 0.834140736328125 0.847315544921875 0.834628349609375 0.846398478515625 0.85464957421875 0.74811659375 0.7895965234375 0.71142915625 0.788727017578125 0.713064458984375 0.7683199140625 0.81515012109375
0 0.776899533203125 0.724053607421875 0.77755216796875 0.7245821015625 0.86778637890625 0.75994325 0.91406001171875 0.70516921484375 0.823335833984375 0.666451482421875 0.79943899609375 0.69406358203125 0.77986238671875 0.71823868359375 0.776899533203125 0.724053607421875
0 0.75660302734375 1 0.781949275390625 0.955359185546875 0.690542681640625 0.9419731328125 0.66497825390625 0.938673005859375 0.659162017578125 0.94798093359375 0.63636502734375 0.986101296875 0.633406625 0.99190748828125 0.63775439453125 0.99462427734375 0.660926740234375 1 0.75660302734375 1