0 0.827225572265625 0.260887228515625 0.826132642578125 0.26562123046875 0.8941994375 0.279575064453125 0.951672560546875 0.18125098828125 0.94557533984375 0.17814430078125 0.886311732421875 0.16552594140625 0.827225572265625 0.260887228515625
0 0.9109884921875 0.29344005078125 0.81905323046875 0.218550470703125 0.7947190078125 0.281608595703125 0.886437046875 0.3570425078125 0.9109884921875 0.29344005078125
0 0.79390492578125 0.49624092578125 0.69728205859375 0.44239785546875 0.694480701171875 0.441802408203125 0.676301138671875 0.51566667578125 0.779723572265625 0.57224042578125 0.78070516015625 0.5676224140625 0.79390492578125 0.49624092578125
0 0.71839019140625 0.412832412109375 0.7805616953125 0.51143071875 0.7809027109375 0.51160447265625 0.82785869140625 0.44746756640625 0.769113087890625 0.35717867578125 0.76717037890625 0.355548546875 0.766670697265625 0.355293947265625 0.71839019140625 0.412832412109375
0 0.87651591796875 0.321827509765625 0.872200953125 0.320144171875 0.81064098828125 0.296513515625 0.736796859375 0.390114408203125 0.735695732421875 0.3929829375 0.78221425390625 0.4111263203125 0.808451955078125 0.421198029296875 0.885452994140625 0.326381177734375 0.87651591796875 0.321827509765625
0 0.760076412109375 0.579902572265625 0.67790251171875 0.501210484375 0.67495398046875 0.4997081328125 0.637390939453125 0.56809426171875 0.72563244140625 0.64750266796875 0.760076412109375 0.579902572265625
0 0.586265228515625 0.664540048828125 0.584729421875 0.66755423828125 0.65383154296875 0.71022191015625 0.738071857421875 0.62431916796875 0.678375310546875 0.58804588671875 0.66855008984375 0.582373291015625 0.66767477734375 0.581927296875 0.586265228515625 0.664540048828125
0 0.49006371484375 1 0.585908513671875 0.91179678515625 0.51975197265625 0.861257736328125 0.42094523046875 0.95505519921875 0.420200373046875 0.956043658203125 0.41862498046875 0.9591355390625 0.47394056640625 1 0.49006371484375 1
0 0.489150458984375 0.796629580078125 0.46251189453125 0.85942773046875 0.57720986328125 0.936875763671875 0.579828212890625 0.93804152734375 0.583052900390625 0.9307987578125 0.613741603515625 0.86031488671875 0.49891169140625 0.7805789609375 0.497621373046875 0.780004474609375 0.489150458984375 0.796629580078125
0 0.535713458984375 0.75495091015625 0.535021337890625 0.75675394921875 0.60641305078125 0.78662805859375 0.68918973046875 0.666542373046875 0.683969134765625 0.663882345703125 0.61473922265625 0.63730747265625 0.535713458984375 0.75495091015625
0 0.65652955078125 0.747669130859375 0.61442994140625 0.723089134765625 0.58485162109375 0.70669360546875 0.49839374609375 0.81290562890625 0.496001248046875 0.81760116796875 0.56075028125 0.85175181640625 0.65652955078125 0.747669130859375
0 0.66002474609375 0.21980989453125 0.658461744140625 0.223161763671875 0.72780374609375 0.257225326171875 0.837957158203125 0.142600080078125 0.81741019921875 0.132130880859375 0.761857203125 0.106226091796875 0.66002474609375 0.21980989453125
0 0.79546003515625 0.089743283203125 0.69740804296875 0.1641904296875 0.693581236328125 0.1717009609375 0.7628204140625 0.21617529296875 0.834292849609375 0.1169343125 0.79546003515625 0.089743283203125
0 0.536776736328125 0.400287974609375 0.536609826171875 0.400615552734375 0.5248232734375 0.44520800390625 0.517503443359375 0.474566234375 0.64642387109375 0.551621779296875 0.646839201171875 0.55172533203125 0.667200349609375 0.481282166015625 0.66999210546875 0.470085056640625 0.53721423828125 0.40039705859375 0.536776736328125 0.400287974609375
0 0.76003240625 0.33555396875 0.77744021484375 0.2546357890625 0.652151509765625 0.181635787109375 0.650322435546875 0.181247005859375 0.631361974609375 0.2450147578125 0.62881678515625 0.2569889375 0.759738287109375 0.335491451171875 0.76003240625 0.33555396875
0 0.638421 0.3285797109375 0.5491831328125 0.44710895703125 0.54792397265625 0.45076582421875 0.5522508203125 0.45297046484375 0.6282743359375 0.47300366015625 0.71023583203125 0.354597103515625 0.70242965234375 0.35061965625 0.638421 0.3285797109375
0 0.69200776953125 0.26006359765625 0.577069462890625 0.352184365234375 0.574520869140625 0.35718626171875 0.6410804375 0.39949629296875 0.7571036484375 0.300740017578125 0.69200776953125 0.26006359765625
0 0.59979051171875 0.6300556171875 0.629801904296875 0.557135501953125 0.51128125390625 0.472988982421875 0.503543275390625 0.47001865234375 0.4781789296875 0.52676280859375 0.47182555859375 0.54331391015625 0.581348279296875 0.618979158203125 0.59979051171875 0.6300556171875
0 0.372258759765625 0.853240685546875 0.28068898046875 0.933863814453125 0.280639560546875 0.9339608046875 0.323536298828125 0.97125037109375 0.35199248828125 0.985749525390625 0.436486544921875 0.90591264453125 0.372258759765625 0.853240685546875
0 0.468055587890625 0.816435091796875 0.44285362890625 0.80188473828125 0.39409337890625 0.776184419921875 0.3168159921875 0.869843962890625 0.312207154296875 0.87888931640625 0.38422233203125 0.922823248046875 0.468055587890625 0.816435091796875
0 0.551574830078125 0.676295646484375 0.54892337109375 0.674224099609375 0.485590494140625 0.62604002734375 0.38915141796875 0.703785783203125 0.385323373046875 0.711298744140625 0.4500504453125 0.76339952734375 0.551574830078125 0.676295646484375
0 0.4982818359375 0.75774924609375 0.378934390625 0.69974591796875 0.3756044140625 0.706281361328125 0.354848779296875 0.778664861328125 0.476598669921875 0.84096474609375 0.4982818359375 0.75774924609375
0 0.5848768125 0.59164573046875 0.5826193125 0.5902892890625 0.5124442109375 0.54954425390625 0.42827537890625 0.63732579296875 0.42454373046875 0.644649564453125 0.490376525390625 0.684421865234375 0.5848768125 0.59164573046875
0 0.44788469140625 0 0.55366401171875 0.127127072265625 0.5965260546875 0.061207185546875 0.59914805859375 0.0570111015625 0.5451638203125 0 0.44788469140625 0
0 0.088456751953125 0.64243801953125 0.076153775390625 0.68850776953125 0.242802759765625 0.7733975078125 0.269733791015625 0.681876970703125 0.106259513671875 0.60470094921875 0.101869951171875 0.60335892578125 0.0982058671875 0.61055009765625 0.088456751953125 0.64243801953125
0 0.4294953671875 0 0.403369404296875 0.034670322265625 0.392014798828125 0.05048516796875 0.507615326171875 0.19979417578125 0.557748947265625 0.13826818359375 0.44345299609375 0 0.4294953671875 0
0 0.1701595546875 0.5708597421875 0.16689060546875 0.57937564453125 0.24582069140625 0.61430431640625 0.35003035546875 0.453398439453125 0.33815570703125 0.44734800390625 0.26369409765625 0.41876487109375 0.1701595546875 0.5708597421875
0 0.23255897265625 0.74328946875 0.205761798828125 0.717932859375 0.1649991015625 0.681229962890625 0.025405224609375 0.794729826171875 0.0237617890625 0.797955248046875 0.07634175390625 0.8452984609375 0.100020669921875 0.857363470703125 0.23255897265625 0.74328946875
0 0.50881769921875 0.229620396484375 0.400179048828125 0.084382658203125 0.392251779296875 0.08034351171875 0.34176997265625 0.1426833515625 0.454891970703125 0.297808087890625 0.50881769921875 0.229620396484375
0 0.300925525390625 0.2530148046875 0.29524918359375 0.250122564453125 0.264537236328125 0.302192458984375 0.25302763671875 0.32212766796875 0.38461446484375 0.455150212890625 0.38529099609375 0.45554080859375 0.386989484375 0.4525989453125 0.42797431640625 0.37099719140625 0.413422630859375 0.357055529296875 0.300925525390625 0.2530148046875
0 0.387345068359375 0.45031071484375 0.2471643125 0.34096292578125 0.244067958984375 0.33951907421875 0.21819416796875 0.391959365234375 0.204644263671875 0.421017228515625 0.35276001171875 0.530847099609375 0.3576996015625 0.521152609375 0.387345068359375 0.45031071484375
0 0.309218416015625 0.626441484375 0.172059423828125 0.49607001953125 0.17173744921875 0.495852845703125 0.12550120703125 0.57571657421875 0.2544325234375 0.70617805078125 0.254706033203125 0.70636253515625 0.309218416015625 0.626441484375
0 0.479199203125 0.209082802734375 0.422906859375 0.186218974609375 0.390104044921875 0.174279724609375 0.285150888671875 0.326413142578125 0.283752220703125 0.330255953125 0.369165130859375 0.363983689453125 0.479199203125 0.209082802734375
0 0.76227941796875 1 0.767187623046875 0.988427142578125 0.688543751953125 0.9347375390625 0.68590428515625 0.93361715234375 0.677426619140625 0.95025551171875 0.6563113359375 1 0.76227941796875 1
0 0.77673692578125 0.98745392578125 0.7997844375 0.9167039453125 0.71300544921875 0.862060791015625 0.71201587890625 0.8617200546875 0.71130820703125 0.8631089375 0.688535060546875 0.936617359375 0.77673692578125 0.98745392578125
0 0.8476488515625 0.845112951171875 0.82725666015625 0.829746333984375 0.78626890234375 0.80055677734375 0.71324140625 0.8627565234375 0.709699255859375 0.869708384765625 0.76751870703125 0.910019771484375 0.8476488515625 0.845112951171875
0 0.82489414453125 0.733470296875 0.74277524609375 0.7890293046875 0.7410795703125 0.79091254296875 0.74035940625 0.792325943359375 0.80235880078125 0.84055518359375 0.88233507421875 0.785577462890625 0.882470287109375 0.78531208984375 0.82489414453125 0.733470296875
0 0.212889587890625 0 0.1944668984375 0.0361565625 0.3314512578125 0.1607378046875 0.370627466796875 0.08272158203125 0.285487943359375 0 0.212889587890625 0
0 0.160674599609375 0.09580507421875 0.149866306640625 0.114525587890625 0.278986396484375 0.243915580078125 0.327176865234375 0.1699146875 0.328254138671875 0.168048798828125 0.2036943125 0.04038499609375 0.19615969140625 0.0365459140625 0.160674599609375 0.09580507421875
0 0.28932263671875 0 0.3873905703125 0.07151476953125 0.38762961328125 0.071601775390625 0.4171248125 0 0.28932263671875 0
0 0.108415189453125 0.19277963671875 0.238069548828125 0.329801994140625 0.28662722265625 0.24465070703125 0.155189302734375 0.11913491015625 0.1514036171875 0.117206005859375 0.137660970703125 0.14007761328125 0.108415189453125 0.19277963671875
0 0 0.648919794921875 0.120027248046875 0.526276208984375 0.03696526953125 0.47233512890625 0 0.5140075078125 0 0.648919794921875
0 0 0.5620117109375 0.046786935546875 0.58284259765625 0.158361111328125 0.42640768359375 0.15855134765625 0.42598040234375 0.15543073828125 0.424390373046875 0.12813316796875 0.412105603515625 0.07187723046875 0.387058845703125 0 0.484682201171875 0 0.5620117109375
0 0.179740814453125 0.323265994140625 0.108277630859375 0.30017801953125 0.008061130859375 0.45939570703125 0.00661043359375 0.46360883203125 0.100261302734375 0.4958554140625 0.19976222265625 0.331238498046875 0.19323319140625 0.327911791015625 0.179740814453125 0.323265994140625
0 0.24267901171875 0.335201439453125 0.10280215234375 0.2029213125 0.0964000703125 0.1996592890625 0.05782238671875 0.266477794921875 0.04920287109375 0.28339455078125 0.194361357421875 0.41544861328125 0.24267901171875 0.335201439453125
0 1 0.493605943359375 0.9962343828125 0.49036440625 0.965446697265625 0.465433029296875 0.876362171875 0.526727873046875 0.874544990234375 0.528971904296875 0.87401953125 0.53000317578125 0.92870183203125 0.57585383203125 1 0.52415478125 1 0.493605943359375
0 0.795298564453125 0.704376466796875 0.848844294921875 0.784106126953125 0.896886640625 0.7285833046875 0.8428422578125 0.6571505078125 0.83728061328125 0.65431670703125 0.7959176640625 0.703611150390625 0.795298564453125 0.704376466796875
0 1 0.436662703125 0.962007248046875 0.384677501953125 0.95789766796875 0.38258356640625 0.922265966796875 0.439606203125 0.920055275390625 0.443286037109375 0.9965993203125 0.527309314453125 1 0.521343833984375 1 0.436662703125
0 0.91995237890625 0.658947845703125 0.963731404296875 0.59774980859375 0.90759565234375 0.521926283203125 0.907057974609375 0.52152111328125 0.90143466796875 0.518655896484375 0.85649923828125 0.5725811484375 0.91995237890625 0.658947845703125
0 0.944834455078125 0.64914871484375 0.911643640625 0.62129831640625 0.889758361328125 0.603696720703125 0.810393759765625 0.65406169140625 0.806985076171875 0.658124 0.806580875 0.65891729296875 0.8639635703125 0.70395234375 0.94481323046875 0.6491903671875 0.944834455078125 0.64914871484375
0 1 0.33417671484375 0.9847760546875 0.31950637890625 0.97972983203125 0.317153287109375 0.95731708203125 0.362864109375 0.952678548828125 0.372811478515625 0.96936965234375 0.39245423046875 1 0.427281431640625 1 0.33417671484375