0 0.690659736328125 0.005603427734375 0.664837205078125 0.009423365234375 0.64521485546875 0.117318326171875 0.645919369140625 0.123056126953125 0.711256318359375 0.11389673046875 0.734772724609375 0.001157927734375 0.716404681640625 0.00244234765625 0.690659736328125 0.005603427734375
0 0.638540537109375 0.157128001953125 0.754454615234375 0.18211737109375 0.747508775390625 0.114884662109375 0.631541123046875 0.08931167578125 0.638540537109375 0.157128001953125
0 0.76218913671875 0.32993799609375 0.757470833984375 0.32977323046875 0.68488167578125 0.32916926171875 0.64882303515625 0.433131791015625 0.649063564453125 0.436571513671875 0.72443398828125 0.44161313671875 0.76218913671875 0.32993799609375
0 0.649884078125 0.35899837890625 0.650407337890625 0.363976876953125 0.72463959765625 0.356073939453125 0.74819306640625 0.242998384765625 0.7162345 0.24523314453125 0.67036387890625 0.25314925 0.649884078125 0.35899837890625
0 0.753047982421875 0.200035830078125 0.642312693359375 0.15955596484375 0.637979548828125 0.159858966796875 0.635221853515625 0.238829033203125 0.7498702734375 0.27891277734375 0.753047982421875 0.200035830078125
0 0.7585420234375 0.402203685546875 0.758430212890625 0.400925681640625 0.67992618359375 0.40534353125 0.65943517578125 0.52174383203125 0.6881841875 0.51973350390625 0.734925564453125 0.5156441640625 0.7585420234375 0.402203685546875
0 0.6531961875 0.568235365234375 0.768907140625 0.59833205859375 0.771338345703125 0.516106341796875 0.65941713671875 0.48728615234375 0.654790470703125 0.4876096796875 0.6531961875 0.55873761328125 0.6531961875 0.568235365234375
0 0.68120109765625 0.9416763359375 0.6818057265625 0.94660066015625 0.76360070703125 0.937103875 0.769669419921875 0.7975386015625 0.749434833984375 0.798953541015625 0.68915301171875 0.806937767578125 0.68120109765625 0.9416763359375
0 0.649831642578125 0.73240519921875 0.64835077734375 0.73240519921875 0.64717335546875 0.732487533203125 0.64717335546875 0.73581641796875 0.64864945703125 0.81924226953125 0.784932216796875 0.84334269921875 0.786620931640625 0.84334269921875 0.78779835546875 0.8432603671875 0.78779835546875 0.835414501953125 0.787165509765625 0.758542060546875 0.649831642578125 0.73240519921875
0 0.73808401953125 0.54130521484375 0.711346810546875 0.548616158203125 0.6641773671875 0.563037302734375 0.67287961328125 0.70861225390625 0.6729243046875 0.708758435546875 0.6748274296875 0.70862535546875 0.749605431640625 0.68638868359375 0.739176875 0.541228794921875 0.73808401953125 0.54130521484375
0 0.76417959765625 0.633503283203125 0.715441828125 0.6324154296875 0.6816233359375 0.6324154296875 0.656796296875 0.7711483046875 0.656891470703125 0.772509330078125 0.7308694453125 0.77097076171875 0.76417959765625 0.633503283203125
0 0.592365671875 0.01141705078125 0.56627165234375 0.01784465625 0.51619361328125 0.031263025390625 0.505636220703125 0.18772259375 0.506328685546875 0.19030690625 0.58723331640625 0.1679848203125 0.592365671875 0.01141705078125
0 0.52714215234375 0 0.453691841796875 0.01695733984375 0.45399947265625 0.02135663671875 0.455842265625 0.02933865234375 0.46326813671875 0.05114950390625 0.62935108203125 0.065072470703125 0.629126609375 0.06186236328125 0.612219009765625 0 0.52714215234375 0
0 0.52284829296875 0.50802648828125 0.523842677734375 0.512704701171875 0.606070009765625 0.498385677734375 0.61046240625 0.349741009765625 0.59855839453125 0.35057341796875 0.535106234375 0.36406058984375 0.52284829296875 0.50802648828125
0 0.5277171953125 0.115427759765625 0.488738421875 0.249354501953125 0.489245962890625 0.256612669921875 0.56566287890625 0.260028107421875 0.61054617578125 0.1127392578125 0.5277171953125 0.115427759765625
0 0.47157605078125 0.317049572265625 0.50229707421875 0.392188892578125 0.64940450390625 0.38625766015625 0.62474301171875 0.313375447265625 0.477078580078125 0.31343929296875 0.4714198203125 0.31527793359375 0.4715348359375 0.3169227265625 0.47157605078125 0.317049572265625
0 0.63464578515625 0.31910557421875 0.622547521484375 0.23870180078125 0.475557392578125 0.21648123828125 0.47392723046875 0.216739431640625 0.475581603515625 0.24039807421875 0.48370810546875 0.291706794921875 0.63464578515625 0.31910557421875
0 0.495129376953125 0.542343607421875 0.495385087890625 0.5452663984375 0.62699291796875 0.565262271484375 0.648424287109375 0.567133185546875 0.643432275390625 0.488436890625 0.500019212890625 0.46476253515625 0.491762255859375 0.46548492578125 0.4936026328125 0.520510162109375 0.495129376953125 0.542343607421875
0 0.670472001953125 0.91370269140625 0.53782465625 0.88641778125 0.534302404296875 0.886047578125 0.5276132890625 0.886515326171875 0.521471279296875 0.967174966796875 0.625598748046875 0.99243823046875 0.66153985546875 0.98992498046875 0.670472001953125 0.91370269140625
0 0.623901193359375 0.7816932578125 0.555507099609375 0.793278568359375 0.53855480859375 0.796573759765625 0.545102044921875 0.932281857421875 0.546954919921875 0.93215229296875 0.627288486328125 0.91329927734375 0.623901193359375 0.7816932578125
0 0.64772839453125 0.71850746484375 0.648743935546875 0.71819698046875 0.62469290234375 0.63524180859375 0.49313416015625 0.6482068203125 0.4931512265625 0.648450876953125 0.517270935546875 0.727342892578125 0.64772839453125 0.71850746484375
0 0.51643132421875 0.8245763046875 0.516853751953125 0.830617296875 0.600344642578125 0.83734157421875 0.63681973046875 0.709463650390625 0.636700705078125 0.70776148828125 0.55500735546875 0.699175171875 0.51643132421875 0.8245763046875
0 0.523220666015625 0.67024094921875 0.524056765625 0.673862501953125 0.60059184765625 0.656386908203125 0.604078994140625 0.525614712890625 0.594798044921875 0.52626369921875 0.52277215234375 0.5440345703125 0.523220666015625 0.67024094921875
0 0.20457922265625 0.17277377734375 0.20499698828125 0.178748109375 0.28054884765625 0.177472205078125 0.286395439453125 0.177268037109375 0.32291180859375 0.01339380859375 0.25916441796875 0.015619916015625 0.250163375 0.016249330078125 0.20457922265625 0.17277377734375
0 0.3355477578125 0.72903630078125 0.259783859375 0.748775326171875 0.27858065234375 0.936166375 0.27858799609375 0.93619582421875 0.365168642578125 0.91129067578125 0.35222615625 0.72648488671875 0.34326869921875 0.72711125390625 0.3355477578125 0.72903630078125
0 0.17677158984375 0.1874251328125 0.36371778515625 0.2286032109375 0.360708271484375 0.15440696484375 0.185952697265625 0.110019359375 0.17763505859375 0.110600984375 0.176444412109375 0.168681126953125 0.17677158984375 0.1874251328125
0 0.38266340234375 0.58364232421875 0.203872958984375 0.6037269765625 0.196201462890625 0.606072388671875 0.21194217578125 0.66860330078125 0.21844481640625 0.68987248046875 0.410456634765625 0.67283334375 0.38266340234375 0.58364232421875
0 0.36915839453125 1 0.36697465234375 0.825785291015625 0.33032547265625 0.830014203125 0.276007666015625 0.837648072265625 0.27349576171875 1 0.36915839453125 1
0 0.381234984375 0.311471271484375 0.35776673046875 0.227764720703125 0.175389322265625 0.230300837890625 0.1695533671875 0.231864578125 0.1701640546875 0.240597826171875 0.189244994140625 0.311808857421875 0.381234984375 0.311471271484375
0 0.19483627734375 0.50382963671875 0.20329344140625 0.55885021484375 0.2088609140625 0.59042492578125 0.393793591796875 0.59545310546875 0.392820146484375 0.58993243359375 0.375322705078125 0.50962787109375 0.19777403515625 0.50045978515625 0.194639287109375 0.501012525390625 0.19483627734375 0.50382963671875
0 0.37225484765625 0.644119958984375 0.372291615234375 0.64201366015625 0.27583925390625 0.640330076171875 0.242110392578125 0.82149128125 0.24243611328125 0.82614930859375 0.3334592421875 0.82148767578125 0.37225484765625 0.644119958984375
0 0.363347603515625 0.318933365234375 0.17833905859375 0.317680044921875 0.17364308203125 0.318938326171875 0.187577708984375 0.37980517578125 0.19582694140625 0.41059173046875 0.38495646484375 0.40927415234375 0.363347603515625 0.318933365234375
0 0.203013458984375 0.531171353515625 0.28457003515625 0.5478131796875 0.367896126953125 0.37929616015625 0.3619729140625 0.378144802734375 0.273918177734375 0.36628895703125 0.26547364453125 0.38458680859375 0.202888552734375 0.52673082421875 0.202752052734375 0.52743305859375 0.203013458984375 0.531171353515625
0 0.902014099609375 0.850210796875 0.901240244140625 0.94600126953125 0.90172118359375 0.94942332421875 0.95290353515625 0.94243063671875 0.976039599609375 0.93917907421875 0.9798909453125 0.84079215234375 0.967746966796875 0.841641341796875 0.902014099609375 0.850210796875
0 0.896344095703125 0.86893869921875 0.89723476953125 0.8735208203125 0.973584884765625 0.859469875 0.97236325390625 0.763002767578125 0.9546090234375 0.764244263671875 0.896867884765625 0.77546800390625 0.896344095703125 0.86893869921875
0 0 0.1321156640625 0.003738728515625 0.144344490234375 0.184510724609375 0.089076943359375 0.172974626953125 0.05384862109375 0 0.056413724609375 0 0.1321156640625
0 0.982542625 0.783279732421875 0.976113751953125 0.70914865234375 0.87623340234375 0.69297536328125 0.87375880859375 0.69314840234375 0.87410240625 0.6980620703125 0.88148894921875 0.770947638671875 0.982542625 0.783279732421875
0 0.949488615234375 0.6136092421875 0.8992609140625 0.610575298828125 0.869790787109375 0.703601109375 0.870221259765625 0.7097571484375 0.941366396484375 0.71334126953125 0.97487264453125 0.615987478515625 0.97486156640625 0.61582908984375 0.949488615234375 0.6136092421875
0 0.869578744140625 0.63337067578125 0.87009761328125 0.64079083984375 0.94574751953125 0.635500884765625 0.9636076640625 0.53336664453125 0.96186792578125 0.533488298828125 0.88443542578125 0.544537123046875 0.869578744140625 0.63337067578125
0 0.093675212890625 0.141533076171875 0.059250302734375 0.14394030078125 0.02071430078125 0.3209028828125 0.02098758203125 0.324810982421875 0.107000939453125 0.31979684765625 0.15221888671875 0.14076545703125 0.15205860546875 0.13847333203125 0.093675212890625 0.141533076171875
0 0 0.324044494140625 0.001900025390625 0.339328546875 0.00490847265625 0.360734763671875 0.18631692578125 0.383201205078125 0.17873203515625 0.295218689453125 0.178432181640625 0.29308511328125 0 0.268944052734375 0 0.324044494140625
0 0 0.17439821484375 0.182788671875 0.1907146171875 0.18303837890625 0.190666078125 0.169903896484375 0.10393686328125 0 0.086072599609375 0 0.17439821484375
0 0 0.4155679765625 0.015970134765625 0.470160451171875 0.202897064453125 0.462586396484375 0.1770795390625 0.37799811328125 0 0.37619739453125 0 0.4155679765625
0 0.21970783203125 0.78538053515625 0.035172736328125 0.740823845703125 0.031627595703125 0.74107174609375 0.0239241796875 0.82912220703125 0.2096100078125 0.883710169921875 0.21970783203125 0.78538053515625
0 0.15178455859375 0.610496947265625 0.1425492890625 0.612219376953125 0.06571705078125 0.62715405078125 0.064063400390625 0.81754641015625 0.06451136328125 0.81985098828125 0.097902875 0.81349888671875 0.15746117578125 0.801921923828125 0.162033306640625 0.60978028515625 0.15178455859375 0.610496947265625
0 0.043424486328125 0.712871728515625 0.137017857421875 0.706170015625 0.17090127734375 0.517619232421875 0.12114564453125 0.52022681640625 0.07082507421875 0.523745572265625 0.042497224609375 0.69961126953125 0.043424486328125 0.712871728515625
0 0.066567443359375 0.421208095703125 0.03287091796875 0.60674736328125 0.03340231640625 0.6143467265625 0.125142927734375 0.612829603515625 0.164473935546875 0.417789125 0.066567443359375 0.421208095703125
0 0.04745597265625 0.979187783203125 0.23522788671875 0.94464125390625 0.209031392578125 0.850523865234375 0.02532403125 0.87961091015625 0.0283699375 0.923169400390625 0.032980419921875 0.938249609375 0.04745597265625 0.979187783203125
0 0.83892331640625 0.2700468203125 0.8364162890625 0.305898970703125 0.9415516953125 0.34221033203125 0.948498736328125 0.272887728515625 0.84613111328125 0.234675162109375 0.84547622265625 0.2346293671875 0.841987953125 0.234873291015625 0.83892331640625 0.2700468203125
0 0.865456908203125 0.55202631640625 0.8659705625 0.559371927734375 0.93716808203125 0.555477025390625 0.95201413671875 0.460560515625 0.898925001953125 0.464272869140625 0.884012015625 0.465585197265625 0.865456908203125 0.55202631640625
0 0.9439810625 0.165284009765625 0.933614515625 0.16419444140625 0.88264473046875 0.160911125 0.829483314453125 0.261573505859375 0.8296645078125 0.26416469921875 0.90217952734375 0.27050345703125 0.9439810625 0.165284009765625
0 0.8469426953125 0.32076680859375 0.840211662109375 0.321953671875 0.849141646484375 0.39268289453125 0.9554312421875 0.40516055078125 0.955353748046875 0.404052341796875 0.940681 0.33142323828125 0.8469426953125 0.32076680859375
0 0.95868707421875 0.399075529296875 0.900664146484375 0.389885599609375 0.88505367578125 0.387934154296875 0.84580169140625 0.472537841796875 0.84616782421875 0.47777376953125 0.9145786875 0.487155296875 0.95868707421875 0.399075529296875
0 0.891280353515625 0.12355279296875 0.926203884765625 0.017531751953125 0.856225900390625 0.02242508984375 0.82107395703125 0.13139978515625 0.82122821875 0.133163025390625 0.891280353515625 0.12355279296875
0 0.827656357421875 0.173010173828125 0.829520169921875 0.17874639453125 0.945660587890625 0.18065007421875 0.929762125 0.12825812109375 0.926976142578125 0.11968374609375 0.901331232421875 0.116696419921875 0.812414830078125 0.10787069921875 0.8097283671875 0.10874358203125 0.827656357421875 0.173010173828125
0 0.81377725 0 0.81499674609375 0.032006607421875 0.816941349609375 0.059815712890625 0.87335025390625 0.05784587109375 0.922989826171875 0.055787349609375 0.919025353515625 0.01356585546875 0.881769029296875 0 0.81377725 0