0 0.404478791015625 0 0.361414177734375 0.00776213671875 0.356220595703125 0.01153549609375 0.372749228515625 0.041353935546875 0.38985140234375 0.070486693359375 0.503201712890625 0.04702836328125 0.476071623046875 0 0.404478791015625 0
0 0.49721017578125 0.037011671875 0.394348076171875 0.096002607421875 0.4444973046875 0.141318572265625 0.547789734375 0.082725501953125 0.49721017578125 0.037011671875
0 0.587450673828125 0.34588028515625 0.6904965859375 0.29811075 0.64086068359375 0.239318654296875 0.534505580078125 0.289639328125 0.535722423828125 0.291314169921875 0.537460466796875 0.29324446484375 0.587450673828125 0.34588028515625
0 0.54148391796875 0.16860108203125 0.5096093125 0.21058117578125 0.566820265625 0.301961517578125 0.57059828125 0.305245697265625 0.61949852734375 0.24883957421875 0.559408978515625 0.149751212890625 0.55523143359375 0.15278637890625 0.54148391796875 0.16860108203125
0 0.591446447265625 0.19110096484375 0.591492658203125 0.1910813515625 0.56034803125 0.116585484375 0.44259108984375 0.12839978515625 0.440210541015625 0.13012935546875 0.47051027734375 0.20151105859375 0.591446447265625 0.19110096484375
0 0.6816052734375 0.283667083984375 0.68104289453125 0.28251403515625 0.60933628515625 0.314771779296875 0.63145553125 0.42839605859375 0.633158443359375 0.430739916015625 0.70021083984375 0.39803627734375 0.6816052734375 0.283667083984375
0 0.724740009765625 0.36271808984375 0.62362939453125 0.42693507421875 0.682107396484375 0.48479094921875 0.78351255078125 0.420039837890625 0.724740009765625 0.36271808984375
0 0.9103430703125 0.61141446875 0.83349669921875 0.643438189453125 0.8653243125 0.77590606640625 0.866310140625 0.778228533203125 0.867596912109375 0.779999623046875 0.94093905859375 0.74804131640625 0.9103430703125 0.61141446875
0 0.765517841796875 0.605842318359375 0.84968651953125 0.7127073828125 0.853704970703125 0.7162005703125 0.856357806640625 0.714273171875 0.9096977109375 0.650674357421875 0.821985259765625 0.542247955078125 0.81876703125 0.544586134765625 0.765517841796875 0.605842318359375
0 0.706174126953125 0.428618673828125 0.6731694609375 0.46527406640625 0.755605384765625 0.58557416796875 0.75602731640625 0.585954080078125 0.80992626171875 0.5270081328125 0.726725548828125 0.408665783203125 0.721883689453125 0.412183599609375 0.706174126953125 0.428618673828125
0 0.703085587890625 0.5582183359375 0.69948070703125 0.56103477734375 0.748115486328125 0.626232646484375 0.87462763671875 0.55937791796875 0.827654939453125 0.50176614453125 0.703085587890625 0.5582183359375
0 0.324653341796875 0.230325611328125 0.32698080859375 0.233199791015625 0.387994466796875 0.185808095703125 0.33308133203125 0.036072578125 0.32814885546875 0.03965623046875 0.26720530859375 0.089007345703125 0.324653341796875 0.230325611328125
0 0.26785875390625 0.0506265 0.20699676953125 0.120640203125 0.209655 0.124298943359375 0.2157992265625 0.1296400390625 0.234626978515625 0.142920572265625 0.376882640625 0.056740263671875 0.37476369921875 0.053823791015625 0.32184252734375 0.011404990234375 0.26785875390625 0.0506265
0 0.4876203203125 0.47406201953125 0.61194048828125 0.389785515625 0.612209865234375 0.389452859375 0.556971669921875 0.34122882421875 0.548003486328125 0.333966533203125 0.428730361328125 0.424852724609375 0.4283977265625 0.425263494140625 0.46410622265625 0.4550206796875 0.4876203203125 0.47406201953125
0 0.471529755859375 0.193652494140625 0.407334109375 0.1414059375 0.28541075 0.21989768359375 0.2842339609375 0.2213508984375 0.33244357421875 0.26719474609375 0.341957154296875 0.274898689453125 0.471340525390625 0.193886173828125 0.471529755859375 0.193652494140625
0 0.41084303125 0.297778107421875 0.47360350390625 0.432216580078125 0.47685248828125 0.43570069140625 0.47741471484375 0.435292208984375 0.53359823828125 0.37454001953125 0.467839087890625 0.24718233203125 0.4554398359375 0.256190916015625 0.41084303125 0.297778107421875
0 0.41308618359375 0.368040548828125 0.4151076875 0.370723173828125 0.47601119140625 0.32662569921875 0.42934789453125 0.180511365234375 0.38763323828125 0.21081883984375 0.363985126953125 0.228638966796875 0.41308618359375 0.368040548828125
0 0.505315625 0.521380509765625 0.514710369140625 0.536415240234375 0.641051740234375 0.49448298828125 0.66099660546875 0.48642034765625 0.6208213203125 0.41856776171875 0.482459841796875 0.46252841015625 0.47557122265625 0.46753328515625 0.505315625 0.521380509765625
0 0.741249744140625 0.852287091796875 0.785625373046875 0.90157122265625 0.902279056640625 0.815640046875 0.844949111328125 0.755533296875 0.731296646484375 0.833243513671875 0.7284965234375 0.83576475390625 0.7369316953125 0.8473747734375 0.741249744140625 0.852287091796875
0 0.74935475 0.829915951171875 0.7564786796875 0.83972119921875 0.82606846484375 0.79168914453125 0.763052240234375 0.671976328125 0.736133009765625 0.691534294921875 0.696122146484375 0.723028107421875 0.74935475 0.829915951171875
0 0.741238509765625 0.60847875 0.74194908984375 0.607689572265625 0.6786082578125 0.54897030859375 0.573200068359375 0.62733408984375 0.575711671875 0.630791013671875 0.633965224609375 0.683242748046875 0.741238509765625 0.60847875
0 0.79153026171875 0.68593599609375 0.74221111328125 0.623635083984375 0.62107244140625 0.6850948984375 0.6210006015625 0.68515102734375 0.6269980859375 0.69340585546875 0.654003474609375 0.72797117578125 0.67403922265625 0.752367099609375 0.79349333984375 0.68863794140625 0.79153026171875 0.68593599609375
0 0.527815150390625 0.552936748046875 0.52291441796875 0.55801160546875 0.578710861328125 0.612153744140625 0.691694154296875 0.54299199609375 0.630553814453125 0.48569718359375 0.527815150390625 0.552936748046875
0 0 0.320380201171875 0.0288110703125 0.350214939453125 0.192469923828125 0.257855154296875 0.139807216796875 0.20810105078125 0 0.275575189453125 0 0.320380201171875
0 0.457503001953125 0.95132018359375 0.629652216796875 0.8782257265625 0.5768543515625 0.798767091796875 0.41273174609375 0.87435244921875 0.40780990234375 0.87792837890625 0.430119724609375 0.9122824921875 0.457503001953125 0.95132018359375
0 0.1840056640625 0.414306201171875 0.135934494140625 0.23169780859375 0.06626009375 0.2684727421875 0.065752599609375 0.268765744140625 0.11944034375 0.449110708984375 0.12019490234375 0.450417642578125 0.121565623046875 0.452304279296875 0.1840056640625 0.414306201171875
0 0.32999774609375 0.662526392578125 0.40944774609375 0.8323565703125 0.41267021875 0.83663293359375 0.486075732421875 0.78069712109375 0.40245621484375 0.6123169765625 0.344600873046875 0.65153119921875 0.3442657265625 0.651774697265625 0.32999774609375 0.662526392578125
0 0.591927078125 1 0.682764013671875 0.95624768359375 0.63481773046875 0.878257802734375 0.474000943359375 0.950240416015625 0.466528111328125 0.95509333203125 0.49253619921875 1 0.591927078125 1
0 0.190322875 0.311111734375 0.179065283203125 0.31870507421875 0.11876403515625 0.36039980078125 0.18157826171875 0.53490458984375 0.18447061328125 0.53888556640625 0.25348758984375 0.49351286328125 0.190322875 0.311111734375
0 0.288248197265625 0.68172316015625 0.29198175 0.686861955078125 0.292702283203125 0.68637594921875 0.365944099609375 0.630516548828125 0.35897675390625 0.61160682421875 0.30128005078125 0.4631358125 0.30103372265625 0.462770615234375 0.25335883984375 0.49428643359375 0.2301414296875 0.5099467734375 0.288248197265625 0.68172316015625
0 0.239842162109375 0.650388607421875 0.246410396484375 0.659769017578125 0.29259601171875 0.720413923828125 0.4600140390625 0.65262291015625 0.460536310546875 0.652257208984375 0.42169281640625 0.5940985234375 0.40953849609375 0.57674035546875 0.24006203515625 0.650228861328125 0.239842162109375 0.650388607421875
0 0.473475080078125 0.689001517578125 0.47195512109375 0.689775974609375 0.394224353515625 0.7363554375 0.441944986328125 0.90656005859375 0.446031158203125 0.912184193359375 0.530315119140625 0.869788310546875 0.473475080078125 0.689001517578125
0 0.152653005859375 0.53143520703125 0.16561675390625 0.560552265625 0.35221166796875 0.529664529296875 0.316736431640625 0.443816361328125 0.1338095859375 0.47152018359375 0.130380052734375 0.473047109375 0.129456802734375 0.473717888671875 0.152653005859375 0.53143520703125
0 1 0.434296751953125 0.92565973828125 0.455335900390625 0.921481169921875 0.458371806640625 0.96087462109375 0.5244894375 1 0.5117448828125 1 0.434296751953125
0 1 0.41022344140625 0.974149900390625 0.369040423828125 0.879437513671875 0.396213212890625 0.8755358046875 0.399047970703125 0.88108119140625 0.40865286328125 0.914119654296875 0.4624753515625 1 0.43552578515625 1 0.41022344140625
0 0.85078821484375 0.32286376171875 0.87613768359375 0.416936974609375 0.87950409765625 0.421570447265625 0.94470217578125 0.37903477734375 0.918678353515625 0.28523164453125 0.85078821484375 0.32286376171875
0 0 0.564369990234375 0.025812740234375 0.60455453515625 0.083846138671875 0.539336197265625 0 0.39882384765625 0 0.564369990234375
0 0 0.535980169921875 0.062965859375 0.682220892578125 0.136481775390625 0.624605384765625 0.062918833984375 0.45891496484375 0.061770177734375 0.457496494140625 0.009614306640625 0.495288841796875 0 0.503074353515625 0 0.535980169921875
0 0 0.44758454296875 0.066595703125 0.42861541015625 0.066974396484375 0.4283402734375 0.02367726953125 0.352159384765625 0 0.35850270703125 0 0.44758454296875
0 0.048023611328125 0.583864748046875 0.107051484375 0.75132133203125 0.11328630859375 0.75990283203125 0.189730541015625 0.70373669140625 0.118680482421875 0.530673318359375 0.048023611328125 0.583864748046875
0 0.40726768359375 1 0.352217458984375 0.852176091796875 0.352082595703125 0.851990466796875 0.273888109375 0.895334376953125 0.30712560546875 1 0.40726768359375 1
0 0.17291233203125 0.89779497265625 0.228978888671875 0.967031404296875 0.40041481640625 0.88104466796875 0.40149845703125 0.88016715234375 0.37490444140625 0.84681116796875 0.34021676171875 0.80397544921875 0.170409419921875 0.89238048828125 0.169508517578125 0.8931100234375 0.17291233203125 0.89779497265625
0 0.3445928515625 0.7986116953125 0.27960723046875 0.726679705078125 0.11394353125 0.814070193359375 0.11161929296875 0.816090623046875 0.120169029296875 0.827858328125 0.17564848828125 0.89168014453125 0.3445928515625 0.7986116953125
0 0.18691648828125 0.842252013671875 0.188152140625 0.84344526953125 0.254184181640625 0.7775343125 0.14773786328125 0.61108170703125 0.14144706640625 0.61565223828125 0.078937021484375 0.68038328515625 0.18691648828125 0.842252013671875
0 0.734263833984375 0.0395989609375 0.703959349609375 0.057822455078125 0.672082794921875 0.07774113671875 0.70130387890625 0.173640603515625 0.707596755859375 0.18230200390625 0.764661392578125 0.14898642578125 0.734263833984375 0.0395989609375
0 0.835113791015625 0.34078118359375 0.835868185546875 0.341413546875 0.916520205078125 0.2892674453125 0.86184429296875 0.24026341015625 0.788644701171875 0.293661623046875 0.786464083984375 0.29617013671875 0.791040154296875 0.30246855859375 0.835113791015625 0.34078118359375
0 0.6523853203125 0 0.631721494140625 0.02320420703125 0.678988220703125 0.128570439453125 0.67974362890625 0.129299931640625 0.73010825390625 0.075282353515625 0.68605845703125 0 0.6523853203125 0
0 0.747648314453125 0.24008652734375 0.749297587890625 0.24235655859375 0.809938619140625 0.2026804375 0.775074228515625 0.103148541015625 0.72209805859375 0.14163798046875 0.71475059375 0.14725987890625 0.747648314453125 0.24008652734375
0 0.74397581640625 0.2376900546875 0.74486187890625 0.238640240234375 0.78723083203125 0.28222220703125 0.877267349609375 0.23947105078125 0.877710828125 0.2390575 0.8731589375 0.234176193359375 0.82505144140625 0.185857466796875 0.73850837109375 0.23016476171875 0.74397581640625 0.2376900546875
0 0.59195043359375 0 0.630357755859375 0.07518083984375 0.631825330078125 0.076598056640625 0.676460703125 0.03214841796875 0.666988845703125 0.00792392578125 0.663733921875 0 0.59195043359375 0