0 0.537411220703125 1 0.518748701171875 0.94573896484375 0.401401712890625 0.9441362578125 0.4210906171875 1 0.537411220703125 1
0 0.401162146484375 0.9486679765625 0.5176257421875 0.92637957421875 0.48496215234375 0.86720549609375 0.368221201171875 0.888977607421875 0.401162146484375 0.9486679765625
0 0.37506713671875 0.60940894140625 0.307082875 0.63485871875 0.3107507109375 0.747122859375 0.311145275390625 0.74826876171875 0.384304421875 0.72565983984375 0.379614208984375 0.60992274609375 0.37881143359375 0.608119677734375 0.37506713671875 0.60940894140625
0 0.39052089453125 0.815532064453125 0.4304271171875 0.78109644140625 0.39346540234375 0.67981815234375 0.390452763671875 0.67582024609375 0.33089361328125 0.720826826171875 0.36906843359375 0.83024319140625 0.373785736328125 0.82814291015625 0.39052089453125 0.815532064453125
0 0.340511150390625 0.793010880859375 0.340463685546875 0.793027224609375 0.366335876953125 0.8695141640625 0.484817306640625 0.86593730078125 0.4872825234375 0.86483971484375 0.4618788984375 0.791062228515625 0.340511150390625 0.793010880859375
0 0.29049827734375 0.6803250546875 0.29104044921875 0.681487744140625 0.36329911328125 0.650486365234375 0.34274311328125 0.534097525390625 0.316415451171875 0.54581935546875 0.2738915625 0.5656485703125 0.29049827734375 0.6803250546875
0 0.23926970703125 0.57779137890625 0.354367349609375 0.564839833984375 0.35790186328125 0.563266166015625 0.33110086328125 0.48676192578125 0.211573494140625 0.50050674609375 0.23926970703125 0.57779137890625
0 0.11210630859375 0.170159728515625 0.13051672265625 0.30980902734375 0.14172312109375 0.306382888671875 0.20802608203125 0.28542061328125 0.19246008203125 0.15134819140625 0.192268810546875 0.15072256640625 0.19050237109375 0.14675508203125 0.11210630859375 0.170159728515625
0 0.275815150390625 0.344968517578125 0.27452295703125 0.33764012109375 0.26075566796875 0.26315298046875 0.11950823828125 0.261241193359375 0.11829511328125 0.26145509765625 0.11884391796875 0.264567517578125 0.13488446484375 0.346984076171875 0.271135474609375 0.34705204296875 0.275815150390625 0.344968517578125
0 0.17558721484375 0.44299218359375 0.214846029296875 0.51019455078125 0.35004389453125 0.4651652109375 0.3535320546875 0.46298556640625 0.350922669921875 0.45712479296875 0.3124597578125 0.395571265625 0.17558721484375 0.44299218359375
0 0.152550533203125 0.34792196875 0.17210583203125 0.428011380859375 0.30636643359375 0.41660977734375 0.3079170390625 0.416194294921875 0.313983294921875 0.413493423828125 0.29395522265625 0.34451790234375 0.152550533203125 0.34792196875
0 0.551889443359375 0.983552296875 0.57761130859375 0.975767845703125 0.626918451171875 0.959746982421875 0.62923269921875 0.805627603515625 0.6271061015625 0.800851185546875 0.548820640625 0.8269304921875 0.551889443359375 0.983552296875
0 0.592058859375 1 0.59254448046875 0.999839970703125 0.65473125390625 0.97842734765625 0.70686962109375 0.955213849609375 0.704403921875 0.9480529453125 0.694738876953125 0.927137791015625 0.527682640625 0.930660513671875 0.527474185546875 0.93075332421875 0.554453111328125 1 0.592058859375 1
0 0.52645576171875 0.55462129296875 0.521103130859375 0.53991506640625 0.37167175 0.5564320390625 0.390524388671875 0.610586689453125 0.397187072265625 0.62889226171875 0.543499697265625 0.6208829609375 0.54728628515625 0.619197064453125 0.52645576171875 0.55462129296875
0 0.600367404296875 0.733111984375 0.597612 0.72692324609375 0.52369112109375 0.745959130859375 0.52383148828125 0.89926608984375 0.524089984375 0.899846677734375 0.60225580859375 0.87314688671875 0.600367404296875 0.733111984375
0 0.402141783203125 0.63489311328125 0.434286443359375 0.7047982421875 0.57711687890625 0.689723716796875 0.586108736328125 0.68572028515625 0.58399216796875 0.68096639453125 0.547823361328125 0.6136174609375 0.402141783203125 0.63489311328125
0 0.435343884765625 0.7160367265625 0.47421224609375 0.7874537109375 0.619937666015625 0.75806062109375 0.6213812109375 0.757260453125 0.611734875 0.7355944296875 0.58654984375 0.690159431640625 0.435343884765625 0.7160367265625
0 0.414023283203125 0.6015629609375 0.423366986328125 0.597402876953125 0.43934476953125 0.5890393671875 0.483562599609375 0.5645290234375 0.446079083984375 0.42089748046875 0.444121826171875 0.417366490234375 0.37148634765625 0.45266083203125 0.4070059765625 0.58195930078125 0.41332812109375 0.60030885546875 0.414023283203125 0.6015629609375
0 0.32551328515625 0.14154234765625 0.34547853125 0.132653248046875 0.3119005234375 0.05946608984375 0.17677621484375 0.09659036328125 0.17434154296875 0.09767434765625 0.2075054296875 0.17847098046875 0.32551328515625 0.14154234765625
0 0.35389584765625 0.147195677734375 0.22284669921875 0.15975508984375 0.24322665234375 0.2439051015625 0.37188421484375 0.228649939453125 0.377224771484375 0.226272169921875 0.36977549609375 0.198471087890625 0.35389584765625 0.147195677734375
0 0.2946169453125 0.313425587890625 0.29355586328125 0.313690142578125 0.314599837890625 0.39370082421875 0.443531169921875 0.39173274609375 0.4464406875 0.390437345703125 0.425738779296875 0.307406521484375 0.2946169453125 0.313425587890625
0 0.28569643359375 0.32519844921875 0.41350857421875 0.302477517578125 0.41738819921875 0.3007501953125 0.389442322265625 0.22396952734375 0.25432563671875 0.245130650390625 0.28569643359375 0.32519844921875
0 0.332846435546875 0.384725298828125 0.34863296484375 0.4670151640625 0.471272712890625 0.47300548828125 0.4729321796875 0.47271287890625 0.47799096484375 0.4704605625 0.464904095703125 0.39518218359375 0.332846435546875 0.384725298828125
0 0.916343732421875 0.85765499609375 0.86548723828125 0.69890352734375 0.863847041015625 0.6966459921875 0.8008971953125 0.74067076953125 0.7961643203125 0.744109404296875 0.853433666015625 0.88995933203125 0.9010761953125 0.86874751171875 0.916343732421875 0.85765499609375
0 0.63902472265625 0.076175892578125 0.62119026171875 0.04829196484375 0.4487510859375 0.124088201171875 0.499194669921875 0.19873885546875 0.66809091796875 0.13047959765625 0.67014094140625 0.1291986015625 0.66514428515625 0.117975931640625 0.63902472265625 0.076175892578125
0 0.9167579375 0.6973982578125 0.907521181640625 0.680260033203125 0.722647197265625 0.718708337890625 0.755969259765625 0.790739357421875 0.935217314453125 0.74744756640625 0.93933735546875 0.745348302734375 0.926510587890625 0.71653891015625 0.9167579375 0.6973982578125
0 0.576179302734375 0.377130123046875 0.742507625 0.30854219140625 0.749235458984375 0.304173083984375 0.71686866015625 0.24840324609375 0.704755337890625 0.229750365234375 0.52487835546875 0.299055064453125 0.576179302734375 0.377130123046875
0 0.46858237109375 0 0.49330555078125 0.14436115234375 0.52884197265625 0.13445111328125 0.5812968359375 0.11841405078125 0.564415359375 0 0.46858237109375 0
0 0.74406415234375 0.555077169921875 0.7578676953125 0.74761136328125 0.77070699609375 0.743190439453125 0.839744916015625 0.7185235390625 0.824212537109375 0.53342541796875 0.82337223828125 0.530985009765625 0.822530443359375 0.52909430859375 0.74406415234375 0.555077169921875
0 0.81716804296875 0.499037962890625 0.82352027734375 0.496209765625 0.80141223828125 0.4399902421875 0.79278909765625 0.418647216796875 0.606952958984375 0.440442193359375 0.606228650390625 0.440734833984375 0.6075011796875 0.443884451171875 0.646571453125 0.526419998046875 0.666516546875 0.52353645703125 0.81716804296875 0.499037962890625
0 0.5673259765625 0.389991078125 0.57032834765625 0.393833935546875 0.6234783828125 0.45652410546875 0.78454870703125 0.38126499609375 0.78724090234375 0.379161619140625 0.75226271484375 0.3323005078125 0.732523498046875 0.307035462890625 0.567035142578125 0.3893378515625 0.5673259765625 0.389991078125
0 0.67955087109375 0.274432951171875 0.60438905859375 0.1011869453125 0.60348651953125 0.101588779296875 0.53047969140625 0.15646718359375 0.59749944140625 0.325205912109375 0.59820292578125 0.32628918359375 0.60296219140625 0.324170220703125 0.67955087109375 0.274432951171875
0 0.719886384765625 0.663020666015625 0.77628076953125 0.64310352734375 0.80738289453125 0.63116454296875 0.789340599609375 0.44754644140625 0.787743708984375 0.443386400390625 0.69867294921875 0.47387321875 0.719886384765625 0.663020666015625
0 0 0.39043966796875 0.03243646484375 0.3917543984375 0.03709781640625 0.38967903125 0.025148515625 0.314234123046875 0 0.313674638671875 0 0.39043966796875
0 1 0.67041820703125 0.97483840234375 0.67364611328125 0.97394254296875 0.673820251953125 0.97191946875 0.674720982421875 0.9986569296875 0.812273294921875 1 0.81201223046875 1 0.67041820703125
0 0 0.47903458984375 0.00556553125 0.4909469375 0.01003205859375 0.4889583125 0.031132951171875 0.473627615234375 0.065688048828125 0.447629625 0.02710267578125 0.35584816796875 0.02464427734375 0.352464474609375 0.0245811484375 0.35249258203125 0 0.371550638671875 0 0.47903458984375
0 0 0.50998278125 0.0202560078125 0.540536056640625 0.11106005078125 0.50851962109375 0.115902521484375 0.5054937109375 0.11201902734375 0.49677123828125 0.0769888515625 0.44506301953125 0 0.47009021484375 0 0.50998278125
0 0.118988689453125 0.59550830859375 0.114956767578125 0.50336951171875 0.11276416796875 0.4984448515625 0.04010398046875 0.51927982421875 0.043873810546875 0.62302723046875 0.118988689453125 0.59550830859375
0 1 0.56985108984375 0.87375916015625 0.569466068359375 0.90189871484375 0.658959296875 1 0.656022248046875 1 0.56985108984375
0 1 0.45585903125 0.83007984765625 0.522090802734375 0.876650583984375 0.585987255859375 0.8853141796875 0.597484234375 1 0.55128737890625 1 0.45585903125
0 1 0.65229537109375 0.913344798828125 0.641652046875 0.91244175390625 0.64181127734375 0.915313923828125 0.65810016015625 0.92964927734375 0.73238936328125 1 0.739908826171875 1 0.65229537109375
0 1 0.42809943359375 0.985453140625 0.38412916796875 0.798904412109375 0.398222263671875 0.827658298828125 0.481857998046875 1 0.477593748046875 1 0.42809943359375
0 0.66477479296875 0.134496017578125 0.854275328125 0.116497728515625 0.85705876171875 0.11525846484375 0.8356509765625 0.029396533203125 0.64230947265625 0.038235994140625 0.66477479296875 0.134496017578125
0 0.90292305078125 0.190619041015625 0.9041905078125 0.190054732421875 0.86439336328125 0.10066888671875 0.67781980078125 0.14203934765625 0.676464603515625 0.14264271875 0.7075663203125 0.21325737890625 0.71474161328125 0.229373349609375 0.90292305078125 0.190619041015625
0 0.84905925390625 0.1470200390625 0.845677181640625 0.14091861328125 0.76311090234375 0.188772234375 0.81493280859375 0.37175546484375 0.82913101171875 0.365434015625 0.90283522265625 0.32457910546875 0.84905925390625 0.1470200390625
0 0.89742291796875 0.23247776171875 0.812260236328125 0.266794841796875 0.84543783203125 0.462975787109375 0.905226880859375 0.437596841796875 0.9355061796875 0.42411562890625 0.900639201171875 0.239701650390625 0.89742291796875 0.23247776171875
0 0.664979517578125 0 0.70734393359375 0.099818080078125 0.71290117578125 0.0973438359375 0.73851678515625 0.08195242578125 0.79462016015625 0.044855904296875 0.774249228515625 0 0.664979517578125 0
0 0.26000311328125 0.837916072265625 0.253762251953125 0.80252237890625 0.142965302734375 0.792724177734375 0.1529952734375 0.8616682421875 0.26156659765625 0.87398076171875 0.26418684765625 0.873518740234375 0.265558126953125 0.872908208984375 0.26000311328125 0.837916072265625
0 0.10232692578125 0.692448783203125 0.13374919921875 0.671940408203125 0.1617554921875 0.65304992578125 0.129770349609375 0.570202822265625 0.125626685546875 0.564059587890625 0.125202671875 0.56424837109375 0.070963681640625 0.60226787109375 0.100349314453125 0.693329271484375 0.10232692578125 0.692448783203125
0 0.230869921875 0.969237802734375 0.272025517578125 0.93899022265625 0.2476985546875 0.82609919140625 0.247111322265625 0.82522858203125 0.186616400390625 0.8675943515625 0.22200626171875 0.974396470703125 0.225582443359375 0.97280425 0.230869921875 0.969237802734375
0 0.20943373046875 0.80156503515625 0.222790291015625 0.79171005078125 0.19137134765625 0.6978865703125 0.190018982421875 0.69595519140625 0.128583986328125 0.734636673828125 0.161378966796875 0.83377330078125 0.167026666015625 0.831258783203125 0.20943373046875 0.80156503515625
0 0.207860478515625 0.72413919921875 0.203905568359375 0.714350455078125 0.179969123046875 0.65847951171875 0.080817580078125 0.666107607421875 0.08006628515625 0.66644210546875 0.08253017578125 0.67254044921875 0.110126509765625 0.73489005078125 0.207011421875 0.724517224609375 0.207860478515625 0.72413919921875
0 0.32260796484375 1 0.31414986328125 0.952621224609375 0.313185865234375 0.95113680078125 0.255845232421875 0.9925096171875 0.2571347421875 1 0.32260796484375 1
0 0.30158708984375 1 0.305087068359375 0.896621484375 0.304490580078125 0.894670462890625 0.243901990234375 0.911907333984375 0.24044199609375 0.937686599609375 0.233156546875 1 0.30158708984375 1