0 0.96522556640625 0.38110073828125 0.994826935546875 0.316401705078125 0.91548939453125 0.241618283203125 0.91032050390625 0.23909724609375 0.90866636328125 0.24113994140625 0.881926541015625 0.29843177734375 0.96522556640625 0.38110073828125
0 0.93793434375 0.39809813671875 0.893061775390625 0.291527953125 0.89085148828125 0.28973809765625 0.840829015625 0.333066365234375 0.88639716015625 0.442729568359375 0.93793434375 0.39809813671875
0 0.807738908203125 0.555807236328125 0.80445930078125 0.552411103515625 0.75266258203125 0.50155198046875 0.65278722265625 0.55215869140625 0.651795130859375 0.5533838203125 0.7030040546875 0.6099126796875 0.807738908203125 0.555807236328125
0 0.808712880859375 0.56557992578125 0.837545177734375 0.491279080078125 0.757432796875 0.41927119140625 0.7552064140625 0.41823301171875 0.75357819140625 0.420243697265625 0.72284248828125 0.486156623046875 0.808712880859375 0.56557992578125
0 0.8629408359375 0.37180913671875 0.756279080078125 0.41690837890625 0.75224799609375 0.4218863515625 0.8028353125 0.4807235546875 0.91482526171875 0.43149533984375 0.8629408359375 0.37180913671875
0 0.7519812109375 0.58795056640625 0.752523380859375 0.586787876953125 0.68232797265625 0.55136183203125 0.6061222265625 0.64223181640625 0.606482982421875 0.64252394921875 0.674808517578125 0.674384669921875 0.7519812109375 0.58795056640625
0 0.647094611328125 0.614997283203125 0.54934863671875 0.6774118671875 0.54667677734375 0.68071133984375 0.604462 0.73707014453125 0.70557261328125 0.672853158203125 0.647094611328125 0.614997283203125
0 0.43331351171875 1 0.4813686328125 0.955775962890625 0.40905139453125 0.84655869140625 0.402543306640625 0.841288546875 0.34505652734375 0.894895833984375 0.412331546875 1 0.43331351171875 1
0 0.42399996875 0.794962025390625 0.389173435546875 0.841201330078125 0.481728009765625 0.9440967734375 0.48398655859375 0.945861345703125 0.48886764453125 0.93961383984375 0.53569635546875 0.87864791015625 0.443567248046875 0.773500611328125 0.44222701171875 0.77245350390625 0.42399996875 0.794962025390625
0 0.627246013671875 0.774319541015625 0.56922158984375 0.646529818359375 0.56355939453125 0.641944666015625 0.503047234375 0.68922194921875 0.564515451171875 0.82038785546875 0.627246013671875 0.774319541015625
0 0.555113716796875 0.733421357421875 0.52582604296875 0.71651211328125 0.43454682421875 0.824733181640625 0.434178615234375 0.825370935546875 0.49919676171875 0.86112760546875 0.596461958984375 0.75906391796875 0.59387391015625 0.75696815625 0.555113716796875 0.733421357421875
0 0.9035614609375 0.21385046484375 0.88132451171875 0.198759734375 0.83784397265625 0.170523142578125 0.714507580078125 0.26736935546875 0.71305041015625 0.269613201171875 0.783774716796875 0.31480066796875 0.9035614609375 0.21385046484375
0 0.79667244921875 0.1237086875 0.78813451171875 0.13627282421875 0.87592733203125 0.27564219140625 0.877840142578125 0.277191154296875 0.9300521484375 0.20967035546875 0.90308644921875 0.18642612890625 0.85593134375 0.146858298828125 0.808819720703125 0.10870805859375 0.79667244921875 0.1237086875
0 0.52252275 0.471843001953125 0.619776908203125 0.58649105859375 0.65413088671875 0.540578615234375 0.665581169921875 0.52481865234375 0.57668659765625 0.4074208515625 0.573917609375 0.405409064453125 0.53172161328125 0.4591818515625 0.52252275 0.471843001953125
0 0.662722125 0.33861028515625 0.660494193359375 0.343178220703125 0.733325033203125 0.37892219921875 0.83580476171875 0.2736407578125 0.767706734375 0.23343325 0.662722125 0.33861028515625
0 0.68002994921875 0.52082774609375 0.71566402734375 0.443576140625 0.616712134765625 0.34568537109375 0.61130440234375 0.342687814453125 0.61059127734375 0.34356844921875 0.57481996484375 0.408101607421875 0.68002994921875 0.52082774609375
0 0.736180728515625 0.30324041796875 0.604300416015625 0.368716876953125 0.601826591796875 0.37177179296875 0.65257691796875 0.426373037109375 0.792781404296875 0.361852134765625 0.736180728515625 0.30324041796875
0 0.460154693359375 0.59726651171875 0.45741673828125 0.60341606640625 0.52759914453125 0.63669665234375 0.622560072265625 0.516772916015625 0.62288983203125 0.516032263671875 0.5836474609375 0.4959644140625 0.54899432421875 0.48053584375 0.468376109375 0.58507278515625 0.460154693359375 0.59726651171875
0 0.34603401953125 0.851823958984375 0.33859763671875 0.845802095703125 0.272773123046875 0.8131916328125 0.206465912109375 0.90568056640625 0.24000876953125 0.932843037109375 0.278535302734375 0.95332795703125 0.34603401953125 0.851823958984375
0 0.403885662109375 0.8173182890625 0.386291986328125 0.79479941015625 0.35070977734375 0.752704580078125 0.23888741796875 0.813354388671875 0.2370388046875 0.81479868359375 0.23570781640625 0.816442318359375 0.28662562890625 0.884967970703125 0.40298498046875 0.81843053515625 0.403885662109375 0.8173182890625
0 0.510755568359375 0.670373240234375 0.4518632109375 0.61685269921875 0.349997083984375 0.685238173828125 0.344055046875 0.69257598046875 0.404486734375 0.75059198828125 0.512650494140625 0.67307355859375 0.513081087890625 0.6725418203125 0.510755568359375 0.670373240234375
0 0.406658861328125 0.68434228125 0.29113643359375 0.74551083984375 0.287000873046875 0.750617830078125 0.34101876171875 0.814098986328125 0.458724748046875 0.74863830078125 0.406658861328125 0.68434228125
0 0.402244326171875 0.644435392578125 0.400556927734375 0.64774709765625 0.470419298828125 0.683555818359375 0.55773764453125 0.58495569921875 0.55516219140625 0.58287013671875 0.483024642578125 0.547467396484375 0.402244326171875 0.644435392578125
0 0.596019787109375 0 0.504192888671875 0.045659044921875 0.5035628671875 0.04620671484375 0.50049353515625 0.049997021484375 0.54886437109375 0.10074394921875 0.702523869140625 0.036268140625 0.670996455078125 0 0.596019787109375 0
0 0.250966251953125 0.60886769140625 0.2335518125 0.58575794921875 0.19513012109375 0.5383923359375 0.031388986328125 0.62184438671875 0.029326400390625 0.62439146875 0.086711068359375 0.698899345703125 0.250966251953125 0.60886769140625
0 0.535617216796875 0 0.50762126953125 0.021096458984375 0.492347357421875 0.03316891015625 0.562314578125 0.208557765625 0.62746496875 0.16323388671875 0.5562245 0 0.535617216796875 0
0 0.171777548828125 0.426133416015625 0.293127458984375 0.57560818359375 0.351528388671875 0.5026915625 0.235034078125 0.36585730078125 0.22863925390625 0.360678873046875 0.188684556640625 0.405255 0.171777548828125 0.426133416015625
0 0 0.679009109375 0.115646025390625 0.791791830078125 0.172533947265625 0.720062951171875 0.0498898359375 0.59356410546875 0.042773728515625 0.588201734375 0 0.63931801171875 0 0.679009109375
0 0.439653232421875 0.258448939453125 0.60317046484375 0.1558718046875 0.59323933203125 0.146610876953125 0.539048412109375 0.09723441796875 0.38290848046875 0.197846998046875 0.381913654296875 0.198913818359375 0.37990463671875 0.20139475 0.439653232421875 0.258448939453125
0 0.2384332109375 0.34725100390625 0.223381107421875 0.375559896484375 0.36601438671875 0.49337808203125 0.368646169921875 0.48842841796875 0.404298423828125 0.41437505859375 0.2700326015625 0.2978406328125 0.26701605859375 0.29623670703125 0.2384332109375 0.34725100390625
0 0.25384902734375 0.63765590234375 0.254145548828125 0.637800525390625 0.297004560546875 0.5510706015625 0.143398654296875 0.441315734375 0.14162528125 0.44350566796875 0.108015732421875 0.526407837890625 0.25384902734375 0.63765590234375
0 0.521645193359375 0.280742748046875 0.3963862890625 0.14458130078125 0.392263392578125 0.142005029296875 0.35725158984375 0.19370726171875 0.34036169140625 0.220736748046875 0.4703113359375 0.35815873828125 0.521645193359375 0.280742748046875
0 0.40369884375 0.2363397265625 0.387867658203125 0.248809494140625 0.26757190234375 0.347047701171875 0.26490849609375 0.350456705078125 0.330779447265625 0.4029148359375 0.48060643359375 0.29128146484375 0.465785814453125 0.27927996484375 0.40369884375 0.2363397265625
0 0.68962334375 1 0.70668298828125 0.967974205078125 0.630997888671875 0.8993522578125 0.62580653515625 0.905763046875 0.5936658125 0.9682668359375 0.631540685546875 1 0.68962334375 1
0 0.709712486328125 0.975946421875 0.751046259765625 0.916660541015625 0.68820369921875 0.839078806640625 0.685485923828125 0.837030814453125 0.68323357421875 0.839812234375 0.678217974609375 0.846468158203125 0.64158326953125 0.897910345703125 0.708901728515625 0.976947625 0.709712486328125 0.975946421875
0 0.799471724609375 0.863029009765625 0.748424275390625 0.781592484375 0.7427317734375 0.776982787109375 0.693041322265625 0.83645555859375 0.74555259375 0.91886390625 0.799471724609375 0.863029009765625
0 0.314686677734375 0 0.396880865234375 0.1330065546875 0.3982208203125 0.13409162890625 0.456982880859375 0.0703308515625 0.41666284375 0 0.314686677734375 0
0 0.292254533203125 0 0.26116862109375 0.025250515625 0.24460935546875 0.039145392578125 0.32168856640625 0.204893884765625 0.39228258984375 0.15183790234375 0.39393306640625 0.15045298828125 0.32601697265625 0 0.292254533203125 0
0 0.319062515625 0.096640017578125 0.149502109375 0.16314935546875 0.145488056640625 0.168106296875 0.20420909375 0.242444091796875 0.37468743359375 0.1653974921875 0.319062515625 0.096640017578125
0 0 0.5488366484375 0.115256298828125 0.42769755078125 0.10759398046875 0.421492728515625 0.04244924609375 0.375877892578125 0 0.41632678515625 0 0.5488366484375
0 0 0.45735619921875 0.03620838671875 0.48564529296875 0.182003146484375 0.36111437109375 0.129877857421875 0.318904146484375 0.10791776953125 0.301747044921875 0 0.39114141796875 0 0.45735619921875
0 0.223484310546875 0.26054242578125 0.158383029296875 0.22310094921875 0.027253283203125 0.358003166015625 0.024958330078125 0.361822607421875 0.10985826171875 0.412835634765625 0.24141062890625 0.2725033984375 0.235715931640625 0.26789192578125 0.223484310546875 0.26054242578125
0 0.08275137890625 0.27094541015625 0.08171760546875 0.272317271484375 0.155184552734375 0.329824595703125 0.307772474609375 0.203597892578125 0.287504033203125 0.18718483203125 0.23025417578125 0.14404396875 0.08275137890625 0.27094541015625
0 0.888045931640625 0.57666418359375 0.87285716015625 0.609236611328125 0.9579966875 0.68081334765625 0.98932530859375 0.618584720703125 0.907451056640625 0.54622494140625 0.90413354296875 0.54467795703125 0.902875490234375 0.54623151953125 0.888045931640625 0.57666418359375
0 0.857838841796875 0.78520371875 0.820890087890625 0.74952271875 0.80857374609375 0.73804919921875 0.728268525390625 0.78419869921875 0.72618095703125 0.786776634765625 0.77733944921875 0.837701228515625 0.857838841796875 0.78520371875
0 1 0.516185625 0.902129001953125 0.552119033203125 0.9013561015625 0.553073484375 0.95155200390625 0.6068938984375 1 0.582914583984375 1 0.516185625
0 0.811095052734375 0.67981716796875 0.87183776953125 0.72327047265625 0.952450072265625 0.663589361328125 0.95307514453125 0.662759865234375 0.91380709375 0.63003815234375 0.89610628515625 0.61669963671875 0.812209671875 0.67833801953125 0.811095052734375 0.67981716796875
0 0.85695533984375 0.68519066015625 0.84393224609375 0.67636490234375 0.76961680859375 0.7346586953125 0.7672622890625 0.73789941015625 0.825193767578125 0.7781756640625 0.90366593359375 0.720322451171875 0.88931543359375 0.70870164453125 0.85695533984375 0.68519066015625
0 1 0.42759967578125 0.96502525390625 0.47679051171875 0.96174030859375 0.48184888671875 1 0.530711849609375 1 0.42759967578125