0 0.6640625 0.73046875 0.1357421875 0.1357421875
0 0.69921875 0.572265625 0.142578125 0.111328125
0 0.6806640625 0.64453125 0.123046875 0.123046875
0 0.71484375 0.4873046875 0.140625 0.140625
0 0.7666015625 0.251953125 0.1640625 0.134765625
0 0.6015625 0.947265625 0.134765625 0.1044921875
0 0.6357421875 0.810546875 0.138671875 0.138671875
0 0.724609375 0.4169921875 0.134765625 0.1328125
0 0.6162109375 0.8857421875 0.15625 0.1044921875
0 0.73828125 0.333984375 0.140625 0.140625
0 0.7724609375 0.1630859375 0.1328125 0.130859375
0 0.5556640625 0.5810546875 0.1640625 0.1142578125
0 0.57421875 0.4912109375 0.130859375 0.1328125
0 0.609375 0.3271484375 0.134765625 0.1044921875
0 0.53125 0.662109375 0.1669921875 0.1220703125
0 0.4931640625 0.8251953125 0.146484375 0.146484375
0 0.6259765625 0.244140625 0.140625 0.140625
0 0.587890625 0.4072265625 0.142578125 0.107421875
0 0.470703125 0.9111328125 0.1533203125 0.1513671875
0 0.5078125 0.73828125 0.1513671875 0.1201171875
0 0.658203125 0.076171875 0.154296875 0.125
0 0.6357421875 0.16015625 0.142578125 0.142578125
0 0.9697265625 0.2587890625 0.060546875 0.123046875
0 0.9765625 0.181640625 0.046875 0.125
0 0.83203125 0.955078125 0.138671875 0.0888671875
0 0.927734375 0.560546875 0.125 0.126953125
0 0.9365234375 0.4833984375 0.126953125 0.138671875
0 0.216796875 0.779296875 0.177734375 0.119140625
0 0.1904296875 0.865234375 0.1669921875 0.1201171875
0 0.23046875 0.681640625 0.177734375 0.130859375
0 0.9541015625 0.3330078125 0.091796875 0.134765625
0 0.9072265625 0.6318359375 0.162109375 0.1142578125
0 0.857421875 0.84765625 0.134765625 0.1328125
0 0.943359375 0.408203125 0.1123046875 0.138671875
0 0.24609375 0.591796875 0.185546875 0.140625
0 0.3642578125 0.0673828125 0.177734375 0.134765625
0 0.255859375 0.5048828125 0.15625 0.15625
0 0.31640625 0.232421875 0.1826171875 0.1357421875
0 0.333984375 0.138671875 0.162109375 0.162109375
0 0.291015625 0.3193359375 0.1689453125 0.1689453125
0 0.263671875 0.4150390625 0.185546875 0.1279296875
0 0.88671875 0.703125 0.1376953125 0.1376953125
0 0.869140625 0.775390625 0.1591796875 0.1171875
0 0.8349609375 0.912109375 0.142578125 0.1044921875
0 0.06640625 0.701171875 0.1328125 0.1376953125
0 0.0576171875 0.7939453125 0.115234375 0.1533203125
0 0.095703125 0.419921875 0.162109375 0.162109375
0 0.0771484375 0.609375 0.154296875 0.146484375
0 0.140625 0.220703125 0.1767578125 0.1767578125
0 0.119140625 0.32421875 0.1982421875 0.1484375
0 0.0771484375 0.517578125 0.154296875 0.1689453125
0 0.162109375 0.1259765625 0.193359375 0.146484375
0 0.1845703125 0.05078125 0.193359375 0.1015625