0 0.45771541796875 1 0.45167772265625 0.906445044921875 0.44960603515625 0.901048119140625 0.388425732421875 0.925741880859375 0.391301169921875 1 0.45771541796875 1
0 0.344922833984375 0.9171553125 0.458239103515625 0.95058292578125 0.458812255859375 0.9503966953125 0.456572376953125 0.882616115234375 0.342683830078125 0.849601861328125 0.344922833984375 0.9171553125
0 0.356602224609375 0.59062553515625 0.356041708984375 0.589423505859375 0.285678716796875 0.619542048828125 0.3025665078125 0.735012642578125 0.310599275390625 0.73240263671875 0.37196853515625 0.701773900390625 0.356602224609375 0.59062553515625
0 0.28169179296875 0.70744094921875 0.307842357421875 0.77898989453125 0.4223087734375 0.774525263671875 0.423163681640625 0.77421410546875 0.4133405234375 0.74398153515625 0.3945792578125 0.70142666015625 0.28169179296875 0.70744094921875
0 0.3764761796875 0.76011151171875 0.34888815625 0.765474080078125 0.333704166015625 0.88772369921875 0.34837632421875 0.884954431640625 0.413104474609375 0.8723725546875 0.4257829375 0.75699356640625 0.423887212890625 0.75115912109375 0.3764761796875 0.76011151171875
0 0.2595985546875 0.62740214453125 0.373347986328125 0.62494012890625 0.376495236328125 0.62391752734375 0.35470001953125 0.549000150390625 0.2361536328125 0.55524609375 0.2595985546875 0.62740214453125
0 0.30404670703125 0.433089654296875 0.303389005859375 0.431950482421875 0.23168394921875 0.4712338359375 0.263533076171875 0.586701626953125 0.335958236328125 0.54769425390625 0.30404670703125 0.433089654296875
0 0.1450549296875 0.25413797265625 0.27532712109375 0.207980125 0.27342719921875 0.202132765625 0.23710354296875 0.13660315625 0.105174005859375 0.181059962890625 0.1450549296875 0.25413797265625
0 0.17953712890625 0.35252743359375 0.233684720703125 0.341018005859375 0.26468442578125 0.333853376953125 0.260134611328125 0.20167323046875 0.257350578125 0.193104861328125 0.176511556640625 0.210984513671875 0.17953712890625 0.35252743359375
0 0.282524873046875 0.34243869140625 0.281501431640625 0.34080083984375 0.21467830078125 0.379838111328125 0.260384478515625 0.517068142578125 0.267414974609375 0.514783794921875 0.32892020703125 0.476351060546875 0.282524873046875 0.34243869140625
0 0.296043751953125 0.4069008515625 0.263314384765625 0.269293939453125 0.18904089453125 0.30507343359375 0.2298870625 0.43990313671875 0.239031990234375 0.436931771484375 0.258956796875 0.42677957421875 0.296043751953125 0.4069008515625
0 0.621079939453125 0.87352343359375 0.46335284765625 0.84893602734375 0.478704484375 0.932379458984375 0.630012099609375 0.95062942578125 0.63395106640625 0.949349578125 0.63022787109375 0.92540393359375 0.621079939453125 0.87352343359375
0 0.57919222265625 1 0.58088214453125 0.99945091015625 0.66187413671875 0.95269016015625 0.66101855859375 0.95005695703125 0.656098802734375 0.94153569140625 0.64262053125 0.922848984375 0.479630119140625 0.958112640625 0.480305873046875 0.96019240234375 0.505457763671875 1 0.57919222265625 1
0 0.405620146484375 0.520318498046875 0.416889537109375 0.66993737109375 0.4902284140625 0.646108126953125 0.487475751953125 0.50696153125 0.484523205078125 0.49787452734375 0.405620146484375 0.520318498046875
0 0.55475629296875 0.884148154296875 0.57762447265625 0.73890356640625 0.575573169921875 0.73259030078125 0.49705541796875 0.746236064453125 0.476030451171875 0.891646615234375 0.55475629296875 0.884148154296875
0 0.38448104296875 0.63964221484375 0.429861982421875 0.71160170703125 0.565853154296875 0.681928802734375 0.57131237890625 0.67902608203125 0.5709622109375 0.67794837890625 0.53632260546875 0.61280075390625 0.38448104296875 0.63964221484375
0 0.446359173828125 0.81459168359375 0.522931845703125 0.80923719921875 0.56253444140625 0.6643604375 0.562335580078125 0.6615166015625 0.482176439453125 0.6664994453125 0.446359173828125 0.81459168359375
0 0.40080901953125 0.591373853515625 0.413449599609375 0.5872666796875 0.4275304140625 0.58224451953125 0.474729099609375 0.564126642578125 0.45760001953125 0.416676212890625 0.4561532265625 0.41290719140625 0.379312607421875 0.43774914453125 0.396491693359375 0.570732666015625 0.400198546875 0.589783515625 0.40080901953125 0.591373853515625
0 0.263494833984375 0.170745779296875 0.27304318359375 0.16951985546875 0.350482921875 0.15863641015625 0.34555179296875 0.039826361328125 0.343952302734375 0.034903638671875 0.29008615234375 0.04247403125 0.26273951953125 0.0513594921875 0.263494833984375 0.170745779296875
0 0.32200094140625 0.245563916015625 0.3756616953125 0.232970587890625 0.37242916015625 0.107377330078125 0.37056933984375 0.101653390625 0.286907744140625 0.11582487109375 0.293288966796875 0.248091931640625 0.29422202734375 0.25096358984375 0.32200094140625 0.245563916015625
0 0.36932609765625 0.4221355390625 0.439761328125 0.385099927734375 0.40989038671875 0.26416650390625 0.4064508828125 0.257416099609375 0.33029121484375 0.294839072265625 0.36628631640625 0.42351380078125 0.3672103671875 0.42321355859375 0.36932609765625 0.4221355390625
0 0.377209853515625 0.326453314453125 0.422728109375 0.29644480859375 0.37293770703125 0.1737033515625 0.371334265625 0.171137310546875 0.301827205078125 0.2151902109375 0.350134412109375 0.34168765625 0.35574959375 0.339863173828125 0.377209853515625 0.326453314453125
0 0.352904158203125 0.450204109375 0.47655854296875 0.46654384765625 0.483770099609375 0.464200671875 0.472775388671875 0.38455473046875 0.34342358203125 0.37142390625 0.352904158203125 0.450204109375
0 0.718614794921875 0.834051291015625 0.75481461328125 0.8928317578125 0.936282634765625 0.858336279296875 0.93811144140625 0.8573225546875 0.93695103515625 0.8537511875 0.928679826171875 0.83817400390625 0.898810439453125 0.784288201171875 0.717604474609375 0.830941841796875 0.718614794921875 0.834051291015625
0 0.697154509765625 0.18621833984375 0.69187783984375 0.12590573828125 0.688646255859375 0.092964298828125 0.50136415234375 0.082257689453125 0.5006261640625 0.0824974765625 0.5116459296875 0.171628619140625 0.693122642578125 0.187486466796875 0.693299130859375 0.18747102734375 0.697154509765625 0.18621833984375
0 0.69950239453125 0.737112072265625 0.72247538671875 0.813079625 0.90600406640625 0.795155658203125 0.91080358984375 0.79350305078125 0.892344423828125 0.73669158203125 0.88792816796875 0.7247674296875 0.69950239453125 0.737112072265625
0 0.6407149765625 0.42623941015625 0.705122537109375 0.39872827734375 0.721422587890625 0.390778212890625 0.675837431640625 0.208908517578125 0.67349013671875 0.20409584765625 0.59076023046875 0.244997529296875 0.6407149765625 0.42623941015625
0 0.475518998046875 0 0.4837852890625 0.093031771484375 0.65928231640625 0.090831953125 0.664178068359375 0.09014390234375 0.67055083203125 0.088073265625 0.668380255859375 0.06926231640625 0.65864607421875 0 0.475518998046875 0
0 0.813102251953125 0.56359823828125 0.81192940234375 0.559988580078125 0.72974236328125 0.58458576953125 0.7357158046875 0.7750134453125 0.782465748046875 0.762205279296875 0.80563671484375 0.75556111328125 0.81672142578125 0.75195947265625 0.813102251953125 0.56359823828125
0 0.680213021484375 0.512090357421875 0.693147951171875 0.504622373046875 0.753383595703125 0.4665547890625 0.701013556640625 0.295729857421875 0.69973975390625 0.29352356640625 0.6308797109375 0.33128348828125 0.62038473828125 0.33734276171875 0.67881156640625 0.51254571875 0.680213021484375 0.512090357421875
0 0.716459193359375 0.186350087890625 0.700393951171875 0.15482027734375 0.519669724609375 0.21164064453125 0.567138388671875 0.290855294921875 0.73805844140625 0.242934076171875 0.74265266015625 0.24059320703125 0.740661283203125 0.2344643828125 0.716459193359375 0.186350087890625
0 0.674698939453125 0.64232589453125 0.856066126953125 0.602452560546875 0.860090521484375 0.600402029296875 0.833131798828125 0.5437598046875 0.819877603515625 0.517746982421875 0.63455726953125 0.555827767578125 0.674698939453125 0.64232589453125
0 0.781901912109375 0.5556744609375 0.77763409765625 0.53597909765625 0.7420723671875 0.38479319140625 0.740175935546875 0.3809049296875 0.66415095703125 0.417113216796875 0.6986253359375 0.599753689453125 0.710077798828125 0.59603255859375 0.781901912109375 0.5556744609375
0 0 0.255332263671875 0.038850029296875 0.24363358984375 0.040244341796875 0.24292315234375 0.0388221953125 0.238546234375 0.005354025390625 0.17286125390625 0 0.17465654296875 0 0.255332263671875
0 0 0.34598801171875 0.0358792890625 0.342216947265625 0.043036384765625 0.24645981640625 0.04206830078125 0.2434803671875 0 0.2479149453125 0 0.34598801171875
0 1 0.768258232421875 0.90955716796875 0.782582970703125 0.90939894140625 0.782634380859375 0.915915357421875 0.81909975390625 1 0.829648173828125 1 0.768258232421875
0 0 0.4073817265625 0.083096455078125 0.41202444921875 0.08578958203125 0.41114940234375 0.06990755859375 0.33503918359375 0 0.333870578125 0 0.4073817265625
0 0 0.44895315234375 0.01313231640625 0.482958046875 0.11259160546875 0.474242361328125 0.115121470703125 0.4733712578125 0.10695447265625 0.4482358203125 0.089887861328125 0.40269409375 0 0.41281166015625 0 0.44895315234375
0 0.0076038828125 0.493559076171875 0.042842462890625 0.562718681640625 0.138715537109375 0.540441794921875 0.142808103515625 0.53835652734375 0.142069609375 0.53608367578125 0.10261850390625 0.470738228515625 0.0076038828125 0.493559076171875
0 1 0.6222892265625 0.863552736328125 0.60993219140625 0.883785359375 0.70153739453125 1 0.70820804296875 1 0.6222892265625
0 0.98362066796875 0.65008623828125 0.979528234375 0.46904200390625 0.97812755859375 0.464731162109375 0.889676431640625 0.490238396484375 0.895814078125 0.671421041015625 0.896347724609375 0.67316651953125 0.9588630703125 0.657663998046875 0.983172314453125 0.65023191796875 0.98362066796875 0.65008623828125
0 1 0.649849125 0.956540609375 0.66143059765625 0.949263857421875 0.85979173828125 1 0.849366423828125 1 0.649849125
0 0.92548764453125 0.37141241015625 0.922309642578125 0.366123326171875 0.849288892578125 0.41349450390625 0.89942512890625 0.595297541015625 0.89961445703125 0.5952360234375 0.98228878515625 0.542959421875 0.92548764453125 0.37141241015625
0 0.835209171875 0 0.74953565234375 0.01716299609375 0.748235748046875 0.21198173828125 0.84545615625 0.19308400390625 0.83732119921875 0.001035615234375 0.836984708984375 0 0.835209171875 0
0 0.928810681640625 0.245667283203125 0.930035380859375 0.245269353515625 0.91033803125 0.15260061328125 0.718550337890625 0.15138507421875 0.71812201953125 0.151476115234375 0.717206595703125 0.1517735546875 0.72573856640625 0.193468814453125 0.7371985078125 0.24738359375 0.928633001953125 0.24570505078125 0.928810681640625 0.245667283203125
0 0.89257477734375 0.38405659765625 0.915510732421875 0.20122740234375 0.91292021484375 0.19325460546875 0.82016788671875 0.20315984765625 0.792885435546875 0.39277828515625 0.89257477734375 0.38405659765625
0 0.91740193359375 0.274251166015625 0.91678634375 0.272647498046875 0.82908581640625 0.304476765625 0.8553294765625 0.501193044921875 0.864300646484375 0.49827813671875 0.946855884765625 0.4665881484375 0.91740193359375 0.274251166015625
0 0.70928837109375 0 0.751992513671875 0.124041828125 0.75719350390625 0.122351923828125 0.78437319140625 0.108503181640625 0.842927623046875 0.075410599609375 0.81484555078125 0 0.70928837109375 0
0 0.22777576171875 0.813344126953125 0.22239321484375 0.775045314453125 0.111288138671875 0.758500052734375 0.120183978515625 0.830737728515625 0.22472571484375 0.843673380859375 0.227001806640625 0.84335349609375 0.2309361796875 0.842075142578125 0.22777576171875 0.813344126953125
0 0.07701491015625 0.648922837890625 0.11383965234375 0.633946439453125 0.14493586328125 0.62074687890625 0.129346349609375 0.533318859375 0.126416302734375 0.52641609765625 0.06550182421875 0.55357394140625 0.07701491015625 0.648922837890625
0 0.239661298828125 0.83467623828125 0.23805287890625 0.83069612109375 0.12488355078125 0.841260443359375 0.1492740078125 0.897855630859375 0.263334 0.89952646875 0.26343282421875 0.899488533203125 0.25732748046875 0.88069822265625 0.239661298828125 0.83467623828125
0 0.171561029296875 0.65967 0.10587760546875 0.695216515625 0.124180525390625 0.793832849609375 0.12465205859375 0.794758287109375 0.17127612109375 0.77380865234375 0.19102422265625 0.763746494140625 0.172401865234375 0.661320228515625 0.171561029296875 0.65967
0 0.15310657421875 0.6966652890625 0.167139474609375 0.68955384765625 0.1521834140625 0.59629470703125 0.150490515625 0.592664271484375 0.087178373046875 0.62380596875 0.09972481640625 0.720417326171875 0.10778975390625 0.717796869140625 0.15310657421875 0.6966652890625
0 0.273089357421875 1 0.2797017734375 0.93944649609375 0.27826216796875 0.935015849609375 0.212666619140625 0.955070421875 0.208040927734375 1 0.273089357421875 1
0 0.194909146484375 1 0.2450017421875 0.9837239296875 0.24766870703125 0.96082919921875 0.256790279296875 0.868932173828125 0.25678078515625 0.86890294921875 0.18562307421875 0.888753302734375 0.183799607421875 1 0.194909146484375 1