0 0.401189802734375 0.94608342578125 0.298696486328125 0.89229025 0.2742267421875 0.915580455078125 0.250463845703125 0.9393433515625 0.25597604296875 0.94568441015625 0.35244416015625 0.993189236328125 0.401189802734375 0.94608342578125
0 0.302865314453125 0.89721359375 0.304624802734375 0.89923765234375 0.412472216796875 0.941859666015625 0.455826634765625 0.8900052890625 0.345755630859375 0.845904083984375 0.302865314453125 0.89721359375
0 0.49336987890625 0.70865608984375 0.4866267109375 0.714517837890625 0.579630408203125 0.785420591796875 0.6404052109375 0.738233126953125 0.549542943359375 0.670083021484375 0.49336987890625 0.70865608984375
0 0.44640877734375 0.80036045703125 0.496399806640625 0.85786855859375 0.554482427734375 0.76509594140625 0.50720987890625 0.70283616015625 0.50369912109375 0.705888017578125 0.44640877734375 0.80036045703125
0 0.357119033203125 0.83101650390625 0.360595892578125 0.835016171875 0.46189205859375 0.893310755859375 0.520272712890625 0.8401753671875 0.41587219921875 0.778114916015625 0.357119033203125 0.83101650390625
0 0.542772451171875 0.68257622265625 0.54548500390625 0.68569665625 0.650087958984375 0.728469388671875 0.697834095703125 0.6695078203125 0.589399853515625 0.62119350390625 0.542772451171875 0.68257622265625
0 0.60275997265625 0.603586060546875 0.69020058984375 0.683878693359375 0.75783674609375 0.63705637890625 0.6695748359375 0.55640483984375 0.661609349609375 0.561577689453125 0.601910099609375 0.602277376953125 0.60275997265625 0.603586060546875
0 0.89837488671875 0.47380541796875 0.906216052734375 0.4825139140625 0.99392156640625 0.372293166015625 0.939455818359375 0.31259816796875 0.93024990234375 0.320600748046875 0.85233852734375 0.421688693359375 0.89837488671875 0.47380541796875
0 0.7743328828125 0.4349691328125 0.76909032421875 0.440397962890625 0.774104896484375 0.446166568359375 0.884873365234375 0.520800474609375 0.9442583359375 0.461443814453125 0.9464537578125 0.459170388671875 0.945567646484375 0.458314681640625 0.827399162109375 0.380915064453125 0.7743328828125 0.4349691328125
0 0.78387961328125 0.61212723828125 0.815426794921875 0.59432291015625 0.81655103125 0.593345626953125 0.716900751953125 0.48489708203125 0.70732753515625 0.4902036015625 0.65111287109375 0.523590767578125 0.654471224609375 0.52964939453125 0.74685760546875 0.632648873046875 0.78387961328125 0.61212723828125
0 0.82312063671875 0.42467134375 0.7224440078125 0.524024701171875 0.74336141015625 0.560535908203125 0.75786377734375 0.5846718984375 0.760428015625 0.587621716796875 0.86714788671875 0.494373029296875 0.82312063671875 0.42467134375
0 0.276395556640625 0.72215618359375 0.273366021484375 0.724277486328125 0.179190833984375 0.844286498046875 0.22623040234375 0.91146596484375 0.2278900703125 0.9133751953125 0.321982728515625 0.784529650390625 0.276395556640625 0.72215618359375
0 0.2288642109375 0.76674973828125 0.223956453125 0.771015986328125 0.17264191796875 0.885153275390625 0.207871525390625 0.916874158203125 0.2884911640625 0.82490919140625 0.2288642109375 0.76674973828125
0 0.47170827734375 0.68418383203125 0.570767087890625 0.57076373046875 0.5294794375 0.50671176171875 0.5276069375 0.507881828125 0.425004427734375 0.612995283203125 0.449964408203125 0.652939599609375 0.469110873046875 0.681195861328125 0.47170827734375 0.68418383203125
0 0.40511455859375 0.74229742578125 0.404228134765625 0.74165340234375 0.26643362890625 0.6974851015625 0.218113083984375 0.763992623046875 0.218957306640625 0.764963791015625 0.36404782421875 0.809467716796875 0.40511455859375 0.74229742578125
0 0.41576363671875 0.74129080078125 0.503421078125 0.626260876953125 0.45997473828125 0.558748603515625 0.457904201171875 0.55636672265625 0.4543532265625 0.55904257421875 0.369201232421875 0.6805403828125 0.409877296875 0.734519341796875 0.41576363671875 0.74129080078125
0 0.469203341796875 0.711585953125 0.3337080703125 0.640414703125 0.32647737109375 0.64670025390625 0.27892190625 0.691046443359375 0.283157560546875 0.6959190078125 0.41016826953125 0.767496556640625 0.469203341796875 0.711585953125
0 0.65369805859375 0.53361133984375 0.510852451171875 0.4769790234375 0.50770269921875 0.48131428515625 0.46776990234375 0.539136169921875 0.470685751953125 0.54249046875 0.477604380859375 0.5475171484375 0.48525346484375 0.5512496484375 0.60913816015625 0.60221216015625 0.610546130859375 0.60027425390625 0.65369805859375 0.53361133984375
0 0.872651119140625 0.18227032421875 0.86655769140625 0.187567259765625 0.80440391015625 0.285594193359375 0.86602696875 0.33373940625 0.873683119140625 0.33957526171875 0.933817974609375 0.23692394921875 0.915218244140625 0.21552740625 0.872651119140625 0.18227032421875
0 0.836353068359375 0.225572521484375 0.73715244921875 0.31885168359375 0.74705787890625 0.332998099609375 0.7868426640625 0.38698868359375 0.78834094921875 0.388712267578125 0.8820664765625 0.296525966796875 0.836353068359375 0.225572521484375
0 0.69940825 0.338691357421875 0.69327901171875 0.34314451171875 0.61176118359375 0.43733585546875 0.650515244140625 0.49214292578125 0.66073141015625 0.503895283203125 0.750277337890625 0.406611236328125 0.69940825 0.338691357421875
0 0.82979371484375 0.37732731640625 0.72089255078125 0.295559037109375 0.696204333984375 0.31702017578125 0.659507564453125 0.350062099609375 0.662133716796875 0.35308314453125 0.764505392578125 0.4332952890625 0.82979371484375 0.37732731640625
0 0.646908525390625 0.5363925078125 0.700610654296875 0.472073630859375 0.58004082421875 0.41719660546875 0.531809421875 0.47705141796875 0.535126443359375 0.48086721484375 0.53674121875 0.482174833984375 0.646908525390625 0.5363925078125
0 0 0.65431028125 0.104362875 0.69528934375 0.107271197265625 0.6912863828125 0.1523346484375 0.62685136328125 0 0.578050517578125 0 0.65431028125
0 0.549743751953125 0.233319859375 0.696487275390625 0.11869619921875 0.6570616484375 0.03768944140625 0.65703484765625 0.03770369140625 0.50519865234375 0.14912403515625 0.541225640625 0.218635572265625 0.547914580078125 0.23121563671875 0.549743751953125 0.233319859375
0 0.06675294921875 0.665107951171875 0.0853613203125 0.68186300390625 0.176992560546875 0.51364569921875 0.11747041796875 0.46400865234375 0.11385543359375 0.467151111328125 0.031053205078125 0.63143946484375 0.06675294921875 0.665107951171875
0 0.36900692578125 0.303290001953125 0.432642625 0.37153093359375 0.5436124453125 0.213467703125 0.481803748046875 0.15350951953125 0.47746072265625 0.15728485546875 0.474988177734375 0.1595905390625 0.36900692578125 0.303290001953125
0 0.681533650390625 0 0.57987441015625 0.10125694921875 0.6121153828125 0.145632837890625 0.63453201953125 0.174933701171875 0.766883138671875 0.0502914609375 0.742972744140625 0.017381623046875 0.72786312890625 0 0.681533650390625 0
0 0.126486201171875 0.60381010546875 0.269790529296875 0.478342056640625 0.2316598046875 0.40132055859375 0.228352291015625 0.40300582421875 0.08774828515625 0.529159279296875 0.10393058203125 0.560918826171875 0.126340740234375 0.6036427734375 0.126486201171875 0.60381010546875
0 0.331810166015625 0.24858339453125 0.286924625 0.281508701171875 0.28479333203125 0.28336140625 0.286619087890625 0.28596885546875 0.418647771484375 0.40503190625 0.487804232421875 0.36062056640625 0.492396267578125 0.357405189453125 0.358073658203125 0.2301935 0.331810166015625 0.24858339453125
0 0.56572429296875 0.0910828125 0.562241359375 0.093613314453125 0.440686296875 0.22551662109375 0.4866384765625 0.29886098046875 0.490349150390625 0.30312962109375 0.622521314453125 0.168410974609375 0.56572429296875 0.0910828125
0 0.134180359375 0.424511232421875 0.13688280078125 0.4273096953125 0.295387361328125 0.524058052734375 0.36150308984375 0.45534131640625 0.1986771640625 0.359000828125 0.17767612890625 0.379281291015625 0.13376828125 0.42403719140625 0.134180359375 0.424511232421875
0 0.3397961328125 0.46562243359375 0.421819611328125 0.41889721484375 0.42206312890625 0.41868552734375 0.42156454296875 0.4179177734375 0.28167219140625 0.29332584765625 0.210891716796875 0.340233111328125 0.21154791015625 0.341243560546875 0.325112 0.45182033984375 0.3397961328125 0.46562243359375
0 1 0.586590263671875 0.985881990234375 0.56569372265625 0.983669810546875 0.56724270703125 0.91481566796875 0.6384379765625 0.94411873046875 0.6831953203125 0.94922856640625 0.690492923828125 0.95966259375 0.702495900390625 1 0.657384330078125 1 0.586590263671875
0 0.9153614296875 0.75382066015625 0.963681318359375 0.662975064453125 0.91255760546875 0.613405025390625 0.90739017578125 0.61789700390625 0.85980717578125 0.7022672890625 0.89628126953125 0.736932359375 0.91519668359375 0.753963873046875 0.9153614296875 0.75382066015625
0 0.785884046875 0.73836944921875 0.78952864453125 0.742562080078125 0.87255364453125 0.782172970703125 0.92723466796875 0.723781861328125 0.83329884765625 0.679817046875 0.785884046875 0.73836944921875
0 0 0.48546562109375 0.10353676171875 0.36515616796875 0.0520298828125 0.28747091015625 0.05041443359375 0.288560544921875 0 0.35120688671875 0 0.48546562109375
0 0 0.3612933984375 0.04394427734375 0.43740712109375 0.045650044921875 0.4393693828125 0.176030365234375 0.305740037109375 0.12700719921875 0.230460462890625 0.12505210546875 0.23158923828125 0 0.356902740234375 0 0.3612933984375
0 0.27252876953125 0.26900947265625 0.09573903125 0.203200908203125 0.058653798828125 0.250714111328125 0.0431078046875 0.272111333984375 0.0453002109375 0.27463341015625 0.213119591796875 0.346978306640625 0.27252876953125 0.26900947265625
0 0.35936987109375 0 0.4924513671875 0.10557569921875 0.563719333984375 0.03708073828125 0.51195930859375 0 0.35936987109375 0
0 0.37600325 0 0.28627263671875 0.11279726171875 0.306097380859375 0.13642347265625 0.35009509765625 0.1870370546875 0.46755619921875 0.0347135625 0.4384280625 0 0.37600325 0
0 0.35727559765625 0.03624687109375 0.351005533203125 0.039304986328125 0.205111140625 0.15390823046875 0.24713897265625 0.240078052734375 0.249821451171875 0.24316389453125 0.397462224609375 0.122804333984375 0.35727559765625 0.03624687109375
0 0.20288826171875 0.10566910546875 0.168975720703125 0.12524851953125 0.12575029296875 0.16282380859375 0.255379501953125 0.29989751171875 0.335626677734375 0.25157985546875 0.20288826171875 0.10566910546875
0 0.580495984375 0.89627769921875 0.554768998046875 0.92025134375 0.55863859765625 0.924702806640625 0.650196017578125 0.98087526953125 0.70034662890625 0.932912294921875 0.699709958984375 0.932179890625 0.60747075390625 0.872401978515625 0.594215384765625 0.883924697265625 0.580495984375 0.89627769921875
0 0.730663501953125 0.77359348828125 0.733170162109375 0.776801869140625 0.80347479296875 0.83395787109375 0.860640443359375 0.787882509765625 0.78282807421875 0.731586873046875 0.7820416171875 0.73217888671875 0.74513626171875 0.761012509765625 0.730663501953125 0.77359348828125
0 0.60037191015625 1 0.6194660625 0.94237626171875 0.559008875 0.90003691796875 0.558874564453125 0.900153673828125 0.558383908203125 0.90088109765625 0.537024712890625 1 0.60037191015625 1
0 0.64539861328125 0.911157708984375 0.6899761640625 0.94856271484375 0.73177389453125 0.85153055078125 0.67441372265625 0.807998345703125 0.6722352109375 0.80989209765625 0.632951796875 0.900176126953125 0.64539861328125 0.911157708984375
0 0.71016511328125 0.86538747265625 0.74027925390625 0.896571578125 0.7892918046875 0.81205789453125 0.740866837890625 0.758512865234375 0.73493814453125 0.763666599609375 0.69107975390625 0.844783328125 0.71016511328125 0.86538747265625
0 0.56982807421875 1 0.52903938671875 0.94263204296875 0.529013615234375 0.942648779296875 0.49129580078125 1 0.56982807421875 1