0 0.077777515625 0.70839950390625 0.053927677734375 0.775432265625 0.13948112109375 0.843016392578125 0.143762626953125 0.844659908203125 0.150485650390625 0.83146523046875 0.16796463671875 0.78349389453125 0.077777515625 0.70839950390625
0 0.2054475859375 0.71545516796875 0.109718900390625 0.6454797421875 0.088718234375 0.70972500390625 0.184258484375 0.780255384765625 0.2054475859375 0.71545516796875
0 0.3388239609375 0.48338773828125 0.282791677734375 0.43723652734375 0.18740199609375 0.496545037109375 0.186606900390625 0.49745969140625 0.242766375 0.54951291015625 0.341881548828125 0.486804947265625 0.34214966796875 0.48627873046875 0.3388239609375 0.48338773828125
0 0.282282513671875 0.575761875 0.209541916015625 0.48922542578125 0.16813819140625 0.55316942578125 0.239881404296875 0.6410299765625 0.243040265625 0.64263949609375 0.256357650390625 0.62213252734375 0.282282513671875 0.575761875
0 0.131577611328125 0.61748477734375 0.191489408203125 0.721591107421875 0.19353409765625 0.7226329296875 0.246773451171875 0.66350463671875 0.184713001953125 0.559104123046875 0.131577611328125 0.61748477734375
0 0.24035662890625 0.41692483203125 0.316129791015625 0.49750245703125 0.32182276171875 0.500403169921875 0.362255966796875 0.4351378203125 0.278291310546875 0.35122003515625 0.24035662890625 0.41692483203125
0 0.41453108984375 0.32769804296875 0.34169287890625 0.2894675078125 0.26365004296875 0.381037302734375 0.309977271484375 0.40493221875 0.330256921875 0.415265216796875 0.336798189453125 0.41845560546875 0.41453108984375 0.32769804296875
0 0.44232599609375 0 0.42352596875 0.07905292578125 0.550842734375 0.13176276171875 0.553805435546875 0.1259481328125 0.570577560546875 0.053300078125 0.44727568359375 0 0.44232599609375 0
0 0.518051708984375 0.209885578125 0.519909490234375 0.20623948046875 0.520913400390625 0.201516451171875 0.53605196875 0.127295861328125 0.405805798828125 0.072611064453125 0.40460087890625 0.072354951171875 0.403943787109375 0.0754463203125 0.387942541015625 0.157870517578125 0.514781890625 0.20919055859375 0.518051708984375 0.209885578125
0 0.34688829296875 0.208163978515625 0.3131282578125 0.27829009765625 0.42606095703125 0.36519412109375 0.42939380859375 0.366678 0.441171732421875 0.34356251953125 0.46274016796875 0.29511901953125 0.34688829296875 0.208163978515625
0 0.375003904296875 0.14586228515625 0.347784537109375 0.223681498046875 0.4665947109375 0.287242875 0.473916732421875 0.2896219453125 0.475165173828125 0.287171740234375 0.495449841796875 0.22002191015625 0.375003904296875 0.14586228515625
0 0.22626509375 0.890618837890625 0.344612244140625 0.794363546875 0.3451892421875 0.79350811328125 0.346411962890625 0.791108388671875 0.28352078125 0.746805791015625 0.157117302734375 0.84254179296875 0.15657266796875 0.843610703125 0.22626509375 0.890618837890625
0 0.285270486328125 0.926396708984375 0.191266466796875 0.788115634765625 0.191157794921875 0.78806026171875 0.140877767578125 0.85799674609375 0.168638251953125 0.88028572265625 0.21294258203125 0.91490005859375 0.273182388671875 0.9455937734375 0.285270486328125 0.926396708984375
0 0.49094025 0.485088693359375 0.49187339453125 0.4830875546875 0.42326716015625 0.44991362890625 0.32263930078125 0.56219643359375 0.366120708984375 0.58435131640625 0.399114396484375 0.59973652734375 0.49094025 0.485088693359375
0 0.377439787109375 0.70835440234375 0.379664177734375 0.7025596640625 0.3101235078125 0.66930234375 0.212032060546875 0.7864207890625 0.2219942421875 0.7914967734375 0.288552837890625 0.817234224609375 0.377439787109375 0.70835440234375
0 0.38634528125 0.691106162109375 0.38667905859375 0.69073546484375 0.436391107421875 0.6265606171875 0.35842273828125 0.503269076171875 0.357231158203125 0.502661935546875 0.30691369140625 0.559926048828125 0.38080119921875 0.687775271484375 0.3820958203125 0.688940953125 0.38634528125 0.691106162109375
0 0.4130033671875 0.620039390625 0.413815984375 0.616780154296875 0.341217994140625 0.597200681640625 0.25715138671875 0.725235765625 0.261528986328125 0.727466263671875 0.3355682890625 0.7459263359375 0.4130033671875 0.620039390625
0 0.52585133984375 0.45847152734375 0.52741806640625 0.45334699609375 0.396222853515625 0.373347603515625 0.368952962890625 0.447929005859375 0.36825262109375 0.45021972265625 0.48350876171875 0.51848843359375 0.491093001953125 0.522350990234375 0.503389705078125 0.52611046875 0.52585133984375 0.45847152734375
0 0.623940759765625 0.01301826171875 0.58032574609375 0.12882384765625 0.5829366171875 0.13015415234375 0.58943958984375 0.131737453125 0.66563609375 0.14932880078125 0.70190223046875 0.04171120703125 0.663524904296875 0.02215698046875 0.623940759765625 0.01301826171875
0 0.542084072265625 0.199659767578125 0.60828327734375 0.22038744921875 0.6248838671875 0.22514758984375 0.68074283984375 0.10107534765625 0.68035376171875 0.1008771015625 0.59881385546875 0.08086014453125 0.542084072265625 0.199659767578125
0 0.4833264296875 0.237145986328125 0.48226089453125 0.23689998828125 0.46468712109375 0.31774379296875 0.58126764453125 0.37492028515625 0.585508078125 0.366597966796875 0.602889435546875 0.29131102734375 0.4833264296875 0.237145986328125
0 0.525971166015625 0.283086771484375 0.576660892578125 0.30316097265625 0.64864620703125 0.191973455078125 0.64982848828125 0.189188173828125 0.5738748515625 0.15751902734375 0.49816869921875 0.26934075390625 0.52103238671875 0.280990384765625 0.525971166015625 0.283086771484375
0 0.43003837890625 0.3627624140625 0.503703365234375 0.459799724609375 0.5110108359375 0.46352306640625 0.55980327734375 0.405657916015625 0.48292869140625 0.29777432421875 0.43003837890625 0.3627624140625
0 0.51026416015625 1 0.590241875 0.942396705078125 0.591928734375 0.9390860546875 0.53129744921875 0.893343171875 0.52656457421875 0.88990453515625 0.39689823046875 0.996557470703125 0.40163646484375 1 0.51026416015625 1
0 0.886971298828125 0.386402173828125 0.916297134765625 0.3488018984375 0.79606499609375 0.20554553515625 0.7355149296875 0.279267841796875 0.855838720703125 0.414183234375 0.85757783984375 0.41564252734375 0.8609808125 0.4173764296875 0.886971298828125 0.386402173828125
0 0.475059669921875 0.807809017578125 0.43637156640625 0.87710590234375 0.5720182734375 0.99264017578125 0.58286831640625 0.99816855078125 0.6091899453125 0.9465094453125 0.614831203125 0.934775865234375 0.475059669921875 0.807809017578125
0 0.83640773046875 0.50401113671875 0.686632052734375 0.38303281640625 0.64466754296875 0.46649826953125 0.7870656171875 0.57612184765625 0.794397353515625 0.579857552734375 0.824211046875 0.52794847265625 0.83640773046875 0.50401113671875
0 0.95755708203125 0.271050107421875 0.96801678515625 0.25813344921875 0.83930971484375 0.12353459765625 0.7799531484375 0.193234421875 0.89810780078125 0.323936423828125 0.904362953125 0.32900174609375 0.905156271484375 0.3294059609375 0.95755708203125 0.271050107421875
0 0.48156385546875 0.811521314453125 0.64378418359375 0.8949030625 0.650479796875 0.896448865234375 0.65205715625 0.893353125 0.66981605078125 0.81643091015625 0.500253427734375 0.72665494921875 0.50003255859375 0.727088427734375 0.48156385546875 0.811521314453125
0 0.731431607421875 0.6705293359375 0.737771427734375 0.662973828125 0.784396193359375 0.60266589453125 0.67558412890625 0.45849810546875 0.67509571484375 0.45808827734375 0.628972173828125 0.5106607890625 0.6153512421875 0.526893583984375 0.727968740234375 0.66876491796875 0.731431607421875 0.6705293359375
0 0.8724050625 0.4373517890625 0.88566116796875 0.404541779296875 0.724212529296875 0.305424990234375 0.695570720703125 0.393219533203125 0.84387096484375 0.49077538671875 0.84909151171875 0.492884623046875 0.851864322265625 0.487442673828125 0.8724050625 0.4373517890625
0 0.524004783203125 0.7141771015625 0.66913025390625 0.83003277734375 0.673256447265625 0.83186987890625 0.70031005078125 0.77527291015625 0.71218467578125 0.748602064453125 0.56596448046875 0.628546130859375 0.524004783203125 0.7141771015625
0 0.746772693359375 0.677268033203125 0.733758025390625 0.661881677734375 0.62862273046875 0.541940505859375 0.6284319453125 0.54180189453125 0.57775420703125 0.61020644140625 0.693404841796875 0.754618181640625 0.696246734375 0.75606619921875 0.746772693359375 0.677268033203125
0 0.25028612109375 0 0.23252710546875 0.03929332421875 0.23432158203125 0.04020765625 0.3089979765625 0.057448060546875 0.333708669921875 0 0.25028612109375 0
0 0.200234185546875 0.1122746328125 0.22542759765625 0.1190251875 0.26737805859375 0.1295184765625 0.314423083984375 0.041772068359375 0.315505587890625 0.03773210546875 0.315444017578125 0.037700732421875 0.2397527890625 0.019929185546875 0.19587785546875 0.11005497265625 0.200234185546875 0.1122746328125
0 0.174236427734375 0.172809103515625 0.2166956796875 0.199813521484375 0.287048439453125 0.133232919921875 0.29015687109375 0.12713227734375 0.229691328125 0.089519236328125 0.153233873046875 0.15838135546875 0.153134771484375 0.15857585546875 0.174236427734375 0.172809103515625
0 0.18687171484375 0.268118833984375 0.253659875 0.19876166796875 0.2567504375 0.192696095703125 0.18665040625 0.15868864453125 0.119648685546875 0.229307599609375 0.18687171484375 0.268118833984375
0 0.789434259765625 1 0.80465551171875 0.96034728515625 0.65766171875 0.84477945703125 0.62473845703125 0.93262551953125 0.71650758203125 1 0.789434259765625 1
0 0.774448099609375 0.767069138671875 0.6626878515625 0.90980830078125 0.66197467578125 0.911488435546875 0.719829037109375 0.939796904296875 0.74366000390625 0.94991255078125 0.85983320703125 0.804930998046875 0.774448099609375 0.767069138671875
0 0.78659020703125 1 0.7269389375 0.94555299609375 0.643090806640625 1 0.78659020703125 1
0 0.76365933984375 0.85839208203125 0.910837033203125 0.7537311328125 0.91439324609375 0.74675166796875 0.83982792578125 0.689133455078125 0.69305278125 0.8051338828125 0.76365933984375 0.85839208203125
0 1 0.35830292578125 0.87638027734375 0.464324126953125 0.954424904296875 0.525299271484375 1 0.4821625546875 1 0.35830292578125
0 1 0.5003363125 0.890093302734375 0.412920001953125 0.888771541015625 0.412246529296875 0.853466587890625 0.48085634765625 0.84545768359375 0.49657470703125 0.99400185546875 0.61843027734375 0.995238041015625 0.61906014453125 1 0.6097142734375 1 0.5003363125
0 0.933336640625 0.708837076171875 0.98556655078125 0.64175531640625 0.867540529296875 0.48966522265625 0.8045533671875 0.567447890625 0.920952134765625 0.711962455078125 0.92351571484375 0.714038400390625 0.927486376953125 0.716061552734375 0.933336640625 0.708837076171875
0 0.80585908984375 0.77702828125 0.83665221484375 0.790738263671875 0.954741146484375 0.636290583984375 0.95677336328125 0.631726154296875 0.86834219921875 0.5923540625 0.75179556640625 0.751050681640625 0.7685873984375 0.759606546875 0.80585908984375 0.77702828125
0 0 0.480070115234375 0.075262236328125 0.54561861328125 0.080809720703125 0.548324302734375 0.10862390234375 0.49373589453125 0.111704833984375 0.48741905078125 0.02884654296875 0.41157323828125 0 0.46823774609375 0 0.480070115234375
0 0.14028781640625 0.325208783203125 0.15578556640625 0.33177792578125 0.21595433203125 0.26036328125 0.2169978046875 0.258019609375 0.151053205078125 0.227452892578125 0.09389933984375 0.3036031875 0.10870746484375 0.311148302734375 0.14028781640625 0.325208783203125
0 0 0.57923307421875 0.02382451953125 0.61687159765625 0.02929051953125 0.6196566640625 0.066543494140625 0.574762486328125 0.0151260078125 0.4700873984375 0 0.487490517578125 0 0.57923307421875
0 0.08634316015625 0.34043891015625 0.037396966796875 0.397588478515625 0.086710650390625 0.478016025390625 0.08874474609375 0.47984753515625 0.09257491015625 0.481799099609375 0.14202748828125 0.43200726171875 0.08634316015625 0.34043891015625
0 0.10487089453125 0.39054473828125 0.1320233046875 0.39772305078125 0.18404119921875 0.319431869140625 0.1857438203125 0.31349412109375 0.114810384765625 0.29564329296875 0.06376589453125 0.37768480078125 0.06858350390625 0.38013949609375 0.10487089453125 0.39054473828125
0 0 0.643922708984375 0.06715031640625 0.58889919921875 0.067164267578125 0.5888718203125 0.00281184765625 0.55259204296875 0 0.55531319921875 0 0.643922708984375