0 0.33294234765625 0 0.32328893359375 0.0079335703125 0.36120058203125 0.10830335546875 0.36669312109375 0.11419338671875 0.416885638671875 0.073577111328125 0.391238162109375 0 0.33294234765625 0
0 0.475280751953125 0.117387984375 0.407959587890625 0.019670044921875 0.407592970703125 0.020011921875 0.366776541015625 0.073966646484375 0.434508021484375 0.17129592578125 0.475280751953125 0.117387984375
0 0.603973818359375 0.224200271484375 0.51213342578125 0.28584763671875 0.51033108984375 0.2880733359375 0.56789128515625 0.33780512109375 0.66525166796875 0.27133900390625 0.66158262109375 0.268367869140625 0.603973818359375 0.224200271484375
0 0.556906384765625 0.170411013671875 0.456894337890625 0.20691061328125 0.453745720703125 0.209846744140625 0.49853387109375 0.26928262890625 0.6089741953125 0.2307505546875 0.556906384765625 0.170411013671875
0 0.5527242734375 0.18363712890625 0.5527681796875 0.18361279296875 0.514007228515625 0.11278051953125 0.39650166015625 0.137177193359375 0.395537830078125 0.13807598046875 0.43353875390625 0.20663146484375 0.5527242734375 0.18363712890625
0 0.71251254296875 0.34669428125 0.713945595703125 0.3453579375 0.666587390625 0.28301315234375 0.56064218359375 0.3302184453125 0.558712357421875 0.33201803515625 0.60589928515625 0.390289037109375 0.71251254296875 0.34669428125
0 0.7006483828125 0.335491978515625 0.614622380859375 0.4172984296875 0.61379548046875 0.41862174609375 0.6741959453125 0.45827333984375 0.682250498046875 0.4633063828125 0.769091400390625 0.38112674609375 0.7006483828125 0.335491978515625
0 0.924306546875 0.57256114453125 0.826834669921875 0.671784498046875 0.827828439453125 0.67285018359375 0.893097673828125 0.7185521953125 0.99218657421875 0.620760578125 0.924306546875 0.57256114453125
0 0.76332597265625 0.6059708203125 0.767212943359375 0.6101390859375 0.7696510859375 0.612113455078125 0.8289093515625 0.659297458984375 0.93676438671875 0.56807365234375 0.93753960546875 0.567116333984375 0.93508348828125 0.565127408203125 0.86890740625 0.513450390625 0.7655970546875 0.60316626953125 0.76332597265625 0.6059708203125
0 0.8266034453125 0.45593585546875 0.77225305859375 0.40022725390625 0.651964732421875 0.476626353515625 0.64943044140625 0.47925069140625 0.66712359765625 0.49822428125 0.705268759765625 0.535060634765625 0.8266034453125 0.45593585546875
0 0.79599845703125 0.606641849609375 0.799517822265625 0.61041590625 0.86012340234375 0.55637780078125 0.78298848828125 0.4369351875 0.751733240234375 0.46608117578125 0.72919821484375 0.48798898828125 0.79599845703125 0.606641849609375
0 0.28978159375 0.253856509765625 0.29235070703125 0.25651690234375 0.34900173046875 0.20398785546875 0.281675171875 0.060519998046875 0.228358744140625 0.11023837109375 0.220235470703125 0.118082927734375 0.28978159375 0.253856509765625
0 0.15729423046875 0.146239421875 0.16587802734375 0.15544441796875 0.18422453125 0.169369162109375 0.329558689453125 0.08811794921875 0.32469458203125 0.08290183203125 0.267200673828125 0.03342515234375 0.2311203515625 0.06707059765625 0.15729423046875 0.146239421875
0 0.415619591796875 0.4077700703125 0.445010298828125 0.442556255859375 0.464860669921875 0.46539149609375 0.601926595703125 0.403983310546875 0.602249646484375 0.403702486328125 0.556224658203125 0.3466190703125 0.5486538046875 0.33790980078125 0.4184411484375 0.40513892578125 0.415619591796875 0.4077700703125
0 0.4329799609375 0.227651853515625 0.43376812890625 0.226890728515625 0.383752755859375 0.16608951953125 0.246369462890625 0.230305609375 0.299505615234375 0.28728715625 0.302673501953125 0.29056759765625 0.4329799609375 0.227651853515625
0 0.508887138671875 0.29707694140625 0.36437625390625 0.325231857421875 0.35928278515625 0.32998159375 0.40372919140625 0.39780614453125 0.547002111328125 0.36391446484375 0.508887138671875 0.29707694140625
0 0.449226326171875 0.23414564453125 0.304445630859375 0.27215916015625 0.301055755859375 0.27532026953125 0.345320810546875 0.34094591015625 0.490651294921875 0.298162732421875 0.449226326171875 0.23414564453125
0 0.572628138671875 0.55658964453125 0.57747039453125 0.561265755859375 0.632747712890625 0.506698498046875 0.5525348125 0.376448080078125 0.551951611328125 0.375884890625 0.519672318359375 0.405897046875 0.493322134765625 0.433183458984375 0.56398167578125 0.54469354296875 0.572628138671875 0.55658964453125
0 0.93174857421875 0.781051671875 0.8975705625 0.723364384765625 0.7693500078125 0.773516650390625 0.766019671875 0.775362685546875 0.76504450390625 0.776272044921875 0.77476413671875 0.794311103515625 0.806915904296875 0.852314431640625 0.8971601484375 0.813305900390625 0.93174857421875 0.781051671875
0 0.761819037109375 0.65786265625 0.72230883984375 0.69629457421875 0.788334763671875 0.80003693359375 0.794198921875 0.80632547265625 0.858720330078125 0.750996390625 0.78488705078125 0.64054755078125 0.7831354921875 0.638669234375 0.761819037109375 0.65786265625
0 0.75386833203125 0.607232265625 0.75581505859375 0.605416912109375 0.707894150390625 0.538815966796875 0.58756115234375 0.58712738671875 0.58576442578125 0.58880286328125 0.635062123046875 0.6592072734375 0.75386833203125 0.607232265625
0 0.769357283203125 0.60112087109375 0.645381830078125 0.6464405390625 0.643816208984375 0.64790050390625 0.68476574609375 0.71882718359375 0.81415511328125 0.67452477734375 0.769357283203125 0.60112087109375
0 0.533410533203125 0.54364518359375 0.52878211328125 0.5489695703125 0.587335671875 0.60011734765625 0.69651326953125 0.52515872265625 0.696304861328125 0.52493523046875 0.632489349609375 0.471120841796875 0.533410533203125 0.54364518359375
0 0 0.29675458984375 0.058801416015625 0.432390279296875 0.0632340859375 0.43714373828125 0.116491478515625 0.3914534921875 0.060145947265625 0.23463017578125 0.00643043359375 0.2765973359375 0 0.2825938125 0 0.29675458984375
0 0.502783375 0.942828580078125 0.5276128125 0.96471648828125 0.672479712890625 0.844325791015625 0.603413716796875 0.78647111328125 0.45987502734375 0.898640236328125 0.457544296875 0.901228771484375 0.46258230078125 0.906631369140625 0.502783375 0.942828580078125
0 0.15004521875 0.303296978515625 0.015387224609375 0.42776637109375 0.012568212890625 0.432277736328125 0.06165925 0.46560791796875 0.07755748828125 0.4755422421875 0.21391052734375 0.34118316015625 0.15004521875 0.303296978515625
0 0.46635692578125 0.640401513671875 0.333517884765625 0.7617407265625 0.328690111328125 0.768147396484375 0.37817936328125 0.8094838046875 0.395941822265625 0.82286877734375 0.541267291015625 0.69622211328125 0.46635692578125 0.640401513671875
0 0.627932240234375 1 0.737214876953125 0.932457826171875 0.681379087890625 0.85990693359375 0.528967501953125 0.948305150390625 0.522042873046875 0.95391260546875 0.55562285546875 1 0.627932240234375 1
0 0.12356601953125 0.3881417578125 0.09971514453125 0.4146308359375 0.20287726953125 0.57287671484375 0.20563590625 0.57536059765625 0.262401986328125 0.51083250390625 0.1573055859375 0.353821794921875 0.14236540234375 0.367753740234375 0.12356601953125 0.3881417578125
0 0.47412230859375 0.632623859375 0.47093026171875 0.63021848046875 0.40336586328125 0.58342066796875 0.2672623671875 0.697803455078125 0.265206298828125 0.700531951171875 0.31112118359375 0.736743287109375 0.336726876953125 0.7560385625 0.47519776953125 0.6337771484375 0.47412230859375 0.632623859375
0 0.402619158203125 0.775006193359375 0.53483062109375 0.90976489453125 0.535631376953125 0.909018177734375 0.5840642421875 0.83171439453125 0.46102536328125 0.69820094921875 0.460047201171875 0.697490275390625 0.456606978515625 0.700698333984375 0.402619158203125 0.775006193359375
0 0.27685173828125 0.4429674140625 0.135433412109375 0.56332021484375 0.132842748046875 0.56702006640625 0.18323780078125 0.604375828125 0.207152841796875 0.621121318359375 0.35290313671875 0.50049535546875 0.27685173828125 0.4429674140625
0 0.24277740234375 0.669794203125 0.41684616015625 0.60056208984375 0.417627982421875 0.599972947265625 0.35632494140625 0.527767931640625 0.33780577734375 0.53571538671875 0.196406693359375 0.5993707109375 0.193045828125 0.60250476953125 0.24277740234375 0.669794203125
0 1 0.37631902734375 0.975491212890625 0.34715435546875 0.96807501953125 0.354070068359375 0.95501887890625 0.37019305859375 0.928369994140625 0.40424870703125 0.989395390625 0.482916154296875 0.992320654296875 0.48528498828125 0.994190650390625 0.483541189453125 1 0.47589130078125 1 0.37631902734375
0 0.91611809375 0.2956982265625 0.904071142578125 0.31111762109375 0.87417069921875 0.3515897109375 0.936321115234375 0.427193529296875 0.940850412109375 0.430732205078125 0.941244943359375 0.430364298828125 0.983289783203125 0.37224744140625 0.92036822265625 0.29173491796875 0.91611809375 0.2956982265625
0 0.87159010546875 0.37382858203125 0.87447716015625 0.37692456640625 0.93135006640625 0.325715970703125 0.88270329296875 0.234535974609375 0.882397837890625 0.2342084140625 0.827032591796875 0.29178304296875 0.87159010546875 0.37382858203125
0 0 0.66488037890625 0.00113169140625 0.666093970703125 0.07730212109375 0.61383185546875 0.018137623046875 0.43918705078125 0.0179384375 0.43897344921875 0 0.451073078125 0 0.66488037890625
0 0 0.676675978515625 0.0273993359375 0.70140953125 0.030758802734375 0.704129974609375 0.18336093359375 0.596101921875 0.12271559765625 0.54536994921875 0.111527978515625 0.53631039453125 0 0.61716244140625 0 0.676675978515625
0 0.186111275390625 0.61605188671875 0.022211314453125 0.70473652734375 0.059286814453125 0.744495134765625 0.089883 0.774766271484375 0.249701001953125 0.677517880859375 0.186111275390625 0.61605188671875
0 0.45207644140625 1 0.51146425390625 0.94759554296875 0.50949862109375 0.94548765625 0.44287916015625 0.8902343359375 0.305465205078125 1 0.45207644140625 1
0 0.374658427734375 1 0.41639358203125 0.96372018359375 0.3242101796875 0.794902416015625 0.323508994140625 0.794150486328125 0.30862823828125 0.806888900390625 0.24955690234375 0.858238826171875 0.329769259765625 1 0.374658427734375 1
0 0.3218824453125 0.759446365234375 0.156739173828125 0.83932394140625 0.150800982421875 0.84486139453125 0.212228599609375 0.920718185546875 0.384318087890625 0.83360250390625 0.3218824453125 0.759446365234375
0 0.227863537109375 0.66950723046875 0.096060109375 0.79996709375 0.132177158203125 0.83869788671875 0.16507055078125 0.86092870703125 0.3100451796875 0.72287661328125 0.227863537109375 0.66950723046875
0 0.637768619140625 0.13521994140625 0.743636107421875 0.097667865234375 0.701868013671875 0.03806212890625 0.60512210546875 0.075095330078125 0.59916710546875 0.08064845703125 0.615035908203125 0.10393105078125 0.637768619140625 0.13521994140625
0 0.814078298828125 0.301301318359375 0.814913361328125 0.30182253515625 0.88752314453125 0.23895932421875 0.82655929296875 0.198041611328125 0.76150366796875 0.261107568359375 0.759159669921875 0.2647170078125 0.761334189453125 0.267048892578125 0.814078298828125 0.301301318359375
0 0.577940587890625 0 0.562466171875 0.022099755859375 0.631455408203125 0.10628889453125 0.634846853515625 0.108663609375 0.66749264453125 0.057784685546875 0.62973591796875 0 0.577940587890625 0
0 0.65678705078125 0.144649333984375 0.6524857265625 0.14996102734375 0.7056278203125 0.197482451171875 0.794037923828125 0.1371629453125 0.793470056640625 0.13655398046875 0.73452349609375 0.091193982421875 0.65678705078125 0.144649333984375
0 0.782825005859375 0.13100523046875 0.7486639453125 0.15769477734375 0.72689678125 0.175442232421875 0.75930083984375 0.26257733203125 0.764181705078125 0.26781141796875 0.8195985390625 0.221517662109375 0.782825005859375 0.13100523046875
0 0.536279564453125 0 0.567018216796875 0.06285382421875 0.56846083203125 0.0642964375 0.61386516015625 0.0206325625 0.606210146484375 0 0.536279564453125 0