0 0.13195177734375 0.8033949140625 0.15208626953125 0.776269201171875 0.08664365234375 0.681731765625 0.08600262109375 0.681361666015625 0.045389173828125 0.7352186484375 0.106467138671875 0.82849333203125 0.11051627734375 0.8308311015625 0.13195177734375 0.8033949140625
0 0.1072886328125 0.744437892578125 0.21290887890625 0.691006408203125 0.21301273828125 0.69082651953125 0.16538826171875 0.643032720703125 0.0591708671875 0.69613958203125 0.1072886328125 0.744437892578125
0 0.19113190234375 0.5025572421875 0.19058169921875 0.503637078125 0.257665810546875 0.540557884765625 0.33876893359375 0.45562712890625 0.332698912109375 0.4521226015625 0.269340078125 0.421933595703125 0.19113190234375 0.5025572421875
0 0.188498341796875 0.483286697265625 0.16352395703125 0.552191064453125 0.25408012890625 0.6223485546875 0.2557963125 0.6229731953125 0.257611748046875 0.619828767578125 0.264995677734375 0.599541587890625 0.279824962890625 0.5485275859375 0.189888962890625 0.48087807421875 0.188498341796875 0.483286697265625
0 0.10148558203125 0.640247216796875 0.11364126171875 0.64854285546875 0.168307708984375 0.68541583984375 0.260739154296875 0.61128694140625 0.262633708984375 0.6080054765625 0.221788138671875 0.580135177734375 0.19848855078125 0.564419408203125 0.101757431640625 0.639776361328125 0.10148558203125 0.640247216796875
0 0.340227171875 0.483493673828125 0.3426600546875 0.48419129296875 0.36655520703125 0.409673009765625 0.264783111328125 0.34856083203125 0.243870681640625 0.42149114453125 0.340227171875 0.483493673828125
0 0.33568773046875 0.405301515625 0.3469360859375 0.41030960546875 0.4214542421875 0.31689448828125 0.34732617578125 0.28122926171875 0.272526619140625 0.375466927734375 0.33568773046875 0.405301515625
0 0.519623732421875 0 0.442880248046875 0.1041778515625 0.51746461328125 0.14116509375 0.59655859765625 0.030237740234375 0.598434861328125 0.02639083203125 0.594274029296875 0.023988576171875 0.54387952734375 0 0.519623732421875 0
0 0.4968446328125 0.22570394921875 0.4969865234375 0.22582301171875 0.499161296875 0.2270786171875 0.501073685546875 0.22479951953125 0.553568033203125 0.159942791015625 0.46466083984375 0.053879919921875 0.46435972265625 0.053627251953125 0.46218494921875 0.052371646484375 0.457369099609375 0.058110953125 0.40844123828125 0.117405443359375 0.4968446328125 0.22570394921875
0 0.347223798828125 0.208366142578125 0.3357660703125 0.24273094140625 0.322685607421875 0.28298846484375 0.44142084765625 0.35402421875 0.448008966796875 0.356164826171875 0.470056451171875 0.294612416015625 0.473438822265625 0.2842025546875 0.34796861328125 0.20707608984375 0.347223798828125 0.208366142578125
0 0.372761755859375 0.185584576171875 0.452674728515625 0.29405900390625 0.45846616796875 0.29740269140625 0.51104555078125 0.23750786328125 0.41934840234375 0.127660185546875 0.372761755859375 0.185584576171875
0 0.184084181640625 0.71985091796875 0.1596549765625 0.79431868359375 0.28768238671875 0.886859896484375 0.289036798828125 0.887273982421875 0.28974938671875 0.886039744140625 0.31390940234375 0.807015888671875 0.184084181640625 0.71985091796875
0 0.195042681640625 0.900373751953125 0.282375759765625 0.809278142578125 0.28447622265625 0.80497155078125 0.27891630859375 0.80176153515625 0.2075021328125 0.770392369140625 0.153570568359375 0.87733914453125 0.184895951171875 0.89542486328125 0.195042681640625 0.900373751953125
0 0.323523625 0.561874890625 0.35837663671875 0.57748116796875 0.4020483671875 0.59512569140625 0.487748171875 0.475829185546875 0.488575306640625 0.473781953125 0.418326904296875 0.444244064453125 0.323523625 0.561874890625
0 0.215068181640625 0.707574068359375 0.31542852734375 0.822812169921875 0.35689057421875 0.750997794921875 0.260676833984375 0.643284962890625 0.25972794921875 0.64273712109375 0.215068181640625 0.707574068359375
0 0.30088669921875 0.56413402734375 0.37679462890625 0.679653869140625 0.383241212890625 0.683375806640625 0.43127741015625 0.628116486328125 0.35180359375 0.495979294921875 0.30088669921875 0.56413402734375
0 0.35369730078125 0.75111694140625 0.3560406640625 0.7524698828125 0.3940130546875 0.686699775390625 0.294997013671875 0.57162966015625 0.253799396484375 0.641728814453125 0.35369730078125 0.75111694140625
0 0.518701013671875 0.48412559375 0.528095755859375 0.46909086328125 0.43502288671875 0.37391787890625 0.419032978515625 0.35952598046875 0.3756591640625 0.42537990234375 0.47344240234375 0.527968234375 0.483732673828125 0.53390932421875 0.518701013671875 0.48412559375
0 0.59358991796875 0.122825681640625 0.60467700390625 0.129226814453125 0.669562310546875 0.155910365234375 0.73107886328125 0.05606317578125 0.69137791015625 0.033141818359375 0.65403875390625 0.01651735546875 0.59358991796875 0.122825681640625
0 0.5481965546875 0.18084905078125 0.604040859375 0.221999810546875 0.6181872734375 0.23190523828125 0.7083250546875 0.136045421875 0.71058262109375 0.132135201171875 0.6405129921875 0.086991212890625 0.5481965546875 0.18084905078125
0 0.458239228515625 0.317178328125 0.5207236640625 0.37716502734375 0.62233971484375 0.3043391875 0.626147927734375 0.30025537890625 0.6276916171875 0.29758162890625 0.568100140625 0.24342573828125 0.458239228515625 0.317178328125
0 0.657946724609375 0.191192232421875 0.6593680546875 0.186817828125 0.57782906640625 0.162502857421875 0.51562577734375 0.279885658203125 0.523168908203125 0.2842406875 0.59344921484375 0.30707614453125 0.657946724609375 0.191192232421875
0 0.51012304296875 0.31411525390625 0.422744884765625 0.408487029296875 0.491543421875 0.4482078828125 0.58004307421875 0.358236326171875 0.582287896484375 0.35434818359375 0.51012304296875 0.31411525390625
0 0.532728048828125 1 0.416155052734375 0.873949484375 0.37680173046875 0.942022255859375 0.37440292578125 0.94634981640625 0.4308158828125 1 0.532728048828125 1
0 0.927534271484375 0.36159398828125 0.79996944921875 0.22482641796875 0.74336069140625 0.30161663671875 0.867892298828125 0.427336021484375 0.876418435546875 0.43225858984375 0.90021647265625 0.40067752734375 0.927534271484375 0.36159398828125
0 0.417271615234375 0.96863748046875 0.490228689453125 0.99837269921875 0.490779349609375 0.998573123046875 0.59442179296875 0.84152241796875 0.595733091796875 0.83791965234375 0.52625820703125 0.81443441796875 0.417271615234375 0.96863748046875
0 0.63896112109375 0.54160677734375 0.7180905390625 0.59105232421875 0.83892766015625 0.45959909765625 0.84071919921875 0.45673203515625 0.843596482421875 0.45174843359375 0.77294624609375 0.4025158984375 0.63896112109375 0.54160677734375
0 0.784421158203125 0.28731465234375 0.81372201953125 0.3097312890625 0.85809791015625 0.34197226171875 0.982959513671875 0.21661458203125 0.98619810546875 0.211005177734375 0.934929751953125 0.1737565390625 0.90670916015625 0.157463373046875 0.784421158203125 0.28731465234375
0 0.50717987890625 0.89548565234375 0.54022894921875 0.908838345703125 0.653647908203125 0.75777437890625 0.65503848828125 0.7543325703125 0.574986771484375 0.723059810546875 0.46324979296875 0.87571056640625 0.472141529296875 0.88084421484375 0.50717987890625 0.89548565234375
0 0.72899969140625 0.48989162890625 0.595522849609375 0.610260623046875 0.59465880078125 0.61149461328125 0.634878181640625 0.640997111328125 0.66857296484375 0.664590451171875 0.79953975390625 0.54055692578125 0.801799607421875 0.53664274609375 0.72899969140625 0.48989162890625
0 0.85562819140625 0.48298932421875 0.880650392578125 0.457967125 0.77076415234375 0.303646630859375 0.71009516796875 0.3732706875 0.80848815625 0.52101684765625 0.808776263671875 0.521304955078125 0.81391527734375 0.52427196484375 0.85562819140625 0.48298932421875
0 0.5131358359375 0.71350533203125 0.64982610546875 0.83920223046875 0.65381409765625 0.84132268359375 0.684749806640625 0.78675074609375 0.69845596875 0.760973203125 0.560966638671875 0.631009916015625 0.5131358359375 0.71350533203125
0 0.731327416015625 0.70763759765625 0.635717314453125 0.546542201171875 0.635013119140625 0.54586216796875 0.57328697265625 0.617705818359375 0.58403362109375 0.6347537265625 0.66999990234375 0.76594191015625 0.672529171875 0.767402185546875 0.731327416015625 0.70763759765625
0 0.27008648046875 0 0.325622125 0.06012960546875 0.32613388671875 0.060425068359375 0.37166744140625 0 0.27008648046875 0
0 0.25223237890625 0 0.22220027734375 0.06427648828125 0.301673103515625 0.1290880390625 0.302539955078125 0.12951083203125 0.30426098828125 0.126529912109375 0.33504725390625 0.05806939453125 0.25786805859375 0 0.25223237890625 0
0 0.1716322578125 0.142060431640625 0.19228952734375 0.15706881640625 0.23378047265625 0.18553858984375 0.30432156640625 0.12329998828125 0.30909314453125 0.11503537109375 0.250617419921875 0.075765033203125 0.1716322578125 0.142060431640625
0 0.152356451171875 0.185374169921875 0.20289168359375 0.26170830859375 0.208137849609375 0.26473718359375 0.259179466796875 0.21000175390625 0.20256917578125 0.123098828125 0.152356451171875 0.185374169921875
0 0.718244212890625 1 0.78495305078125 0.88577349609375 0.7004964765625 0.863673865234375 0.614731224609375 1 0.718244212890625 1
0 0.63089535546875 0.900375990234375 0.6311708984375 0.90059843359375 0.704799755859375 0.958123603515625 0.847921044921875 0.850508072265625 0.8491903046875 0.84830965234375 0.78178029296875 0.78956055078125 0.63089535546875 0.900375990234375
0 0.74914040234375 1 0.75270610546875 0.9966751875 0.757494591796875 0.98838128515625 0.679168376953125 0.94482475390625 0.6218309765625 1 0.74914040234375 1
0 0.873033603515625 0.831707369140625 0.758412240234375 0.6818830625 0.701219837890625 0.761492224609375 0.819677095703125 0.9010720078125 0.822244724609375 0.9025544296875 0.838439171875 0.881063669921875 0.873033603515625 0.831707369140625
0 1 0.389884505859375 0.9630282265625 0.34157207421875 0.90124863671875 0.4062842890625 1 0.5493379375 1 0.389884505859375
0 1 0.52712559375 0.894116107421875 0.433455248046875 0.892831404296875 0.4327135234375 0.85398407421875 0.49938159765625 0.84516351171875 0.51465926171875 0.987126681640625 0.64412203125 0.98832820703125 0.644815732421875 1 0.624599595703125 1 0.52712559375
0 1 0.591884330078125 0.929081611328125 0.532376734375 0.7779608984375 0.649807603515625 0.77696237109375 0.6515371015625 0.793030578125 0.665019931640625 0.851473216796875 0.7121845234375 1 0.60102203515625 1 0.591884330078125
0 0.803306390625 0.597532583984375 0.74717108984375 0.677702099609375 0.881156720703125 0.822868 0.92845832421875 0.75788841015625 0.93530344921875 0.74603230859375 0.80363055078125 0.59771973828125 0.803306390625 0.597532583984375
0 1 0.284116560546875 0.978561220703125 0.27019254296875 0.967694390625 0.29349653515625 0.937947822265625 0.36521678515625 1 0.40335456640625 1 0.284116560546875
0 0 0.441697134765625 0.062804978515625 0.52520500390625 0.0639335234375 0.52608671875 0.06825337109375 0.52858078515625 0.086740759765625 0.5063305546875 0.11055158984375 0.47585408203125 0.045273181640625 0.384438474609375 0 0.440387009765625 0 0.441697134765625
0 0.15379901953125 0.30799078125 0.1695165859375 0.314015060546875 0.22715636328125 0.24054405859375 0.22811740625 0.238165396484375 0.16114621484375 0.209918736328125 0.10701498828125 0.28754375390625 0.11592923046875 0.29269039453125 0.15379901953125 0.30799078125
0 0 0.54321508984375 0.024800908203125 0.59370447265625 0.02721506640625 0.595098287109375 0.072589421875 0.5447049609375 0.075405525390625 0.5414649140625 0.014614845703125 0.445426408203125 0 0.463039 0 0.54321508984375
0 0.0879272890625 0.446120107421875 0.162577544921875 0.378182833984375 0.16482631640625 0.374287849609375 0.10063829296875 0.337855591796875 0.02670596875 0.40563604296875 0.02617102734375 0.406526333984375 0.068644310546875 0.434964166015625 0.06961877734375 0.43554968359375 0.0879272890625 0.446120107421875
0 0.184719662109375 0.331234748046875 0.117307400390625 0.25922415234375 0.08166315625 0.32144096875 0.14353534765625 0.39162289453125 0.14820751171875 0.394320369140625 0.1669459765625 0.36313432421875 0.184719662109375 0.331234748046875
0 0 0.61780087890625 0.06393762109375 0.586532197265625 0.065559078125 0.58372375 0.022731333984375 0.53918887890625 0 0.547622572265625 0 0.61780087890625