0 0.576019390625 0 0.567659203125 0.076738375 0.62549873828125 0.10492376171875 0.62943344140625 0.100234564453125 0.6429723984375 0 0.576019390625 0
0 0.63441162890625 0.096338861328125 0.5295534375 0.040973697265625 0.48060008203125 0.08842487890625 0.58587445703125 0.14337740234375 0.63441162890625 0.096338861328125
0 0.394612759765625 0.362838060546875 0.395643482421875 0.362003396484375 0.458178869140625 0.26884005859375 0.414887306640625 0.212373888671875 0.410352818359375 0.208569001953125 0.34457401953125 0.30492258984375 0.394612759765625 0.362838060546875
0 0.465167859375 0.146460240234375 0.39831262890625 0.241115591796875 0.44315906640625 0.300795419921875 0.44715697265625 0.297782783203125 0.51060293359375 0.210615873046875 0.48173435546875 0.16651458203125 0.469123505859375 0.149779421875 0.465167859375 0.146460240234375
0 0.581775931640625 0.171615486328125 0.58924993359375 0.16270831640625 0.485846181640625 0.100773783203125 0.426547076171875 0.152882197265625 0.529848587890625 0.21675523828125 0.581775931640625 0.171615486328125
0 0.27960334765625 0.365177244140625 0.2800252578125 0.36542083203125 0.393619416015625 0.39214762890625 0.430814701171875 0.32772350390625 0.428223814453125 0.325549490234375 0.3168968359375 0.295686201171875 0.27960334765625 0.365177244140625
0 0.34490361328125 0.365546373046875 0.28423682421875 0.330920234375 0.249945109375 0.44624494921875 0.321643578125 0.486490787109375 0.32170625 0.48641609765625 0.355457791015625 0.37188796484375 0.34490361328125 0.365546373046875
0 0.179029419921875 0.692914 0.18174953515625 0.689672294921875 0.081351392578125 0.5943641171875 0.0151948515625 0.64490316796875 0.117636267578125 0.73917705859375 0.179029419921875 0.692914
0 0.087639451171875 0.6401397890625 0.15383484765625 0.693769900390625 0.160026328125 0.686391181640625 0.220305685546875 0.56922373828125 0.205680498046875 0.55695175 0.153477865234375 0.516166583984375 0.087639451171875 0.6401397890625
0 0.22870241015625 0.41160128515625 0.172440931640625 0.4653791484375 0.2909402890625 0.54869024609375 0.3448796640625 0.500123013671875 0.3490034140625 0.49520851953125 0.346251169921875 0.49215184375 0.22870241015625 0.41160128515625
0 0.29751905078125 0.54426669140625 0.28688372265625 0.53534259375 0.173959390625 0.473123267578125 0.1235194375 0.538334728515625 0.25131448828125 0.59895896484375 0.29751905078125 0.54426669140625
0 0.72844 0.0703725234375 0.7124376953125 0.05206883203125 0.7105351484375 0.05047240625 0.62515234765625 0.181337029296875 0.678606400390625 0.24600818359375 0.67862558984375 0.246024287109375 0.68067165234375 0.2443074375 0.761765064453125 0.110087791015625 0.72844 0.0703725234375
0 0.709657298828125 0.19205046875 0.793084005859375 0.1142538046875 0.800260146484375 0.10570161328125 0.772579328125 0.076017568359375 0.7484279296875 0.055752140625 0.688104208984375 0.16365326171875 0.709657298828125 0.19205046875
0 0.47178838671875 0.312416810546875 0.427202267578125 0.4555010703125 0.4997054921875 0.49548934375 0.50243666015625 0.49223446484375 0.502751203125 0.491710978515625 0.5380318046875 0.35159775 0.47213543359375 0.31200321484375 0.47178838671875 0.312416810546875
0 0.680287142578125 0.282985021484375 0.689526060546875 0.27495375 0.73610637890625 0.227455337890625 0.734879591796875 0.22604408203125 0.610291181640625 0.1518552109375 0.54795801953125 0.2063103359375 0.548155291015625 0.20653726953125 0.680287142578125 0.282985021484375
0 0.535619373046875 0.439439857421875 0.53953369140625 0.43509256640625 0.60208384765625 0.30858120703125 0.560726353515625 0.265397615234375 0.542077318359375 0.249749216796875 0.48028093359375 0.3883848203125 0.535619373046875 0.439439857421875
0 0.58017875390625 0.37614782421875 0.582330263671875 0.37427754296875 0.65677034375 0.243830939453125 0.611453611328125 0.191700001953125 0.605777896484375 0.18693751171875 0.527021083984375 0.31594334765625 0.58017875390625 0.37614782421875
0 0.4964402890625 0.516693244140625 0.5261943984375 0.46282844140625 0.522793951171875 0.45997512890625 0.5194645 0.457894654296875 0.38093459375 0.41388049609375 0.34075930859375 0.48173308203125 0.360704171875 0.48979572265625 0.487045546875 0.53172797265625 0.4964402890625 0.516693244140625
0 0.18164070703125 0.872113375 0.1868304921875 0.865928431640625 0.232884265625 0.759385376953125 0.164488318359375 0.7214728828125 0.156013498046875 0.7169065625 0.112677205078125 0.82770123046875 0.134395099609375 0.84592470703125 0.18164070703125 0.872113375
0 0.27017180859375 0.688496591796875 0.20927573046875 0.65527552734375 0.16322625390625 0.778608671875 0.233274318359375 0.82273292578125 0.236541333984375 0.81883944921875 0.28512770703125 0.69713138671875 0.27017180859375 0.688496591796875
0 0.249866962890625 0.600835666015625 0.25061787109375 0.601586572265625 0.36165698828125 0.670633859375 0.40766308203125 0.62462776171875 0.4188760859375 0.611264626953125 0.310047859375 0.53888187109375 0.249866962890625 0.600835666015625
0 0.358986892578125 0.68506860546875 0.3659526484375 0.676767142578125 0.25263998046875 0.6057411640625 0.1941424140625 0.667610580078125 0.193603224609375 0.66825316015625 0.31091047265625 0.738462880859375 0.358986892578125 0.68506860546875
0 0.47221241015625 0.529715615234375 0.466530248046875 0.52494771484375 0.346799595703125 0.48954432421875 0.30609586328125 0.5576575234375 0.429605408203125 0.598274037109375 0.47221241015625 0.529715615234375
0 0.916568423828125 0.21271285546875 0.88259683203125 0.3758517578125 0.941640984375 0.413650916015625 0.944775998046875 0.409914751953125 0.945193390625 0.4091918046875 0.98741868359375 0.256289193359375 0.97721456640625 0.247726921875 0.916568423828125 0.21271285546875
0 0.563985015625 0.87800192578125 0.562838021484375 0.87719879296875 0.397745658203125 0.80019373828125 0.343464291015625 0.8721020703125 0.5117002734375 0.95681919921875 0.53096962890625 0.929906869140625 0.5660818671875 0.87976139453125 0.563985015625 0.87800192578125
0 0.8830296015625 0.25551280078125 0.81570143359375 0.43484562890625 0.88266145703125 0.47640402734375 0.88381451953125 0.474694541015625 0.943826794921875 0.29788739453125 0.90378873046875 0.269515009765625 0.8830296015625 0.25551280078125
0 0.49522564453125 0.782432533203125 0.56451715234375 0.841212228515625 0.5722869140625 0.83195258984375 0.65721147265625 0.67271006640625 0.641301876953125 0.659360330078125 0.587542900390625 0.618659455078125 0.49522564453125 0.782432533203125
0 0.47770011328125 1 0.4962795625 0.983893287109375 0.49079381640625 0.9768718515625 0.362173802734375 0.85645412890625 0.2914486796875 0.9145852265625 0.37770794921875 1 0.47770011328125 1
0 0.83457438671875 0.33608688671875 0.73783932421875 0.498382740234375 0.79790474609375 0.559851494140625 0.80052960546875 0.55722663671875 0.89526840234375 0.393798541015625 0.8700638828125 0.3685940234375 0.85022323828125 0.34921783203125 0.83457438671875 0.33608688671875
0 0.736206140625 0.698241921875 0.740291857421875 0.694933373046875 0.74423074609375 0.69023919140625 0.6022831484375 0.573465453125 0.585815107421875 0.586801009765625 0.53244563671875 0.63200001171875 0.53284687890625 0.6324955 0.67509367578125 0.74380706640625 0.736206140625 0.698241921875
0 0.407229439453125 0.819897541015625 0.40785975 0.82042643359375 0.5848476328125 0.866732947265625 0.630688865234375 0.787114783203125 0.629800505859375 0.786369359375 0.449059966796875 0.7329916328125 0.407229439453125 0.819897541015625
0 0.86708755078125 0.493690705078125 0.685052099609375 0.45698873828125 0.64642614453125 0.544174259765625 0.832382853515625 0.579014958984375 0.845181044921875 0.55277478125 0.871147119140625 0.4956706875 0.86708755078125 0.493690705078125
0 0.5916025234375 0.563072107421875 0.74375193359375 0.6723587734375 0.8092415234375 0.618309900390625 0.808483302734375 0.617373576171875 0.683982908203125 0.519273228515625 0.66793650390625 0.50708165234375 0.590986453125 0.562311322265625 0.5916025234375 0.563072107421875
0 0 0.476677322265625 0.041185880859375 0.49089278515625 0.082169970703125 0.424758326171875 0.080280869140625 0.423173181640625 0 0.3989317109375 0 0.476677322265625
0 0.06701412890625 0.454493396484375 0.06928918359375 0.451782095703125 0.1132098046875 0.36176368359375 0.070944484375 0.32355257421875 0.058338529296875 0.312974923828125 0.01077021875 0.40465712890625 0.06701412890625 0.454493396484375
0 0.13289939453125 0.392990126953125 0.1363082890625 0.388927564453125 0.15788808203125 0.299080076171875 0.089404134765625 0.257734158203125 0.06590762890625 0.3588561171875 0.13289939453125 0.392990126953125
0 1 0.430221810546875 0.97026736328125 0.415072275390625 0.93276699609375 0.5959184609375 1 0.63085040234375 1 0.430221810546875
0 1 0.5675895859375 0.86124096875 0.539875568359375 0.860262826171875 0.54179528125 0.8244468671875 0.622514984375 1 0.659638427734375 1 0.5675895859375
0 1 0.39672706640625 0.979172009765625 0.39233826953125 0.942581650390625 0.458561630859375 0.93481651171875 0.47316573046875 0.935626154296875 0.473596224609375 1 0.4861066484375 1 0.39672706640625
0 0.953002583984375 0.6270056015625 0.896122111328125 0.559283126953125 0.787962275390625 0.71192811328125 0.84820091796875 0.781976767578125 0.8513563984375 0.784624529296875 0.85497873046875 0.781362966796875 0.953002583984375 0.6270056015625
0 0.666023388671875 1 0.709412224609375 0.919839439453125 0.630315322265625 0.8602356484375 0.56329834765625 1 0.666023388671875 1
0 0.737782453125 0.984799216796875 0.798542123046875 0.919642447265625 0.802264453125 0.91520634765625 0.801416634765625 0.914415744140625 0.638189759765625 0.814380896484375 0.6005985078125 0.854692576171875 0.571742478515625 0.886112205078125 0.572762265625 0.887063171875 0.737782453125 0.984799216796875
0 0.63405158984375 0.838889216796875 0.635099751953125 0.83976873046875 0.817376541015625 0.89846547265625 0.86639577734375 0.81356166015625 0.86254049609375 0.810326693359375 0.68384424609375 0.75633281640625 0.63405158984375 0.838889216796875
0 0.8355158203125 0.634672880859375 0.7263043984375 0.798388392578125 0.793547302734375 0.86802045703125 0.79714140625 0.864549673828125 0.901885958984375 0.700758158203125 0.87847091796875 0.67651117578125 0.842041626953125 0.64014868359375 0.8355158203125 0.634672880859375
0 0.63830735546875 1 0.64228095703125 0.990371142578125 0.584917109375 0.95525519921875 0.553408001953125 0.93778941796875 0.52953113671875 1 0.63830735546875 1
0 0.373050498046875 0.073243994140625 0.37155459765625 0.072546443359375 0.267798818359375 0.054351826171875 0.23817143359375 0.120832166015625 0.349259111328125 0.1374938359375 0.36560395703125 0.102442203125 0.3768084453125 0.07639728515625 0.373050498046875 0.073243994140625
0 0.165147166015625 0.20474721875 0.116591572265625 0.2859260625 0.161193626953125 0.335512134765625 0.16667796484375 0.330397904296875 0.216479873046875 0.256869259765625 0.193440814453125 0.23216289453125 0.175177068359375 0.213163306640625 0.165147166015625 0.20474721875
0 0.3194955625 0 0.27933530078125 0.04459576171875 0.38949637109375 0.0828733046875 0.4224190234375 0.047954068359375 0.43008527734375 0.038817783203125 0.42608580859375 0.03534109765625 0.351432748046875 0 0.3194955625 0
0 0.275437470703125 0.22311986328125 0.27556557421875 0.222943541015625 0.308617177734375 0.129682685546875 0.295434646484375 0.11959609765625 0.248356443359375 0.085391779296875 0.21342915234375 0.185103244140625 0.274053916015625 0.22476871875 0.275437470703125 0.22311986328125
0 0.146555201171875 0.23808889453125 0.24366371875 0.25540579296875 0.260736712890625 0.223125771484375 0.27675158984375 0.190290408203125 0.274444896484375 0.18835486328125 0.1793213671875 0.17430941015625 0.146555201171875 0.23808889453125
0 0.355039177734375 0 0.42319773828125 0.046079076171875 0.42801464453125 0.04244927734375 0.4795621953125 0.000088240234375 0.479495701171875 0 0.355039177734375 0