0 0.064797515625 0.69653543359375 0.0444885859375 0.764724533203125 0.13346186328125 0.827738515625 0.1387331171875 0.82945125 0.14070287890625 0.825897705078125 0.15879117578125 0.76680687890625 0.064797515625 0.69653543359375
0 0.088654017578125 0.67181395703125 0.14358958984375 0.77585852734375 0.144382001953125 0.77629776953125 0.19105772265625 0.728134974609375 0.13610519921875 0.622860599609375 0.088654017578125 0.67181395703125
0 0.321708595703125 0.50419928515625 0.25564397265625 0.40742701953125 0.255038162109375 0.40709121484375 0.25227134375 0.410507951171875 0.208103748046875 0.46811675390625 0.269746126953125 0.559949720703125 0.272311720703125 0.561371853515625 0.321708595703125 0.50419928515625
0 0.19317744140625 0.48469737109375 0.168273265625 0.560405357421875 0.25204445703125 0.6281218046875 0.25356442578125 0.628735912109375 0.259305314453125 0.618379080078125 0.28308684765625 0.55951771875 0.19317744140625 0.48469737109375
0 0.184261861328125 0.547592748046875 0.184225748046875 0.547557876953125 0.1278211171875 0.60533451171875 0.184874396484375 0.709418533203125 0.187170333984375 0.71069119140625 0.24109792578125 0.65484753515625 0.184261861328125 0.547592748046875
0 0.2797655078125 0.47657187109375 0.378865138671875 0.418802017578125 0.380077599609375 0.4166146796875 0.32493308203125 0.3618938359375 0.224278166015625 0.42482908984375 0.2797655078125 0.47657187109375
0 0.264827833984375 0.3591604921875 0.31889515234375 0.40338891796875 0.32859781640625 0.410969470703125 0.4234235703125 0.33841648046875 0.42347083984375 0.338331205078125 0.3602036796875 0.285817736328125 0.264827833984375 0.3591604921875
0 0.5053045625 0 0.44007929296875 0.11127375390625 0.443425419921875 0.11312854296875 0.5178267578125 0.140764662109375 0.584892390625 0.022177408203125 0.58648648046875 0.01779769140625 0.53610213671875 0 0.5053045625 0
0 0.4003813125 0.185739302734375 0.44966400390625 0.20465715625 0.479564681640625 0.2155320390625 0.54817305859375 0.10147744140625 0.55098749609375 0.09414558203125 0.549284232421875 0.09320144921875 0.47253587109375 0.064463154296875 0.39817198046875 0.184514650390625 0.4003813125 0.185739302734375
0 0.322948185546875 0.26296619921875 0.418057046875 0.363467251953125 0.425965751953125 0.367851119140625 0.46808550390625 0.302992388671875 0.367262720703125 0.198984681640625 0.322948185546875 0.26296619921875
0 0.41678101953125 0.1299869921875 0.36131907421875 0.190984501953125 0.445849005859375 0.295915890625 0.44831941015625 0.29806337890625 0.452692353515625 0.300487341796875 0.4986756171875 0.245313263671875 0.41678101953125 0.1299869921875
0 0.201519701171875 0.71802437890625 0.16696433203125 0.788367537109375 0.28086654296875 0.89782612109375 0.28118544140625 0.897974826171875 0.290811388671875 0.88060916015625 0.317950455078125 0.8224092421875 0.201519701171875 0.71802437890625
0 0.30463732421875 0.863469935546875 0.18491738671875 0.797759189453125 0.164539908203125 0.78692429296875 0.1505607265625 0.82118265234375 0.2631677734375 0.93694659765625 0.264538509765625 0.937675431640625 0.2977925703125 0.87768351953125 0.30463732421875 0.863469935546875
0 0.48288571875 0.530304591796875 0.36554251171875 0.436319912109375 0.340580220703125 0.487943861328125 0.332347455078125 0.5055990859375 0.44200933984375 0.60387807421875 0.4451113203125 0.605324552734375 0.4762717265625 0.54448834765625 0.48288571875 0.530304591796875
0 0.3723047734375 0.6957593984375 0.374208634765625 0.69104717578125 0.299061833984375 0.66047069140625 0.20417580078125 0.772644298828125 0.2749126796875 0.80800358203125 0.3723047734375 0.6957593984375
0 0.31348564453125 0.5143826796875 0.29759891015625 0.59796024609375 0.417293427734375 0.66900461328125 0.42329301953125 0.67061219921875 0.42363067578125 0.670003056640625 0.4428413671875 0.5983077734375 0.31348564453125 0.5143826796875
0 0.40713851171875 0.614180228515625 0.40795112890625 0.6109209921875 0.335353138671875 0.59134151953125 0.251258892578125 0.71941869921875 0.25483305859375 0.721399892578125 0.32970343359375 0.740067171875 0.40713851171875 0.614180228515625
0 0.46594629296875 0.531145462890625 0.476798552734375 0.53716096875 0.519967228515625 0.482637755859375 0.523192162109375 0.478358123046875 0.427270392578125 0.35831187890625 0.376136736328125 0.419068619140625 0.37469515625 0.42098166015625 0.459651228515625 0.52455318359375 0.46545701171875 0.53077676171875 0.46594629296875 0.531145462890625
0 0.614864080078125 0.00333208984375 0.58102714453125 0.084286369140625 0.70101521484375 0.14707687109375 0.709750572265625 0.15060618359375 0.71219198046875 0.146201767578125 0.738994787109375 0.07395568359375 0.614864080078125 0.00333208984375
0 0.539429734375 0.1719302109375 0.5613923203125 0.19102199609375 0.604352857421875 0.22555401953125 0.702120154296875 0.14503433203125 0.704583400390625 0.14059051953125 0.6420225546875 0.08349284765625 0.539429734375 0.1719302109375
0 0.59733207421875 0.33729994921875 0.6105910546875 0.313380115234375 0.51245406640625 0.226946775390625 0.51150701171875 0.2263999921875 0.47106469140625 0.298573232421875 0.56345715625 0.385109654296875 0.568208541015625 0.387743390625 0.59733207421875 0.33729994921875
0 0.652368091796875 0.25324920703125 0.566928556640625 0.14804111328125 0.512993439453125 0.2108930546875 0.595837107421875 0.317306599609375 0.59709590625 0.31800436328125 0.63224339453125 0.277571802734375 0.652368091796875 0.25324920703125
0 0.415576810546875 0.390792841796875 0.463837283203125 0.43601411328125 0.47350600390625 0.445030345703125 0.580838109375 0.376724591796875 0.58334108203125 0.37220911328125 0.52310637890625 0.317705900390625 0.415576810546875 0.390792841796875
0 0.49706425 1 0.565622515625 0.91897840234375 0.56666784375 0.916391125 0.49597437890625 0.886336205078125 0.490550208984375 0.88414469921875 0.40462737890625 1 0.49706425 1
0 0.76011899609375 0.394904060546875 0.83350298828125 0.42219118359375 0.925588646484375 0.25790802734375 0.9255995234375 0.25787969140625 0.840391802734375 0.22862017578125 0.744969923828125 0.387466833984375 0.75448643359375 0.392741921875 0.76011899609375 0.394904060546875
0 0.59478525 0.948811369140625 0.6022912734375 0.930847626953125 0.45606636328125 0.811369857421875 0.421057998046875 0.882596552734375 0.567506494140625 0.99465405078125 0.57285459375 0.9970351796875 0.575192326171875 0.992817796875 0.59478525 0.948811369140625
0 0.8360628125 0.515749154296875 0.69060045703125 0.38961743359375 0.645748609375 0.47156750390625 0.78423412890625 0.586093921875 0.791431025390625 0.5900832265625 0.82303816015625 0.539246251953125 0.8360628125 0.515749154296875
0 0.90578919140625 0.153255587890625 0.778229185546875 0.27523191796875 0.77819269140625 0.27529775390625 0.806263087890625 0.29920258203125 0.84889080078125 0.33372182421875 0.982450484375 0.212983826171875 0.984108080078125 0.209993447265625 0.931950376953125 0.167756970703125 0.90578919140625 0.153255587890625
0 0.481751560546875 0.769907162109375 0.585255306640625 0.918847861328125 0.593036783203125 0.923161203125 0.64566346484375 0.86262112890625 0.53802415625 0.70364298828125 0.481751560546875 0.769907162109375
0 0.7924272265625 0.51112424609375 0.71037119140625 0.481730962890625 0.607392486328125 0.62904066796875 0.60682816796875 0.6304373984375 0.65265334765625 0.65013635546875 0.6907918828125 0.665545322265625 0.79305541015625 0.511378046875 0.7924272265625 0.51112424609375
0 0.7472591484375 0.30477070703125 0.746779806640625 0.30450500390625 0.69371534765625 0.38529703515625 0.83284892578125 0.512998060546875 0.83351084765625 0.513364970703125 0.87828984765625 0.432807912109375 0.7472591484375 0.30477070703125
0 0.51587076171875 0.727937744140625 0.67210274609375 0.82704021484375 0.676751947265625 0.828461615234375 0.69718923046875 0.769459375 0.706507873046875 0.738979466796875 0.5454187265625 0.6398734609375 0.51587076171875 0.727937744140625
0 0.7654155625 0.6303085078125 0.70261306640625 0.57468099609375 0.54619204296875 0.678957970703125 0.55074601953125 0.6829166796875 0.621075734375 0.73721151171875 0.637537841796875 0.725587375 0.76281012890625 0.633779591796875 0.764690626953125 0.631616328125 0.7654155625 0.6303085078125
0 0.260400427734375 0 0.30805773828125 0.059530900390625 0.3145466171875 0.063127744140625 0.36328214453125 0.005047001953125 0.3590882421875 0 0.260400427734375 0
0 0.20238406640625 0.083552982421875 0.2287255703125 0.100012982421875 0.265775052734375 0.122312892578125 0.33451926171875 0.054041884765625 0.337808595703125 0.04810776953125 0.27139768359375 0.00943528515625 0.20238406640625 0.083552982421875
0 0.18769568359375 0.17407921484375 0.2457461015625 0.187357462890625 0.29483033203125 0.098777720703125 0.295469853515625 0.096391 0.222125421875 0.078841197265625 0.174710005859375 0.16962358984375 0.17811873828125 0.17151308203125 0.18769568359375 0.17407921484375
0 0.26379966015625 0.1746491171875 0.264567169921875 0.172749458984375 0.19305536328125 0.14385681640625 0.132931140625 0.22685726953125 0.138652173828125 0.230028490234375 0.208286419921875 0.25249195703125 0.26379966015625 0.1746491171875
0 0.716644861328125 1 0.8049705390625 0.90288075390625 0.72695431640625 0.86370454296875 0.597403984375 0.99704161328125 0.60274105859375 1 0.716644861328125 1
0 0.77911295703125 0.78030726953125 0.642170142578125 0.89909905078125 0.641149486328125 0.900612236328125 0.692539388671875 0.93943973046875 0.714002359375 0.953916685546875 0.85345190234375 0.83567609375 0.854843931640625 0.83316480859375 0.77911295703125 0.78030726953125
0 0.75565085546875 1 0.762153828125 0.9939363515625 0.7667341953125 0.985673150390625 0.68851772265625 0.942177646484375 0.628429484375 1 0.75565085546875 1
0 0.888609001953125 0.801865927734375 0.7425644296875 0.6849470390625 0.706554255859375 0.765724447265625 0.846580759765625 0.88996985546875 0.852022662109375 0.88015240234375 0.8623061796875 0.85906806640625 0.888609001953125 0.801865927734375
0 1 0.348944962890625 0.888518939453125 0.499194185546875 0.925071548828125 0.51945562890625 0.967073451171875 0.541788435546875 1 0.501677732421875 1 0.348944962890625
0 1 0.5297559765625 0.91814602734375 0.41914625 0.9160275703125 0.417971970703125 0.86465373046875 0.47457131640625 0.85284951171875 0.487681228515625 0.964166880859375 0.64295649609375 0.96635541796875 0.644169623046875 1 0.606803529296875 1 0.5297559765625
0 0.9823794921875 0.65400622265625 0.861717111328125 0.50399912890625 0.80009703515625 0.582869228515625 0.91865740234375 0.724919625 0.925901591796875 0.72893514453125 0.93132827734375 0.721989302734375 0.9823794921875 0.65400622265625
0 0.9389394453125 0.634168396484375 0.93941292578125 0.632517181640625 0.850216837890625 0.605157669921875 0.752949306640625 0.777771876953125 0.75610266796875 0.7795198125 0.846711130859375 0.80550137109375 0.9389394453125 0.634168396484375
0 1 0.324112302734375 0.929317125 0.393389986328125 0.984984181640625 0.44084359375 1 0.4530031640625 1 0.324112302734375
0 0 0.48839999609375 0.008203720703125 0.495781359375 0.036571853515625 0.520441400390625 0.12349710546875 0.461928125 0.126272224609375 0.45873571484375 0.127277716796875 0.4569217578125 0.07763669921875 0.41107794140625 0 0.4605951796875 0 0.48839999609375
0 0.21382967578125 0.2785650234375 0.15224325390625 0.204869185546875 0.1102678046875 0.265109640625 0.171295080078125 0.330301322265625 0.17687002734375 0.33339156640625 0.21329396484375 0.27939086328125 0.21382967578125 0.2785650234375
0 0 0.548982705078125 0.03352436328125 0.6022994609375 0.0349074453125 0.60306611328125 0.075265673828125 0.54751777734375 0.077727671875 0.5440011171875 0.00723125390625 0.454843076171875 0 0.46569173828125 0 0.548982705078125
0 0.12101031640625 0.457785765625 0.12764216015625 0.459439271484375 0.14825237890625 0.391192755859375 0.05638311328125 0.33665458203125 0.05584135546875 0.33763194140625 0.03971047265625 0.409923830078125 0.12101031640625 0.457785765625
0 0.11205635546875 0.378189759765625 0.139442744140625 0.384416095703125 0.18869662890625 0.30435720703125 0.190190986328125 0.29836365625 0.11867777734375 0.28299924609375 0.07027899609375 0.367204712890625 0.0721439765625 0.368238486328125 0.11205635546875 0.378189759765625
0 0 0.6227868515625 0.064311458984375 0.57373880859375 0.06432635546875 0.57371193359375 0.00127928515625 0.53520838671875 0 0.536362728515625 0 0.6227868515625