0 1 0.34693762109375 0.930564314453125 0.2618541640625 0.9281458515625 0.26034294140625 0.92166176953125 0.2675442421875 0.907906583984375 0.289557140625 0.89071780078125 0.31863887890625 0.966188240234375 0.406404470703125 1 0.350176447265625 1 0.34693762109375
0 0.94385414453125 0.41949558984375 0.900849001953125 0.31216021484375 0.898745888671875 0.310266564453125 0.84789856640625 0.35277900390625 0.89154588671875 0.46322077734375 0.94385414453125 0.41949558984375
0 0.656014453125 0.595408009765625 0.72154732421875 0.62663289453125 0.799755498046875 0.546009248046875 0.800305701171875 0.544929412109375 0.733221591796875 0.50800860546875 0.65218257421875 0.59287223046875 0.653674953125 0.594215974609375 0.656014453125 0.595408009765625
0 0.837327771484375 0.52789521875 0.77792849609375 0.42994512890625 0.776529984375 0.42872941796875 0.758373794921875 0.44889391015625 0.7274385546875 0.48963681640625 0.7871692890625 0.58504188671875 0.80374588671875 0.566631708984375 0.837327771484375 0.52789521875
0 0.8939159296875 0.46876208203125 0.837398083984375 0.366463962890625 0.833459705078125 0.362917830078125 0.779540791015625 0.42073878515625 0.83976975 0.52620650390625 0.8939159296875 0.46876208203125
0 0.67059128515625 0.6996497265625 0.670923541015625 0.70000602734375 0.730244322265625 0.64803628515625 0.6748224609375 0.54387308984375 0.674302765625 0.54340515234375 0.618996369140625 0.594979201171875 0.67059128515625 0.6996497265625
0 0.68085475390625 0.692403765625 0.59852480078125 0.605404017578125 0.55289003125 0.67384703515625 0.635800498046875 0.76103399609375 0.68085475390625 0.692403765625
0 0.42081968359375 0.851718607421875 0.30752991796875 0.9239204453125 0.303142140625 0.92879356640625 0.356895296875 0.98736280078125 0.4761174375 0.913952375 0.42081968359375 0.851718607421875
0 0.4447958359375 0.767779169921875 0.438970380859375 0.77216896484375 0.378852068359375 0.818252162109375 0.4412736484375 0.944972478515625 0.442014986328125 0.94595626953125 0.44453901953125 0.944054271484375 0.510690453125 0.892345703125 0.44941582421875 0.771939025390625 0.4447958359375 0.767779169921875
0 0.584284623046875 0.81806095703125 0.626339240234375 0.752571859375 0.524839259765625 0.652552572265625 0.5219146484375 0.6507952890625 0.51632455859375 0.6570037109375 0.47989344140625 0.7176352734375 0.584284623046875 0.81806095703125
0 0.4852777421875 0.710751953125 0.48177334765625 0.70781141796875 0.42811194921875 0.76893880859375 0.51980909765625 0.878786486328125 0.5663957421875 0.82086209375 0.4852777421875 0.710751953125
0 0.8759941484375 0.31224685546875 0.832641833984375 0.16243905859375 0.829861578125 0.159935703125 0.7622571796875 0.207272810546875 0.81089673828125 0.355888134765625 0.8759941484375 0.31224685546875
0 0.88332786328125 0.173032888671875 0.7765509296875 0.240294787109375 0.773586015625 0.243828232421875 0.782353529296875 0.251722537109375 0.839793169921875 0.296139056640625 0.91890198046875 0.204364673828125 0.894734779296875 0.182604427734375 0.88332786328125 0.173032888671875
0 0.68737341015625 0.484064626953125 0.65860614453125 0.458950232421875 0.622001419921875 0.429308314453125 0.5051673671875 0.51833593359375 0.5037778203125 0.52005187890625 0.56232066015625 0.568837748046875 0.68737341015625 0.484064626953125
0 0.67213529296875 0.31349462890625 0.667602322265625 0.318529001953125 0.71505880078125 0.3783164921875 0.85505458203125 0.315832701171875 0.855479837890625 0.31536041015625 0.799295458984375 0.254812158203125 0.67213529296875 0.31349462890625
0 0.559003775390625 0.43446966796875 0.55534996875 0.4385276328125 0.61179488671875 0.498556787109375 0.743868189453125 0.441652822265625 0.744822 0.4405935078125 0.696932779296875 0.38145524609375 0.559003775390625 0.43446966796875
0 0.731748884765625 0.469121240234375 0.77536783203125 0.400502564453125 0.679010970703125 0.287298291015625 0.677595830078125 0.28641401171875 0.6697010546875 0.295182048828125 0.63580998828125 0.34941908984375 0.731748884765625 0.469121240234375
0 0.443427158203125 0.558160267578125 0.44342017578125 0.55816801953125 0.487558396484375 0.6220792734375 0.629758841796875 0.565702734375 0.63041474609375 0.56522619140625 0.606463783203125 0.52822573828125 0.58416757421875 0.49753763671875 0.462081677734375 0.54776017578125 0.448864861328125 0.55420954296875 0.443427158203125 0.558160267578125
0 0.292415607421875 0.82190755078125 0.269609142578125 0.80252892578125 0.18021494140625 0.878508484375 0.177046333984375 0.882027578125 0.241307193359375 0.93988831640625 0.331775283203125 0.85734716015625 0.292415607421875 0.82190755078125
0 0.354883765625 0.759340990234375 0.305256291015625 0.7353580390625 0.227769984375 0.8362466484375 0.225706576171875 0.8401273515625 0.30050887890625 0.88225203125 0.37963617578125 0.774288232421875 0.374791640625 0.769926193359375 0.354883765625 0.759340990234375
0 0.50430042578125 0.6761255703125 0.50204896875 0.67362507421875 0.4480453359375 0.61517538671875 0.34108362890625 0.674159390625 0.33438448046875 0.68159955078125 0.38919299609375 0.744276625 0.50430042578125 0.6761255703125
0 0.422115638671875 0.77823772265625 0.36914845703125 0.6597174921875 0.36590490625 0.656796986328125 0.29879524609375 0.7020630234375 0.352015478515625 0.82804682421875 0.422115638671875 0.77823772265625
0 0.533418248046875 0.64712696484375 0.4765508828125 0.537757751953125 0.46993175390625 0.531797861328125 0.41088611328125 0.58658913671875 0.474323119140625 0.70007946484375 0.533418248046875 0.64712696484375
0 0.576195859375 0 0.65025932421875 0.153460384765625 0.707795646484375 0.0998678671875 0.711354892578125 0.096430744140625 0.656934845703125 0 0.576195859375 0
0 0.051263318359375 0.553818658203125 0.036032361328125 0.583205720703125 0.187893416015625 0.69464430859375 0.227320984375 0.613633556640625 0.083758611328125 0.501494744140625 0.08138352734375 0.500231890625 0.077408654296875 0.50464643359375 0.051263318359375 0.553818658203125
0 0.50247205859375 0.04897105859375 0.492832755859375 0.065886150390625 0.62340705078125 0.202293681640625 0.666834818359375 0.135864345703125 0.535134302734375 0.00679452734375 0.530361333984375 0.003926638671875 0.527884888671875 0.00667701171875 0.50247205859375 0.04897105859375
0 0.372754642578125 0.44511781640625 0.330479109375 0.389278982421875 0.31882185546875 0.375386408203125 0.155150087890625 0.46267309765625 0.150212828125 0.46815648046875 0.20898156640625 0.53743507421875 0.372754642578125 0.44511781640625
0 0 0.72261434375 0.012037759765625 0.73345319140625 0.04242038671875 0.758056556640625 0.173434677734375 0.63277714453125 0.15921485546875 0.619973560546875 0.145731021484375 0.6084906875 0.103103306640625 0.5739714453125 0 0.66717687109375 0 0.72261434375
0 0.567821912109375 0.105054083984375 0.53634962109375 0.08831997265625 0.407761501953125 0.226700880859375 0.406018771484375 0.22997848046875 0.482363064453125 0.269447607421875 0.610313009765625 0.12835482421875 0.610148240234375 0.12820646484375 0.567821912109375 0.105054083984375
0 0.42652414453125 0.35394509765625 0.414954060546875 0.344575830078125 0.35782838671875 0.30198321484375 0.21711731640625 0.412093037109375 0.215514056640625 0.414072896484375 0.2754432109375 0.464827341796875 0.28486109375 0.47245379296875 0.42766690234375 0.35497404296875 0.42652414453125 0.35394509765625
0 0.244853033203125 0.437047927734375 0.088960583984375 0.53618398828125 0.08614060546875 0.53931589453125 0.15165948828125 0.60273770703125 0.30783656640625 0.510146525390625 0.30839402734375 0.509644583984375 0.30930669140625 0.50863096875 0.244853033203125 0.437047927734375
0 0.560132775390625 0.2549826875 0.52804013671875 0.204514068359375 0.509410689453125 0.176894779296875 0.334557341796875 0.235779732421875 0.33086314453125 0.238271501953125 0.380605146484375 0.318201341796875 0.560132775390625 0.2549826875
0 0.3058423203125 0.26754451171875 0.315062248046875 0.28546417578125 0.390522037109375 0.42598155859375 0.390676751953125 0.426159537109375 0.45544330078125 0.370908203125 0.375720755859375 0.205176517578125 0.37257851953125 0.202347234375 0.3058423203125 0.26754451171875
0 0.65180048828125 1 0.69195673828125 0.95247792578125 0.6876262265625 0.94857871484375 0.67057846484375 0.939892447265625 0.62217849609375 0.917103580078125 0.56125873828125 0.99519610546875 0.56003270703125 0.99760233203125 0.564939189453125 1 0.65180048828125 1
0 0.65140180859375 0.85808094140625 0.6193899921875 0.912520302734375 0.6934089296875 0.9854567265625 0.73007062890625 0.921658818359375 0.66070551171875 0.84984939453125 0.659017775390625 0.84879478125 0.653092103515625 0.85537590625 0.65140180859375 0.85808094140625
0 0.6575103203125 0.862199955078125 0.65487748046875 0.8653376484375 0.718855806640625 0.91161501171875 0.7958127734375 0.854658166015625 0.762589908203125 0.8247441640625 0.73764021484375 0.8038088828125 0.6575103203125 0.862199955078125
0 0.311594142578125 0 0.29347866796875 0.00547809765625 0.291445228515625 0.007736458984375 0.343586654296875 0.083730990234375 0.51802040234375 0.0246379921875 0.518367572265625 0.024252419921875 0.502009107421875 0 0.311594142578125 0
0 0.367003548828125 0 0.23700845703125 0.11680258203125 0.235778908203125 0.11869591796875 0.308389640625 0.17159173046875 0.44770415234375 0.0492227890625 0.43953279296875 0.041865263671875 0.37506594140625 0 0.367003548828125 0
0 0.44148194140625 0 0.461283107421875 0.06477566015625 0.461795873046875 0.0655358671875 0.47550829296875 0.05628672265625 0.53754414453125 0.012974583984375 0.533353697265625 0 0.44148194140625 0
0 0.328029763671875 0.077859158203125 0.17046290625 0.16311701953125 0.164382115234375 0.169870419921875 0.231801490234375 0.23657354296875 0.39161948828125 0.13932515234375 0.328029763671875 0.077859158203125
0 0 0.49074186328125 0.06589913671875 0.544837927734375 0.113614677734375 0.458270556640625 0 0.37397138671875 0 0.49074186328125
0 0 0.34899515234375 0.102621806640625 0.4827230390625 0.10374137890625 0.48369626953125 0.154595841796875 0.42566549609375 0.1661694609375 0.412351568359375 0.051517216796875 0.25817954296875 0.0513546484375 0.258038224609375 0.00641983203125 0.30794339453125 0 0.315328568359375 0 0.34899515234375
0 0.03390543359375 0.317102359375 0.02932870703125 0.322367279296875 0.102535734375 0.38358730078125 0.256594072265625 0.27242611328125 0.190453359375 0.212872748046875 0.1823639140625 0.205840701171875 0.03390543359375 0.317102359375
0 0.102491865234375 0.270530439453125 0.101659080078125 0.27203282421875 0.182414525390625 0.3187558671875 0.31601884375 0.172446185546875 0.31333950390625 0.170033697265625 0.230897908203125 0.12433557421875 0.102491865234375 0.270530439453125
0 0.978665384765625 0.610536123046875 0.95065239453125 0.5825231328125 0.85726049609375 0.633294171875 0.853381728515625 0.63760198046875 0.902566703125 0.68849815234375 0.997852455078125 0.633603998046875 0.99909099609375 0.632228458984375 0.978665384765625 0.610536123046875
0 0.725955419921875 0.791195845703125 0.725434203125 0.792030908203125 0.7882974140625 0.86464069140625 0.82921512890625 0.80367683984375 0.76614916796875 0.73862121484375 0.76247149609375 0.736232904296875 0.75952012109375 0.73951073828125 0.725955419921875 0.791195845703125
0 1 0.55223566796875 0.976749193359375 0.510859224609375 0.970359373046875 0.505105806640625 0.930539216796875 0.54828007421875 0.976407966796875 0.655502693359375 1 0.631068759765625 1 0.55223566796875
0 0.86426767578125 0.62560162890625 0.85840905078125 0.622081412109375 0.818746048828125 0.68132003515625 0.89087936328125 0.7605809453125 0.928021626953125 0.69514200390625 0.86426767578125 0.62560162890625
0 0.84823715234375 0.704462603515625 0.83603283203125 0.69453539453125 0.756919544921875 0.746130345703125 0.75429154296875 0.749153517578125 0.808492265625 0.794325568359375 0.891819884765625 0.743463548828125 0.855985990234375 0.71119856640625 0.84823715234375 0.704462603515625
0 1 0.499991564453125 0.94169530859375 0.53410504296875 0.94167724609375 0.534129904296875 0.99956197265625 0.580029953125 1 0.579722548828125 1 0.499991564453125