0 0.790544564453125 0.06944162109375 0.693152689453125 0.031455505859375 0.682509298828125 0.03108383203125 0.679133482421875 0.09507342578125 0.78733533203125 0.14051838671875 0.790544564453125 0.06944162109375
0 0.78851005078125 0.160165474609375 0.6923268515625 0.0924013125 0.69142139453125 0.092369693359375 0.67169847265625 0.156473390625 0.768455095703125 0.22532562109375 0.78851005078125 0.160165474609375
0 0.776817234375 0.356136203125 0.77212191796875 0.35564270703125 0.69975171484375 0.34997664453125 0.65648321875 0.4512774375 0.6563673125 0.454596521484375 0.731363990234375 0.46490564453125 0.776817234375 0.356136203125
0 0.703158767578125 0.26702603515625 0.660970380859375 0.3675533359375 0.660713314453125 0.37491478125 0.7375870390625 0.376536658203125 0.779046087890625 0.273665314453125 0.703158767578125 0.26702603515625
0 0.790289220703125 0.28672728125 0.79033832421875 0.28671684375 0.77398039453125 0.207647 0.6544319453125 0.19661825390625 0.65425362109375 0.20172477734375 0.6695886484375 0.27387040234375 0.790289220703125 0.28672728125
0 0.658096515625 0.42837734375 0.6555659765625 0.428421515625 0.65450196484375 0.50666996875 0.76969457421875 0.5353565546875 0.76837047265625 0.45949874609375 0.658096515625 0.42837734375
0 0.775045791015625 0.521060521484375 0.70735241796875 0.503825791015625 0.695355140625 0.501056 0.64010714453125 0.60682688671875 0.640101375 0.606992126953125 0.719601908203125 0.62783920703125 0.775045791015625 0.521060521484375
0 0.7420508046875 0.826693515625 0.73034842578125 0.826080220703125 0.66087450390625 0.823101365234375 0.6313456328125 0.94726658203125 0.630919931640625 0.959457109375 0.7115880625 0.964217666015625 0.7420508046875 0.826693515625
0 0.72592576953125 0.737717005859375 0.68255958984375 0.73998973046875 0.65082074609375 0.74221673046875 0.634534060546875 0.874316333984375 0.634910708984375 0.881503216796875 0.644800587890625 0.881848580078125 0.71868713671875 0.8773661484375 0.73769959765625 0.738128158203125 0.72592576953125 0.737717005859375
0 0.67320690625 0.572184115234375 0.630436337890625 0.704676884765625 0.630282974609375 0.7090686171875 0.70636160546875 0.71801528125 0.7530323046875 0.57916793359375 0.67320690625 0.572184115234375
0 0.74213104296875 0.79190337890625 0.7638557109375 0.712375001953125 0.64090113671875 0.657256236328125 0.63772505078125 0.65646434765625 0.6327282734375 0.656289857421875 0.616805392578125 0.726326287109375 0.74213104296875 0.79190337890625
0 0.5143353203125 0.11562703515625 0.661429009765625 0.177641724609375 0.66672017578125 0.0929630234375 0.52715146484375 0.0397296875 0.520141248046875 0.03948488671875 0.5180101484375 0.063074521484375 0.5143353203125 0.11562703515625
0 0.672453791015625 0.083482923828125 0.672517568359375 0.081656548828125 0.66592475390625 0.047102361328125 0.508434974609375 0.011344744140625 0.50611295703125 0.01154789453125 0.505718125 0.022854392578125 0.508620734375 0.056031380859375 0.513673939453125 0.09555339453125 0.649868166015625 0.08545891015625 0.672453791015625 0.083482923828125
0 0.57498871875 0.364207486328125 0.500860857421875 0.48822965234375 0.500337765625 0.49032766015625 0.50024352734375 0.49302630859375 0.57988629296875 0.516046544921875 0.649470517578125 0.383466400390625 0.649494353515625 0.382783828125 0.57498871875 0.364207486328125
0 0.509195537109375 0.191902841796875 0.50867251171875 0.20688030859375 0.6510264765625 0.261375384765625 0.651326982421875 0.26138587890625 0.654419033203125 0.17867419140625 0.518357427734375 0.128539380859375 0.5164886328125 0.12847412109375 0.509195537109375 0.191902841796875
0 0.6588554609375 0.405426873046875 0.64457721484375 0.32982173046875 0.498340958984375 0.309334037109375 0.49255148046875 0.310354876953125 0.49247698828125 0.312488083984375 0.512354201171875 0.390826986328125 0.6588554609375 0.405426873046875
0 0.643636822265625 0.34398030859375 0.64386658984375 0.34398833203125 0.651570388671875 0.263137779296875 0.51577507421875 0.20662182421875 0.51055348046875 0.20643948046875 0.504032029296875 0.280980005859375 0.643636822265625 0.34398030859375
0 0.64531216015625 0.50254619140625 0.516314033203125 0.46643416796875 0.514846357421875 0.466122494140625 0.495066275390625 0.4654317578125 0.49094776171875 0.53536511328125 0.49076074609375 0.54072052734375 0.63819095703125 0.584038189453125 0.645228560546875 0.504940119140625 0.64531216015625 0.50254619140625
0 0.615843322265625 1 0.622519560546875 0.918512333984375 0.49538424609375 0.8969557265625 0.4787970234375 0.89637648828125 0.475475759765625 0.9771520859375 0.586413314453125 1 0.615843322265625 1
0 0.478292025390625 0.86334941796875 0.47455766796875 0.88256101953125 0.60270631640625 0.9272821875 0.6030865859375 0.927295466796875 0.61597096875 0.84399626171875 0.498838001953125 0.80014228515625 0.49222343359375 0.79991130078125 0.478292025390625 0.86334941796875
0 0.59531739453125 0.76152502734375 0.596332935546875 0.761835509765625 0.622781669921875 0.67961338671875 0.50782960546875 0.61753234765625 0.506199064453125 0.617475408203125 0.48222255078125 0.695899044921875 0.59531739453125 0.76152502734375
0 0.613635455078125 0.7198434453125 0.582896337890625 0.7138683671875 0.529140642578125 0.70477182421875 0.482318009765625 0.827260294921875 0.48216524609375 0.83163486328125 0.56214646484375 0.846651892578125 0.613635455078125 0.7198434453125
0 0.542084626953125 0.54123294140625 0.528866330078125 0.54146366796875 0.49863780078125 0.66710907421875 0.49869178515625 0.670201611328125 0.581633798828125 0.6675085234375 0.60799305859375 0.54129405859375 0.58692218359375 0.54055824609375 0.542084626953125 0.54123294140625
0 0.229435052734375 0 0.22849759765625 0.00439811328125 0.216741751953125 0.064876705078125 0.3859362109375 0.14580346484375 0.38629094921875 0.1458158515625 0.39681940625 0.074286248046875 0.26410107421875 0 0.229435052734375 0
0 0.187077689453125 0.81961348828125 0.3616871484375 0.88661862890625 0.37890414453125 0.792784390625 0.21013890234375 0.73377640234375 0.202081427734375 0.73349503125 0.19449766796875 0.772510099609375 0.187077689453125 0.81961348828125
0 0.395728203125 0.1273628125 0.21588036328125 0.091583484375 0.21057362109375 0.091954568359375 0.212463923828125 0.151261041015625 0.213771638671875 0.169962234375 0.402552990234375 0.201289294921875 0.40257009765625 0.200799412109375 0.395728203125 0.1273628125
0 0.37098458203125 0.5404470703125 0.2800683515625 0.519457404296875 0.20861159375 0.683089591796875 0.207295509765625 0.688790181640625 0.207178064453125 0.692153388671875 0.28958271875 0.715581369140625 0.37098458203125 0.5404470703125
0 0.36218759765625 0.85414003515625 0.18625593359375 0.86371001171875 0.177540314453125 0.86556257421875 0.18994367578125 0.943193216796875 0.19339930078125 0.95945065234375 0.379000236328125 0.944132271484375 0.36218759765625 0.85414003515625
0 0.231950861328125 0.335408107421875 0.23186987109375 0.34004804296875 0.31467104296875 0.3424744765625 0.367314005859375 0.15766078125 0.33324249609375 0.156470978515625 0.280662486328125 0.1561603828125 0.231950861328125 0.335408107421875
0 0.34219210546875 0.430387677734375 0.292626681640625 0.435368595703125 0.251799552734375 0.440381537109375 0.23709963671875 0.624797615234375 0.2377721015625 0.624715046875 0.323790072265625 0.6106414375 0.3424401171875 0.431876400390625 0.34225760546875 0.43038996484375 0.34219210546875 0.430387677734375
0 0.190709017578125 0.730420609375 0.19866930078125 0.7649003828125 0.387771337890625 0.753488970703125 0.360876455078125 0.665143625 0.183440265625 0.67029207421875 0.17819358203125 0.6715033671875 0.178090921875 0.67444320703125 0.190709017578125 0.730420609375
0 0.39019608203125 0.32750119921875 0.2163721875 0.262162142578125 0.21188024609375 0.26169001953125 0.20364016796875 0.32387695703125 0.20058847265625 0.3529118984375 0.376751462890625 0.4219073515625 0.39019608203125 0.32750119921875
0 0.257026888671875 0.350030720703125 0.253605927734375 0.3698906953125 0.229942951171875 0.523389484375 0.23024472265625 0.527705033203125 0.314297720703125 0.52261275390625 0.35082162890625 0.340008787109375 0.338313146484375 0.33957198046875 0.257026888671875 0.350030720703125
0 0.95237378125 0.975042095703125 0.93950469140625 0.897538283203125 0.848907724609375 0.8999694140625 0.84403334765625 0.9008288984375 0.8436453984375 0.91193837109375 0.85469963671875 0.974630072265625 0.95237378125 0.975042095703125
0 0.95381966796875 0.84075548046875 0.86642022265625 0.80672473046875 0.86153861328125 0.80655426171875 0.84718194921875 0.880412904296875 0.93805911328125 0.91772339453125 0.95381966796875 0.84075548046875
0 0.1236091953125 0 0.07578808984375 0.11184228125 0.075643708984375 0.115976837890625 0.158436662109375 0.1316051953125 0.1631934765625 0.131771306640625 0.179372958984375 0 0.1236091953125 0
0 0.95561826953125 0.736794697265625 0.930640298828125 0.73416940625 0.87728823828125 0.7302391640625 0.849991244140625 0.8197599765625 0.849710380859375 0.8278027890625 0.921716935546875 0.83415768359375 0.95561826953125 0.736794697265625
0 0.85562804296875 0.73400053125 0.95801022265625 0.750201482421875 0.95745616796875 0.74386861328125 0.949521228515625 0.67468960546875 0.854079078125 0.66199228515625 0.84766375 0.662553552734375 0.847454966796875 0.668532330078125 0.85562804296875 0.73400053125
0 0.95793935546875 0.678115162109375 0.946639046875 0.598920220703125 0.85344936328125 0.58333501171875 0.85199001171875 0.58343705859375 0.851461501953125 0.59857158203125 0.855774453125 0.66024965625 0.95793935546875 0.678115162109375
0 0.08877516015625 0.103519462890625 0.056057640625 0.285816806640625 0.056265470703125 0.2875094453125 0.057745224609375 0.287561119140625 0.14871647265625 0.27565748828125 0.17507273046875 0.09466328125 0.164040580078125 0.09427803125 0.08877516015625 0.103519462890625
0 0.0217887265625 0.275504787109375 0.019529177734375 0.29700295703125 0.19011390234375 0.362688724609375 0.204039212890625 0.27548471484375 0.204264423828125 0.273341974609375 0.03793184765625 0.207133146484375 0.030112275390625 0.20686008203125 0.0217887265625 0.275504787109375
0 0.124009517578125 0 0.02368299609375 0.15992849609375 0.02235298046875 0.1645668125 0.022350916015625 0.16462590234375 0.10432297265625 0.191875986328125 0.214962560546875 0.02152038671875 0.21496298828125 0.02150811328125 0.139955287109375 0 0.124009517578125 0
0 0.098493404296875 0.286996548828125 0.02948109765625 0.452929818359375 0.02918231640625 0.461485787109375 0.123592189453125 0.47089920703125 0.18659370703125 0.294746287109375 0.098493404296875 0.286996548828125
0 0.02167611328125 0.85552101171875 0.02146060546875 0.861692375 0.115881404296875 0.868068671875 0.118757970703125 0.868169123046875 0.15756348046875 0.6786947421875 0.0732067265625 0.67427379296875 0.06819764453125 0.67409887109375 0.02167611328125 0.85552101171875
0 0 0.684678630859375 0.1695275 0.75838294921875 0.17097853125 0.758691375 0.18732296875 0.68328178515625 0.190990767578125 0.666026158203125 0.018553341796875 0.58793882421875 0.01433379296875 0.58779147265625 0 0.655226669921875 0 0.684678630859375
0 0.00027936328125 0.58177516015625 0.17589212890625 0.660652880859375 0.194989740234375 0.562404181640625 0.024862150390625 0.48966162890625 0.016584521484375 0.489372568359375 0.01490265625 0.4980250234375 0.00027936328125 0.58177516015625
0 0.197606587890625 0.46286393359375 0.01666465234375 0.39556822265625 0.009985443359375 0.39533498046875 0.00071308984375 0.470852236328125 0.000008408203125 0.49103168359375 0.184485021484375 0.55561105859375 0.197606587890625 0.46286393359375
0 0.035522775390625 0.97470415625 0.06000484375 0.971698134765625 0.13659034765625 0.958918712890625 0.13517491015625 0.76800053515625 0.062370052734375 0.77508001953125 0.037927451171875 0.778081193359375 0.034538234375 0.971698865234375 0.034904587890625 0.974682568359375 0.035522775390625 0.97470415625
0 0.973555599609375 0.288556509765625 0.93924113671875 0.28001395703125 0.902616375 0.27155846484375 0.853402341796875 0.363907537109375 0.853174091796875 0.370443740234375 0.91770130078125 0.387399447265625 0.973555599609375 0.288556509765625
0 0.85603554296875 0.569081296875 0.945628693359375 0.60367944140625 0.95313609765625 0.530641849609375 0.869075462890625 0.50350768359375 0.86177704296875 0.503252818359375 0.85610371484375 0.56809928515625 0.85603554296875 0.569081296875
0 0.955469580078125 0.32012332421875 0.9721731640625 0.24774737109375 0.878877921875 0.194604087890625 0.877396294921875 0.19423467578125 0.87287577734375 0.19407681640625 0.860928658203125 0.25183975390625 0.955469580078125 0.32012332421875
0 0.86055117578125 0.3612308984375 0.853782822265625 0.36218212890625 0.860238955078125 0.43317991796875 0.9661133203125 0.449372423828125 0.966124208984375 0.44906062109375 0.953860474609375 0.375152255859375 0.86055117578125 0.3612308984375
0 0.924691490234375 0.527508720703125 0.957195775390625 0.4362295546875 0.8829678515625 0.433637458984375 0.855850853515625 0.517648451171875 0.85554060546875 0.5265328046875 0.924691490234375 0.527508720703125
0 0.857510396484375 0.06718255078125 0.857179154296875 0.07666808984375 0.866653955078125 0.13648962890625 0.97919533984375 0.164295228515625 0.979224490234375 0.163460484375 0.964780435546875 0.09438976171875 0.857510396484375 0.06718255078125
0 0.877455189453125 0.119191017578125 0.855653357421875 0.1810563046875 0.85388994140625 0.1868241796875 0.9479346953125 0.25499898828125 0.964962228515625 0.202963029296875 0.96759814453125 0.19434133984375 0.948304525390625 0.17718494921875 0.880947349609375 0.119312966796875 0.877455189453125 0.119191017578125
0 0.860448291015625 0.0278237109375 0.8646748671875 0.06052662109375 0.972164447265625 0.0954680546875 0.9663523671875 0.015980611328125 0.92743098046875 0.014621447265625 0.860746486328125 0.01928448046875 0.860448291015625 0.0278237109375