0 0.884276109375 0.2525583203125 0.912600583984375 0.2525583203125 0.91977633203125 0.251033068359375 0.91977633203125 0.248023818359375 0.88384573828125 0.14237255859375 0.816068525390625 0.141213021484375 0.8505047265625 0.25172426171875 0.884276109375 0.2525583203125
0 0.74827698046875 0.27438448046875 0.854613232421875 0.221516005859375 0.845087685546875 0.154600044921875 0.73866223046875 0.20688927734375 0.74827698046875 0.27438448046875
0 0.62526042578125 0.300206935546875 0.55305062890625 0.210007853515625 0.48266541796875 0.241090892578125 0.55434168359375 0.329198220703125 0.622346609375 0.30380372265625 0.625734041015625 0.302435111328125 0.62526042578125 0.300206935546875
0 0.603027826171875 0.32315226171875 0.60422716015625 0.322739298828125 0.69443344140625 0.25533890625 0.669632572265625 0.18331194921875 0.579846798828125 0.248426318359375 0.600318076171875 0.32372823828125 0.603027826171875 0.32315226171875
0 0.769475126953125 0.174556294921875 0.656754193359375 0.220719447265625 0.66407455859375 0.29945772265625 0.669218255859375 0.299007708984375 0.776853474609375 0.25314146484375 0.770330052734375 0.17857840625 0.769475126953125 0.174556294921875
0 0.540029521484375 0.2374115 0.42507551171875 0.2618121875 0.423402982421875 0.340287580078125 0.425135818359375 0.34037839453125 0.53722840625 0.312928626953125 0.54095733203125 0.24177649609375 0.540029521484375 0.2374115
0 0.386407900390625 0.367344462890625 0.458542033203125 0.36320540625 0.45848757421875 0.361645927734375 0.42489009765625 0.247786462890625 0.342799322265625 0.25308582421875 0.37691593359375 0.367675927734375 0.386407900390625 0.367344462890625
0 0.145177216796875 0.43964030078125 0.09280137890625 0.312425390625 0.0131449765625 0.328566794921875 0.06369408984375 0.45696007421875 0.145177216796875 0.43964030078125
0 0.090088310546875 0.320443318359375 0.15591671875 0.44542776953125 0.22853546484375 0.423878056640625 0.23575266015625 0.4216715390625 0.234163490234375 0.41419508984375 0.17346644140625 0.29521718359375 0.092750494140625 0.31834128515625 0.089728158203125 0.3192653046875 0.090088310546875 0.320443318359375
0 0.24400118359375 0.293348109375 0.334007306640625 0.410312021484375 0.3440065859375 0.405860052734375 0.402156234375 0.377865720703125 0.40131203125 0.3738940546875 0.40009969140625 0.37117109375 0.317041865234375 0.260511556640625 0.27837215625 0.27772841796875 0.24400118359375 0.293348109375
0 0.188439369140625 0.41852487109375 0.321353240234375 0.369764248046875 0.315480720703125 0.33645953515625 0.30594616796875 0.28865110546875 0.17635137890625 0.34532617578125 0.187714138671875 0.418652748046875 0.188439369140625 0.41852487109375
0 0.7931141171875 0.345988787109375 0.8169978125 0.42623040625 0.8193197890625 0.42573685546875 0.81961541015625 0.425646474609375 0.94670608203125 0.333782359375 0.931548189453125 0.28420312109375 0.923171380859375 0.25866802734375 0.7931141171875 0.345988787109375
0 0.85558986328125 0.35280604296875 0.856320302734375 0.38773526953125 0.85646841796875 0.38843209765625 0.97053165234375 0.37442689453125 0.980447185546875 0.372319283203125 0.97554557421875 0.332398849609375 0.9687712421875 0.300528125 0.85558986328125 0.35280604296875
0 0.613508837890625 0.38019383203125 0.60468396875 0.341969125 0.60428892578125 0.34205309375 0.47027155859375 0.409435056640625 0.491764259765625 0.488971302734375 0.49950522265625 0.48732591015625 0.62140165234375 0.417326603515625 0.613508837890625 0.38019383203125
0 0.7447322265625 0.44638315234375 0.748541990234375 0.44514528515625 0.861924580078125 0.36207848046875 0.836121765625 0.28332517578125 0.71306651171875 0.37587743359375 0.74254898828125 0.44684721484375 0.7447322265625 0.44638315234375
0 0.676523564453125 0.318751904296875 0.55707564453125 0.401434234375 0.57784683203125 0.48025833203125 0.5854802421875 0.47863580078125 0.701499595703125 0.3912875703125 0.676523564453125 0.318751904296875
0 0.770480064453125 0.31455793359375 0.63386009765625 0.382045666015625 0.644446158203125 0.45648866015625 0.647780130859375 0.45607930078125 0.782165697265625 0.39456316796875 0.774889322265625 0.335301859375 0.770480064453125 0.31455793359375
0 0.517695185546875 0.360604927734375 0.387092515625 0.440243005859375 0.411571951171875 0.51395816796875 0.41800933984375 0.51199005859375 0.43111411328125 0.505315966796875 0.5446967421875 0.438038513671875 0.53360633203125 0.40176341015625 0.51847050390625 0.360367890625 0.517695185546875 0.360604927734375
0 0 0.55255212109375 0.007001673828125 0.585492404296875 0.1239806640625 0.5592944609375 0.1146219921875 0.4830741875 0.112342625 0.47235061328125 0 0.501692234375 0 0.55255212109375
0 0.1232837578125 0.58435596484375 0.18909013671875 0.580462595703125 0.189560236328125 0.580362673828125 0.189420947265625 0.576373955078125 0.163936375 0.451399576171875 0.07953250390625 0.45109405078125 0.1037245 0.58503898828125 0.1232837578125 0.58435596484375
0 0.380823115234375 0.517988005859375 0.30381997265625 0.4124888984375 0.2276499140625 0.4436728046875 0.22799502734375 0.44529642578125 0.30178736328125 0.553181611328125 0.381143818359375 0.51949679296875 0.380823115234375 0.517988005859375
0 0.28072202734375 0.56098563671875 0.2433556640625 0.43151835546875 0.160805111328125 0.43820933984375 0.1957001484375 0.569171140625 0.22720654296875 0.567186380859375 0.2685786484375 0.563566791015625 0.28072202734375 0.56098563671875
0 0.46202969921875 0.4942136015625 0.461790638671875 0.49372345703125 0.379756623046875 0.39776718359375 0.30852249609375 0.432722875 0.389984974609375 0.534054869140625 0.46319540234375 0.4996978046875 0.46202969921875 0.4942136015625
0 1 0.59449030078125 0.95355582421875 0.51888429296875 0.948824091796875 0.520330927734375 0.874056859375 0.54467116015625 0.98228674609375 0.697886720703125 1 0.69334754296875 1 0.59449030078125
0 0.138906623046875 0.710052544921875 0.24181987109375 0.86689030078125 0.27196378515625 0.85321821484375 0.32683436328125 0.82763164453125 0.32599153515625 0.8236664453125 0.325916662109375 0.82350587890625 0.2214450078125 0.67427136328125 0.138745291015625 0.70929353515625 0.138906623046875 0.710052544921875
0 0.899891494140625 0.72218509765625 0.939999908203125 0.717969533203125 0.95243701171875 0.7153259453125 0.95192007421875 0.710407625 0.89060213671875 0.536499158203125 0.81204334375 0.54778383203125 0.880487470703125 0.723772646484375 0.899891494140625 0.72218509765625
0 0.3270444765625 0.6694706171875 0.428059548828125 0.82748133984375 0.5128104140625 0.79323976953125 0.51177766015625 0.788381037109375 0.406887857421875 0.63245822265625 0.3270444765625 0.6694706171875
0 0.148886857421875 0.88452957421875 0.22279741796875 0.85774171484375 0.220192287109375 0.84922072265625 0.143269013671875 0.6907078046875 0.056409099609375 0.7196322421875 0.13299246484375 0.889388978515625 0.148886857421875 0.88452957421875
0 0.71327773828125 0.73900489453125 0.87672430078125 0.651353486328125 0.85981095703125 0.580018857421875 0.856525873046875 0.56684310546875 0.687535162109375 0.6601281171875 0.7084645078125 0.740027978515625 0.71327773828125 0.73900489453125
0 0.416283935546875 0.653291728515625 0.521222478515625 0.80565077734375 0.5507355234375 0.793123234375 0.60356860546875 0.76931089453125 0.6029971484375 0.76662239453125 0.602711939453125 0.76595048828125 0.498323001953125 0.62203894140625 0.42144413671875 0.651101353515625 0.416283935546875 0.653291728515625
0 0.413824296875 0.8235505546875 0.33539709765625 0.651828486328125 0.242171666015625 0.677326890625 0.242302068359375 0.677940390625 0.32354596875 0.84205093359375 0.41399580859375 0.82435745703125 0.413824296875 0.8235505546875
0 0.627634318359375 0.764912890625 0.786789474609375 0.67158140234375 0.778166947265625 0.639401693359375 0.76113246484375 0.5820706796875 0.59564001953125 0.676086728515625 0.62333014453125 0.76606619140625 0.627634318359375 0.764912890625
0 0.607358298828125 0.7842444609375 0.696548560546875 0.75583459765625 0.695885419921875 0.752714765625 0.58632698046875 0.60362832421875 0.50713689453125 0.634874859375 0.50722140625 0.63509501953125 0.595864666015625 0.76769097265625 0.607358298828125 0.7842444609375
0 0 0.222455802734375 0.04885933984375 0.21362791015625 0.048859337890625 0.14362438671875 0.04770894140625 0.13821219921875 0 0.14531073828125 0 0.222455802734375
0 0.0981732421875 0.104641306640625 0.018036580078125 0.163552919921875 0.050375408203125 0.232959228515625 0.0510570859375 0.23281433203125 0.131430087890625 0.17596083984375 0.0981732421875 0.104641306640625
0 1 0.77966074609375 0.93392805078125 0.80390557421875 0.93572306640625 0.83973437890625 1 0.835239697265625 1 0.77966074609375
0 0.19122862890625 0.113024490234375 0.18234963671875 0.089893921875 0.181494220703125 0.09007574609375 0.09695690625 0.14752266796875 0.121990478515625 0.21613956640625 0.125827814453125 0.21532391796875 0.20883348046875 0.16354140234375 0.19122862890625 0.113024490234375
0 0.27489905859375 0.10922717578125 0.272034640625 0.08884578125 0.271020205078125 0.08407323046875 0.175728794921875 0.122557833984375 0.183136923828125 0.19444129296875 0.18893180859375 0.193626875 0.28055755859375 0.159227255859375 0.27489905859375 0.10922717578125
0 0.35313789453125 0.1487309453125 0.34937586328125 0.076947134765625 0.348211791015625 0.07147059375 0.25573535546875 0.098853494140625 0.254191904296875 0.177752130859375 0.254201802734375 0.17779869921875 0.25828133984375 0.177584900390625 0.35313789453125 0.1487309453125
0 0.799690193359375 0.735014025390625 0.857972900390625 0.91254558203125 0.94072776171875 0.91110108984375 0.94493578125 0.9102066484375 0.893458220703125 0.733997451171875 0.80030256640625 0.734883861328125 0.799690193359375 0.735014025390625
0 0.75279524609375 0.934039515625 0.774382212890625 0.935170841796875 0.8452013125 0.937750732421875 0.84539012890625 0.934147896484375 0.805063884765625 0.7552800625 0.80291229296875 0.75516730078125 0.71460351171875 0.755279455078125 0.75279524609375 0.934039515625
0 1 0.72620679296875 0.86985698828125 0.827893763671875 0.90371925390625 0.906188234375 0.9092909921875 0.90500392578125 1 0.8363989609375 1 0.72620679296875
0 0.777269052734375 0.8867594296875 0.781625484375 0.802875185546875 0.780731720703125 0.79867035546875 0.59864919921875 0.836310603515625 0.594831494140625 0.93111668359375 0.595169626953125 0.93270747265625 0.600307474609375 0.93279715234375 0.777269052734375 0.8867594296875
0 0.31717459375 1 0.406939556640625 0.94905930859375 0.37144677734375 0.856597451171875 0.206919958984375 0.96093803515625 0.221658337890625 1 0.31717459375 1
0 0.33585182421875 1 0.497217076171875 0.949545203125 0.491850044921875 0.888199740234375 0.4897275234375 0.86500833984375 0.487626310546875 0.855122912109375 0.30393130078125 0.9095275859375 0.310711365234375 0.98702408203125 0.3119460390625 1 0.33585182421875 1
0 0.58550923046875 0.83465240625 0.40375139453125 0.89087265625 0.408586791015625 0.986181513671875 0.41554588671875 0.98569488671875 0.593747939453125 0.934089609375 0.587424794921875 0.843664435546875 0.58550923046875 0.83465240625
0 0.572097810546875 0.989790595703125 0.6099053984375 0.98780918359375 0.667284435546875 0.975612892578125 0.613505623046875 0.792901294921875 0.520069111328125 0.79952118359375 0.572097810546875 0.989790595703125
0 0.293490626953125 1 0.307819275390625 0.99546150390625 0.299269962890625 0.93843804296875 0.289819904296875 0.89397901953125 0.10475259765625 0.9577130703125 0.1140856328125 1 0.293490626953125 1
0 0.648741220703125 0.038969724609375 0.64567952734375 0.01299554296875 0.64481505859375 0.00892853515625 0.54010355078125 0.047151666015625 0.54756258203125 0.11836407421875 0.551562849609375 0.11801409765625 0.65219401171875 0.078435322265625 0.648741220703125 0.038969724609375
0 0.359962828125 0.158421439453125 0.418117548828125 0.15639062890625 0.425858552734375 0.154745228515625 0.42572939453125 0.15104660546875 0.4024472109375 0.06348240625 0.32911680859375 0.06715702734375 0.35897859375 0.15843812109375 0.359962828125 0.158421439453125
0 0.65279316796875 0 0.60150916015625 0.0144015 0.664518904296875 0.108998927734375 0.66862424609375 0.10774413671875 0.7332396953125 0.0867493046875 0.73260221484375 0.083750185546875 0.6627269296875 0 0.65279316796875 0
0 0.468527693359375 0.073795611328125 0.488287810546875 0.14467029296875 0.492480541015625 0.1437791015625 0.57697184375 0.087440037109375 0.5704917734375 0.0662446796875 0.553173884765625 0.018153298828125 0.552180625 0.018456966796875 0.468527693359375 0.073795611328125
0 0.46728129296875 0.143513767578125 0.48986606640625 0.14114001171875 0.50440468359375 0.138049732421875 0.504337470703125 0.13741023828125 0.46553635546875 0.04860091015625 0.39408486328125 0.0546116015625 0.43085897265625 0.146140853515625 0.46728129296875 0.143513767578125
0 0.78171515234375 0 0.754768091796875 0.01386792578125 0.75623474609375 0.084560974609375 0.75800041015625 0.0844375078125 0.860155666015625 0.032660201171875 0.85787183984375 0 0.78171515234375 0
0 0.74363966015625 0 0.68177571484375 0.02244215234375 0.68617351953125 0.096185732421875 0.686204244140625 0.0961851953125 0.770124892578125 0.057641833984375 0.792169779296875 0.04705871484375 0.7913483671875 0 0.74363966015625 0
0 0.814063154296875 0 0.823187587890625 0.0242426015625 0.843498724609375 0.077154919921875 0.8476520703125 0.07627209765625 0.91561171484375 0.050432212890625 0.91257964453125 0.0361674453125 0.87884387890625 0 0.814063154296875 0