0 0.844659908203125 0.143762626953125 0.843016392578125 0.13948112109375 0.775432265625 0.053927677734375 0.70839950390625 0.077777515625 0.78349389453125 0.16796463671875 0.83146523046875 0.150485650390625 0.844659908203125 0.143762626953125
0 0.681127986328125 0.2171599296875 0.77039363671875 0.1391074765625 0.743739576171875 0.07663993359375 0.74362377734375 0.07641266796875 0.654607890625 0.15498946875 0.681127986328125 0.2171599296875
0 0.56334295703125 0.276705650390625 0.48434649609375 0.20589764453125 0.4211513984375 0.241617810546875 0.41710455859375 0.244049396484375 0.50426713671875 0.3234186171875 0.56664158984375 0.2831795859375 0.56334295703125 0.276705650390625
0 0.5748602109375 0.170936783203125 0.49762029296875 0.18906553515625 0.497319171875 0.18921896484375 0.563969287109375 0.285236099609375 0.63178743359375 0.26450201171875 0.63569633203125 0.262510330078125 0.635017837890625 0.26029107421875 0.5748602109375 0.170936783203125
0 0.634794095703125 0.268230947265625 0.700394240234375 0.16997616015625 0.65889707421875 0.11873142578125 0.6500295390625 0.10790187890625 0.6484477890625 0.108707818359375 0.582488669921875 0.2105876875 0.60017533203125 0.23242889453125 0.63104868359375 0.270139328125 0.634794095703125 0.268230947265625
0 0.42435453515625 0.239605548828125 0.35451641796875 0.2692500703125 0.427575974609375 0.36281587109375 0.498626720703125 0.3300173359375 0.49763780859375 0.327687607421875 0.42435453515625 0.239605548828125
0 0.405612091796875 0.311311599609375 0.37837409375 0.262742341796875 0.28958373828125 0.34393337890625 0.32997971484375 0.41477345703125 0.33228611328125 0.413598287109375 0.41772656640625 0.335087591796875 0.405612091796875 0.311311599609375
0 0 0.52320360546875 0.028261291015625 0.575521212890625 0.03912975 0.569983455078125 0.13918221484375 0.49074672265625 0.10712150390625 0.429040884765625 0.101620033203125 0.418694115234375 0 0.496641236328125 0 0.52320360546875
0 0.188679095703125 0.388045109375 0.06581248046875 0.4534530859375 0.09099564453125 0.535893798828125 0.096814841796875 0.53400302734375 0.2160480234375 0.468520537109375 0.1920488046875 0.39465853515625 0.188679095703125 0.388045109375
0 0.319403408203125 0.452478421875 0.37097249609375 0.4154126640625 0.366457130859375 0.40655076171875 0.267608837890625 0.314020470703125 0.232516287109375 0.337690693359375 0.20137981640625 0.35904154296875 0.31032911328125 0.458599111328125 0.319403408203125 0.452478421875
0 0.242352587890625 0.495724890625 0.30188996875 0.4415905625 0.300256515625 0.438384728515625 0.29953290234375 0.4375523046875 0.18802382421875 0.358368345703125 0.13109479296875 0.4058142265625 0.131340544921875 0.40629654296875 0.242352587890625 0.495724890625
0 0.86009855078125 0.163897498046875 0.74212355859375 0.26960288671875 0.77374637109375 0.340091447265625 0.77715074609375 0.338646375 0.8942192578125 0.240839970703125 0.868848580078125 0.181070400390625 0.86009855078125 0.163897498046875
0 0.878898255859375 0.14228506640625 0.805934130859375 0.167001666015625 0.80287805859375 0.168558810546875 0.907383490234375 0.29857461328125 0.929618 0.292534466796875 0.93630001953125 0.28996948046875 0.94112927734375 0.287508849609375 0.905192615234375 0.19389065234375 0.878898255859375 0.14228506640625
0 0.58701508203125 0.365911693359375 0.57624505078125 0.33300275390625 0.57467336328125 0.329918146484375 0.44824135546875 0.4116064765625 0.470274474609375 0.4845576015625 0.472396955078125 0.4839489921875 0.599998009765625 0.411188541015625 0.58701508203125 0.365911693359375
0 0.733431982421875 0.38807500390625 0.737998833984375 0.3841051015625 0.809911271484375 0.263339595703125 0.755388291015625 0.200928759765625 0.67827837890625 0.334205080078125 0.73328594921875 0.38814941015625 0.733431982421875 0.38807500390625
0 0.570351376953125 0.455386009765625 0.66807291796875 0.358712392578125 0.637044044921875 0.291444466796875 0.63185609765625 0.2820851640625 0.526924484375 0.39451304296875 0.56200035546875 0.45964106640625 0.570351376953125 0.455386009765625
0 0.75827969921875 0.371907189453125 0.757600685546875 0.3704510390625 0.65698316796875 0.261016279296875 0.58356015234375 0.29594758203125 0.69067805078125 0.40575938671875 0.70438911328125 0.399365814453125 0.75827969921875 0.371907189453125
0 0.502606671875 0.37176195703125 0.372004001953125 0.45140003515625 0.3964834375 0.5251151953125 0.402920826171875 0.523147087890625 0.4160256015625 0.51647299609375 0.52960823046875 0.44919554296875 0.51851781640625 0.412920439453125 0.503381990234375 0.37152491796875 0.502606671875 0.37176195703125
0 0 0.62003937890625 0.004506115234375 0.62888312890625 0.075819123046875 0.72840639453125 0.07618731640625 0.728218791015625 0.13326514453125 0.695264890625 0.15058605859375 0.68498712890625 0.14727711328125 0.678492958984375 0.06453975390625 0.571201697265625 0 0.6060320234375 0 0.62003937890625
0 0.1323747265625 0.688856623046875 0.22306812109375 0.599652658203125 0.1932158671875 0.553317884765625 0.1766839609375 0.529707875 0.175806607421875 0.53015491015625 0.077847619140625 0.62226655859375 0.12851990234375 0.69103219921875 0.13126583984375 0.68963307421875 0.1323747265625 0.688856623046875
0 0.355114107421875 0.46344796875 0.23563779296875 0.5201072421875 0.257359556640625 0.602137349609375 0.26471066796875 0.60030451171875 0.3755773828125 0.543508935546875 0.3580741484375 0.469257375 0.355114107421875 0.46344796875
0 0.3069568203125 0.61063585546875 0.2293227421875 0.500169638671875 0.15344803125 0.53337191796875 0.2290789296875 0.6458380234375 0.25822263671875 0.633703916015625 0.285646201171875 0.62149416015625 0.3069568203125 0.61063585546875
0 0.3024375859375 0.46601212890625 0.387386876953125 0.56443939453125 0.459607546875 0.527418107421875 0.455301033203125 0.518966099609375 0.37240838671875 0.4285916953125 0.3024375859375 0.46601212890625
0 1 0.4366704921875 0.89063290234375 0.5056412734375 0.90449326953125 0.574547029296875 0.90480458203125 0.57515801171875 0.9101333046875 0.57382941015625 1 0.52490962890625 1 0.4366704921875
0 0.35771546484375 0.90950205078125 0.410723037109375 0.87889811328125 0.4087857265625 0.87509592578125 0.2917926796875 0.73563914453125 0.212207279296875 0.777869931640625 0.32881779296875 0.925673197265625 0.330858755859375 0.9246332734375 0.35771546484375 0.90950205078125
0 0.842214685546875 0.61665573828125 0.9974326640625 0.51028816796875 0.99722266015625 0.5097410859375 0.9662186953125 0.43731407421875 0.8139411953125 0.54897528125 0.83863535546875 0.618029712890625 0.842214685546875 0.61665573828125
0 0.454114154296875 0.84780243359375 0.460705974609375 0.8422712421875 0.5740626328125 0.704315345703125 0.51408559765625 0.632837501953125 0.39499546875 0.7848763984375 0.45363607421875 0.84804602734375 0.454114154296875 0.84780243359375
0 0.2739862421875 0.95596539453125 0.330611294921875 0.901431337890625 0.324765591796875 0.894706625 0.190019673828125 0.781185380859375 0.122433822265625 0.84293828125 0.261442490234375 0.96686951171875 0.2739862421875 0.95596539453125
0 0.89836104296875 0.535203388671875 0.887107412109375 0.49224153515625 0.885314302734375 0.488722359375 0.718176341796875 0.5783533515625 0.738003712890625 0.66197833984375 0.741605556640625 0.661080298828125 0.90698424609375 0.56978916796875 0.89836104296875 0.535203388671875
0 0.583554681640625 0.794124634765625 0.60651244140625 0.782427072265625 0.61215587890625 0.77942640234375 0.662947455078125 0.75096834765625 0.66103498046875 0.74721490625 0.545031826171875 0.61356119140625 0.47097846484375 0.64921344140625 0.4660288046875 0.651845224609375 0.583554681640625 0.794124634765625
0 0.48825853125 0.854955892578125 0.400938005859375 0.68754771484375 0.3090873125 0.71791915234375 0.30918926171875 0.718232916015625 0.39905859375 0.878129708984375 0.485088158203125 0.85657127734375 0.48825853125 0.854955892578125
0 0.82310820703125 0.59796321484375 0.81474773046875 0.580821697265625 0.79648373828125 0.54497658984375 0.780843140625 0.51499264453125 0.63633036328125 0.63885880078125 0.68068063671875 0.7219015625 0.684685669921875 0.71994817578125 0.82310820703125 0.59796321484375
0 0.73866656640625 0.6583973828125 0.7138654140625 0.57556430859375 0.71015919921875 0.568290453125 0.55771088671875 0.6762733125 0.58724629296875 0.75513076171875 0.591311484375 0.75365115234375 0.721915005859375 0.6696003671875 0.73866656640625 0.6583973828125
0 0 0.334066083984375 0.05740810546875 0.30931721484375 0.042368880859375 0.23856322265625 0.04033153125 0.23456469921875 0 0.251084869140625 0 0.334066083984375
0 0.06393887890625 0.31884824609375 0.131851630859375 0.2533625078125 0.1041284296875 0.207609763671875 0.090449517578125 0.1865460859375 0.019089345703125 0.26095426953125 0.05740919921875 0.32217528515625 0.06393887890625 0.31884824609375
0 0.178434111328125 0.171050646484375 0.174183130859375 0.159976462890625 0.173271123046875 0.158186546875 0.087316703125 0.215246859375 0.11243694921875 0.286355048828125 0.11474374609375 0.285469552734375 0.197707541015625 0.22739510546875 0.178434111328125 0.171050646484375
0 0.27464411328125 0.21850310546875 0.27416482421875 0.2171111484375 0.223406451171875 0.137419216796875 0.146091740234375 0.157961158203125 0.20245603515625 0.245023837890625 0.264569037109375 0.22363661328125 0.27464411328125 0.21850310546875
0 1 0.70545336328125 0.902725103515625 0.63523129296875 0.832696998046875 0.687359701171875 0.97946647265625 0.800856865234375 1 0.785383744140625 1 0.70545336328125
0 0.86790486328125 0.85347215234375 0.888343751953125 0.846434478515625 0.9549725234375 0.822297208984375 0.9537979453125 0.818885986328125 0.84940303125 0.66814909765625 0.847365869140625 0.668850546875 0.76552940625 0.7020355859375 0.86790486328125 0.85347215234375
0 1 0.64448076171875 0.932409134765625 0.69359239453125 0.963917177734375 0.774039283203125 0.968533212890625 0.77244985546875 1 0.750333873046875 1 0.64448076171875
0 0.881686396484375 0.842980900390625 0.746179810546875 0.719170984375 0.669608998046875 0.763427427734375 0.80115320703125 0.89645059765625 0.85529259375 0.8643126171875 0.883556572265625 0.84665132421875 0.881686396484375 0.842980900390625
0 0.49053234765625 1 0.418487673828125 0.88639817578125 0.34344985546875 0.91471051953125 0.335285134765625 0.91887065234375 0.381325205078125 1 0.49053234765625 1
0 0.51083062890625 1 0.61476355078125 0.941203259765625 0.590576703125 0.866763794921875 0.584341830078125 0.84805966015625 0.583763373046875 0.848247611328125 0.41742969140625 0.945691185546875 0.435075693359375 1 0.51083062890625 1
0 0.55464704296875 1 0.55998103515625 0.9972821953125 0.697826318359375 0.876660580078125 0.66384329296875 0.80968898046875 0.653634267578125 0.790488599609375 0.505812068359375 0.91518890234375 0.55090693359375 1 0.55464704296875 1
0 0.74995866015625 0.74965235546875 0.5947655 0.872661859375 0.635741513671875 0.956479822265625 0.63729833203125 0.955753865234375 0.7920942265625 0.83785865234375 0.76179901171875 0.7728903515625 0.74995866015625 0.74965235546875
0 0.374421796875 1 0.315364896484375 0.93206961328125 0.234799724609375 0.987328935546875 0.245272916015625 1 0.374421796875 1
0 0.49806526171875 0 0.422129626953125 0.056127869140625 0.447298435546875 0.119301470703125 0.453167462890625 0.1171653203125 0.53894553515625 0.05698288671875 0.526089634765625 0.0216615859375 0.5177833984375 0 0.49806526171875 0
0 0.34191371875 0.178966626953125 0.341809029296875 0.178719994140625 0.28224889453125 0.10547055859375 0.218800173828125 0.131068138671875 0.2752183828125 0.20903633203125 0.3212293984375 0.189505814453125 0.34191371875 0.178966626953125
0 0.49610994140625 0 0.55028212890625 0.075003232421875 0.6067229609375 0.063329560546875 0.60881651171875 0.06226284375 0.607517791015625 0.05705396875 0.575018435546875 0 0.49610994140625 0
0 0.47847888671875 0.092942025390625 0.478073716796875 0.09240434765625 0.40225019140625 0.036268595703125 0.341052154296875 0.08004762109375 0.4274188515625 0.14350076171875 0.481344103515625 0.09856533203125 0.47847888671875 0.092942025390625
0 0.390195828125 0.104092552734375 0.378139658203125 0.0646586015625 0.37721114453125 0.062836287109375 0.29548230859375 0.115686787109375 0.314568373046875 0.186297880859375 0.32047550390625 0.184491890625 0.397846923828125 0.13111555078125 0.390195828125 0.104092552734375
0 0.559065599609375 0 0.553342369140625 0.006805966796875 0.59381348046875 0.068153634765625 0.59451680078125 0.067795275390625 0.642574451171875 0 0.559065599609375 0