0 0.15342381640625 0.841142111328125 0.1543056875 0.84496191796875 0.21308174609375 0.939822716796875 0.279382671875 0.9257059765625 0.22096944921875 0.825773595703125 0.18787600390625 0.8325578203125 0.155877947265625 0.83994515234375 0.15342381640625 0.841142111328125
0 0.349657021484375 0.884155697265625 0.27638333984375 0.79092743359375 0.212362087890625 0.81436512109375 0.28618380859375 0.9073856953125 0.349657021484375 0.884155697265625
0 0.463878166015625 0.80221636328125 0.56102721484375 0.745835931640625 0.546583677734375 0.67469568359375 0.54552164453125 0.670095505859375 0.4431023125 0.728465607421875 0.462697298828125 0.802488986328125 0.463878166015625 0.80221636328125
0 0.40207223828125 0.844561025390625 0.48757515234375 0.765477611328125 0.46554458203125 0.71806676171875 0.45573569921875 0.697955568359375 0.45157994921875 0.69989342578125 0.3713974140625 0.771964373046875 0.38982155859375 0.819443408203125 0.40207223828125 0.844561025390625
0 0.372486818359375 0.729082625 0.36652671484375 0.7319895625 0.29240798046875 0.82057219140625 0.33431664453125 0.887640072265625 0.41413651171875 0.79493648828125 0.372486818359375 0.729082625
0 0.64663259375 0.711533087890625 0.646413193359375 0.71108325 0.552293169921875 0.642097033203125 0.492273458984375 0.68732512890625 0.49296603515625 0.68874512109375 0.585226193359375 0.76086814453125 0.64663259375 0.711533087890625
0 0.70667787109375 0.67523838671875 0.68789104296875 0.595665451171875 0.68660438671875 0.595938939453125 0.58008358984375 0.64890949609375 0.59955735546875 0.728832904296875 0.70667787109375 0.67523838671875
0 1 0.516565373046875 0.921113572265625 0.43626143359375 0.853573974609375 0.48355316796875 0.854713720703125 0.485889994140625 0.95186668359375 0.581771013671875 1 0.5487453046875 1 0.516565373046875
0 0.94514012109375 0.564361650390625 0.94447469921875 0.56299733203125 0.943601767578125 0.561919353515625 0.839106693359375 0.4711746484375 0.77334369140625 0.522529091796875 0.77095804296875 0.524460953125 0.77162346484375 0.52582526953125 0.77236558984375 0.526741716796875 0.87910475 0.61702171875 0.939244119140625 0.569136138671875 0.94514012109375 0.564361650390625
0 0.651729916015625 0.664063390625 0.661453548828125 0.69120993359375 0.786530806640625 0.61637994140625 0.761267146484375 0.54060746484375 0.76072716796875 0.5407829140625 0.63648774609375 0.617152814453125 0.651729916015625 0.664063390625
0 0.698637728515625 0.565091892578125 0.699346705078125 0.56593681640625 0.80945684765625 0.647054818359375 0.86720525390625 0.600609712890625 0.866967955078125 0.6001231796875 0.75753355859375 0.50877102734375 0.69706047265625 0.5618580390625 0.698637728515625 0.565091892578125
0 0.10005620703125 0.682896537109375 0.100664431640625 0.68575801171875 0.17449062890625 0.8196181171875 0.25760885546875 0.8025934453125 0.175726201171875 0.665562037109375 0.124196564453125 0.676515 0.10295639453125 0.681482021484375 0.10005620703125 0.682896537109375
0 0.189670576171875 0.70219847265625 0.074406701171875 0.72669856640625 0.06763207421875 0.7300027734375 0.0767106953125 0.772714330078125 0.088835533203125 0.7975739296875 0.193519537109375 0.73764029296875 0.189670576171875 0.70219847265625
0 0.550931240234375 0.64467153515625 0.471637458984375 0.517115548828125 0.442411451171875 0.524946634765625 0.398298478515625 0.5374340625 0.397716443359375 0.53771794140625 0.397823580078125 0.538117775390625 0.4698182578125 0.66965919140625 0.48096494140625 0.66667244921875 0.55104202734375 0.645084998046875 0.550931240234375 0.64467153515625
0 0.16705403515625 0.66567045703125 0.27429474609375 0.769421533203125 0.34138014453125 0.728216271484375 0.340882716796875 0.727240015625 0.23859248046875 0.62575852734375 0.20871712890625 0.64032970703125 0.16544754296875 0.6623766640625 0.16705403515625 0.66567045703125
0 0.348044541015625 0.70527317578125 0.47431333203125 0.6201832109375 0.45443872265625 0.5475611796875 0.448815478515625 0.549173619140625 0.328729130859375 0.6233148046875 0.34383074609375 0.695838634765625 0.34438392578125 0.697767802734375 0.348044541015625 0.70527317578125
0 0.367577525390625 0.57572088671875 0.364953369140625 0.5768347734375 0.2538464296875 0.677893615234375 0.2829646953125 0.746491955078125 0.28393068359375 0.7484725234375 0.39952926953125 0.649405365234375 0.367577525390625 0.57572088671875
0 0.57343135546875 0.46644860546875 0.474825943359375 0.577408087890625 0.50309685546875 0.6193214375 0.5191336953125 0.64191219921875 0.521686806640625 0.64066696484375 0.53512521484375 0.62769455859375 0.625473712890625 0.52861435546875 0.57683360546875 0.4642641875 0.57624237890625 0.464552548828125 0.57343135546875 0.46644860546875
0 1 0.38456590234375 0.98732770703125 0.3585838515625 0.912710470703125 0.28560889453125 0.84804393359375 0.33320598046875 0.85176020703125 0.340825474609375 0.852890462890625 0.34227213671875 0.94632176171875 0.4403046640625 1 0.397325275390625 1 0.38456590234375
0 0.810724384765625 0.45418488671875 0.828137818359375 0.47729329296875 0.828585560546875 0.477074916015625 0.923616080078125 0.38125191796875 0.87043002734375 0.3141138828125 0.869507416015625 0.31456387109375 0.86679823046875 0.316605388671875 0.77927325390625 0.40892016796875 0.810724384765625 0.45418488671875
0 0.77207102734375 0.5042728203125 0.77162223046875 0.50331037109375 0.69089515625 0.40044953125 0.66713398828125 0.411529544921875 0.616496416015625 0.436227138671875 0.694330037109375 0.541907263671875 0.77207102734375 0.5042728203125
0 0.73423019140625 0.4921895234375 0.754358732421875 0.51617778515625 0.840305541015625 0.409666544921875 0.7885001953125 0.34711996875 0.784996646484375 0.348828763671875 0.70021289453125 0.449583826171875 0.73423019140625 0.4921895234375
0 0.629318267578125 0.42475818359375 0.62929964453125 0.424773263671875 0.551245802734375 0.523949119140625 0.601360798828125 0.58777066796875 0.60301822265625 0.58981741796875 0.68173956640625 0.48332485546875 0.632726578125 0.42309583984375 0.629318267578125 0.42475818359375
0 0 0.5365864453125 0.06438096484375 0.58768358203125 0.06833255859375 0.58470584375 0.130083373046875 0.5364043984375 0.1298846640625 0.535996986328125 0 0.44584908984375 0 0.5365864453125
0 0.655135439453125 0.2765679453125 0.789276380859375 0.150283876953125 0.73574768359375 0.072098876953125 0.7339908125 0.072955759765625 0.603121814453125 0.20379712890625 0.636296234375 0.254975109375 0.652362646484375 0.277920326171875 0.655135439453125 0.2765679453125
0 0.00331073828125 0.483221962890625 0.034314703125 0.55564897265625 0.186592203125 0.443987767578125 0.16189804296875 0.3749333359375 0.158318712890625 0.376307310546875 0.003100734375 0.4826748828125 0.00331073828125 0.483221962890625
0 0.42312787890625 0.224937486328125 0.54943446484375 0.3530626640625 0.627163591796875 0.301239072265625 0.488665458984375 0.16716022265625 0.470226830078125 0.17959723828125 0.41864201953125 0.2182869296875 0.42312787890625 0.224937486328125
0 0.682525724609375 0.106714783203125 0.8132277265625 0.2248694375 0.88292755078125 0.1655128671875 0.74832869921875 0.036805798828125 0.735412041015625 0.047265501953125 0.67691826953125 0.099790154296875 0.682525724609375 0.106714783203125
0 0.233383373046875 0.315379880859375 0.23147953515625 0.316523822265625 0.100018052734375 0.452178013671875 0.11837636328125 0.48273137890625 0.143831962890625 0.5239820625 0.2780720234375 0.388785955078125 0.23472726171875 0.314724421875 0.233383373046875 0.315379880859375
0 0.47508068359375 0.194019345703125 0.34943770703125 0.32668555078125 0.37303105078125 0.360380333984375 0.402533544921875 0.40059971484375 0.40376753515625 0.399735666015625 0.524136533203125 0.26625882421875 0.47710977734375 0.19302969140625 0.47508068359375 0.194019345703125
0 0.566157783203125 0.319979177734375 0.567160478515625 0.32135926953125 0.699880810546875 0.18608189453125 0.643941765625 0.1099218515625 0.638337345703125 0.112655310546875 0.51804579296875 0.24318754296875 0.566157783203125 0.319979177734375
0 0.189476349609375 0.4209378671875 0.21241023828125 0.476174228515625 0.36716874609375 0.365374537109375 0.33022489453125 0.2787823984375 0.326064853515625 0.2803792890625 0.17753736328125 0.389835744140625 0.189476349609375 0.4209378671875
0 0.439495185546875 0.408156828125 0.35065232421875 0.243232712890625 0.268097203125 0.263102771484375 0.268368228515625 0.26427671484375 0.33726408203125 0.40702610546875 0.34634205859375 0.425018099609375 0.439715400390625 0.40911068359375 0.439495185546875 0.408156828125
0 1 0.66665076953125 0.94351629296875 0.681785533203125 0.934777708984375 0.686047623046875 0.97611065234375 0.77358911328125 1 0.7669315078125 1 0.66665076953125
0 0.910393732421875 0.82136976171875 0.9760438203125 0.74258001171875 0.933004265625 0.683435708984375 0.930034875 0.684883978515625 0.86408579296875 0.7580191796875 0.89493301171875 0.80172659765625 0.909912181640625 0.82160462890625 0.910393732421875 0.82136976171875
0 0.92265539453125 0.79309664453125 0.84124198828125 0.7285181484375 0.79110966796875 0.766925845703125 0.782926376953125 0.773552544921875 0.785044564453125 0.77789547265625 0.86380096484375 0.8372600859375 0.92265539453125 0.79309664453125
0 0.809658134765625 0.7500306875 0.805887775390625 0.751631111328125 0.72662040234375 0.811187810546875 0.750561884765625 0.867590412109375 0.7576494765625 0.882122126953125 0.83520794140625 0.824743654296875 0.809658134765625 0.7500306875
0 0 0.266733279296875 0.077406009765625 0.365188041015625 0.159089880859375 0.334381357421875 0.049290064453125 0.184825732421875 0 0.203746416015625 0 0.266733279296875
0 0.115230181640625 0.342914201171875 0.11544778125 0.343193583984375 0.22887965234375 0.19426562109375 0.171047623046875 0.12552158984375 0.16924466796875 0.126880216796875 0.0589987734375 0.268292603515625 0.115230181640625 0.342914201171875
0 0 0.4051493046875 0.0042212734375 0.409355734375 0.070976357421875 0.373744685546875 0.0851600078125 0.365882560546875 0.084420236328125 0.364365802734375 0 0.28284844140625 0 0.4051493046875
0 0.17224614453125 0.291368080078125 0.317471990234375 0.1713009921875 0.28553255078125 0.092355544921875 0.284708890625 0.09066679296875 0.27919092578125 0.09312355078125 0.13426683203125 0.20106683984375 0.17072748046875 0.288254357421875 0.17224614453125 0.291368080078125
0 0.521554884765625 0 0.581341779296875 0.11542791015625 0.66748303515625 0.091260314453125 0.62574998828125 0 0.521554884765625 0
0 0.3952588984375 0 0.389601083984375 0.0027595 0.390242123046875 0.00407382421875 0.50677825390625 0.1559596796875 0.556319125 0.131796982421875 0.59451833984375 0.112805310546875 0.59390708203125 0.111552046875 0.50560883203125 0 0.3952588984375 0
0 0.445467296875 0 0.30948285546875 0.123249423828125 0.34462951953125 0.189617734375 0.35517208203125 0.208637021484375 0.500795447265625 0.081375859375 0.455688072265625 0 0.445467296875 0
0 0.42767827734375 0.180783783203125 0.2776108203125 0.05216548046875 0.26594789453125 0.057853869140625 0.20092023828125 0.10694934765625 0.34840240234375 0.238381078125 0.42767827734375 0.180783783203125
0 0.62747970703125 0 0.684612455078125 0.0716324609375 0.752172921875 0.03336712109375 0.773978875 0.01974124609375 0.757412333984375 0 0.62747970703125 0
0 0.529329611328125 1 0.583827115234375 0.960434953125 0.49595319921875 0.89046168359375 0.46427233203125 0.912644865234375 0.441739111328125 0.92945449609375 0.445093974609375 0.93633298828125 0.521114056640625 1 0.529329611328125 1
0 0.658370568359375 0.81216819140625 0.659075099609375 0.815792697265625 0.695768701171875 0.89863669921875 0.767621447265625 0.88353591796875 0.72384780078125 0.79805005859375 0.72287829296875 0.79822050390625 0.663172498046875 0.809826134765625 0.658370568359375 0.81216819140625
0 0.461566494140625 1 0.49592392578125 0.96205682421875 0.471647453125 0.906716021484375 0.4678618359375 0.908562390625 0.3867762109375 0.980723091796875 0.3961781875 1 0.461566494140625 1
0 0.52459729296875 0.91124233203125 0.5332573828125 0.93164423046875 0.555507322265625 0.977661947265625 0.556463396484375 0.9772561171875 0.63387360546875 0.91347651171875 0.60640604296875 0.84402580859375 0.6047011796875 0.84474948046875 0.52459729296875 0.91124233203125
0 0.713838822265625 0.897388578125 0.645454998046875 0.82629995703125 0.612668935546875 0.842379791015625 0.579879025390625 0.85981449609375 0.5811883359375 0.862498978515625 0.649841796875 0.929727794921875 0.713838822265625 0.897388578125
0 0.438202666015625 1 0.439064845703125 0.99922534765625 0.40736244140625 0.9324989375 0.407334154296875 0.9325109453125 0.34396287890625 0.99968495703125 0.34367565234375 1 0.438202666015625 1