0 0.0808253984375 0.853790046875 0.08459932421875 0.855796677734375 0.14115875390625 0.88463987109375 0.221778478515625 0.80888653125 0.22385357421875 0.8028600078125 0.16305790234375 0.772435388671875 0.0808253984375 0.853790046875
0 0.17513917578125 0.817788568359375 0.24680475390625 0.726606345703125 0.24761038671875 0.72426661328125 0.184939646484375 0.7013303046875 0.11111792578125 0.79435087890625 0.17513917578125 0.817788568359375
0 0.3347943203125 0.49312206640625 0.33520416796875 0.4918606875 0.26320313671875 0.465900546875 0.196446306640625 0.562383845703125 0.2105293828125 0.567233037109375 0.27022952734375 0.5848906328125 0.3347943203125 0.49312206640625
0 0.1667152265625 0.633523109375 0.190978140625 0.64382210546875 0.240753373046875 0.66116409765625 0.308933177734375 0.5797674140625 0.31107647265625 0.5735428359375 0.243181640625 0.54483074609375 0.1667152265625 0.633523109375
0 0.162284203125 0.61729642578125 0.16223437890625 0.617290306640625 0.15195848046875 0.69737793359375 0.261365435546875 0.74670998046875 0.263362951171875 0.740908771484375 0.272223046875 0.66874910546875 0.162284203125 0.61729642578125
0 0.231476515625 0.450670421875 0.31553191796875 0.525719291015625 0.319695291015625 0.52715285546875 0.35449935546875 0.45818987890625 0.263540294921875 0.381909427734375 0.231476515625 0.450670421875
0 0.31227325390625 0.441655072265625 0.397672240234375 0.36044487890625 0.398479400390625 0.358100720703125 0.330829984375 0.313690349609375 0.243830236328125 0.39602030078125 0.31227325390625 0.441655072265625
0 0.42116101171875 0 0.371808595703125 0.125353697265625 0.38139419140625 0.128654283203125 0.3828120703125 0.128955662109375 0.450964658203125 0.14276595703125 0.5023499296875 0.01795702734375 0.50338144140625 0.013104138671875 0.443667806640625 0 0.42116101171875 0
0 0.469942625 0.217746677734375 0.471798162109375 0.212357806640625 0.472396787109375 0.20927814453125 0.48623772265625 0.13480465234375 0.3550570078125 0.08240129296875 0.353847802734375 0.08216624609375 0.35324476171875 0.08526861328125 0.338684453125 0.167959517578125 0.46640014453125 0.21705808984375 0.469942625 0.217746677734375
0 0.27919537890625 0.346149216796875 0.305176814453125 0.35865716796875 0.35023716796875 0.37871933203125 0.436660916015625 0.266410755859375 0.438159634765625 0.26205816015625 0.366689578125 0.22957901171875 0.27919537890625 0.346149216796875
0 0.303367427734375 0.26495929296875 0.331191509765625 0.28102353515625 0.368062212890625 0.30130054296875 0.464420751953125 0.20018824609375 0.464997595703125 0.198512970703125 0.395183939453125 0.156101208984375 0.303367427734375 0.26495929296875
0 0.375896919921875 0.855622212890625 0.2512243046875 0.762091875 0.22293123828125 0.83517905859375 0.34269673828125 0.93168064453125 0.34806649609375 0.933529599609375 0.366684283203125 0.88237765234375 0.375896919921875 0.855622212890625
0 0.34083976171875 0.974007076171875 0.34392019140625 0.9670883203125 0.351115724609375 0.9452003984375 0.226536037109375 0.83384467578125 0.226320287109375 0.83377038671875 0.19446463671875 0.913763966796875 0.226792708984375 0.92867499609375 0.286876607421875 0.955426072265625 0.34083976171875 0.974007076171875
0 0.342829919921875 0.59931713671875 0.380534546875 0.60537101953125 0.4272849375 0.61111124609375 0.479188384765625 0.473698927734375 0.47945747265625 0.471507373046875 0.4039577578125 0.461157587890625 0.342829919921875 0.59931713671875
0 0.26086052734375 0.74805134765625 0.357458927734375 0.856194814453125 0.359078337890625 0.85712978125 0.39681612890625 0.802342150390625 0.40293697265625 0.79174053515625 0.30269359375 0.67663673828125 0.302387494140625 0.67653133984375 0.26086052734375 0.74805134765625
0 0.32370367578125 0.542002189453125 0.316640201171875 0.626782525390625 0.443105181640625 0.684926220703125 0.44921201171875 0.685893447265625 0.44958093359375 0.68482201953125 0.461123333984375 0.61194617578125 0.32370367578125 0.542002189453125
0 0.311176736328125 0.6102313125 0.28623433984375 0.68228748828125 0.406839884765625 0.774126103515625 0.40870698828125 0.77473276171875 0.423965640625 0.73041841796875 0.43436471875 0.69841334375 0.311176736328125 0.6102313125
0 0.519605236328125 0.451206646484375 0.52016537109375 0.44587732421875 0.37611598046875 0.392380970703125 0.363577916015625 0.47079544140625 0.363327529296875 0.47317770703125 0.489492375 0.518200220703125 0.49767428125 0.52054466796875 0.51046240234375 0.521888751953125 0.519605236328125 0.451206646484375
0 0.526432677734375 0 0.51119959765625 0.069547244140625 0.6391779375 0.120314404296875 0.643578685546875 0.121411634765625 0.6460104921875 0.114349158203125 0.649400078125 0.10141387890625 0.665443935546875 0.037065478515625 0.56148601953125 0 0.526432677734375 0
0 0.480851404296875 0.167259177734375 0.50525731640625 0.183108560546875 0.55260569140625 0.211325572265625 0.63810937109375 0.11809847265625 0.63983082421875 0.11309901171875 0.5701376953125 0.065404318359375 0.480851404296875 0.167259177734375
0 0.578837005859375 0.26144210546875 0.50461224609375 0.234038365234375 0.430379189453125 0.34357519921875 0.49353878125 0.368877703125 0.511290265625 0.374990029296875 0.573564634765625 0.27675418359375 0.578837005859375 0.26144210546875
0 0.466638236328125 0.246902490234375 0.594428115234375 0.28335246875 0.596181765625 0.27825949609375 0.60426026171875 0.201397740234375 0.473541765625 0.1611859765625 0.466638236328125 0.246902490234375
0 0.41153206640625 0.38239467578125 0.50868087109375 0.4517605625 0.52062525390625 0.455873341796875 0.548192595703125 0.380705853515625 0.44014627734375 0.308385025390625 0.41153206640625 0.38239467578125
0 0.642302806640625 1 0.64754398046875 0.97027583203125 0.47724342578125 0.89244244921875 0.476197595703125 0.89547976171875 0.46732953125 0.9640105078125 0.53434573046875 1 0.642302806640625 1
0 0.891711576171875 0.2783805625 0.89539951953125 0.24548708984375 0.713688994140625 0.19587233984375 0.705911845703125 0.28563196875 0.8801258203125 0.338874416015625 0.882577724609375 0.33917547265625 0.88517199609375 0.331641154296875 0.891711576171875 0.2783805625
0 0.59702214453125 0.802158462890625 0.495074673828125 0.962665654296875 0.56488842578125 0.98670445703125 0.66960099609375 0.83292294140625 0.670406171875 0.83058454296875 0.59702214453125 0.802158462890625
0 0.66967866015625 0.361062283203125 0.639765919921875 0.4438276796875 0.805533541015625 0.535445271484375 0.80811475390625 0.536234427734375 0.815050025390625 0.51609294140625 0.83589215234375 0.44792141796875 0.66967866015625 0.361062283203125
0 0.888307658203125 0.26023274609375 0.898621826171875 0.26378419921875 0.928088509765625 0.17820673828125 0.76731983984375 0.093132935546875 0.73127905078125 0.18268626953125 0.888307658203125 0.26023274609375
0 0.516730498046875 0.8512215078125 0.559656390625 0.873737595703125 0.5914159375 0.889919892578125 0.715942853515625 0.751128740234375 0.7179314921875 0.74535331640625 0.64223316015625 0.707877646484375 0.516730498046875 0.8512215078125
0 0.782401044921875 0.615711765625 0.796114439453125 0.56176058203125 0.803326775390625 0.53052051953125 0.635060013671875 0.4536331015625 0.6337989765625 0.45909526171875 0.61852796484375 0.539852798828125 0.778380119140625 0.617665857421875 0.78148164453125 0.61838190234375 0.782401044921875 0.615711765625
0 0.861631228515625 0.3797764375 0.8677760703125 0.344927306640625 0.68924793359375 0.281543515625 0.67948552734375 0.37337450390625 0.844828060546875 0.437965171875 0.849905935546875 0.438860537109375 0.852003970703125 0.43276740234375 0.861631228515625 0.3797764375
0 0.566461298828125 0.79117974609375 0.62627717578125 0.801840107421875 0.66084548046875 0.806698369140625 0.73187484375 0.63606844140625 0.732443982421875 0.632018806640625 0.641885158203125 0.6167864453125 0.566461298828125 0.79117974609375
0 0.7693863828125 0.652070591796875 0.63307614453125 0.523569474609375 0.63221178515625 0.52310988671875 0.5926796015625 0.609184466796875 0.60770898046875 0.622609791015625 0.72659622265625 0.725098712890625 0.729194421875 0.72599334375 0.7693863828125 0.652070591796875
0 0.18115966015625 0 0.169282091796875 0.058005048828125 0.259952380859375 0.093309369140625 0.263158833984375 0.08399715625 0.275919810546875 0.018347625 0.231230498046875 0 0.18115966015625 0
0 0.779024490234375 1 0.78763167578125 0.9868219609375 0.788575517578125 0.9837347890625 0.707617708984375 0.953160142578125 0.70468147265625 0.9522624453125 0.69008663671875 1 0.779024490234375 1
0 0.170162296875 0.158215775390625 0.2124534140625 0.16723862109375 0.25640747265625 0.077903818359375 0.25735203515625 0.073812484375 0.181020361328125 0.05868019921875 0.140520919921875 0.1498245 0.15416477734375 0.15452245703125 0.170162296875 0.158215775390625
0 0.232427115234375 0.16364994140625 0.236396029296875 0.152123380859375 0.168612373046875 0.13154982421875 0.11257260546875 0.217870140625 0.143623763671875 0.228561912109375 0.184605802734375 0.241449443359375 0.232427115234375 0.16364994140625
0 0.212718076171875 0.223780353515625 0.21324835546875 0.2218013203125 0.1387484609375 0.201839134765625 0.088771509765625 0.2923013828125 0.0917398984375 0.29332348046875 0.167105279296875 0.307808326171875 0.212718076171875 0.223780353515625
0 0.77963026171875 1 0.864297681640625 0.83585542578125 0.77880024609375 0.81820619921875 0.687845779296875 0.9811186328125 0.691367951171875 0.9823314140625 0.774492109375 1 0.77963026171875 1
0 0.9004073984375 0.8249454453125 0.739649984375 0.729475427734375 0.71797069921875 0.80551225390625 0.714244798828125 0.81941750390625 0.86676295703125 0.90768634765625 0.87309694140625 0.90938353515625 0.899288568359375 0.829120974609375 0.9004073984375 0.8249454453125
0 0.82313143359375 1 0.684727802734375 0.899070943359375 0.684319841796875 0.89893047265625 0.65093152734375 0.97998306640625 0.677492759765625 1 0.82313143359375 1
0 0.932231712890625 0.72895800390625 0.76208451953125 0.647500580078125 0.74726751953125 0.74439766796875 0.91838280078125 0.815905564453125 0.919663255859375 0.812186849609375 0.923815142578125 0.78864033203125 0.932231712890625 0.72895800390625
0 1 0.26926891796875 0.952801927734375 0.261062638671875 0.89478407421875 0.44424130859375 0.90207821484375 0.446752884765625 0.982739818359375 0.45952842578125 1 0.41307326171875 1 0.26926891796875
0 1 0.376328646484375 0.947639689453125 0.35517370703125 0.8418716328125 0.514986173828125 0.8415024453125 0.51605837109375 0.87230164453125 0.52864563671875 0.929397431640625 0.55171383203125 1 0.44845891796875 1 0.376328646484375
0 1 0.55899269140625 0.84965662890625 0.44492725390625 0.8089473359375 0.536361818359375 0.95600092578125 0.643793451171875 0.966466017578125 0.64739687109375 0.969936640625 0.63960172265625 1 0.568446861328125 1 0.55899269140625
0 0.7667119140625 0.68374852734375 0.8165101015625 0.71740436328125 0.844779400390625 0.735762658203125 0.985512494140625 0.60174956640625 0.98721730859375 0.596798419921875 0.9071133515625 0.54477830078125 0.7667119140625 0.68374852734375
0 1 0.216683390625 0.9126368984375 0.19810926171875 0.9108432421875 0.223759734375 0.908774669921875 0.30137657421875 1 0.318408109375 1 0.216683390625
0 0 0.574794107421875 0.0125884375 0.581692556640625 0.04788686328125 0.599678001953125 0.12228076171875 0.5212008828125 0.123057859375 0.519675744140625 0.12381711328125 0.517470712890625 0.06087098828125 0.48403047265625 0 0.551507173828125 0 0.574794107421875
0 0.1819038203125 0.3345413359375 0.11491705859375 0.2654412109375 0.078690607421875 0.323481029296875 0.139906046875 0.394187564453125 0.142282115234375 0.395005708984375 0.1532467265625 0.378669390625 0.1819038203125 0.3345413359375
0 0 0.654168990234375 0.01088081640625 0.660885376953125 0.106438521484375 0.5960400859375 0.10692917578125 0.59531266015625 0.10698711328125 0.595144390625 0.04508309765625 0.55495005859375 0 0.59322808984375 0 0.654168990234375
0 0.012933568359375 0.49189171875 0.0643139296875 0.519211142578125 0.079158537109375 0.52663785546875 0.14815260546875 0.45639391796875 0.149092376953125 0.45366462109375 0.08724251953125 0.416788650390625 0.012933568359375 0.49189171875
0 0.03859222265625 0.41486167578125 0.08894753515625 0.44511819921875 0.102690287109375 0.452775333984375 0.171616154296875 0.3882508203125 0.17295491015625 0.38436279296875 0.11248406640625 0.349718828125 0.03859222265625 0.41486167578125
0 0 0.78254232421875 0.0596069375 0.7183485078125 0.060987634765625 0.71433867578125 0 0.69547322265625 0 0.78254232421875
0 0 0.713367701171875 0.046219193359375 0.745657525390625 0.05134966796875 0.7471286640625 0.05363762890625 0.740483947265625 0.06655745703125 0.698538072265625 0.0695827734375 0.68798754296875 0.050024361328125 0.67119769140625 0 0.629713052734375 0 0.713367701171875