0 0 0.6047310546875 0.0673955 0.618338439453125 0.04947684375 0.502356517578125 0 0.49275700390625 0 0.6047310546875
0 0.1697554609375 0.558504794921875 0.052920619140625 0.538252357421875 0.021026431640625 0.59850853515625 0.13812957421875 0.61823991796875 0.1697554609375 0.558504794921875
0 0.25829716015625 0.69438001171875 0.25942083984375 0.694834009765625 0.371339169921875 0.70437226953125 0.39966733203125 0.63929430859375 0.40192191015625 0.6334209296875 0.284703953125 0.622504388671875 0.25829716015625 0.69438001171875
0 0.286471224609375 0.704930474609375 0.29051444140625 0.59195523828125 0.2415367421875 0.571375607421875 0.2194501640625 0.563770587890625 0.2168336015625 0.570586966796875 0.214476787109375 0.680032595703125 0.286471224609375 0.704930474609375
0 0.1071583984375 0.6300886640625 0.10350206640625 0.644037240234375 0.10461633984375 0.644464970703125 0.22638340625 0.637912607421875 0.23365735546875 0.610765859375 0.24612500390625 0.56321826953125 0.24221436328125 0.561717115234375 0.124224833984375 0.56639585546875 0.1071583984375 0.6300886640625
0 0.447242005859375 0.646418142578125 0.375875154296875 0.61431323828125 0.374765669921875 0.61658801953125 0.35636744921875 0.72968263671875 0.424558380859375 0.762941578125 0.447242005859375 0.646418142578125
0 0.51043361328125 0.788294501953125 0.523767916015625 0.669795396484375 0.50216858203125 0.661504189453125 0.447234908203125 0.641817810546875 0.446206150390625 0.64449781640625 0.432798033203125 0.76109716796875 0.51043361328125 0.788294501953125
0 0.710154125 0.83944653515625 0.70614618359375 0.850458267578125 0.844640572265625 0.87615212890625 0.8717780078125 0.800036626953125 0.860390232421875 0.79566526953125 0.73455769921875 0.774331521484375 0.710154125 0.83944653515625
0 0.657482361328125 0.844828533203125 0.72685204296875 0.87495055859375 0.735423703125 0.87824091015625 0.73641437890625 0.87590702734375 0.76747973046875 0.74104129296875 0.694936427734375 0.70872220703125 0.68799333203125 0.70605700390625 0.68708387109375 0.708199556640625 0.657482361328125 0.844828533203125
0 0.472472791015625 0.75483267578125 0.614044265625 0.78520668359375 0.647244298828125 0.7125604296875 0.646729724609375 0.71232048046875 0.503782619140625 0.68344280859375 0.482937099609375 0.728146166015625 0.48090419921875 0.73286810546875 0.472472791015625 0.75483267578125
0 0.71723281640625 0.743964689453125 0.579625904296875 0.71123532421875 0.55974718359375 0.74832227734375 0.54853278125 0.77033177734375 0.54590605859375 0.77717462890625 0.68145332421875 0.818238181640625 0.71723281640625 0.743964689453125
0 0.1401923046875 0.522640775390625 0.140581564453125 0.363009248046875 0.0907708515625 0.345858044921875 0.068223791015625 0.33860252734375 0.065710021484375 0.3451511171875 0.060177724609375 0.49442471484375 0.1401923046875 0.522640775390625
0 0 0.418062216796875 0.123501158203125 0.424984341796875 0.13945690234375 0.393400087890625 0.02402945703125 0.34909164453125 0 0.41169051953125 0 0.418062216796875
0 0.42095855078125 0.46994762890625 0.376899677734375 0.458803658203125 0.37569285546875 0.461947537109375 0.37233726171875 0.60897578125 0.383483943359375 0.611962525390625 0.45496620703125 0.6283057890625 0.455076994140625 0.627892326171875 0.45018455859375 0.477778712890625 0.42095855078125 0.46994762890625
0 0.24204350390625 0.50720148046875 0.28120112890625 0.43614767578125 0.2767560546875 0.43368373046875 0.13043062890625 0.4077444453125 0.097710068359375 0.479739931640625 0.24204350390625 0.50720148046875
0 0.2474062890625 0.538902875 0.39012436328125 0.5622965234375 0.42933733984375 0.49224058984375 0.43046835546875 0.48929419140625 0.426438638671875 0.4874151015625 0.279186001953125 0.469270119140625 0.2506216640625 0.530526537109375 0.2474062890625 0.538902875
0 0.354700283203125 0.4562175390625 0.351655986328125 0.454797958984375 0.20509198046875 0.435753095703125 0.176128728515625 0.497864986328125 0.17158871875 0.5096921171875 0.32422899609375 0.52495853515625 0.354700283203125 0.4562175390625
0 0.55996574609375 0.61507175 0.58319429296875 0.54197728125 0.573605703125 0.53829656640625 0.562600453125 0.53655137109375 0.43116548046875 0.524217779296875 0.418815841796875 0.560083736328125 0.40672930859375 0.60247003125 0.407495880859375 0.602733984375 0.55996574609375 0.61507175
0 0.95629205859375 0.680175103515625 0.95145979296875 0.678320169921875 0.83307064453125 0.667177759765625 0.81814923046875 0.743941775390625 0.816425265625 0.75341287890625 0.935608408203125 0.76041535546875 0.94591290234375 0.733571228515625 0.95629205859375 0.680175103515625
0 0.844894234375 0.76541754296875 0.867973060546875 0.63127632421875 0.84935976171875 0.625228494140625 0.7870986796875 0.6066509765625 0.783662673828125 0.615602080078125 0.76568503515625 0.7362626171875 0.844894234375 0.76541754296875
0 0.59951471484375 0.574368302734375 0.57685053125 0.65796880078125 0.70900510546875 0.66460455859375 0.73220213671875 0.58746038671875 0.725116607421875 0.58474050390625 0.72412475 0.584456095703125 0.59951471484375 0.574368302734375
0 0.664024884765625 0.649990681640625 0.6533147109375 0.679416642578125 0.788529556640625 0.700593140625 0.81663200390625 0.624890966796875 0.806588583984375 0.62103566015625 0.68391385546875 0.599227990234375 0.664024884765625 0.649990681640625
0 0.53936705859375 0.51516649609375 0.53684491015625 0.5217369140625 0.5379976328125 0.646944984375 0.615035228515625 0.66595578515625 0.617766296875 0.53596790234375 0.53936705859375 0.51516649609375
0 0.2667463203125 0.101761078125 0.10383526953125 0.137093796875 0.096236046875 0.2093955546875 0.262258341796875 0.18439942578125 0.262869849609375 0.17858131640625 0.269521501953125 0.10205276171875 0.2667463203125 0.101761078125
0 0.7897445 0.47695484765625 0.86752530859375 0.530617919921875 0.868356220703125 0.53093687890625 0.94435732421875 0.36028409375 0.905803484375 0.332223685546875 0.873084919921875 0.310154736328125 0.8713339765625 0.30948261328125 0.8682194296875 0.3141001171875 0.7897445 0.47695484765625
0 0.33207757421875 0.22425392578125 0.358643908203125 0.15619459765625 0.35430585546875 0.154529376953125 0.16884973046875 0.133143560546875 0.1646424921875 0.144103791015625 0.1438959453125 0.2086226796875 0.33207757421875 0.22425392578125
0 0.801475345703125 0.343735873046875 0.79365646484375 0.33903781640625 0.62631128515625 0.276771037109375 0.578711251953125 0.355990794921875 0.578399966796875 0.356801716796875 0.76078182421875 0.41985425390625 0.801475345703125 0.343735873046875
0 1 0.418442134765625 0.89199825390625 0.381014482421875 0.86624698046875 0.429445587890625 0.849738345703125 0.4624381796875 1 0.519271736328125 1 0.418442134765625
0 0.325263435546875 0.10656042578125 0.32295822265625 0.11173802734375 0.293516640625 0.29553262890625 0.37066087890625 0.328790455078125 0.403078599609375 0.1410473515625 0.39467062890625 0.137186951171875 0.3297538125 0.10828412109375 0.325263435546875 0.10656042578125
0 0.717203015625 0.30477053125 0.540912484375 0.249380599609375 0.520970455078125 0.285356974609375 0.49775455859375 0.32950466015625 0.49907210546875 0.33023498828125 0.671806591796875 0.379909529296875 0.71673270703125 0.3059957265625 0.717203015625 0.30477053125
0 0.8931461015625 0.379752396484375 0.88953550390625 0.3774076484375 0.722831716796875 0.311196138671875 0.66866477734375 0.38325648046875 0.667897396484375 0.385255578125 0.841308275390625 0.46048891796875 0.8931461015625 0.379752396484375
0 0.350447287109375 0.208425357421875 0.319240333984375 0.2594463828125 0.4998439375 0.31952222265625 0.548183396484375 0.23873643359375 0.544446275390625 0.23630951953125 0.368591875 0.18048514453125 0.350447287109375 0.208425357421875
0 0.607206595703125 0.312553869140625 0.619559423828125 0.229572056640625 0.618163439453125 0.229036189453125 0.615332375 0.22858779296875 0.460355330078125 0.238782423828125 0.440272771484375 0.24045945703125 0.42129712890625 0.32725878125 0.42035319140625 0.333218568359375 0.607206595703125 0.312553869140625
0 0.71986680859375 1 0.72609883203125 0.98352963671875 0.66402708203125 0.946233166015625 0.65886734765625 0.944252529296875 0.65721392578125 0.947004291015625 0.63826069921875 1 0.71986680859375 1
0 0.16504377734375 0 0.1563573125 0.06180741015625 0.159628947265625 0.063063271484375 0.246357564453125 0.06960023046875 0.23638951171875 0 0.16504377734375 0
0 0.64910779296875 1 0.67106257421875 0.963398138671875 0.668723810546875 0.96204785546875 0.57509996484375 0.92973323046875 0.54692004296875 0.975206091796875 0.541798833984375 0.98407628515625 0.53659559765625 0.997631177734375 0.54444046484375 1 0.64910779296875 1
0 0.55846030859375 1 0.574694390625 0.91654570703125 0.5133571875 0.885136240234375 0.512300025390625 0.88464327734375 0.51057973828125 0.883982921875 0.507558548828125 0.8904618828125 0.486846990234375 0.984490908203125 0.517894607421875 1 0.55846030859375 1
0 0.53208965625 0.9104792265625 0.53041133984375 0.909304056640625 0.4414577734375 0.874254234375 0.3943584921875 0.932167119140625 0.392535595703125 0.936915927734375 0.48785087109375 0.9736587578125 0.53208965625 0.9104792265625
0 0.27788608984375 0 0.257365599609375 0.042073244140625 0.254314201171875 0.050022408203125 0.435031408203125 0.084217830078125 0.47296258203125 0.007989216796875 0.4758636875 0.000431578125 0.47497882421875 0 0.27788608984375 0
0 0.419571904296875 0 0.393616966796875 0.12995164453125 0.3955366796875 0.13092978515625 0.4762563828125 0.16674574609375 0.5115173671875 0 0.419571904296875 0
0 0.175834052734375 0 0.16798516015625 0.0445132890625 0.169089912109375 0.04493736328125 0.36951244140625 0.020320703125 0.37222798046875 0 0.175834052734375 0
0 0.649938806640625 0.057130564453125 0.63947276171875 0.053113025390625 0.46504659765625 0.03379368359375 0.4310291953125 0.12572521484375 0.61933462890625 0.13696994140625 0.649938806640625 0.057130564453125
0 1 0.209813353515625 0.838844302734375 0.15863693359375 0.799855818359375 0.228974025390625 0.796650064453125 0.23732530078125 0.97680587109375 0.3044160546875 1 0.261044099609375 1 0.209813353515625
0 0.919921068359375 0.16355003515625 0.923318369140625 0.14533450390625 0.91900555078125 0.14367896875 0.730309693359375 0.14816910546875 0.71855971484375 0.20861750390625 0.71231194140625 0.2414605703125 0.712937259765625 0.2415821171875 0.90507755859375 0.23991328515625 0.919921068359375 0.16355003515625
0 0.67274440625 0.05434548046875 0.67031603125 0.06067161328125 0.68704169140625 0.2448984140625 0.782762640625 0.26022296875 0.768802716796875 0.067845595703125 0.67274440625 0.05434548046875
0 0.741297216796875 0.072115802734375 0.7388773984375 0.071601455078125 0.54451566796875 0.076355337890625 0.537507533203125 0.10932602734375 0.5260931640625 0.16833693359375 0.72363876171875 0.1673249140625 0.743681541015625 0.07303105859375 0.741297216796875 0.072115802734375
0 1 0.15635951953125 0.99051911328125 0.152720150390625 0.985673662109375 0.1622298828125 0.92403220703125 0.32775965625 0.991628216796875 0.365962169921875 1 0.370227806640625 1 0.15635951953125
0 0.124987392578125 0.82588125390625 0.12166508984375 0.856083947265625 0.23268122265625 0.842347171875 0.2413131171875 0.772252830078125 0.23736397265625 0.77073689453125 0.130500921875 0.786650447265625 0.124987392578125 0.82588125390625
0 0.42447761328125 0.950943052734375 0.428021470703125 0.85476876171875 0.37719766796875 0.8411505625 0.359079873046875 0.836589171875 0.35696889453125 0.842088458984375 0.35871989453125 0.932051287109375 0.42447761328125 0.950943052734375
0 0.07012875 0.726043890625 0.06793029296875 0.731771064453125 0.08595973046875 0.837615626953125 0.15968383984375 0.84667342578125 0.127853173828125 0.73447966015625 0.07012875 0.726043890625
0 0.18706901953125 0.86612855078125 0.291692173828125 0.87768741015625 0.316755318359375 0.80955258203125 0.31458497265625 0.80863132421875 0.21627939453125 0.797405958984375 0.209416748046875 0.81251961328125 0.19092473828125 0.856084060546875 0.18706901953125 0.86612855078125
0 0.26141606640625 0.894810115234375 0.358752390625 0.90229855859375 0.386537908203125 0.837443353515625 0.38282384765625 0.83594277734375 0.28890977734375 0.82588801953125 0.28254250390625 0.84027387109375 0.278696302734375 0.84979355859375 0.26141606640625 0.894810115234375
0 0 0.80610530859375 0.00329296875 0.808083923828125 0.005893892578125 0.80908232421875 0.006180994140625 0.808604505859375 0.02149298828125 0.696358298828125 0 0.681963765625 0 0.80610530859375
0 0 0.79550523046875 0.09893942578125 0.788692447265625 0.114937177734375 0.71704699609375 0.1140968984375 0.71672444140625 0.02371508984375 0.730504005859375 0 0.73453398828125 0 0.79550523046875