0 0.346454095703125 0 0.365856515625 0.10275773828125 0.370236115234375 0.107795892578125 0.42643174609375 0.07667162890625 0.413989603515625 0 0.346454095703125 0
0 0.484756578125 0.12403103125 0.434955142578125 0.01641895703125 0.385440826171875 0.062427802734375 0.434808404296875 0.1704338984375 0.484756578125 0.12403103125
0 0.57580069140625 0.210888009765625 0.53682210546875 0.272127052734375 0.6072392421875 0.359485560546875 0.6083387890625 0.36022721484375 0.65313944921875 0.29817096484375 0.57903523828125 0.2076997734375 0.57641458984375 0.209977869140625 0.57580069140625 0.210888009765625
0 0.585170537109375 0.2609037734375 0.56035630078125 0.14645858203125 0.53752937109375 0.159637716796875 0.493723958984375 0.18895331640625 0.51806744921875 0.29398119140625 0.519007330078125 0.29560911328125 0.521096115234375 0.29801198828125 0.585170537109375 0.2609037734375
0 0.47910868359375 0.240184390625 0.539103484375 0.19039620703125 0.49183726171875 0.0775641640625 0.4554764296875 0.10807452734375 0.43147262109375 0.12894071875 0.47376207421875 0.2340338203125 0.47910868359375 0.240184390625
0 0.682076755859375 0.295993623046875 0.571278025390625 0.32002998828125 0.568407408203125 0.32252537890625 0.60368237890625 0.39110136328125 0.718858953125 0.3623504609375 0.682076755859375 0.295993623046875
0 0.710019208984375 0.32663488671875 0.65124775390625 0.364388625 0.64103993359375 0.37127388671875 0.679423478515625 0.480146783203125 0.68204712109375 0.4831649375 0.75029955859375 0.44000686328125 0.710019208984375 0.32663488671875
0 0.895860556640625 0.57450718359375 0.834601345703125 0.63088264453125 0.909816203125 0.744476048828125 0.9128464375 0.747725578125 0.916545408203125 0.74451011328125 0.971340515625 0.69242998046875 0.895860556640625 0.57450718359375
0 0.82004244921875 0.519919267578125 0.791719169921875 0.55750552734375 0.77302381640625 0.583250380859375 0.863749103515625 0.6806386953125 0.87015180859375 0.685463478515625 0.870582806640625 0.68508881640625 0.920177953125 0.61813408203125 0.826193177734375 0.51457251953125 0.82004244921875 0.519919267578125
0 0.828168662109375 0.470458716796875 0.77783670703125 0.41109452734375 0.65251206640625 0.4789166328125 0.64958790234375 0.4815495625 0.689854517578125 0.52787100390625 0.70161007421875 0.54092687109375 0.828168662109375 0.470458716796875
0 0.79478165234375 0.622377763671875 0.84958996875 0.5744111640625 0.7867446328125 0.44769361328125 0.75200680859375 0.47554510546875 0.72318830078125 0.500596654296875 0.789789072265625 0.61663445703125 0.79478165234375 0.622377763671875
0 0.32095207421875 0.05466909765625 0.29697273828125 0.06680183984375 0.25119667578125 0.091141404296875 0.27587951953125 0.244560525390625 0.27858096484375 0.24766818359375 0.351171345703125 0.208378572265625 0.32095207421875 0.05466909765625
0 0.1834839453125 0.13739275390625 0.3475536953125 0.11079568359375 0.348367724609375 0.11008805859375 0.30649836328125 0.03543558203125 0.27456560546875 0.051175396484375 0.22532528125 0.07626459375 0.173257826171875 0.121526140625 0.1834839453125 0.13739275390625
0 0.48728708984375 0.477768849609375 0.60361500390625 0.382530388671875 0.55830911328125 0.347380359375 0.54275138671875 0.33565676953125 0.42382004296875 0.4224889296875 0.421760232421875 0.425222384765625 0.474788412109375 0.468350419921875 0.48728708984375 0.477768849609375
0 0.4416661953125 0.20803509765625 0.442325591796875 0.207160046875 0.383414587890625 0.154931529296875 0.25746769921875 0.240051666015625 0.260675482421875 0.24374180078125 0.32280621484375 0.290560666015625 0.4416661953125 0.20803509765625
0 0.55281247265625 0.332917509765625 0.48647623046875 0.2796530625 0.367554603515625 0.351983740234375 0.36415182421875 0.35563277734375 0.37287784765625 0.365670919921875 0.417982177734375 0.40773138671875 0.55281247265625 0.332917509765625
0 0.40191589453125 0.37611773046875 0.40416351171875 0.37861396484375 0.46099191015625 0.329376205078125 0.401771478515625 0.187884853515625 0.36285702734375 0.22171266796875 0.34085203125 0.241526056640625 0.40191589453125 0.37611773046875
0 0.47688456640625 0.453843291015625 0.473530267578125 0.45675913671875 0.5050271875 0.519575873046875 0.507542935546875 0.52430730859375 0.65688007421875 0.4881063984375 0.623425783203125 0.416086658203125 0.622301216796875 0.41397165625 0.49252955078125 0.4471967890625 0.484435443359375 0.44982841796875 0.47688456640625 0.453843291015625
0 0.92838914453125 0.783220541015625 0.869710908203125 0.72584975390625 0.7588397265625 0.80747904296875 0.75555365234375 0.8106523671875 0.76414829296875 0.820539369140625 0.76945137109375 0.8261636640625 0.8155199609375 0.87386908203125 0.929040115234375 0.78396939453125 0.92838914453125 0.783220541015625
0 0.7608678359375 0.6653249140625 0.71755684765625 0.699416357421875 0.774079892578125 0.812911203125 0.7772550703125 0.816563828125 0.8475031640625 0.76807739453125 0.784856333984375 0.649066318359375 0.78423293359375 0.64834917578125 0.7608678359375 0.6653249140625
0 0.60453834765625 0.56697558984375 0.65356113671875 0.67903352734375 0.66097037109375 0.687556876953125 0.72550498828125 0.64112273828125 0.676205435546875 0.518328525390625 0.60453834765625 0.56697558984375
0 0.71135530859375 0.74067890234375 0.80536673828125 0.643054578125 0.73641025 0.597181208984375 0.64058031640625 0.692680546875 0.643075396484375 0.69555080859375 0.68476142578125 0.723668388671875 0.71135530859375 0.74067890234375
0 0.6548592421875 0.48836243359375 0.534650333984375 0.521637244140625 0.52892761328125 0.526611927734375 0.570168447265625 0.59563042578125 0.69436803515625 0.55717563671875 0.6548592421875 0.48836243359375
0 0 0.37857069921875 0.000668474609375 0.37949077734375 0.17383440625 0.311495544921875 0.175194365234375 0.3103133515625 0.130362845703125 0.25420761328125 0 0.295969728515625 0 0.37857069921875
0 0.661187455078125 0.85780519140625 0.59660955078125 0.78758423046875 0.44626130859375 0.8879604453125 0.442606009765625 0.89125169140625 0.47404300390625 0.92741581640625 0.502592173828125 0.9569298046875 0.661187455078125 0.85780519140625
0 0.126133033203125 0.26282853515625 0.10425453515625 0.2744615390625 0.061470080078125 0.29849337890625 0.10267222265625 0.48060494921875 0.103417734375 0.48200705078125 0.10373973046875 0.48237746484375 0.1745775234375 0.44809408984375 0.12650747265625 0.26325927734375 0.126133033203125 0.26282853515625
0 0.4857029296875 0.65401011328125 0.32015938671875 0.73500570703125 0.313782875 0.74054872265625 0.369856150390625 0.812319240234375 0.53634312890625 0.725985474609375 0.4857029296875 0.65401011328125
0 0.684782373046875 1 0.69849284375 0.985802392578125 0.59052086328125 0.84310821875 0.52665433984375 0.90282675 0.5203023828125 0.90940439453125 0.5929302890625 1 0.684782373046875 1
0 0.17305323828125 0.33896315234375 0.162651037109375 0.34769163671875 0.107038412109375 0.3954611484375 0.1876444609375 0.56222730078125 0.19102429296875 0.566115353515625 0.254938041015625 0.51376255859375 0.17305323828125 0.33896315234375
0 0.25422596875 0.655678787109375 0.25976201171875 0.664892314453125 0.30160474609375 0.72861123828125 0.47255631640625 0.672920390625 0.473670943359375 0.6719514609375 0.43919839453125 0.61160887109375 0.428284525390625 0.593445146484375 0.25576113671875 0.654344287109375 0.25422596875 0.655678787109375
0 0.59798848828125 0.7872834296875 0.59822976953125 0.78705843359375 0.53261970703125 0.715964873046875 0.37602890234375 0.819426783203125 0.388058087890625 0.83326477734375 0.441867494140625 0.88356280078125 0.59798848828125 0.7872834296875
0 0.17699707421875 0.59329484765625 0.35629517578125 0.53291304296875 0.305911248046875 0.45195169921875 0.132571705078125 0.5129912890625 0.127694150390625 0.517231283203125 0.160671505859375 0.56909119921875 0.17699707421875 0.59329484765625
0 0.36533960546875 0.66057312890625 0.30821762109375 0.481468958984375 0.303157017578125 0.484755353515625 0.231579978515625 0.5373949296875 0.23821624609375 0.55642337109375 0.2913667109375 0.700599263671875 0.29530702734375 0.705132078125 0.36533960546875 0.66057312890625
0 1 0.36816605859375 0.99798396484375 0.363426314453125 0.972232951171875 0.380795591796875 0.93679158984375 0.4055717890625 0.971547080078125 0.4970560546875 0.97539290625 0.501480173828125 1 0.4837415625 1 0.36816605859375
0 1 0.377498490234375 0.9592214453125 0.32734913671875 0.86878020703125 0.365754208984375 0.86494921484375 0.369084439453125 0.871674 0.37800853125 0.91102551171875 0.427403458984375 1 0.387001548828125 1 0.377498490234375
0 0.834966625 0.2912257109375 0.86541730078125 0.38449429296875 0.868754908203125 0.38833376953125 0.93169164453125 0.34240466796875 0.90079420703125 0.2500920703125 0.834966625 0.2912257109375
0 0 0.58021419140625 0.122394013671875 0.54085825390625 0.067976779296875 0.46444073828125 0 0.48879984375 0 0.58021419140625
0 0.130930322265625 0.676934525390625 0.093423880859375 0.4995702421875 0.092595244140625 0.49794394921875 0.0337216328125 0.52406662890625 0.01065434765625 0.53581999609375 0.04684367578125 0.71701337109375 0.047508255859375 0.7177778828125 0.130930322265625 0.676934525390625
0 0.070133326171875 0.60916475390625 0.10913245703125 0.78628676953125 0.11379701953125 0.791652736328125 0.19617527734375 0.745412919921875 0.146745935546875 0.56498070703125 0.070133326171875 0.60916475390625
0 0.446067330078125 1 0.4997520546875 0.973320841796875 0.44801688671875 0.90032864453125 0.277715623046875 0.97479412109375 0.271140544921875 0.98050975 0.284787763671875 1 0.446067330078125 1
0 0.25438337890625 0.978150716796875 0.4345244609375 0.91435102734375 0.4357960234375 0.91358699609375 0.39632037109375 0.847289033203125 0.38723451953125 0.83216763671875 0.207866337890625 0.89266021484375 0.20467986328125 0.89543017578125 0.25438337890625 0.978150716796875
0 0.14403887109375 0.8235509921875 0.186670328125 0.89710698828125 0.3718991328125 0.84464912109375 0.323375705078125 0.757110541015625 0.145780388671875 0.810897490234375 0.142895271484375 0.81249673828125 0.139532 0.815420384765625 0.14403887109375 0.8235509921875
0 0.108487912109375 0.695065470703125 0.187610263671875 0.867038578125 0.19215063671875 0.8722616796875 0.266379720703125 0.8184351015625 0.18672717578125 0.63610795703125 0.108487912109375 0.695065470703125
0 0.72935875390625 0.13202195703125 0.700874900390625 0.022120642578125 0.67025698828125 0.03981247265625 0.63803766015625 0.059171796875 0.666825712890625 0.15992422265625 0.6685378203125 0.1627736484375 0.67049441015625 0.165024447265625 0.72935875390625 0.13202195703125
0 0.820078564453125 0.20105662109375 0.798203912109375 0.2302240703125 0.778347533203125 0.25755403515625 0.83673911328125 0.324465283203125 0.842442837890625 0.32860928515625 0.8438395390625 0.327395150390625 0.881032412109375 0.274220927734375 0.822481296875 0.19896795703125 0.820078564453125 0.20105662109375
0 0.600709939453125 0 0.598755302734375 0.001489802734375 0.624666912109375 0.11230594140625 0.6263762890625 0.11427235546875 0.68539744140625 0.07138420703125 0.6603527578125 0 0.600709939453125 0
0 0.66930650390625 0.14692717578125 0.6645586015625 0.15184376953125 0.71335670703125 0.203816001953125 0.8068126328125 0.15136128515625 0.751406076171875 0.1004504140625 0.66930650390625 0.14692717578125
0 0.795035673828125 0.140710783203125 0.74811887890625 0.176065123046875 0.73587118359375 0.185938767578125 0.76861949609375 0.270759509765625 0.773465041015625 0.276333671875 0.8277546953125 0.23362505078125 0.795035673828125 0.140710783203125
0 0.522910943359375 0 0.525461056640625 0.002945951171875 0.54576887890625 0.02630742578125 0.550902689453125 0.032009099609375 0.575505671875 0.02431989453125 0.64890698828125 0 0.522910943359375 0