0 0.541015625 0.779296875 0.1689453125 0.1591796875
0 0.64453125 0.654296875 0.142578125 0.142578125
0 0.595703125 0.7109375 0.15625 0.150390625
0 0.697265625 0.5869140625 0.166015625 0.1611328125
0 0.849609375 0.400390625 0.1669921875 0.162109375
0 0.3798828125 0.9384765625 0.158203125 0.123046875
0 0.4794921875 0.8388671875 0.1640625 0.154296875
0 0.73828125 0.529296875 0.158203125 0.1513671875
0 0.427734375 0.896484375 0.1669921875 0.1669921875
0 0.787109375 0.4609375 0.1611328125 0.1513671875
0 0.8955078125 0.32421875 0.162109375 0.158203125
0 0.513671875 0.59765625 0.169921875 0.169921875
0 0.5703125 0.525390625 0.1689453125 0.1689453125
0 0.67578125 0.396484375 0.1435546875 0.138671875
0 0.455078125 0.658203125 0.1796875 0.171875
0 0.345703125 0.7861328125 0.1689453125 0.1689453125
0 0.728515625 0.3291015625 0.154296875 0.154296875
0 0.6201171875 0.45703125 0.1533203125 0.146484375
0 0.287109375 0.853515625 0.189453125 0.181640625
0 0.3984375 0.7158203125 0.1640625 0.1591796875
0 0.8330078125 0.193359375 0.1513671875 0.1455078125
0 0.775390625 0.259765625 0.1689453125 0.1640625
0 0.853515625 0.7470703125 0.154296875 0.146484375
0 0.90234375 0.6875 0.15625 0.15625
0 0.1201171875 0.6201171875 0.1904296875 0.181640625
0 0.07421875 0.685546875 0.1484375 0.173828125
0 0.1767578125 0.5400390625 0.1826171875 0.1748046875
0 0.9580078125 0.568359375 0.083984375 0.1689453125
0 0.802734375 0.802734375 0.158203125 0.158203125
0 0.658203125 0.9462890625 0.15625 0.107421875
0 0.931640625 0.625 0.1357421875 0.1591796875
0 0.232421875 0.466796875 0.1826171875 0.1748046875
0 0.583984375 0.06640625 0.2001953125 0.1328125
0 0.279296875 0.392578125 0.1767578125 0.1767578125
0 0.4580078125 0.1787109375 0.189453125 0.1875
0 0.5166015625 0.1025390625 0.189453125 0.1826171875
0 0.396484375 0.244140625 0.203125 0.203125
0 0.328125 0.3173828125 0.181640625 0.181640625
0 0.751953125 0.857421875 0.162109375 0.1611328125
0 0.7041015625 0.9130859375 0.166015625 0.158203125
0 0.611328125 0.970703125 0.1611328125 0.0576171875
0 0.046875 0.46875 0.09375 0.2060546875
0 0.1767578125 0.2451171875 0.2001953125 0.1982421875
0 0.0771484375 0.3955078125 0.154296875 0.193359375
0 0.3076171875 0.0947265625 0.208984375 0.189453125
0 0.2392578125 0.169921875 0.208984375 0.208984375
0 0.111328125 0.322265625 0.205078125 0.197265625
0 0.3681640625 0.0537109375 0.1982421875 0.107421875