0 0.687920732421875 0.885813751953125 0.73557929296875 0.99177223828125 0.76823692578125 0.96131850390625 0.78688248828125 0.943050009765625 0.739338234375 0.844227423828125 0.737849859375 0.8426313359375 0.734752708984375 0.840620025390625 0.687920732421875 0.885813751953125
0 0.61801786328125 0.85818487109375 0.697105939453125 0.94653428125 0.73100503125 0.88805921484375 0.65221665625 0.799206158203125 0.61801786328125 0.85818487109375
0 0.46398993359375 0.658672490234375 0.41404253515625 0.71134893359375 0.4665525234375 0.81064340234375 0.467409486328125 0.8115003671875 0.523253390625 0.7591087421875 0.46769316015625 0.656011119140625 0.467061505859375 0.65560091796875 0.46398993359375 0.658672490234375
0 0.528292677734375 0.838103177734375 0.61175251953125 0.759636955078125 0.61206116796875 0.75908013671875 0.590531232421875 0.74509843359375 0.542867787109375 0.722660935546875 0.46170945703125 0.80117066796875 0.463171921875 0.802120404296875 0.528292677734375 0.838103177734375
0 0.52692015625 0.83972388671875 0.594397783203125 0.88406790625 0.68529786328125 0.80852294140625 0.686157662109375 0.80719896484375 0.62021207421875 0.7643733984375 0.526947498046875 0.83968178515625 0.52692015625 0.83972388671875
0 0.40931469921875 0.767005890625 0.410268068359375 0.76786430859375 0.46466931640625 0.7110936796875 0.40263201953125 0.61562298828125 0.39865016796875 0.61303714453125 0.34922046484375 0.667934390625 0.40931469921875 0.767005890625
0 0.33262226171875 0.7085484921875 0.41366703515625 0.620350294921875 0.342207421875 0.579601033203125 0.261016384765625 0.668391388671875 0.33262226171875 0.7085484921875
0 0 0.42917326953125 0.07848632421875 0.542850259765625 0.137740744140625 0.484371224609375 0.05875110546875 0.37367343359375 0.0545544296875 0.37094808203125 0 0.426549998046875 0 0.42917326953125
0 0.147195609375 0.589120724609375 0.208482986328125 0.52993619140625 0.13394850390625 0.416141998046875 0.13113314453125 0.413226609375 0.12936228125 0.41207659765625 0.06875913671875 0.4727086484375 0.147195609375 0.589120724609375
0 0.242795677734375 0.65644821875 0.36177409765625 0.5808810859375 0.36538851171875 0.575315373046875 0.30977998046875 0.52161483984375 0.18844529296875 0.6007396171875 0.242795677734375 0.65644821875
0 0.28306439453125 0.5547491171875 0.169540228515625 0.47037413671875 0.135642046875 0.545524900390625 0.254301037109375 0.6230135625 0.25642978515625 0.619735578125 0.267431935546875 0.59381613671875 0.28306439453125 0.5547491171875
0 0.87089034765625 0.754290310546875 0.833639369140625 0.717039328125 0.69033414453125 0.787367048828125 0.75077065234375 0.8469145703125 0.885591951171875 0.774858669921875 0.88679630859375 0.7736543125 0.887880794921875 0.77198434765625 0.87089034765625 0.754290310546875
0 0.88021856640625 0.83221848046875 0.8079713359375 0.733534142578125 0.800299982421875 0.728552306640625 0.754375453125 0.797377287109375 0.852353953125 0.87057083203125 0.88021856640625 0.83221848046875
0 0.545050841796875 0.68257369140625 0.56535584375 0.65023183984375 0.58890658203125 0.609440763671875 0.48269816796875 0.50797212109375 0.48078597265625 0.50686811328125 0.44175885546875 0.572321986328125 0.545050841796875 0.68257369140625
0 0.78724408203125 0.758280080078125 0.704392849609375 0.6401865390625 0.696666515625 0.635168998046875 0.6499357578125 0.699156822265625 0.7358223203125 0.8183615859375 0.78724408203125 0.758280080078125
0 0.501337060546875 0.68706330078125 0.583602833984375 0.708741412109375 0.662823609375 0.59429426953125 0.6648457890625 0.5884214296875 0.664261681640625 0.588042107421875 0.594081115234375 0.563877 0.501337060546875 0.68706330078125
0 0.563436853515625 0.716397888671875 0.63493108203125 0.755123986328125 0.741138078125 0.65110511328125 0.74191293359375 0.64964782421875 0.722022673828125 0.636730939453125 0.676155056640625 0.6123426953125 0.563436853515625 0.716397888671875
0 0.5315428671875 0.534625548828125 0.53609616015625 0.527614091796875 0.48523812890625 0.47956983984375 0.481255853515625 0.47598418359375 0.353306287109375 0.56107822265625 0.40937523828125 0.61731259765625 0.41115535546875 0.618915423828125 0.521737171875 0.54330948828125 0.52844307421875 0.53806821875 0.5315428671875 0.534625548828125
0 0.104882451171875 0.3934398046875 0.11188664453125 0.386835634765625 0.1681395859375 0.332512802734375 0.09287497265625 0.237472982421875 0.09047492578125 0.235914375 0.04982487890625 0.27516966796875 0.0348186640625 0.2982772109375 0.104882451171875 0.3934398046875
0 0.227319078125 0.38264755078125 0.2381871796875 0.369226564453125 0.14731609375 0.27096439453125 0.14539126171875 0.26971439453125 0.095183521484375 0.3368465390625 0.18203793359375 0.43510616015625 0.18246155078125 0.43538126171875 0.227319078125 0.38264755078125
0 0.335912484375 0.527301212890625 0.3795613046875 0.460761458984375 0.297142005859375 0.37198861328125 0.287970587890625 0.366032625 0.24005725390625 0.43488969921875 0.33401642578125 0.53007601171875 0.334033416015625 0.530087044921875 0.335912484375 0.527301212890625
0 0.318924580078125 0.36750370703125 0.311878580078125 0.36292798046875 0.24692757421875 0.326925048828125 0.159012271484375 0.43133152734375 0.161386396484375 0.43287330078125 0.23504170703125 0.4713869140625 0.318924580078125 0.36750370703125
0 0.307689306640625 0.53249466796875 0.3868476875 0.559968064453125 0.45335533203125 0.45675408984375 0.455574787109375 0.450656185546875 0.45344376953125 0.44927228515625 0.382774064453125 0.42335782421875 0.307689306640625 0.53249466796875
0 1 0.4746655859375 0.9840665546875 0.46917926171875 0.880175912109375 0.625771998046875 0.949686619140625 0.646194857421875 1 0.57999820703125 1 0.4746655859375
0 0.366065904296875 0.2638027578125 0.378553759765625 0.25215764453125 0.435248689453125 0.19816243359375 0.330596673828125 0.04718374609375 0.326666701171875 0.04463159375 0.264288078125 0.1071148671875 0.366065904296875 0.2638027578125
0 0.9414496953125 0.429790111328125 0.9229001171875 0.423878294921875 0.81662133984375 0.57995994921875 0.89062817578125 0.60862728125 0.989495431640625 0.45296961328125 0.991138271484375 0.4481984609375 0.986879712890625 0.445432919921875 0.9414496953125 0.429790111328125
0 0.45327815234375 0.338584025390625 0.615530818359375 0.244638580078125 0.61852731640625 0.24002437890625 0.557799646484375 0.17257946484375 0.39774055859375 0.27031647265625 0.45327815234375 0.338584025390625
0 0.34135005078125 0.03153799609375 0.277190103515625 0.002972146484375 0.177615869140625 0.1569705703125 0.26368726171875 0.20067930078125 0.354820966796875 0.05068365234375 0.358961384765625 0.041384125 0.3504825390625 0.035877900390625 0.34135005078125 0.03153799609375
0 0.80463524609375 0.550489498046875 0.909782236328125 0.4014523828125 0.912225076171875 0.39508856640625 0.9086119921875 0.392742201171875 0.835696703125 0.36475264453125 0.72322105859375 0.52013591796875 0.72385045703125 0.52054465234375 0.80463524609375 0.550489498046875
0 0.64766053125 0.395984244140625 0.65301310546875 0.382040314453125 0.67586828515625 0.3145487265625 0.5276655078125 0.214750353515625 0.52528711328125 0.213837373046875 0.495535896484375 0.28651737109375 0.49119299609375 0.297831013671875 0.64685796484375 0.39722008984375 0.64766053125 0.395984244140625
0 0.330110912109375 0.25790151953125 0.32996113671875 0.25819547265625 0.41592985546875 0.3025616015625 0.528103107421875 0.151226044921875 0.522161537109375 0.14736754296875 0.44388717578125 0.11403198046875 0.330110912109375 0.25790151953125
0 0.765370666015625 0.518936953125 0.805038283203125 0.474176490234375 0.826452677734375 0.44865580859375 0.722410025390625 0.29790417578125 0.717525626953125 0.2947322109375 0.65511647265625 0.363789345703125 0.765370666015625 0.518936953125
0 0.58083641796875 0.32495974609375 0.593580576171875 0.34057089453125 0.696762455078125 0.462512859375 0.729713369140625 0.41962159765625 0.748475396484375 0.39472354296875 0.63904503515625 0.25308166015625 0.631834736328125 0.248399234375 0.58083641796875 0.32495974609375
0 0 0.709558078125 0.03975140625 0.669806669921875 0 0.610154439453125 0 0.709558078125
0 0 0.691826625 0.05405966015625 0.76891061328125 0.07563667578125 0.74656695703125 0.10515230078125 0.7149635078125 0.051432208984375 0.63161302734375 0.04753798046875 0.629084083984375 0 0.681486994140625 0 0.691826625
0 0.178363798828125 0.7283606171875 0.13252080859375 0.684923068359375 0.0448031015625 0.74063778125 0.098718783203125 0.79071125 0.184291494140625 0.73927755859375 0.18456538671875 0.73900366796875 0.1863140859375 0.73631090625 0.178363798828125 0.7283606171875
0 0.17587808984375 0.83199477734375 0.245053263671875 0.77495976953125 0.249279357421875 0.768452158203125 0.18920471484375 0.72318266796875 0.108695240234375 0.788566669921875 0.17587808984375 0.83199477734375
0 1 0.3045149765625 0.929840083984375 0.22581032421875 0.92630451953125 0.22351430078125 0.8798108125 0.296036638671875 0.999458236328125 0.43951329296875 1 0.438679048828125 1 0.3045149765625
0 0.990853251953125 0.2490738515625 0.926242791015625 0.19661732421875 0.92274555078125 0.194076431640625 0.776395638671875 0.309635591796875 0.77613380078125 0.3100387890625 0.83922363671875 0.357431529296875 0.850870064453125 0.365893154296875 0.98579053515625 0.256869751953125 0.990853251953125 0.2490738515625
0 1 0.2866492421875 0.98955209375 0.277566306640625 0.984547271484375 0.275338017578125 0.94892293359375 0.35894682421875 1 0.40195910546875 1 0.2866492421875
0 0.84555280078125 0.13907875390625 0.694818708984375 0.249886142578125 0.76352357421875 0.305576029296875 0.917795103515625 0.20378554296875 0.91937608984375 0.20135103515625 0.89399815234375 0.17929033203125 0.84555280078125 0.13907875390625
0 0.418322466796875 0 0.3683164921875 0.037161697265625 0.4407690078125 0.10440242578125 0.567755173828125 0 0.418322466796875 0
0 0.5616140234375 0 0.452360412109375 0.097125681640625 0.451444896484375 0.098535453125 0.48564519921875 0.123782712890625 0.530237623046875 0.156181005859375 0.671112365234375 0.027082365234375 0.67210246484375 0.025557744140625 0.636925248046875 0 0.5616140234375 0
0 0.608499865234375 0.2045614921875 0.75182308984375 0.08927546484375 0.755990990234375 0.082857462890625 0.6790650234375 0.022756310546875 0.530982943359375 0.14635093359375 0.608499865234375 0.2045614921875
0 0.821269384765625 0.207844150390625 0.702354970703125 0.059449087890625 0.69724273828125 0.056129166015625 0.638221822265625 0.126336607421875 0.759617275390625 0.2839781640625 0.821269384765625 0.207844150390625
0 0.460345552734375 1 0.4789034140625 0.97142340234375 0.491894671875 0.94980231640625 0.41917593359375 0.87435837890625 0.41382233203125 0.871141611328125 0.37706185546875 0.928352099609375 0.4427841484375 1 0.460345552734375 1
0 0.287127548828125 0.784458505859375 0.23768405078125 0.766462544921875 0.18542369921875 0.8472765859375 0.250125140625 0.86951843359375 0.305770072265625 0.793252251953125 0.30582789453125 0.793093380859375 0.300213541015625 0.789447376953125 0.287127548828125 0.784458505859375
0 0.5493450546875 1 0.5530211484375 0.995121658203125 0.487490544921875 0.90920341796875 0.483390005859375 0.90654049609375 0.44930404296875 0.955793095703125 0.47603531640625 1 0.5493450546875 1
0 0.30220244921875 0.91228091796875 0.36309980859375 0.953054521484375 0.43755775 0.88529226953125 0.4404330390625 0.880506984375 0.4321234375 0.875110666015625 0.37692177734375 0.8437789453125 0.30220244921875 0.91228091796875
0 0.259732548828125 0.83897729296875 0.30273033203125 0.926704048828125 0.33494641015625 0.897696560546875 0.35542255078125 0.8784739375 0.316593146484375 0.792872255859375 0.31607253125 0.7922940546875 0.311425580078125 0.7892762890625 0.259732548828125 0.83897729296875
0 0.6188609140625 1 0.59929887109375 0.978934392578125 0.59167450390625 0.97103912890625 0.567354857421875 0.97958228515625 0.51225162890625 1 0.6188609140625 1