0 0.51461654296875 0 0.48906904296875 0.05187934375 0.53491617578125 0.09932248828125 0.539003880859375 0.095234783203125 0.588987443359375 0 0.51461654296875 0
0 0.423658990234375 0.0891969140625 0.53212383203125 0.13711267578125 0.5776479140625 0.086362265625 0.468796685546875 0.038887171875 0.423658990234375 0.0891969140625
0 0.342699439453125 0.23237522265625 0.33820933203125 0.230916298828125 0.33549241796875 0.348769626953125 0.40814165625 0.369839216796875 0.40942720703125 0.367781908203125 0.41111750390625 0.256634634765625 0.342699439453125 0.23237522265625
0 0.34162215234375 0.25788139453125 0.453555865234375 0.273711587890625 0.47914232421875 0.227153353515625 0.48911258984375 0.2057720546875 0.4845620859375 0.202928583984375 0.37390910546875 0.18888388671875 0.34162215234375 0.25788139453125
0 0.474985623046875 0.239979287109375 0.5132675390625 0.12706969140625 0.4599212421875 0.088311337890625 0.45699570703125 0.086210021484375 0.44756290234375 0.08031575 0.40989054296875 0.19681362109375 0.43262746484375 0.213332962890625 0.46689824609375 0.2379526484375 0.473473111328125 0.24206108203125 0.474985623046875 0.239979287109375
0 0.32765183203125 0.28978663671875 0.326827208984375 0.290769380859375 0.28110589453125 0.397240224609375 0.33731276171875 0.44440338671875 0.33937322265625 0.44569090625 0.38942459375 0.3384335859375 0.32765183203125 0.28978663671875
0 0.32328559765625 0.511534421875 0.32470515234375 0.50926266015625 0.338142890625 0.392405728515625 0.26050730859375 0.36520839453125 0.247113439453125 0.48423688671875 0.32328559765625 0.511534421875
0 0.0412715546875 0.743984935546875 0.04308456640625 0.74511783203125 0.17665173046875 0.777209564453125 0.208867755859375 0.70131336328125 0.206662869140625 0.69993559765625 0.07346328515625 0.670107107421875 0.0412715546875 0.743984935546875
0 0.260215470703125 0.65612237890625 0.140667544921875 0.583651556640625 0.088759544921875 0.640355455078125 0.086349744140625 0.643031810546875 0.084021515625 0.646757755859375 0.085584501953125 0.648165076171875 0.202988666015625 0.72144593359375 0.25934069140625 0.66104466015625 0.2616239921875 0.6573906171875 0.260215470703125 0.65612237890625
0 0.25722147265625 0.6021939140625 0.258488529296875 0.60073633203125 0.325261169921875 0.47573047265625 0.271814779296875 0.429270232421875 0.26411296484375 0.42445760546875 0.197327818359375 0.55318381640625 0.25722147265625 0.6021939140625
0 0.22358869921875 0.506617517578125 0.19359417578125 0.495103701171875 0.16677755859375 0.634965142578125 0.243672845703125 0.66252995703125 0.244611759765625 0.661027380859375 0.26255037890625 0.522510701171875 0.22358869921875 0.506617517578125
0 0.74204899609375 0.11558919921875 0.73988036328125 0.114013595703125 0.59544691015625 0.06393551953125 0.54506976171875 0.132204263671875 0.69761233984375 0.179248255859375 0.728577361328125 0.1366285625 0.731755310546875 0.132062537109375 0.74204899609375 0.11558919921875
0 0.643171970703125 0 0.5922214921875 0.048712837890625 0.59106266796875 0.050567341796875 0.74068051953125 0.124214466796875 0.75827915234375 0.1093435234375 0.76511425 0.10226557421875 0.7665814453125 0.099917568359375 0.6993077109375 0.034952078125 0.643372693359375 0 0.643171970703125 0
0 0.55652654296875 0.37871207421875 0.411995390625 0.363181177734375 0.404383798828125 0.381112966796875 0.38272276171875 0.43420673046875 0.531084921875 0.45852169921875 0.53719987890625 0.44411576171875 0.561065126953125 0.38154809375 0.55652654296875 0.37871207421875
0 0.51989848828125 0.240548 0.520934474609375 0.240904720703125 0.665621576171875 0.242855859375 0.69238582421875 0.16512683984375 0.69129455078125 0.164444935546875 0.539532107421875 0.16430598046875 0.51989848828125 0.240548
0 0.5054195859375 0.251131083984375 0.49588492578125 0.24627293359375 0.47176155078125 0.398156880859375 0.536784525390625 0.432286767578125 0.541828689453125 0.424214416015625 0.56875943359375 0.28954759765625 0.5054195859375 0.251131083984375
0 0.6524181640625 0.24148791796875 0.64848740234375 0.23903170703125 0.499113416015625 0.22934206640625 0.470664576171875 0.300087234375 0.621488345703125 0.314354 0.6524181640625 0.24148791796875
0 0.425836537109375 0.5749397890625 0.43025281640625 0.56985944140625 0.43782956640625 0.55725501953125 0.49850148046875 0.44001087890625 0.4698733984375 0.415124869140625 0.43510120703125 0.388040244140625 0.43456930859375 0.388652119140625 0.36601371484375 0.52539791015625 0.425836537109375 0.5749397890625
0 0.231802904296875 0.914462259765625 0.23593288671875 0.907852908203125 0.274505755859375 0.79817671484375 0.20363177734375 0.765127634765625 0.194859072265625 0.761163611328125 0.15882851953125 0.87640159765625 0.18425802734375 0.89229171875 0.231802904296875 0.914462259765625
0 0.261578388671875 0.860715158203125 0.325005689453125 0.7402214140625 0.311034302734375 0.73007060546875 0.255817544921875 0.69195905859375 0.25389787109375 0.69075951171875 0.195255330078125 0.808510185546875 0.261578388671875 0.860715158203125
0 0.35942041796875 0.7123141328125 0.363765923828125 0.706108109375 0.41017684375 0.5905088359375 0.35981772265625 0.55427429296875 0.34229091015625 0.54332232421875 0.289210201171875 0.664655984375 0.35942041796875 0.7123141328125
0 0.389597099609375 0.68343048828125 0.3845663046875 0.6802868984375 0.26145176953125 0.64479811328125 0.22188346484375 0.721148150390625 0.3540480234375 0.756316890625 0.389597099609375 0.68343048828125
0 0.430203978515625 0.632336919921875 0.430211779296875 0.63231426171875 0.44384999609375 0.506846134765625 0.36752980078125 0.479279291015625 0.36503961328125 0.4784218515625 0.3547125859375 0.61044862109375 0.428194474609375 0.635552798828125 0.430203978515625 0.632336919921875
0 1 0.24120570703125 0.839874005859375 0.17508251953125 0.836896267578125 0.17903411328125 0.790715134765625 0.242672853515625 0.968332796875 0.30301091015625 1 0.26476819921875 1 0.24120570703125
0 0.52800338671875 0.7699163359375 0.42434833984375 0.923556271484375 0.486876802734375 0.988415087890625 0.486897888671875 0.98839325390625 0.596871912109375 0.835506244140625 0.54112796484375 0.780529796875 0.5340499765625 0.7736946640625 0.52800338671875 0.7699163359375
0 0.909639716796875 0.2341228671875 0.835070255859375 0.208700173828125 0.81615716796875 0.396580341796875 0.882843185546875 0.423961181640625 0.8855314609375 0.419659041015625 0.910186798828125 0.234332873046875 0.909639716796875 0.2341228671875
0 0.713561998046875 0.71057452734375 0.54845603515625 0.639094208984375 0.49580030078125 0.716262052734375 0.674440353515625 0.78869548046875 0.6868773671875 0.770256849609375 0.720212556640625 0.715060384765625 0.713561998046875 0.71057452734375
0 0.541472951171875 1 0.56513605859375 0.951649865234375 0.557342908203125 0.94733005078125 0.391896609375 0.886740794921875 0.349507419921875 0.96788526171875 0.430133830078125 1 0.541472951171875 1
0 0.74069803515625 0.33674210546875 0.69251165234375 0.40909967578125 0.8750006640625 0.46874891015625 0.878260392578125 0.46372937109375 0.91871619140625 0.39898655859375 0.9133655546875 0.39551181640625 0.74069803515625 0.33674210546875
0 0.68743576953125 0.742575541015625 0.71694605859375 0.56513632421875 0.67854441015625 0.5503953125 0.63159533984375 0.533549521484375 0.631055484375 0.534955888671875 0.6059043671875 0.7129226953125 0.684753828125 0.746867544921875 0.68743576953125 0.742575541015625
0 0.4497928203125 0.81848320703125 0.45009420703125 0.818617392578125 0.62905500390625 0.85882330078125 0.67160018359375 0.77857705859375 0.667438470703125 0.775976529296875 0.488682552734375 0.72990237890625 0.4497928203125 0.81848320703125
0 0.800933115234375 0.4001461015625 0.750464498046875 0.36805346484375 0.68724584375 0.54758108984375 0.76717568359375 0.59732309375 0.769667453125 0.59362889453125 0.828552408203125 0.41877555078125 0.800933115234375 0.4001461015625
0 0.765885376953125 0.48874342578125 0.731195224609375 0.45469278515625 0.726655021484375 0.451855751953125 0.64207915234375 0.5859708359375 0.63163166796875 0.603203701171875 0.693986521484375 0.673267287109375 0.697028767578125 0.67022504296875 0.787929953125 0.51078800390625 0.765885376953125 0.48874342578125
0 0 0.545820599609375 0.027840759765625 0.562418421875 0.077552015625 0.512631564453125 0.079654126953125 0.509267484375 0 0.457455826171875 0 0.545820599609375
0 0 0.464446251953125 0.076809037109375 0.49613923828125 0.11200428515625 0.44865071875 0.12047040625 0.435102095703125 0.11835465234375 0.43362062890625 0.0251506171875 0.397827876953125 0 0.431063642578125 0 0.464446251953125
0 0.152686845703125 0.349303439453125 0.15106389453125 0.34874461328125 0.053023509765625 0.3400274765625 0.027841505859375 0.41316131640625 0.028343890625 0.41347523828125 0.12501901953125 0.42279356640625 0.155615302734375 0.35113334375 0.152686845703125 0.349303439453125
0 1 0.41585070703125 0.916566328125 0.40586454296875 0.8805927578125 0.485402873046875 0.880602966796875 0.485409251953125 1 0.50371126171875 1 0.41585070703125
0 0.981525587890625 0.64345230859375 0.9889244765625 0.458828466796875 0.96430255859375 0.4508283203125 0.902067291015625 0.4342371171875 0.90150326171875 0.435973015625 0.892204474609375 0.61702094921875 0.98098878515625 0.64431137109375 0.981525587890625 0.64345230859375
0 0.92493576171875 0.7281178359375 0.929086744140625 0.721474876953125 0.942996572265625 0.54141459765625 0.8609803203125 0.50832296484375 0.83714333203125 0.693878455078125 0.92493576171875 0.7281178359375
0 0.777154525390625 1 0.793252267578125 0.974238228515625 0.648247955078125 0.859203966796875 0.57697998828125 0.927698927734375 0.677903150390625 1 0.777154525390625 1
0 0.7260878125 0.765637369140625 0.70811820703125 0.759602283203125 0.707037244140625 0.761332185546875 0.684919556640625 0.95141841015625 0.742287037109375 0.97117162109375 0.773747587890625 0.9818637421875 0.77530131640625 0.979377255859375 0.8000938203125 0.791119681640625 0.7260878125 0.765637369140625
0 0.79233860546875 0.903695794921875 0.79653691796875 0.89812444140625 0.87450098828125 0.7297775390625 0.807199966796875 0.679062580078125 0.79401971484375 0.67082664453125 0.71723579296875 0.84481687890625 0.79233860546875 0.903695794921875
0 0.72720290234375 0.709631806640625 0.915794658203125 0.77678217578125 0.965359662109375 0.697299375 0.780572283203125 0.627450166015625 0.72720290234375 0.709631806640625
0 0.24390479296875 0.056234150390625 0.206343984375 0.16212625 0.262536103515625 0.2004253203125 0.266207224609375 0.195372451171875 0.3036668828125 0.09751246484375 0.273257435546875 0.075418708984375 0.262146462890625 0.067632810546875 0.24390479296875 0.056234150390625
0 0.16326521875 0.280194830078125 0.137097087890625 0.2548084296875 0.134397197265625 0.253121349609375 0.088339099609375 0.33660724609375 0.133392349609375 0.383308556640625 0.134961787109375 0.38428925 0.139947025390625 0.379304009765625 0.187152482421875 0.30408209375 0.16326521875 0.280194830078125
0 0.22082379296875 0.08839663671875 0.33226889453125 0.11073250390625 0.334284537109375 0.10694231640625 0.364810794921875 0.047031158203125 0.3608993515625 0.044587017578125 0.25099644140625 0.03466098046875 0.22082379296875 0.08839663671875
0 0.26520237890625 0.171971873046875 0.24925906640625 0.15657559375 0.2107973359375 0.1229098046875 0.210075833984375 0.12365694140625 0.1637400390625 0.212612955078125 0.216160615234375 0.265810232421875 0.2174471875 0.264477947265625 0.26520237890625 0.171971873046875
0 0.148985279296875 0.21252872265625 0.111227755859375 0.26413399609375 0.107195021484375 0.27058772265625 0.19984919921875 0.30269203515625 0.221761705078125 0.27348023828125 0.236109263671875 0.252989798828125 0.24273012109375 0.2423942109375 0.241466353515625 0.241509310546875 0.148985279296875 0.21252872265625
0 0.299026109375 0 0.296140572265625 0.0539612109375 0.365353841796875 0.07858942578125 0.365731005859375 0.0779858359375 0.36345930859375 0 0.299026109375 0