0 0.7607421875 0.3916015625 0.154296875 0.1533203125
0 0.70703125 0.544921875 0.126953125 0.126953125
0 0.7294921875 0.4736328125 0.134765625 0.134765625
0 0.67578125 0.6240234375 0.1640625 0.142578125
0 0.5947265625 0.8515625 0.1669921875 0.142578125
0 0.8310546875 0.162109375 0.142578125 0.142578125
0 0.7802734375 0.3076171875 0.1689453125 0.1279296875
0 0.646484375 0.689453125 0.154296875 0.1201171875
0 0.802734375 0.234375 0.1640625 0.123046875
0 0.615234375 0.7666015625 0.1513671875 0.1513671875
0 0.552734375 0.9296875 0.1533203125 0.130859375
0 0.5908203125 0.4609375 0.1689453125 0.126953125
0 0.55859375 0.546875 0.1669921875 0.140625
0 0.501953125 0.705078125 0.1455078125 0.123046875
0 0.6123046875 0.3798828125 0.166015625 0.1279296875
0 0.666015625 0.220703125 0.154296875 0.154296875
0 0.470703125 0.7841796875 0.158203125 0.1298828125
0 0.525390625 0.625 0.1533203125 0.1279296875
0 0.693359375 0.1357421875 0.1591796875 0.1591796875
0 0.6328125 0.3017578125 0.1640625 0.138671875
0 0.4111328125 0.935546875 0.1435546875 0.1279296875
0 0.435546875 0.8603515625 0.158203125 0.1357421875
0 0.7978515625 0.953125 0.1298828125 0.09375
0 0.767578125 0.9853515625 0.140625 0.029296875
0 0.9814453125 0.2666015625 0.037109375 0.142578125
0 0.8935546875 0.6748046875 0.140625 0.142578125
0 0.8681640625 0.748046875 0.1611328125 0.1220703125
0 0.408203125 0.11328125 0.1826171875 0.1328125
0 0.4296875 0.052734375 0.16015625 0.10546875
0 0.3681640625 0.2021484375 0.1669921875 0.1669921875
0 0.8173828125 0.892578125 0.154296875 0.154296875
0 0.916015625 0.603515625 0.1591796875 0.1142578125
0 0.951171875 0.3935546875 0.0966796875 0.1220703125
0 0.8388671875 0.8212890625 0.1689453125 0.126953125
0 0.333984375 0.287109375 0.1669921875 0.1669921875
0 0.14453125 0.8125 0.2080078125 0.1669921875
0 0.294921875 0.3662109375 0.1796875 0.150390625
0 0.203125 0.62890625 0.169921875 0.1689453125
0 0.16796875 0.71875 0.1767578125 0.1767578125
0 0.2275390625 0.5419921875 0.177734375 0.177734375
0 0.2548828125 0.447265625 0.1669921875 0.1689453125
0 0.9267578125 0.533203125 0.146484375 0.125
0 0.939453125 0.4619140625 0.1201171875 0.1201171875
0 0.966796875 0.328125 0.0654296875 0.1376953125
0 0.212890625 0.0810546875 0.2080078125 0.1591796875
0 0.2412109375 0.033203125 0.201171875 0.0654296875
0 0.115234375 0.35546875 0.2001953125 0.1484375
0 0.1787109375 0.169921875 0.2001953125 0.150390625
0 0.076171875 0.546875 0.1513671875 0.162109375
0 0.0927734375 0.447265625 0.185546875 0.1611328125
0 0.14453125 0.2568359375 0.181640625 0.1826171875
0 0.0546875 0.63671875 0.109375 0.1455078125
0 0.037109375 0.7314453125 0.07421875 0.189453125