0 0.7663616796875 0.928994859375 0.859741462890625 0.871136443359375 0.84568281640625 0.8051083515625 0.844858044921875 0.80528366015625 0.74569233984375 0.863248740234375 0.75247656640625 0.8963421875 0.760311908203125 0.93028077734375 0.7663616796875 0.928994859375
0 0.75667119921875 0.86715834765625 0.759068177734375 0.86664885546875 0.84347509375 0.78672940625 0.814801435546875 0.72552235546875 0.72831415625 0.806642587890625 0.75667119921875 0.86715834765625
0 0.682667181640625 0.60786052734375 0.685071771484375 0.6191732421875 0.789108138671875 0.564600693359375 0.772026314453125 0.48957773046875 0.6718612890625 0.54312543359375 0.682667181640625 0.60786052734375
0 0.679992537109375 0.5952773203125 0.681524 0.602482287109375 0.740527833984375 0.69415641796875 0.81410935546875 0.67444030859375 0.7554167421875 0.580331099609375 0.679992537109375 0.5952773203125
0 0.821967701171875 0.65859398046875 0.821917509765625 0.65859310546875 0.70588775390625 0.694244521484375 0.704670443359375 0.763984208984375 0.70653179296875 0.7727411640625 0.82099755078125 0.739332330078125 0.821967701171875 0.65859398046875
0 0.7708765234375 0.530465607421875 0.770764712890625 0.52918760546875 0.72780830859375 0.421571498046875 0.66119312890625 0.4273995703125 0.65260615625 0.429224787109375 0.69279799609375 0.53974695703125 0.7708765234375 0.530465607421875
0 0.64439590625 0.46338500390625 0.754994048828125 0.41739338671875 0.7417493671875 0.3363713359375 0.63054475390625 0.38229786328125 0.64439590625 0.46338500390625
0 0.543912876953125 0.03022494921875 0.545276244140625 0.036639083984375 0.607287138671875 0.155812591796875 0.686293283203125 0.129565447265625 0.619749091796875 0.00637908203125 0.543912876953125 0.03022494921875
0 0.7034265 0.180117099609375 0.69090751953125 0.105533158203125 0.688998580078125 0.096552306640625 0.68650166015625 0.096992580078125 0.556474337890625 0.144392123046875 0.56887918359375 0.22283429296875 0.5704254375 0.23010883984375 0.57271766015625 0.22970466015625 0.7034265 0.180117099609375
0 0.621073365234375 0.40238173828125 0.628200033203125 0.40086691796875 0.737915494140625 0.31334798046875 0.70293673046875 0.243821734375 0.58862007421875 0.33278542578125 0.621073365234375 0.40238173828125
0 0.65629747265625 0.316881712890625 0.7048406328125 0.312396734375 0.662022376953125 0.17758771875 0.587909763671875 0.18122351953125 0.587961134765625 0.18195814453125 0.622561357421875 0.31924076953125 0.65629747265625 0.316881712890625
0 0.73298982421875 0.883771494140625 0.731400326171875 0.805415208984375 0.58176327734375 0.85081426171875 0.58176327734375 0.92975723046875 0.58284312109375 0.93483750390625 0.58350016796875 0.93483750390625 0.73298982421875 0.883771494140625
0 0.61358962109375 0.854804869140625 0.6235316171875 0.968442419921875 0.625852763671875 0.97936255078125 0.666286123046875 0.97582508984375 0.697124583984375 0.969270173828125 0.64923633203125 0.855303869140625 0.61358962109375 0.854804869140625
0 0.513969310546875 0.48704954296875 0.514717494140625 0.491773384765625 0.57775403125 0.62178427734375 0.619480740234375 0.615175416015625 0.653180240234375 0.6080123671875 0.595866615234375 0.47094986328125 0.513969310546875 0.48704954296875
0 0.5616721640625 0.8051710078125 0.567038568359375 0.816173765625 0.60086263671875 0.873460392578125 0.60254332421875 0.87264066796875 0.70645012109375 0.77149899609375 0.669983517578125 0.69719576171875 0.66971326171875 0.69732757421875 0.5616721640625 0.8051710078125
0 0.54317039453125 0.70327900390625 0.55400398046875 0.70097625390625 0.6695176015625 0.63241344921875 0.653630865234375 0.548835880859375 0.52427514453125 0.63276097265625 0.54317039453125 0.70327900390625
0 0.689198404296875 0.71862853515625 0.685083609375 0.64248863671875 0.54236145703125 0.69329943359375 0.54481018359375 0.76342180859375 0.546994767578125 0.773699466796875 0.54795076171875 0.77366608203125 0.689198404296875 0.71862853515625
0 0.6467714765625 0.505063140625 0.635366634765625 0.48935947265625 0.54982475390625 0.386100939453125 0.479332232421875 0.42531143359375 0.479411689453125 0.425685244140625 0.481021099609375 0.4289850234375 0.57717751171875 0.542073390625 0.622617515625 0.5199108203125 0.647683978515625 0.50693404296875 0.6467714765625 0.505063140625
0 0.449366462890625 0 0.40729946875 0.01127181640625 0.408458537109375 0.016724810546875 0.4500496875 0.12723954296875 0.45671648828125 0.12582247265625 0.52571209375 0.107335154296875 0.534980400390625 0.104732787109375 0.491303873046875 0 0.449366462890625 0
0 0.474997970703125 0.206599203125 0.48575271484375 0.20351533203125 0.55195191796875 0.182787646484375 0.495222134765625 0.06398802734375 0.414718283203125 0.083750646484375 0.41617513671875 0.090604607421875 0.468973921875 0.20787965234375 0.474997970703125 0.206599203125
0 0.44362938671875 0.26485795703125 0.445622828125 0.27423636328125 0.51572115234375 0.376720861328125 0.594953974609375 0.34172273828125 0.516943357421875 0.234843328125 0.44362938671875 0.26485795703125
0 0.54921608203125 0.15005684765625 0.427318703125 0.209299453125 0.43527869921875 0.23984827734375 0.449729208984375 0.2902431953125 0.456079173828125 0.28889346875 0.571535521484375 0.229814015625 0.54921608203125 0.15005684765625
0 0.603052271484375 0.38915434765625 0.572833021484375 0.31100299609375 0.46638308203125 0.389850833984375 0.49535023046875 0.46105316015625 0.5002957265625 0.460001962890625 0.50222225390625 0.45922359375 0.603052271484375 0.38915434765625
0 0.46472325390625 1 0.374877322265625 0.86957631640625 0.36937997265625 0.871577185546875 0.298812818359375 0.898711302734375 0.299768443359375 0.9032071640625 0.376038126953125 1 0.46472325390625 1
0 0.292846240234375 0.325187107421875 0.2660700625 0.141011759765625 0.171973359375 0.14002168359375 0.170723875 0.14028726953125 0.2031316796875 0.32419459375 0.26408229296875 0.32637418359375 0.28726148046875 0.32637418359375 0.292846240234375 0.325187107421875
0 0.29234299609375 0.95290908203125 0.4620595078125 0.88347053515625 0.454713611328125 0.809577517578125 0.27531764453125 0.876372734375 0.2776023125 0.894979859375 0.28706294921875 0.953557392578125 0.29234299609375 0.95290908203125
0 0.265113076171875 0.514641841796875 0.33506229296875 0.51113426953125 0.300510111328125 0.32633642578125 0.20822284765625 0.325840638671875 0.20822284765625 0.331195228515625 0.246977609375 0.514641841796875 0.265113076171875 0.514641841796875
0 0.186258392578125 0.23450197265625 0.27337295703125 0.226999392578125 0.239577875 0.05127953515625 0.19963433984375 0.05267439453125 0.149106791015625 0.06341435546875 0.177119958984375 0.234821091796875 0.186258392578125 0.23450197265625
0 0.426206294921875 0.862322693359375 0.351560578125 0.688188912109375 0.266525740234375 0.700652435546875 0.267106443359375 0.704318841796875 0.34363648046875 0.87702476171875 0.3788422109375 0.87144872265625 0.40125451953125 0.867626357421875 0.426206294921875 0.862322693359375
0 0.3718168515625 0.43983144140625 0.19904633984375 0.49250750390625 0.201318453125 0.56870299609375 0.202006982421875 0.57854943359375 0.202340865234375 0.58012022265625 0.202366419921875 0.5801184375 0.38034442578125 0.530568546875 0.378866259765625 0.5094297578125 0.372452875 0.43978696484375 0.3718168515625 0.43983144140625
0 0.340203279296875 0.3938564921875 0.34179586328125 0.393245158203125 0.24547850390625 0.23003480078125 0.15757524609375 0.26430160546875 0.159020609375 0.27110150390625 0.25357595703125 0.420453966796875 0.340203279296875 0.3938564921875
0 0.24286396875 0.76675958203125 0.419869228515625 0.71060730859375 0.41138387109375 0.615626900390625 0.231851361328125 0.675308138671875 0.233379302734375 0.704463001953125 0.2383534765625 0.76699596875 0.24286396875 0.76675958203125
0 0.387948357421875 0.67716840234375 0.32383076171875 0.53154373828125 0.315386228515625 0.513245888671875 0.222432490234375 0.52576134765625 0.223253423828125 0.529984681640625 0.304601423828125 0.6945012421875 0.32567816796875 0.69040433984375 0.387948357421875 0.67716840234375
0 0.77506001171875 0 0.786261806640625 0.050683478515625 0.86081224609375 0.04472148828125 0.86445654296875 0.043946869140625 0.8533022421875 0 0.77506001171875 0
0 0.770682421875 0.044962392578125 0.77183555078125 0.05038744140625 0.818597892578125 0.13034408203125 0.8912893203125 0.1053144140625 0.843035828125 0.019237826171875 0.770682421875 0.044962392578125
0 0.256608638671875 1 0.23069376171875 0.92024220703125 0.22777363671875 0.921191013671875 0.147446505859375 0.95314020703125 0.147627537109375 0.95399188671875 0.14835933984375 0.956244142578125 0.178040451171875 1 0.256608638671875 1
0 0.8087662421875 0.212330111328125 0.814477521484375 0.211116140625 0.9007270859375 0.16487364453125 0.882670986328125 0.09268829296875 0.791137796875 0.137248376953125 0.8087662421875 0.212330111328125
0 0.89659507421875 0.165721513671875 0.80533950390625 0.215430119140625 0.82110571484375 0.276584244140625 0.824185736328125 0.287325548828125 0.82915092578125 0.286270166015625 0.9142514765625 0.23715333203125 0.89659507421875 0.165721513671875
0 0.809996720703125 0.2750128828125 0.810909884765625 0.27930898046875 0.87029280859375 0.35834506640625 0.941744666015625 0.32801555078125 0.88384865234375 0.249757525390625 0.809996720703125 0.2750128828125
0 0.07692656640625 0.81676542578125 0.07751571484375 0.81953716015625 0.190842453125 0.96311024609375 0.276958248046875 0.92655626171875 0.156283173828125 0.7836288515625 0.07692656640625 0.81676542578125
0 0.257262705078125 0.830066298828125 0.257578474609375 0.82990600390625 0.133030560546875 0.69014140234375 0.0545146796875 0.7337939140625 0.055504322265625 0.735822984375 0.17328265625 0.87102610546875 0.257262705078125 0.830066298828125
0 0.21916334765625 1 0.2918231953125 0.959720314453125 0.27002574609375 0.8747536015625 0.269776923828125 0.874806490234375 0.094911806640625 0.96817936328125 0.096989583984375 0.9787913984375 0.10149761328125 1 0.21916334765625 1
0 0.05943534375 0.60142069140625 0.05986576953125 0.60757608203125 0.11173232421875 0.78067896484375 0.207818283203125 0.776157703125 0.20954728125 0.775790193359375 0.146421431640625 0.59834190625 0.05943534375 0.60142069140625
0 0 0.3767864921875 0.1490531953125 0.30922849609375 0.129427005859375 0.2219404609375 0 0.273117525390625 0 0.3767864921875
0 0 0.38683351953125 0.08018328515625 0.4992561796875 0.151686748046875 0.46742078515625 0.16963669921875 0.45926495703125 0.1693893125 0.4587093125 0.055092939453125 0.303472451171875 0 0.328001408203125 0 0.38683351953125
0 0.0122814296875 0.409925046875 0.01288943359375 0.41687458984375 0.06759690625 0.594148865234375 0.151875177734375 0.58677547265625 0.166694337890625 0.5836255625 0.107491380859375 0.40342701953125 0.0122814296875 0.409925046875
0 0.16919175390625 0.49077462109375 0.012357265625 0.610688478515625 0.01484433984375 0.6223892421875 0.049825130859375 0.697226412109375 0.20904802734375 0.58029328125 0.16919175390625 0.49077462109375
0 0 0.27031048046875 0.01618031640625 0.31035244921875 0.040074974609375 0.304394841796875 0.11058122265625 0.284913181640625 0.04348369140625 0.106168462890625 0 0.11503637109375 0 0.27031048046875
0 1 0.626316728515625 0.937802005859375 0.53766587109375 0.871249732421875 0.563185650390625 0.871734599609375 0.565466775390625 0.8723200390625 0.567075251953125 0.9365954609375 0.654033748046875 0.97382265234375 0.64048416015625 1 0.63005491796875 1 0.626316728515625
0 0.913682373046875 0.317066349609375 0.838119537109375 0.37634722265625 0.838471841796875 0.37726639453125 0.86271830859375 0.4372785078125 0.868651052734375 0.43601746484375 0.94221586328125 0.384717591796875 0.913682373046875 0.317066349609375
0 1 0.61823304296875 0.895184125 0.64566628515625 0.895033986328125 0.649956482421875 0.893901361328125 0.714844443359375 0.89478232421875 0.71898905078125 0.894969005859375 0.71899230859375 1 0.67901241796875 1 0.61823304296875
0 0.854986970703125 0.49419057421875 0.8555396640625 0.495891591796875 0.91156203515625 0.577448255859375 0.92747075390625 0.572712111328125 0.982814501953125 0.554729837890625 0.92267598046875 0.467864138671875 0.854867353515625 0.493627826171875 0.854986970703125 0.49419057421875
0 0.93836612109375 0.389267078125 0.85200075 0.436921689453125 0.85904701953125 0.47275236328125 0.867231341796875 0.508202556640625 0.8725083984375 0.5070808828125 0.953039755859375 0.459453462890625 0.93836612109375 0.389267078125
0 1 0.751019462890625 0.92402846484375 0.80397484765625 0.93871803515625 0.873083849609375 1 0.82980293359375 1 0.751019462890625
0 1 0.67459673828125 0.90240236328125 0.730806443359375 0.903553208984375 0.73672705078125 0.919030099609375 0.801627537109375 0.9218029140625 0.80108855859375 0.99529215625 0.750261880859375 1 0.7468858828125 1 0.67459673828125
0 1 0.8000676171875 0.929786021484375 0.831062029296875 0.93070358984375 0.835378853515625 1 0.902279646484375 1 0.8000676171875