0 0.33984375 0.732421875 0.150390625 0.1484375
0 0.302734375 0.5751953125 0.125 0.126953125
0 0.322265625 0.6474609375 0.1435546875 0.1064453125
0 0.28515625 0.4912109375 0.1328125 0.1328125
0 0.228515625 0.2568359375 0.1376953125 0.1376953125
0 0.40625 0.9482421875 0.134765625 0.103515625
0 0.369140625 0.8134765625 0.150390625 0.150390625
0 0.2734375 0.4208984375 0.1513671875 0.1123046875
0 0.390625 0.888671875 0.1357421875 0.1357421875
0 0.2587890625 0.3388671875 0.140625 0.140625
0 0.2216796875 0.1689453125 0.1298828125 0.1298828125
0 0.4453125 0.58203125 0.138671875 0.138671875
0 0.42578125 0.4931640625 0.1533203125 0.1171875
0 0.3876953125 0.3291015625 0.1455078125 0.1201171875
0 0.470703125 0.662109375 0.154296875 0.154296875
0 0.5126953125 0.82421875 0.173828125 0.1279296875
0 0.369140625 0.24609375 0.154296875 0.1220703125
0 0.41015625 0.408203125 0.140625 0.140625
0 0.5361328125 0.91015625 0.1748046875 0.1201171875
0 0.4970703125 0.73828125 0.1435546875 0.1455078125
0 0.333984375 0.080078125 0.134765625 0.1298828125
0 0.357421875 0.162109375 0.1513671875 0.123046875
0 0.0283203125 0.267578125 0.056640625 0.125
0 0.0205078125 0.19140625 0.041015625 0.126953125
0 0.1767578125 0.9638671875 0.1533203125 0.072265625
0 0.07421875 0.5673828125 0.126953125 0.1279296875
0 0.0673828125 0.490234375 0.134765625 0.1123046875
0 0.7880859375 0.7744140625 0.1513671875 0.150390625
0 0.81640625 0.8603515625 0.146484375 0.146484375
0 0.7724609375 0.677734375 0.1484375 0.1484375
0 0.0458984375 0.34375 0.091796875 0.1435546875
0 0.0947265625 0.638671875 0.1611328125 0.111328125
0 0.1494140625 0.853515625 0.142578125 0.142578125
0 0.0556640625 0.416015625 0.111328125 0.140625
0 0.755859375 0.587890625 0.1689453125 0.1689453125
0 0.626953125 0.0576171875 0.1953125 0.115234375
0 0.744140625 0.5 0.1826171875 0.1513671875
0 0.6787109375 0.2294921875 0.169921875 0.1689453125
0 0.6591796875 0.1357421875 0.162109375 0.162109375
0 0.705078125 0.3154296875 0.1689453125 0.1689453125
0 0.734375 0.4111328125 0.185546875 0.130859375
0 0.1162109375 0.7099609375 0.1357421875 0.1357421875
0 0.1357421875 0.783203125 0.140625 0.140625
0 0.171875 0.91796875 0.130859375 0.130859375
0 0.9423828125 0.693359375 0.115234375 0.171875
0 0.9462890625 0.78515625 0.107421875 0.138671875
0 0.90234375 0.412109375 0.181640625 0.1796875
0 0.9306640625 0.6025390625 0.138671875 0.1796875
0 0.853515625 0.2158203125 0.1669921875 0.1669921875
0 0.876953125 0.3173828125 0.201171875 0.15625
0 0.923828125 0.509765625 0.1513671875 0.1640625
0 0.833984375 0.1201171875 0.185546875 0.130859375
0 0.8095703125 0.056640625 0.181640625 0.1123046875