0 0.86207678515625 0.092274830078125 0.85820301171875 0.090468458984375 0.80021155859375 0.064624890625 0.722766736328125 0.145433025390625 0.7218561796875 0.15059705078125 0.78421475 0.1778217109375 0.86207678515625 0.092274830078125
0 0.77305719921875 0.135192765625 0.71160551171875 0.235725716796875 0.71145249609375 0.236593515625 0.777522470703125 0.251977341796875 0.83888831640625 0.150514173828125 0.77305719921875 0.135192765625
0 0.749336234375 0.49253068359375 0.7842861953125 0.38578242578125 0.784307345703125 0.38457068359375 0.707827529296875 0.380794220703125 0.67202712890625 0.49311126953125 0.67674758984375 0.493193666015625 0.749336234375 0.49253068359375
0 0.684025814453125 0.36514371484375 0.78645794140625 0.421378001953125 0.79645879296875 0.342309044921875 0.70391450390625 0.293205205078125 0.69809602734375 0.29217925 0.685126005859375 0.358904212890625 0.684025814453125 0.36514371484375
0 0.792274431640625 0.34828701953125 0.79232217578125 0.348302533203125 0.81769071484375 0.271647076171875 0.7197720703125 0.202391681640625 0.71842762890625 0.202154619140625 0.694173109375 0.276802349609375 0.792274431640625 0.34828701953125
0 0.77294793359375 0.465506892578125 0.77310427734375 0.4642335703125 0.695397228515625 0.45223297265625 0.65125540625 0.56157569921875 0.665691486328125 0.56412116796875 0.72626194921875 0.57155828515625 0.77294793359375 0.465506892578125
0 0.7562020234375 0.5694102890625 0.64140231640625 0.5352312734375 0.63610295703125 0.61732205078125 0.7514990078125 0.651372939453125 0.7562020234375 0.5694102890625
0 0.69695599609375 0.885806443359375 0.560847958984375 0.865762302734375 0.559588357421875 0.872905857421875 0.56223919140625 0.94881576953125 0.7005646875 0.967001669921875 0.69695599609375 0.885806443359375
0 0.642087580078125 0.9074957734375 0.718729064453125 0.78845949609375 0.667402685546875 0.767722294921875 0.637696353515625 0.756327228515625 0.5671078984375 0.86916707421875 0.566196083984375 0.87142389453125 0.56518482421875 0.87715904296875 0.642087580078125 0.9074957734375
0 0.735000947265625 0.73098563671875 0.74274045703125 0.65354202734375 0.606895505859375 0.610504216796875 0.602734939453125 0.610213283203125 0.601347310546875 0.618082908203125 0.59639541796875 0.688898302734375 0.735000947265625 0.73098563671875
0 0.70952996484375 0.8146015 0.710385265625 0.8147523125 0.73065594140625 0.73510334765625 0.60717910546875 0.6823187890625 0.598673400390625 0.68081900390625 0.583871501953125 0.751618888671875 0.70952996484375 0.8146015
0 0.56869061328125 0.084716986328125 0.568690615234375 0.137397826171875 0.71975191796875 0.18900071484375 0.71912330859375 0.104159193359375 0.572839037109375 0.059777357421875 0.569690109375 0.05977735546875 0.56913236328125 0.062940498046875 0.56869061328125 0.084716986328125
0 0.64198297265625 0.01967501953125 0.605525173828125 0.14049019140625 0.60561735546875 0.14577123046875 0.606530228515625 0.145932193359375 0.689891833984375 0.14114575390625 0.68941037890625 0.02568485546875 0.654124951171875 0.01946308203125 0.64198297265625 0.01967501953125
0 0.5170296171875 0.510005638671875 0.516612775390625 0.514770166015625 0.59943363671875 0.525117759765625 0.64744806640625 0.383204705078125 0.640824423828125 0.38203677734375 0.570843498046875 0.375914240234375 0.5170296171875 0.510005638671875
0 0.56249498828125 0.271649677734375 0.562711609375 0.27785290234375 0.6397188046875 0.28129472265625 0.684513369140625 0.134297060546875 0.683132484375 0.13405357421875 0.60177312109375 0.136694373046875 0.56249498828125 0.271649677734375
0 0.552814513671875 0.28401484375 0.552603703125 0.2844669296875 0.523826744140625 0.3603720390625 0.63443522265625 0.45548058203125 0.635752248046875 0.45571280859375 0.667128673828125 0.3862394609375 0.559090203125 0.2855792578125 0.55751133984375 0.284843021484375 0.552814513671875 0.28401484375
0 0.671959564453125 0.359327076171875 0.682492248046875 0.278703271484375 0.54732108203125 0.21682752734375 0.5452166953125 0.216569142578125 0.53991689453125 0.24662580859375 0.534421080078125 0.291385615234375 0.671959564453125 0.359327076171875
0 0.48284375390625 0.5793017421875 0.482841943359375 0.579312017578125 0.55414108203125 0.610122140625 0.644858884765625 0.486957369140625 0.64516259375 0.48620566015625 0.60524376953125 0.467519572265625 0.570073294921875 0.45330977734375 0.4931524765625 0.56059657421875 0.485361625 0.573069794921875 0.48284375390625 0.5793017421875
0 0.52639233984375 1 0.5359059609375 0.88235635546875 0.52648249609375 0.88069474609375 0.453101212890625 0.884085349609375 0.43994714453125 0.9971243671875 0.456255669921875 1 0.52639233984375 1
0 0.4279971015625 0.89129888671875 0.55543858984375 0.92431834765625 0.56506869921875 0.838272849609375 0.43465666015625 0.80759394140625 0.43185464453125 0.82348495703125 0.430612337890625 0.837684603515625 0.4279971015625 0.89129888671875
0 0.594383876953125 0.64339780078125 0.591105365234375 0.64264089453125 0.51334281640625 0.625736927734375 0.46037128125 0.7337437109375 0.45832669140625 0.74533916015625 0.539183228515625 0.76524678515625 0.594383876953125 0.64339780078125
0 0.479329568359375 0.71272487109375 0.456074087890625 0.84329359765625 0.45615043359375 0.847667453125 0.45718237890625 0.847849412109375 0.54116716796875 0.84433617578125 0.56187348828125 0.71240868359375 0.55606994921875 0.71138536328125 0.479329568359375 0.71272487109375
0 0.605951576171875 0.600024173828125 0.49847577734375 0.545742755859375 0.48921678515625 0.544110146484375 0.47051551171875 0.618355138671875 0.586902986328125 0.68162066796875 0.605951576171875 0.600024173828125
0 0.368060654296875 0 0.27877714453125 0.094954365234375 0.277597841796875 0.097483388671875 0.34662147265625 0.1311969296875 0.35192351171875 0.1336693125 0.458857181640625 0.004234388671875 0.44977650390625 0 0.368060654296875 0
0 0.3255565390625 0.703037748046875 0.309143005859375 0.698331244140625 0.23366003515625 0.67754379296875 0.158459578125 0.8443120234375 0.15753090234375 0.849578814453125 0.2436682578125 0.870978603515625 0.3255565390625 0.703037748046875
0 0.272861244140625 0.08198252734375 0.264938478515625 0.09897295703125 0.41491332421875 0.217935384765625 0.444733884765625 0.149928955078125 0.30478158203125 0.031443685546875 0.30272807421875 0.030486119140625 0.29958246875 0.02993146484375 0.272861244140625 0.08198252734375
0 0.368136533203125 0.559264818359375 0.191890216796875 0.52311717578125 0.18386941796875 0.522977169921875 0.17951661328125 0.587311748046875 0.179128455078125 0.609549369140625 0.36700792578125 0.6526791015625 0.368136533203125 0.559264818359375
0 0.30562367578125 0.80195766015625 0.22341927734375 0.77216381640625 0.21467482421875 0.7694903671875 0.14144351171875 0.931816861328125 0.140637744140625 0.936386591796875 0.20216189453125 0.955196412109375 0.228966255859375 0.959922744140625 0.30562367578125 0.80195766015625
0 0.348226794921875 0.12912673046875 0.31266905078125 0.131613169921875 0.276950849609375 0.31710816015625 0.27720979296875 0.320811228515625 0.362868876953125 0.31382663671875 0.39660880078125 0.12637002734375 0.39639044921875 0.12633152734375 0.348226794921875 0.12912673046875
0 0.20040312109375 0.472910728515625 0.19373709765625 0.50427190234375 0.363320099609375 0.57821094921875 0.36448562109375 0.57272761328125 0.378344892578125 0.49171586328125 0.223009255859375 0.4194269765625 0.213407244140625 0.4177338828125 0.20040312109375 0.472910728515625
0 0.188800544921875 0.77132571484375 0.281096505859375 0.768212708984375 0.322981697265625 0.5915490859375 0.32300230078125 0.590959044921875 0.312273314453125 0.589067234375 0.2266469296875 0.586077095703125 0.188800544921875 0.77132571484375
0 0.223285984375 0.31151887109375 0.386080232421875 0.407798390625 0.414086765625 0.3192318359375 0.2582251171875 0.224137765625 0.25103778125 0.222870443359375 0.23207126171875 0.280880974609375 0.223285984375 0.31151887109375
0 0.35962438671875 0.316587583984375 0.317855966796875 0.31473981640625 0.286699220703125 0.31365180078125 0.232088810546875 0.48886851953125 0.231938658203125 0.493168279296875 0.325705830078125 0.490988482421875 0.331183982421875 0.471594892578125 0.3714822890625 0.318678451171875 0.35962438671875 0.316587583984375
0 0.870065365234375 1 0.889107267578125 0.951567279296875 0.82019065234375 0.935656626953125 0.81535462109375 0.93480390234375 0.78735536328125 1 0.870065365234375 1
0 0.8942246171875 0.882255552734375 0.79868143359375 0.866653482421875 0.79699312890625 0.87622833984375 0.7981624296875 0.94321759765625 0.894810998046875 0.960818337890625 0.8942246171875 0.882255552734375
0 0.168040525390625 0 0.132650859375 0.05630587109375 0.13199810546875 0.058582294921875 0.131846908203125 0.0594397734375 0.213240115234375 0.08856612890625 0.21619157421875 0.089412443359375 0.2418301796875 0 0.168040525390625 0
0 0.91431659765625 0.82498816796875 0.82998125390625 0.772376150390625 0.827629908203125 0.77196154296875 0.802440021484375 0.841006904296875 0.88838166796875 0.8994081328125 0.91431659765625 0.82498816796875
0 0.82298840234375 0.78799767578125 0.925370580078125 0.804198625 0.924816525390625 0.797865755859375 0.9168815859375 0.72868675 0.82143943359375 0.71598942578125 0.81563845703125 0.716496947265625 0.81471560546875 0.721730703125 0.82298840234375 0.78799767578125
0 0.933943916015625 0.674920970703125 0.85622298046875 0.62151607421875 0.85298850390625 0.620945748046875 0.8256736875 0.692103279296875 0.9107162421875 0.7514716796875 0.933943916015625 0.674920970703125
0 0.252289875 0.120069587890625 0.0726304375 0.071342224609375 0.07212168359375 0.074227509765625 0.07527972265625 0.164661890625 0.25584860546875 0.207297115234375 0.252289875 0.120069587890625
0 0.09173816796875 0.1360772734375 0.056253490234375 0.2119227734375 0.054634130859375 0.215930828125 0.202558416015625 0.330280626953125 0.233342666015625 0.257452607421875 0.23873541796875 0.244105078125 0.09811137109375 0.13790688671875 0.095011462890625 0.136654443359375 0.09173816796875 0.1360772734375
0 0.08045018359375 0 0.08028716796875 0.00092451953125 0.08089088671875 0.05748231640625 0.08123655859375 0.064078103515625 0.27847656640625 0.113263666015625 0.27939228515625 0.11321567578125 0.278526640625 0.09669817578125 0.273351716796875 0.021215671875 0.18218940234375 0 0.08045018359375 0
0 0.035655912109375 0.32229813671875 0.201306771484375 0.412548744140625 0.221174669921875 0.31655991015625 0.057727458984375 0.237969345703125 0.053180251953125 0.23716755078125 0.04718448046875 0.26313808984375 0.035655912109375 0.32229813671875
0 0 0.729348677734375 0.12699008984375 0.800852220703125 0.158948458984375 0.70731428515625 0 0.62780741015625 0 0.729348677734375
0 0.135786712890625 0.51986938671875 0.107421119140625 0.519755888671875 0.045841328125 0.519755888671875 0.004915396484375 0.706470478515625 0.004915396484375 0.7086675859375 0.024760111328125 0.708818388671875 0.10255262890625 0.708818388671875 0.14080655078125 0.52075451953125 0.135786712890625 0.51986938671875
0 0.15932600390625 0.42406394140625 0.1404354453125 0.42373420703125 0.06533534375 0.423859578125 0.01922476171875 0.60625319921875 0.01915296875 0.61036599609375 0.021308890625 0.61074614453125 0.11817900390625 0.61243701953125 0.162076244140625 0.4245488828125 0.15932600390625 0.42406394140625
0 0.20433079296875 0.40194336328125 0.01977548828125 0.34410329296875 0.00928983203125 0.403570416015625 0.0067488125 0.439908677734375 0.196081220703125 0.49525011328125 0.20433079296875 0.40194336328125
0 0 0.898417232421875 0.031203169921875 0.91260187890625 0.1326501875 0.743784658203125 0.09948801953125 0.72970815234375 0.036499568359375 0.70612435546875 0 0.770439951171875 0 0.898417232421875
0 0.9849410703125 0.336837337890625 0.9546203125 0.334864525390625 0.91502809765625 0.33348193359375 0.88077019140625 0.436046580078125 0.880630048828125 0.4400596796875 0.95213523828125 0.44378151953125 0.9849410703125 0.336837337890625
0 0.902435408203125 0.56281613671875 0.886174232421875 0.55846779296875 0.837864984375 0.635434439453125 0.83699258203125 0.64038208203125 0.905379779296875 0.66111892578125 0.95106376953125 0.57832736328125 0.9513268203125 0.576835525390625 0.902435408203125 0.56281613671875
0 0.884833732421875 0.31887853125 0.97831708203125 0.3835296328125 0.996011595703125 0.324497322265625 0.9100904296875 0.25022937890625 0.90848917578125 0.24994703515625 0.886159982421875 0.31479571484375 0.884833732421875 0.31887853125
0 0.925178974609375 0.516883060546875 0.98051762109375 0.43323012890625 0.9808212890625 0.43223687109375 0.932729908203125 0.41491898046875 0.91153455078125 0.40843891015625 0.85501034765625 0.4932078671875 0.85431927734375 0.49712712109375 0.925178974609375 0.516883060546875
0 0.855035154296875 0.551929681640625 0.945658798828125 0.593421744140625 0.946260658203125 0.593495642578125 0.947074056640625 0.586871046875 0.9531654453125 0.51895988671875 0.863491623046875 0.48110047265625 0.86053419921875 0.49787284765625 0.855035154296875 0.551929681640625
0 1 0.159974466796875 0.92170037109375 0.11498994140625 0.917925 0.13640113671875 0.915818416015625 0.1535578828125 0.913546150390625 0.18458525390625 1 0.234967216796875 1 0.159974466796875
0 1 0.23451616796875 0.918004494140625 0.183400865234375 0.91060994140625 0.1820970078125 0.8984465625 0.23045193359375 0.89597756640625 0.241146337890625 0.91638788671875 0.25688957421875 0.99039111328125 0.311986677734375 0.990501873046875 0.31200620703125 1 0.277553716796875 1 0.23451616796875
0 1 0.083973794921875 0.98819440234375 0.0789626171875 0.91903472265625 0.148103736328125 0.91809490234375 0.153433724609375 0.9933648359375 0.185102126953125 1 0.16947066015625 1 0.083973794921875