0 0.838642984375 0.720934228515625 0.84114530859375 0.725098794921875 0.92680784765625 0.797534140625 0.956641326171875 0.780295970703125 0.9846054140625 0.762822068359375 0.8990663828125 0.686629546875 0.838642984375 0.720934228515625
0 0.86598088671875 0.7577208515625 0.8668785546875 0.75715992578125 0.92132655859375 0.65285207421875 0.874288017578125 0.604314900390625 0.818922853515625 0.709173091796875 0.86598088671875 0.7577208515625
0 0.8093473359375 0.478561669921875 0.81274346875 0.4752820625 0.709960669921875 0.41755438671875 0.65735255859375 0.47170330859375 0.65887151953125 0.47413415234375 0.755807212890625 0.5275821328125 0.8093473359375 0.478561669921875
0 0.70358423046875 0.516794232421875 0.70535544921875 0.520425767578125 0.783246826171875 0.60174562109375 0.84659128125 0.57085046484375 0.85130094140625 0.56790754296875 0.7761432890625 0.487170658203125 0.70358423046875 0.516794232421875
0 0.81339373046875 0.69477270703125 0.815649955078125 0.69336286328125 0.880685724609375 0.59290919140625 0.830678564453125 0.531827654296875 0.76323926171875 0.63283709765625 0.81339373046875 0.69477270703125
0 0.721290423828125 0.337634486328125 0.720841970703125 0.337824841796875 0.63113433203125 0.41246058203125 0.657915109375 0.475552138671875 0.66168748828125 0.48158920703125 0.754344654296875 0.40923914453125 0.721290423828125 0.337634486328125
0 0.67673449609375 0.39353490625 0.727584890625 0.345642669921875 0.627325244140625 0.279131658203125 0.56847147265625 0.335360962890625 0.569545041015625 0.33707903125 0.66758426171875 0.401773814453125 0.67673449609375 0.39353490625
0 0.44306076953125 0 0.387886537109375 0.0250018359375 0.38990448046875 0.02953421484375 0.466116095703125 0.140932169921875 0.529908064453125 0.11325394140625 0.537738361328125 0.109767669921875 0.54037162890625 0.10812222265625 0.46883470703125 0 0.44306076953125 0
0 0.473200517578125 0.2167204921875 0.477319275390625 0.223062822265625 0.486038294921875 0.21761457421875 0.58169820703125 0.128321005859375 0.537221564453125 0.057105724609375 0.53550026953125 0.0544551640625 0.534467162109375 0.055126072265625 0.43246916796875 0.152854779296875 0.473200517578125 0.2167204921875
0 0.64240730078125 0.3364421640625 0.668335419921875 0.326641103515625 0.669264478515625 0.326060564453125 0.592378515625 0.20249399609375 0.518811453125 0.22845755859375 0.517193572265625 0.229468521484375 0.517243337890625 0.2296130546875 0.5957698828125 0.35250071484375 0.64240730078125 0.3364421640625
0 0.525864666015625 0.294063939453125 0.532729138671875 0.289774541015625 0.619018240234375 0.188309962890625 0.576585681640625 0.127276951171875 0.47744931640625 0.23046057421875 0.525864666015625 0.294063939453125
0 0.6796648828125 0.772781103515625 0.682732015625 0.77768954296875 0.80422862109375 0.86635947265625 0.87180693359375 0.8154355625 0.73952480859375 0.725740046875 0.6796648828125 0.772781103515625
0 0.77482039453125 0.917862361328125 0.86070841796875 0.796144498046875 0.84154215234375 0.764494740234375 0.8231105078125 0.778383982421875 0.71515252734375 0.86200739453125 0.7152738984375 0.86220162890625 0.737834068359375 0.89476587890625 0.76150729296875 0.92618130859375 0.77482039453125 0.917862361328125
0 0.51724435546875 0.4659401328125 0.518642689453125 0.470513876953125 0.59915977734375 0.59048651953125 0.66993110546875 0.5688495546875 0.6724747109375 0.567260134765625 0.596104 0.438599232421875 0.51724435546875 0.4659401328125
0 0.76277038671875 0.78810565234375 0.820191740234375 0.72835068359375 0.68070200390625 0.66314999609375 0.631757173828125 0.7226498046875 0.63184402734375 0.722788796875 0.63619684765625 0.72699226953125 0.76277038671875 0.78810565234375
0 0.6250811328125 0.677943443359375 0.62732476171875 0.67592326953125 0.701719890625 0.558282099609375 0.64974307421875 0.49118358984375 0.649410220703125 0.491391580078125 0.5724656875 0.6245304453125 0.622187197265625 0.679751775390625 0.6250811328125 0.677943443359375
0 0.586017201171875 0.637656296875 0.58839058203125 0.641454501953125 0.713340216796875 0.72170610546875 0.77382765234375 0.674448142578125 0.648117185546875 0.58836058984375 0.586017201171875 0.637656296875
0 0.460213322265625 0.424375419921875 0.57454648828125 0.5190483359375 0.61544766796875 0.489331890625 0.637551994140625 0.47244996484375 0.635866162109375 0.469752072265625 0.622697912109375 0.45703082421875 0.52052494921875 0.37019521484375 0.457994982421875 0.420983671875 0.4595063203125 0.42340231640625 0.460213322265625 0.424375419921875
0 0.385558314453125 0.13668906640625 0.38978805078125 0.134046033203125 0.33667258203125 0.02330130078125 0.295153830078125 0.038412892578125 0.25897063671875 0.06102266015625 0.3114632734375 0.161271890625 0.385558314453125 0.13668906640625
0 0.42409841796875 0.19127675 0.44339656640625 0.17058201953125 0.442327541015625 0.168871220703125 0.332670029296875 0.092764810546875 0.276107953125 0.156440638671875 0.27749623828125 0.15866235546875 0.27887194140625 0.15994522265625 0.3849828046875 0.230110203125 0.42409841796875 0.19127675
0 0.4881596640625 0.233959958984375 0.487175046875 0.23435776953125 0.38023024609375 0.309590892578125 0.4091235625 0.381104359375 0.412042220703125 0.385775189453125 0.521673884765625 0.31356404296875 0.4881596640625 0.233959958984375
0 0.379313126953125 0.31931071875 0.38486764453125 0.31583987109375 0.475133109375 0.225826330078125 0.42753895703125 0.154203875 0.33270503125 0.2527474609375 0.379313126953125 0.31931071875
0 0.52710265234375 0.437969921875 0.57766368359375 0.39533637890625 0.47410655859375 0.316721939453125 0.410468345703125 0.36851365234375 0.412789322265625 0.37222798828125 0.51697530859375 0.446467771484375 0.52710265234375 0.437969921875
0 0.631843345703125 1 0.6452140703125 0.989172599609375 0.510143646484375 0.88945204296875 0.50559722265625 0.8931336640625 0.44677993359375 0.94254409765625 0.448536033203125 0.94471269921875 0.5344468828125 1 0.631843345703125 1
0 0.08778351953125 0.42707964453125 0.090341814453125 0.42624840625 0.2511958515625 0.340742580078125 0.22643464453125 0.254116037109375 0.05752959375 0.3374912265625 0.067426150390625 0.36907666015625 0.08463561328125 0.422041939453125 0.08778351953125 0.42707964453125
0 0.595865400390625 0.970726931640625 0.494172646484375 0.810620771484375 0.4206850859375 0.83908695703125 0.421356412109375 0.84103662890625 0.52644458984375 0.9953697578125 0.57319929296875 0.9804688671875 0.588959587890625 0.975042162109375 0.595865400390625 0.970726931640625
0 0.31112335546875 0.5815050625 0.36408461328125 0.535676017578125 0.223084208984375 0.41132577734375 0.151293197265625 0.4667965625 0.155829546875 0.474056240234375 0.296832412109375 0.59267037109375 0.31112335546875 0.5815050625
0 0.12197806640625 0.358231958984375 0.169952373046875 0.3316393671875 0.18522533984375 0.322672388671875 0.20145244921875 0.31253256640625 0.094183099609375 0.16640603515625 0.05998972265625 0.185359734375 0.011192322265625 0.215851736328125 0.12197806640625 0.358231958984375
0 0.349408345703125 0.768964263671875 0.35165817578125 0.7730230625 0.4788196953125 0.908420685546875 0.532927591796875 0.879239734375 0.554183435546875 0.865957607421875 0.42137830078125 0.7279490546875 0.349408345703125 0.768964263671875
0 0.258577720703125 0.67892901171875 0.39284354296875 0.5623945859375 0.3571912890625 0.488341224609375 0.354559509765625 0.483391564453125 0.211926228515625 0.60120974609375 0.22697833203125 0.629518638671875 0.25556117578125 0.680532935546875 0.258577720703125 0.67892901171875
0 0.267925091796875 0.329878427734375 0.267619205078125 0.330002013671875 0.11438087890625 0.430806267578125 0.14089287890625 0.51207238671875 0.14443174609375 0.5177357578125 0.304629728515625 0.419386775390625 0.267925091796875 0.329878427734375
0 0.289264724609375 0.722979912109375 0.291258572265625 0.72511805078125 0.44731172265625 0.8241491328125 0.4728418359375 0.80034191796875 0.5157256015625 0.75730048046875 0.35391410546875 0.65770719921875 0.28863200390625 0.721967349609375 0.289264724609375 0.722979912109375
0 0.411708125 0.56762882421875 0.26075357421875 0.67856007421875 0.291919712890625 0.757546396484375 0.29304451171875 0.757114626953125 0.424816224609375 0.669022388671875 0.44136971484375 0.657528755859375 0.41262205078125 0.567278001953125 0.411708125 0.56762882421875
0 0.626770390625 0 0.661556859375 0.044087697265625 0.7140663984375 0.01616787890625 0.7301815 0.006098046875 0.725186560546875 0 0.626770390625 0
0 0.72968473828125 0 0.65101244921875 0.0417563125 0.671419728515625 0.11679950390625 0.67182061328125 0.1174410546875 0.672865943359375 0.117121466796875 0.7614990859375 0.065540142578125 0.74265184765625 0 0.72968473828125 0
0 0.80634202734375 0.15380908984375 0.75410555078125 0.06684522265625 0.684265982421875 0.085407197265625 0.68597689453125 0.091003333984375 0.734286421875 0.176119734375 0.782785734375 0.162709162109375 0.80102085546875 0.15713412890625 0.80634202734375 0.15380908984375
0 0.71435150390625 0.18255614453125 0.71667894921875 0.186280833984375 0.799512580078125 0.2402403046875 0.856282056640625 0.18730191015625 0.775111779296875 0.13356501953125 0.71435150390625 0.18255614453125
0 0.428127638671875 1 0.430805755859375 0.99832652734375 0.28943908984375 0.876193314453125 0.21611637109375 0.921414251953125 0.21835033984375 0.92498934765625 0.2995963125 1 0.428127638671875 1
0 0.343449224609375 0.94052250390625 0.37727354296875 0.91677438671875 0.37630631640625 0.915226501953125 0.24359269921875 0.79172784765625 0.16632915234375 0.841738044921875 0.168916287109375 0.84587832421875 0.30165412109375 0.966638984375 0.343449224609375 0.94052250390625
0 0.39315219921875 1 0.35486072265625 0.945318603515625 0.2738761953125 0.975417857421875 0.275384818359375 0.98006092578125 0.28888505078125 1 0.39315219921875 1
0 0.12598911328125 0.7374536875 0.12799800390625 0.74328793359375 0.222899572265625 0.897068427734375 0.3160878046875 0.86733897265625 0.31625662890625 0.867233478515625 0.209214373046875 0.71196615234375 0.12598911328125 0.7374536875
0 0 0.55540566015625 0.10056765234375 0.4295065546875 0.043452650390625 0.36064244921875 0 0.409885546875 0 0.55540566015625
0 0 0.568482447265625 0.10586465234375 0.641614162109375 0.15090126171875 0.599616845703125 0.175260486328125 0.576718595703125 0.1748260390625 0.576252708984375 0.018400357421875 0.46466558984375 0 0.48182419921875 0 0.568482447265625
0 0.21337231640625 0.697529517578125 0.105583498046875 0.5386274296875 0.01374862890625 0.575731125 0.015417833984375 0.57986255078125 0.12382980078125 0.733617111328125 0.19398671484375 0.706820685546875 0.206766373046875 0.701657369140625 0.21337231640625 0.697529517578125
0 0.064831666015625 0.73184421484375 0.0782439296875 0.768589154296875 0.10660096875 0.81396990234375 0.2657581015625 0.717225494140625 0.233855556640625 0.62457377734375 0.064831666015625 0.73184421484375
0 1 0.46245279296875 0.939406705078125 0.383400349609375 0.87668198046875 0.409667857421875 0.878920234375 0.415498708984375 0.94059053515625 0.500213388671875 0.97568208984375 0.48674300390625 0.999568388671875 0.4771022265625 1 0.47683252734375 1 0.46245279296875
0 0.883048021484375 0.28091216015625 0.8340655703125 0.19903505859375 0.765287130859375 0.222541240234375 0.766079904296875 0.224981146484375 0.818454197265625 0.302293923828125 0.834553708984375 0.29738072265625 0.88067494140625 0.282395025390625 0.883048021484375 0.28091216015625
0 1 0.43055162109375 0.93121705859375 0.5246668125 0.944203576171875 0.547447791015625 0.96125768359375 0.5747400625 0.96970089453125 0.56946416015625 1 0.536204482421875 1 0.43055162109375
0 0.89872075 0.432806982421875 0.919412451171875 0.424864181640625 0.966178650390625 0.40423379296875 0.96580643359375 0.40326413671875 0.9047672578125 0.323675208984375 0.8344002578125 0.34870224609375 0.83506398828125 0.35043132421875 0.89872075 0.432806982421875
0 0.91225219921875 0.310529171875 0.882421494140625 0.253970673828125 0.878388759765625 0.247516947265625 0.80891667578125 0.316720365234375 0.82556625390625 0.3492208046875 0.8376933828125 0.37109872265625 0.844314240234375 0.381694310546875 0.84566358203125 0.380946357421875 0.91225219921875 0.310529171875
0 1 0.536214603515625 0.97698165234375 0.56430603515625 0.96098623828125 0.5845193359375 0.96596910546875 0.59429876171875 0.98690331640625 0.633473033203125 0.990356505859375 0.638999291015625 0.994924513671875 0.6366717734375 1 0.63142712890625 1 0.536214603515625