0 0.311215849609375 0.139982474609375 0.30297908984375 0.03062748046875 0.277697310546875 0.024129279296875 0.239899923828125 0.01540306640625 0.23433148828125 0.01550026171875 0.24589382421875 0.12967641015625 0.30929884765625 0.145461697265625 0.30995351171875 0.14545026953125 0.311215849609375 0.139982474609375
0 0.236282748046875 0.21997938671875 0.334395224609375 0.15338747265625 0.315827611328125 0.08908916796875 0.313672640625 0.089126783203125 0.217537001953125 0.155040349609375 0.236282748046875 0.21997938671875
0 0.3281766796875 0.33734895703125 0.225286529296875 0.393631541015625 0.24367508203125 0.46834495703125 0.34289031640625 0.413057291015625 0.329690548828125 0.341675802734375 0.32876865234375 0.337338625 0.3281766796875 0.33734895703125
0 0.326437123046875 0.262367896484375 0.22554004296875 0.30471146875 0.232077474609375 0.380608541015625 0.33693001171875 0.338351033203125 0.33580941796875 0.285237189453125 0.333797373046875 0.262239423828125 0.326437123046875 0.262367896484375
0 0.2965254765625 0.29479746484375 0.34473957421875 0.289468595703125 0.3446348515625 0.2834690390625 0.2987313359375 0.1767326171875 0.233152912109375 0.1836251875 0.218312205078125 0.1852666484375 0.268575056640625 0.297735169921875 0.2965254765625 0.29479746484375
0 0.24183726171875 0.415430181640625 0.258218232421875 0.53222342578125 0.33638579296875 0.539366048828125 0.33659726171875 0.53764376953125 0.317033546875 0.42390943359375 0.247211556640625 0.41533637109375 0.24183726171875 0.415430181640625
0 0.2296561484375 0.61236129296875 0.348341814453125 0.592627453125 0.353086302734375 0.51050273828125 0.234976923828125 0.53043642578125 0.2296561484375 0.61236129296875
0 0.232710291015625 0.934043357421875 0.3716870390625 0.925841318359375 0.3810788984375 0.84935075390625 0.38100847265625 0.84531600390625 0.242311734375 0.85134694921875 0.232710291015625 0.934043357421875
0 0.3656575859375 0.86115630859375 0.33662770703125 0.73569963671875 0.326801306640625 0.735871158203125 0.304791087890625 0.73663451953125 0.249509669921875 0.739531693359375 0.283221197265625 0.87703473046875 0.36587104296875 0.873385220703125 0.3656575859375 0.86115630859375
0 0.373163294921875 0.59193534375 0.23611105078125 0.610930544921875 0.232421810546875 0.653098736328125 0.229772833984375 0.68630621484375 0.22984897265625 0.690668083984375 0.375354498046875 0.6687169453125 0.376308466796875 0.65781301953125 0.380064091796875 0.5925390859375 0.373163294921875 0.59193534375
0 0.24259117578125 0.69042421484375 0.230717513671875 0.763803822265625 0.373707615234375 0.758445638671875 0.383227634765625 0.6776652421875 0.37869749609375 0.677028572265625 0.24259117578125 0.69042421484375
0 0.35410868359375 0.02903692578125 0.4003661875 0.18166857421875 0.477614896484375 0.182798330078125 0.47774396875 0.179102203125 0.438576552734375 0.031667328125 0.36020462890625 0.02893051953125 0.35410868359375 0.02903692578125
0 0.375264421875 0.1217037265625 0.452932740234375 0.128889916015625 0.459351798828125 0.12877787109375 0.459602568359375 0.123992916015625 0.427383365234375 0.001978984375 0.41610956640625 0.0013881484375 0.379943640625 0.002019427734375 0.375264421875 0.1217037265625
0 0.368327982421875 0.51078795703125 0.503805642578125 0.445608576171875 0.50055181640625 0.43030052734375 0.483952685546875 0.364321900390625 0.482290046875 0.364350921875 0.480527353515625 0.36472559375 0.351568134765625 0.435817140625 0.355618333984375 0.45487183203125 0.368327982421875 0.51078795703125
0 0.424466607421875 0.117715513671875 0.34410523046875 0.137961919921875 0.4278481328125 0.267173537109375 0.5009235078125 0.24263898828125 0.499421896484375 0.236616357421875 0.424466607421875 0.117715513671875
0 0.35728333984375 0.291866845703125 0.412922107421875 0.424933408203125 0.49549468359375 0.420948966796875 0.495399037109375 0.41546941015625 0.433024599609375 0.281555859375 0.357265728515625 0.29085787890625 0.35728333984375 0.291866845703125
0 0.371938791015625 0.195938666015625 0.4072517265625 0.345456728515625 0.48216809765625 0.351888017578125 0.482519208984375 0.348547408203125 0.452809908203125 0.203768015625 0.377409994140625 0.195843166015625 0.371938791015625 0.195938666015625
0 0.398396828125 0.59507411328125 0.478856251953125 0.6019939921875 0.479418115234375 0.59799611328125 0.46293905078125 0.450471623046875 0.412874427734375 0.4434355 0.3914693359375 0.440947626953125 0.384711951171875 0.441065578125 0.384547169921875 0.442238060546875 0.38522083203125 0.4616345 0.398396828125 0.59507411328125
0 0.51795134375 0.901727376953125 0.508565931640625 0.901399630859375 0.37341217578125 0.9099580625 0.37139668359375 0.99767619921875 0.513520931640625 0.98364684375 0.51812098046875 0.911445875 0.51795134375 0.901727376953125
0 0.435682431640625 0.791450955078125 0.41324881640625 0.787495302734375 0.406986693359375 0.787604609375 0.4028588359375 0.921782701171875 0.48773839453125 0.93464089453125 0.488501607421875 0.9303125 0.48955479296875 0.80310585546875 0.435682431640625 0.791450955078125
0 0.40363345703125 0.61419922265625 0.40218350390625 0.74642161328125 0.485433873046875 0.762857853515625 0.48700904296875 0.75544725390625 0.484562287109375 0.63090337109375 0.410152513671875 0.614085431640625 0.40363345703125 0.61419922265625
0 0.406953060546875 0.7000918671875 0.404448974609375 0.83291393359375 0.487552712890625 0.85117846484375 0.488430341796875 0.846663451171875 0.48820118359375 0.7140400859375 0.41566179296875 0.69993985546875 0.406953060546875 0.7000918671875
0 0.511980775390625 0.649202935546875 0.45317142578125 0.53636337109375 0.44028994921875 0.539337294921875 0.37588451953125 0.55436983203125 0.432464384765625 0.67142976171875 0.5120698359375 0.65430527734375 0.511980775390625 0.649202935546875
0 0.64673086328125 0 0.632654828125 0.00098429296875 0.686100677734375 0.16014380078125 0.69193658203125 0.15973571484375 0.76742378515625 0.1530883046875 0.76733394921875 0.147941486328125 0.706848703125 0 0.64673086328125 0
0 0.64990006640625 0.72085501953125 0.68550526953125 0.9041312109375 0.774310693359375 0.90575576953125 0.774158455078125 0.89703404296875 0.745237083984375 0.7198778515625 0.679957884765625 0.720330359375 0.64990006640625 0.72085501953125
0 0.6222581953125 0.227512298828125 0.7953444921875 0.148916689453125 0.791767419921875 0.13051426171875 0.77835198046875 0.073202083984375 0.775617619140625 0.0732498125 0.77302170703125 0.073754408203125 0.608562404296875 0.1548626328125 0.62095485546875 0.227535048828125 0.6222581953125 0.227512298828125
0 0.614724740234375 0.599901900390625 0.620665478515625 0.68770617578125 0.804227708984375 0.6500580546875 0.802634615234375 0.558789751953125 0.7930895390625 0.558956361328125 0.614724740234375 0.599901900390625
0 0.805951103515625 0.939220890625 0.81154130859375 0.86080462890625 0.80269739453125 0.859718734375 0.62660112109375 0.86551862890625 0.61769580078125 0.95663373828125 0.80392555859375 0.95571763671875 0.805951103515625 0.939220890625
0 0.783456080078125 0.18250465234375 0.610539162109375 0.24170483203125 0.617391271484375 0.325432755859375 0.7983777890625 0.26591585546875 0.797839017578125 0.256679708984375 0.79264098046875 0.182344330078125 0.783456080078125 0.18250465234375
0 0.799951912109375 0.518538751953125 0.7947487421875 0.46203764453125 0.785780546875 0.46219418359375 0.62112469140625 0.51239616796875 0.623574427734375 0.594548357421875 0.623965470703125 0.6001405390625 0.8021884296875 0.550522455078125 0.799951912109375 0.518538751953125
0 0.79012437109375 0.64339597265625 0.62396460546875 0.698470291015625 0.628907568359375 0.7906863515625 0.81050829296875 0.736732869140625 0.806195732421875 0.701609900390625 0.798722201171875 0.64324589453125 0.79012437109375 0.64339597265625
0 0.7928519921875 0.272979451171875 0.614150736328125 0.32287660546875 0.61931615625 0.4180952890625 0.80080984765625 0.3647196171875 0.80029228515625 0.335068517578125 0.7975256640625 0.27289787109375 0.7928519921875 0.272979451171875
0 0.8006611015625 0.37131217578125 0.64548456640625 0.403627322265625 0.62583084765625 0.40808298828125 0.61878687890625 0.501076388671875 0.618812310546875 0.502533462890625 0.619655486328125 0.5025481796875 0.80117368359375 0.456243083984375 0.8018657421875 0.371333203125 0.8006611015625 0.37131217578125
0 0.150621130859375 0.896755763671875 0.145439896484375 0.89555958203125 0.055094328125 0.8883903046875 0.03818663671875 0.96511438671875 0.13574848828125 0.969814794921875 0.15076131640625 0.90478708203125 0.150621130859375 0.896755763671875
0 0.11169927734375 0.805260775390625 0.043859875 0.80762977734375 0.0667764140625 0.9044145703125 0.142895134765625 0.9017797734375 0.142834880859375 0.898327828125 0.12254523828125 0.80507145703125 0.11169927734375 0.805260775390625
0 0.864485447265625 0 0.87633315234375 0.13144491796875 0.911405705078125 0.138984244140625 0.936798541015625 0.008349419921875 0.93667391796875 0.001209755859375 0.93045026171875 0 0.864485447265625 0
0 0.146012412109375 0.811780841796875 0.113140560546875 0.722427552734375 0.0701379765625 0.72698034765625 0.039308169921875 0.730765771484375 0.0705322578125 0.827105634765625 0.14615946484375 0.820205515625 0.146012412109375 0.811780841796875
0 0.142309638671875 0.65041216015625 0.14217278515625 0.648455056640625 0.132483353515625 0.648624185546875 0.042559689453125 0.67539391796875 0.045544423828125 0.744962515625 0.045987869140625 0.75130408984375 0.144575166015625 0.719286498046875 0.142309638671875 0.65041216015625
0 0.052276904296875 0.59037788671875 0.03876559765625 0.666071486328125 0.038817537109375 0.669047041015625 0.140945779296875 0.654841091796875 0.14830225390625 0.5848489296875 0.14818775390625 0.578289248046875 0.14595373828125 0.578054443359375 0.052276904296875 0.59037788671875
0 0.794307734375 0.260801482421875 0.976017240234375 0.21826639453125 0.98133033203125 0.14228564453125 0.98114129296875 0.131455572265625 0.8012412890625 0.16735461328125 0.794244267578125 0.25716543359375 0.794307734375 0.260801482421875
0 0.82219679296875 0.3772326875 0.98498100390625 0.294075794921875 0.980486662109375 0.272931580078125 0.9647607265625 0.20434377734375 0.9621487421875 0.204389369140625 0.96112037109375 0.20460795703125 0.79878451171875 0.28985451953125 0.799232466796875 0.291961982421875 0.82219679296875 0.3772326875
0 0.96644331640625 0.18470114453125 0.89674732421875 0.0031578671875 0.877233404296875 0.0045224140625 0.80919977734375 0.01213969140625 0.877417341796875 0.198543705078125 0.96660123046875 0.19374793359375 0.96644331640625 0.18470114453125
0 0.9339964609375 0.302291955078125 0.84988733984375 0.2797975859375 0.848556572265625 0.279820814453125 0.84751290625 0.46651963671875 0.93665909375 0.489252611328125 0.94126289453125 0.489172251953125 0.942235767578125 0.48495827734375 0.9339964609375 0.302291955078125
0 1 0.73439308984375 0.81802974609375 0.72350067578125 0.798937537109375 0.82048608984375 0.9924697578125 0.822572642578125 1 0.7871456328125 1 0.73439308984375
0 1 0.61863058984375 0.811549650390625 0.646334625 0.81031906640625 0.66393277734375 0.8052446484375 0.740926265625 0.806724482421875 0.74102974609375 0.99619581640625 0.71609334765625 1 0.661690982421875 1 0.61863058984375
0 0.8759476796875 0.47826617578125 0.86152605859375 0.47493668359375 0.854734318359375 0.475055232421875 0.85189166796875 0.666748029296875 0.94840019140625 0.68902877734375 0.949402548828125 0.68468709375 0.94878665625 0.49655618359375 0.8759476796875 0.47826617578125
0 0.979826375 0.39629758203125 0.8022118671875 0.47687126171875 0.8217711796875 0.5684771484375 0.9999325546875 0.491772615234375 0.999610169921875 0.47330323046875 0.98462550390625 0.396213810546875 0.979826375 0.39629758203125
0 0.84663626171875 0.781493236328125 0.87388683203125 0.97532136328125 0.970448501953125 0.97288376171875 0.970448501953125 0.963292359375 0.94968866796875 0.783188333984375 0.89208160546875 0.780699984375 0.84663626171875 0.781493236328125
0 0.03967119140625 0.26893615234375 0.068676259765625 0.37677984375 0.14026778125 0.375555765625 0.14026778125 0.37154021875 0.10961019921875 0.267842470703125 0.102328244140625 0.267842470703125 0.03967119140625 0.26893615234375
0 0.131746408203125 0.495488724609375 0.0467662421875 0.53002158203125 0.05269471875 0.598181904296875 0.14375116015625 0.567024595703125 0.138251220703125 0.514696162109375 0.1359287109375 0.49541572265625 0.131746408203125 0.495488724609375
0 0.0510853203125 0.3143305 0.14318558984375 0.24278909765625 0.129383150390625 0.18610784765625 0.12324944921875 0.186214912109375 0.03186602734375 0.2425815859375 0.0510853203125 0.3143305
0 0.10663456640625 0.348738107421875 0.05299695703125 0.34215223828125 0.04897489453125 0.342222443359375 0.06666944140625 0.445789001953125 0.1390731796875 0.45110073828125 0.13936051953125 0.44876053515625 0.123054345703125 0.35116901953125 0.10663456640625 0.348738107421875
0 0.145526001953125 0.4257975625 0.14407835546875 0.42569633203125 0.04988049609375 0.44848639453125 0.043925400390625 0.514030294921875 0.044025462890625 0.5197628515625 0.13991692578125 0.49957458203125 0.143654419921875 0.46324941015625 0.145675279296875 0.43434976171875 0.145526001953125 0.4257975625
0 0.0283150625 0.15688986328125 0.14011450390625 0.12926757421875 0.150179935546875 0.065716939453125 0.150075837890625 0.059753083984375 0.0419880234375 0.08716770703125 0.0282451640625 0.15288536328125 0.0283150625 0.15688986328125
0 0.03644480078125 0.18115442578125 0.05818836328125 0.24646898046875 0.1292990859375 0.187497662109375 0.1488575 0.17070780859375 0.145832185546875 0.160157279296875 0.131192470703125 0.112627580078125 0.12664798828125 0.112706904296875 0.125493919921875 0.113037826171875 0.03503421484375 0.17623512109375 0.03644480078125 0.18115442578125
0 0.1339186640625 0.102854126953125 0.151109736328125 0.02945588671875 0.1509703828125 0.021472416015625 0.14834608203125 0.020866546875 0.041673390625 0.03777651953125 0.029725513671875 0.078465826171875 0.07806028515625 0.089958205078125 0.1339186640625 0.102854126953125