0 0.858159673828125 0.78704638671875 0.824600875 0.783172259765625 0.775119611328125 0.88781541796875 0.84239859765625 0.89609993359375 0.89268333203125 0.79647743359375 0.893080224609375 0.793653388671875 0.883864193359375 0.790658919921875 0.858159673828125 0.78704638671875
0 0.70736589453125 0.806311697265625 0.79525574609375 0.885910166015625 0.82285682421875 0.82421201171875 0.735212388671875 0.744081328125 0.70736589453125 0.806311697265625
0 0.53209860546875 0.67525279296875 0.4573911015625 0.760804984375 0.52664865234375 0.79432549609375 0.60211665625 0.7065219375 0.60274325390625 0.70459347265625 0.599175849609375 0.70300516015625 0.53209860546875 0.67525279296875
0 0.65618013671875 0.81823124609375 0.65941597265625 0.795207078125 0.66328426953125 0.74263945703125 0.56553382421875 0.69716076953125 0.5610064609375 0.696524490234375 0.560239859375 0.69888384765625 0.550286400390625 0.770403220703125 0.655257099609375 0.8210720625 0.65618013671875 0.81823124609375
0 0.696337681640625 0.846588484375 0.756956904296875 0.741931287109375 0.757100376953125 0.74125630859375 0.750396541015625 0.7390781015625 0.67859412890625 0.72381602734375 0.6193214453125 0.82956491015625 0.621395609375 0.83023884765625 0.696337681640625 0.846588484375
0 0.5187325859375 0.661774607421875 0.518997138671875 0.659257546875 0.441461609375 0.64866537890625 0.39895040234375 0.75950334765625 0.47440414453125 0.76743385546875 0.5187325859375 0.661774607421875
0 0.410578626953125 0.756259275390625 0.4404132109375 0.693098162109375 0.44542130078125 0.68184980859375 0.353399333984375 0.60844298046875 0.351732125 0.607901271484375 0.31634095703125 0.68145971875 0.410578626953125 0.756259275390625
0 0 0.582798072265625 0.125276791015625 0.636951853515625 0.1277453203125 0.6293545 0.14513829296875 0.556218158203125 0.01926172265625 0.504104572265625 0.0147203828125 0.50305612109375 0 0.5697021328125 0 0.582798072265625
0 0.0910185078125 0.53449605078125 0.084914748046875 0.534069236328125 0.080423845703125 0.620153466796875 0.21509090234375 0.65380109765625 0.2170583125 0.647746033203125 0.222551603515625 0.569188314453125 0.0910185078125 0.53449605078125
0 0.337123583984375 0.72916437109375 0.3531257265625 0.70517655859375 0.379263833984375 0.66334683984375 0.27933454296875 0.561377134765625 0.2758472578125 0.560244046875 0.23386466796875 0.62629822265625 0.337123583984375 0.72916437109375
0 0.27937976171875 0.6949885078125 0.29089358203125 0.66499398828125 0.30515309765625 0.62540519921875 0.193372591796875 0.54823258984375 0.188143056640625 0.54653341015625 0.15749863671875 0.621331568359375 0.27937976171875 0.6949885078125
0 0.798979828125 0.616011166015625 0.795391306640625 0.615116447265625 0.775184666015625 0.68968407421875 0.908243154296875 0.77563269921875 0.9141990234375 0.75730241796875 0.92990732421875 0.694299861328125 0.798979828125 0.616011166015625
0 0.951008037109375 0.7286546796875 0.86249569921875 0.640782728515625 0.85591300390625 0.638643880859375 0.8212638984375 0.71392863671875 0.92948611328125 0.7708938359375 0.951008037109375 0.7286546796875
0 0.614355255859375 0.58538299609375 0.48804348046875 0.5104066796875 0.4859319453125 0.50976112109375 0.462629009765625 0.58231660546875 0.5880748671875 0.66650692578125 0.60012152734375 0.631760609375 0.60104719140625 0.628911708984375 0.614355255859375 0.58538299609375
0 0.6914206015625 0.70710226953125 0.69111858984375 0.70815550390625 0.76483377734375 0.735803208984375 0.851993232421875 0.61108371484375 0.8279903515625 0.60328470703125 0.77281143359375 0.58746240625 0.6914206015625 0.70710226953125
0 0.689821580078125 0.62537469921875 0.578560451171875 0.5320974765625 0.571115109375 0.52967833984375 0.546126591796875 0.607683373046875 0.66108355078125 0.696503810546875 0.689821580078125 0.62537469921875
0 0.63644277734375 0.562990298828125 0.63362709375 0.562544337890625 0.620450345703125 0.641769900390625 0.755602587890625 0.70943830078125 0.75789212890625 0.702391810546875 0.768697712890625 0.63416805859375 0.63644277734375 0.562990298828125
0 0.483132419921875 0.48582725 0.466694720703125 0.47918598828125 0.3891295625 0.58737148828125 0.377732927734375 0.6056176015625 0.45011816796875 0.6368970546875 0.53621553515625 0.52000530859375 0.53884675390625 0.51190725 0.483132419921875 0.48582725
0 0 0.45184344140625 0.118573021484375 0.48061146484375 0.120196548828125 0.47561476171875 0.1207027578125 0.471295041015625 0.12887696484375 0.393522646484375 0.016383884765625 0.37038337109375 0.00279629296875 0.412201677734375 0 0.438806619140625 0 0.45184344140625
0 0.13123823828125 0.372836103515625 0.06635960546875 0.4873890625 0.14698071875 0.51896124609375 0.20572968359375 0.40956873828125 0.209164125 0.398998609375 0.1823487890625 0.389238623046875 0.13123823828125 0.372836103515625
0 0.25257675390625 0.436801708984375 0.244022794921875 0.43590265234375 0.23657130078125 0.51677798828125 0.360636951171875 0.55980135546875 0.36220719921875 0.55496862890625 0.37189212109375 0.474128212890625 0.25257675390625 0.436801708984375
0 0.2545870859375 0.54982294921875 0.2697686328125 0.522434712890625 0.29503138671875 0.47412099609375 0.19362518359375 0.39223823828125 0.18868082421875 0.39063171875 0.149896060546875 0.461668044921875 0.2545870859375 0.54982294921875
0 0.421437873046875 0.59883085546875 0.422466931640625 0.596406546875 0.453048951171875 0.52124376953125 0.352634515625 0.448832232421875 0.346842826171875 0.4469503984375 0.316412732421875 0.518162181640625 0.421437873046875 0.59883085546875
0 1 0.3581008984375 0.874727005859375 0.49133062109375 0.94537910546875 0.52583956640625 0.94986345703125 0.52793065234375 1 0.467244248046875 1 0.3581008984375
0 0.357868865234375 0.19953917578125 0.18700548046875 0.1234875078125 0.164901171875 0.21629208203125 0.337556216796875 0.28700433203125 0.340786220703125 0.277063400390625 0.34523842578125 0.2592065859375 0.357868865234375 0.19953917578125
0 0.80601433984375 0.383590927734375 0.95223925390625 0.503068697265625 0.98699126171875 0.43236356640625 0.98722961328125 0.431828224609375 0.837791205078125 0.317482947265625 0.836412556640625 0.316869134765625 0.83419468359375 0.31614850390625 0.80601433984375 0.383590927734375
0 0.50857564453125 0.35771933203125 0.543529322265625 0.271205939453125 0.39309001953125 0.17503121875 0.3859679921875 0.172153732421875 0.384589900390625 0.17170596484375 0.34833159375 0.24992262109375 0.50857564453125 0.35771933203125
0 0.219943669921875 0.269754619140625 0.2674658671875 0.196359271484375 0.272037869140625 0.1884403359375 0.12729512109375 0.07824836328125 0.12651424609375 0.077994642578125 0.091915150390625 0.13792203515625 0.084557958984375 0.160565140625 0.219943669921875 0.269754619140625
0 0.88794953515625 0.402912626953125 0.8910561640625 0.36740369140625 0.71343248046875 0.303107431640625 0.709734498046875 0.302783900390625 0.70323306640625 0.3884810078125 0.88233465625 0.450862357421875 0.88355516796875 0.447106005859375 0.88794953515625 0.402912626953125
0 0.443902212890625 0.270352201171875 0.579640732421875 0.3881648359375 0.58097082421875 0.38887205859375 0.605351904296875 0.345357017578125 0.624663021484375 0.3090380859375 0.48659712890625 0.1949926640625 0.48105090234375 0.1931905859375 0.443902212890625 0.270352201171875
0 0.37637092578125 0.13562973046875 0.253218296875 0.27958538671875 0.335451376953125 0.32160866015625 0.454029759765625 0.1914661484375 0.45642808203125 0.184084876953125 0.40670327734375 0.15385524609375 0.37637092578125 0.13562973046875
0 0.764316513671875 0.44773894921875 0.79009512109375 0.3927203515625 0.803734775390625 0.360587345703125 0.65954741015625 0.24954470703125 0.65299181640625 0.247414666015625 0.61538665234375 0.329748787109375 0.764316513671875 0.44773894921875
0 0.535769849609375 0.283840263671875 0.663232642578125 0.422022970703125 0.66643021484375 0.416905783203125 0.70905459765625 0.33894836328125 0.69499833203125 0.324507345703125 0.585078390625 0.215490796875 0.580348896484375 0.213954091796875 0.535769849609375 0.283840263671875
0 0 0.82833484375 0.066599068359375 0.837188359375 0.095346341796875 0.7447463828125 0.086099634765625 0.7417419453125 0.019599576171875 0.733576765625 0 0.7927673828125 0 0.82833484375
0 0.15399570703125 0.85135218359375 0.175081556640625 0.80218637890625 0.09634790234375 0.745071810546875 0.092103837890625 0.743692830078125 0.06236009765625 0.8103619765625 0.1425156953125 0.87343340625 0.143543359375 0.873767314453125 0.15399570703125 0.85135218359375
0 0.226281947265625 0.87419981640625 0.24791059765625 0.828766037109375 0.172698271484375 0.76659373046875 0.166829234375 0.764686763671875 0.13685465625 0.82930875 0.214567859375 0.89684457421875 0.214718865234375 0.896893638671875 0.226281947265625 0.87419981640625
0 0.31548940234375 0.84338293359375 0.241432818359375 0.79056984765625 0.235168265625 0.78853437109375 0.206854259765625 0.8586139921875 0.29092926953125 0.91951660546875 0.31548940234375 0.84338293359375
0 0.81346477734375 0.21096123046875 0.973233966796875 0.307624666015625 0.974600685546875 0.3034183359375 0.996142720703125 0.217017955078125 0.8340870703125 0.126131828125 0.81346477734375 0.21096123046875
0 0.7445502734375 0.10265336328125 0.7423270234375 0.10226134375 0.72200744921875 0.189767916015625 0.889968595703125 0.27062046875 0.891687416015625 0.265330482421875 0.90697996484375 0.1786021328125 0.7445502734375 0.10265336328125
0 1 0.149670123046875 0.90344623828125 0.3238418359375 0.903255587890625 0.324738771484375 0.91943430859375 0.32817766796875 0.9936841796875 0.3427153828125 1 0.330887357421875 1 0.149670123046875
0 0.81637015625 0.145915814453125 0.646338208984375 0.07865505859375 0.641980806640625 0.078197078125 0.64042479296875 0.08298599609375 0.6329335390625 0.174220318359375 0.80985315234375 0.23403449609375 0.8102531015625 0.23280358203125 0.81637015625 0.145915814453125
0 0.260920611328125 0 0.25836998828125 0.00430054296875 0.40227872265625 0.1356257421875 0.45328812109375 0.050731845703125 0.39190817578125 0 0.260920611328125 0
0 0.361104833984375 0 0.35907336328125 0.011257451171875 0.3485376015625 0.071008724609375 0.526814060546875 0.144354810546875 0.526837650390625 0.144358970703125 0.528209115234375 0.14013803515625 0.53098412890625 0.12507059375 0.54457562109375 0.04798941015625 0.42273262109375 0 0.361104833984375 0
0 0.5548542265625 0 0.436018734375 0.1457712578125 0.435933359375 0.146034017578125 0.525799310546875 0.1898645703125 0.63964529296875 0.044934197265625 0.642420435546875 0.036393189453125 0.63459476953125 0.03257635546875 0.56442896875 0 0.5548542265625 0
0 0.650461689453125 0.219758359375 0.709486375 0.04233513671875 0.656384986328125 0.02508144921875 0.6159504375 0.02154388671875 0.557313125 0.209881615234375 0.650461689453125 0.219758359375
0 0.159799599609375 0 0.32026554296875 0.09480566796875 0.35169451171875 0.02875351953125 0.361710876953125 0.006256404296875 0.351699642578125 0 0.159799599609375 0
0 0.59219116015625 1 0.592657185546875 0.99856571875 0.598646544921875 0.97577241015625 0.60755828515625 0.937171423828125 0.513414759765625 0.883972673828125 0.509502130859375 0.88306937109375 0.492204837890625 0.952550650390625 0.58124251953125 1 0.59219116015625 1
0 0.36197736328125 0.9362792109375 0.3820471953125 0.888997650390625 0.3883448671875 0.87338761328125 0.316481779296875 0.814954732421875 0.313326953125 0.81392966796875 0.2841183125 0.879939978515625 0.36197736328125 0.9362792109375
0 0.631875205078125 1 0.67973488671875 0.919839544921875 0.67240081640625 0.917456560546875 0.611773298828125 0.90785410546875 0.60752220703125 0.9072569765625 0.5649300546875 1 0.631875205078125 1
0 0.424300556640625 0.911303875 0.49676452734375 0.98818862109375 0.52586045703125 0.9377929921875 0.53380071484375 0.923216615234375 0.46567396484375 0.8514618828125 0.4636320703125 0.85028299609375 0.424300556640625 0.911303875
0 0.454854927734375 0.90129290234375 0.458959939453125 0.88610594140625 0.379647333984375 0.8348179140625 0.375816623046875 0.833646748046875 0.35659532421875 0.901534701171875 0.436952484375 0.956970822265625 0.451853056640625 0.91111158203125 0.454854927734375 0.90129290234375
0 0.794634279296875 1 0.728606263671875 0.93571881640625 0.724001751953125 0.934222720703125 0.6995091953125 0.9980280078125 0.70155996484375 1 0.794634279296875 1
0 0.741788916015625 1 0.74298655859375 0.97714759765625 0.721324447265625 0.9658015703125 0.63880006640625 0.924352900390625 0.638769376953125 0.92435129296875 0.631800638671875 0.997896466796875 0.63702305078125 1 0.741788916015625 1
0 0.85775044140625 1 0.78120713671875 0.962667333984375 0.780802224609375 0.962535771484375 0.7651798828125 1 0.85775044140625 1