0 0.1945607109375 0.07039327734375 0.160339833984375 0.07099060546875 0.150533951171875 0.07289667578125 0.1892360859375 0.180499166015625 0.255211923828125 0.18047627734375 0.255111033203125 0.174696267578125 0.2206635703125 0.070582236328125 0.1945607109375 0.07039327734375
0 0.158270791015625 0.151138138671875 0.212987037109375 0.25653551171875 0.2797265625 0.24584357421875 0.2255879140625 0.1403468984375 0.158270791015625 0.151138138671875
0 0.33673454296875 0.4789537734375 0.281264419921875 0.383373271484375 0.210124171875 0.397816806640625 0.20552399609375 0.398878841796875 0.26389409765625 0.501298173828125 0.337300712890625 0.481866455078125 0.33673454296875 0.4789537734375
0 0.309297201171875 0.305045609375 0.30776899609375 0.305045609375 0.204730671875 0.33644996484375 0.1994607109375 0.41597445703125 0.310851455078125 0.38028289453125 0.310851453125 0.313041546875 0.309297201171875 0.305045609375
0 0.25215801953125 0.2175003125 0.22957837890625 0.221481712890625 0.172988072265625 0.23248175390625 0.23051591015625 0.34031170703125 0.2581933203125 0.33543143359375 0.3073190859375 0.326497548828125 0.306785533203125 0.32347161328125 0.25215801953125 0.2175003125
0 0.225012763671875 0.46908962890625 0.274742396484375 0.57581295703125 0.35158270703125 0.55978949609375 0.351281392578125 0.55808064453125 0.29931981640625 0.4550358359375 0.27771511328125 0.458845328125 0.225012763671875 0.46908962890625
0 0.2359697734375 0.558523271484375 0.298696517578125 0.660565091796875 0.37508864453125 0.635324431640625 0.37421427734375 0.63082619140625 0.313891798828125 0.53215782421875 0.2359697734375 0.558523271484375
0 0.43439334375 0.98390911328125 0.434172427734375 0.97969380078125 0.40470880078125 0.84668015234375 0.32160146484375 0.851584654296875 0.353995240234375 0.98779644921875 0.43148855859375 0.98447374609375 0.43439334375 0.98390911328125
0 0.430149859375 0.779379923828125 0.42891597265625 0.77303212109375 0.426994404296875 0.773200236328125 0.29246111328125 0.81120707421875 0.298530548828125 0.8878421484375 0.298616712890625 0.8888270078125 0.299948138671875 0.89567660546875 0.30207676953125 0.895490376953125 0.43574044140625 0.859603830078125 0.430149859375 0.779379923828125
0 0.38015047265625 0.60288362890625 0.258330216796875 0.672028171875 0.2819862578125 0.74612091796875 0.28214881640625 0.746089318359375 0.40882825 0.676184982421875 0.3874050703125 0.60147348046875 0.38015047265625 0.60288362890625
0 0.42401644140625 0.78877031640625 0.339183884765625 0.6786963671875 0.300395638671875 0.695008259765625 0.27104480859375 0.708076087890625 0.350979572265625 0.82593527734375 0.424492490234375 0.79121937109375 0.42401644140625 0.78877031640625
0 0.3952416640625 0.042839505859375 0.27175280078125 0.13215667578125 0.29878013671875 0.21258056640625 0.424811146484375 0.11460832421875 0.40765994140625 0.06479761328125 0.39930724609375 0.04204923828125 0.3952416640625 0.042839505859375
0 0.280546052734375 0.045118443359375 0.33176926953125 0.156173669921875 0.408153291015625 0.12575544921875 0.40676020703125 0.11858865234375 0.323853693359375 0.025836638671875 0.280546052734375 0.045118443359375
0 0.3439334140625 0.438475541015625 0.34664800390625 0.51175205078125 0.34707605078125 0.51175205078125 0.4908084140625 0.46817405859375 0.490808416015625 0.437917068359375 0.49016376171875 0.392075224609375 0.49004019921875 0.39143955078125 0.48962626171875 0.39143955078125 0.3439334140625 0.42693564453125 0.3439334140625 0.438475541015625
0 0.31928897265625 0.286814470703125 0.3203645234375 0.286605404296875 0.44640426953125 0.21608505078125 0.43058160546875 0.13468450390625 0.298171177734375 0.21097013671875 0.31928897265625 0.286814470703125
0 0.333251134765625 0.36096248828125 0.343269095703125 0.445444666015625 0.478069505859375 0.370799751953125 0.464011369140625 0.298476908203125 0.453457189453125 0.30052843359375 0.333251134765625 0.36096248828125
0 0.310011 0.23495342578125 0.39472027734375 0.363967314453125 0.466605916015625 0.3445799609375 0.46567141796875 0.33977238671875 0.389070572265625 0.21524166015625 0.310011 0.23495342578125
0 0.405593767578125 0.60238918359375 0.51642034765625 0.52864689453125 0.51035680078125 0.51198743359375 0.486050533203125 0.45495915625 0.485029470703125 0.455157630859375 0.478198 0.45764408203125 0.358226841796875 0.53970931640625 0.38696103515625 0.613142095703125 0.405593767578125 0.60238918359375
0 0.511029408203125 1 0.59859780078125 0.968753681640625 0.58412486328125 0.88954271484375 0.562671712890625 0.89371278515625 0.4448239453125 0.9311491484375 0.46031963671875 1 0.511029408203125 1
0 0.45220752734375 0.805354455078125 0.485180443359375 0.932616291015625 0.569484634765625 0.928504041015625 0.53830281640625 0.795954205078125 0.52109894921875 0.79745934765625 0.45444933984375 0.80491869140625 0.45220752734375 0.805354455078125
0 0.547429603515625 0.7358153359375 0.54714519140625 0.73482348046875 0.489666865234375 0.623802458984375 0.406759435546875 0.648883658203125 0.47116325 0.764473509765625 0.5488777734375 0.743265525390625 0.547429603515625 0.7358153359375
0 0.44372596484375 0.848796208984375 0.567575921875 0.79078328515625 0.547917654296875 0.711938283203125 0.541488224609375 0.7131880390625 0.424960185546875 0.76487466796875 0.44372596484375 0.848796208984375
0 0.40050209765625 0.58572651953125 0.400707255859375 0.669516701171875 0.52834337890625 0.634054150390625 0.526799408203125 0.55632236328125 0.519745599609375 0.55644548828125 0.40050209765625 0.58572651953125
0 0.570095244140625 0 0.60400314453125 0.13052853125 0.609853298828125 0.13052853125 0.68665791015625 0.12914433203125 0.68665791015625 0.12635386328125 0.645024466796875 0 0.570095244140625 0
0 0.8577935703125 0.82575715234375 0.75388451171875 0.673271826171875 0.68315799609375 0.70685094921875 0.667811099609375 0.7143361328125 0.7776179375 0.865505837890625 0.85853303125 0.829561345703125 0.8577935703125 0.82575715234375
0 0.6578349453125 0.21198419140625 0.72881939453125 0.178620169921875 0.728476486328125 0.176856060546875 0.72835209765625 0.1765630234375 0.612754177734375 0.029936419921875 0.56715280078125 0.048062458984375 0.544103328125 0.05784637890625 0.6578349453125 0.21198419140625
0 0.65307830859375 0.6692126953125 0.8248019609375 0.581983548828125 0.819045564453125 0.560500384765625 0.79925904296875 0.499132748046875 0.799216376953125 0.49914104296875 0.791509435546875 0.501206111328125 0.629243296875 0.57891785546875 0.652926310546875 0.669242240234375 0.65307830859375 0.6692126953125
0 0.87491908984375 0.82258662890625 0.874316291015625 0.812493373046875 0.87238723828125 0.8025692578125 0.86221383984375 0.80292451953125 0.68900101171875 0.83123286328125 0.69728412890625 0.927410447265625 0.87737014453125 0.892775650390625 0.87491908984375 0.82258662890625
0 0.638767626953125 0.127664017578125 0.599916908203125 0.12880251171875 0.59072479296875 0.13058927734375 0.640278921875 0.312937224609375 0.72622079296875 0.31242955859375 0.726156005859375 0.308718013671875 0.674406771484375 0.12704193359375 0.638767626953125 0.127664017578125
0 0.792548115234375 0.451552509765625 0.76826953125 0.40010133984375 0.76307233203125 0.40111157421875 0.62240460546875 0.506942880859375 0.652804310546875 0.583302826171875 0.65508441015625 0.588424015625 0.80558882421875 0.48084242578125 0.792548115234375 0.451552509765625
0 0.83974491015625 0.73290484375 0.741785501953125 0.5839911328125 0.655635564453125 0.612096412109375 0.654053892578125 0.61273544921875 0.75320499609375 0.77423998046875 0.84079768359375 0.738320896484375 0.83974491015625 0.73290484375
0 0.768553265625 0.290185740234375 0.757597583984375 0.228712818359375 0.752783267578125 0.22938942578125 0.58297171484375 0.302831712890625 0.598379607421875 0.394434099609375 0.772989072265625 0.32174814453125 0.768553265625 0.290185740234375
0 0.78605569140625 0.40543526953125 0.767244650390625 0.3143463359375 0.761674314453125 0.315429099609375 0.604230615234375 0.4074718515625 0.62702836328125 0.48949427734375 0.62725615234375 0.489433240234375 0.768391474609375 0.41513562890625 0.78605569140625 0.40543526953125
0 0.22160301953125 1 0.187338720703125 0.93879587890625 0.11586992578125 0.963404556640625 0.13489016796875 1 0.22160301953125 1
0 0.1223967734375 0.975221466796875 0.213911255859375 0.939502685546875 0.2076323984375 0.90389351171875 0.199885759765625 0.8640405078125 0.1079818984375 0.897990216796875 0.1223967734375 0.975221466796875
0 0.731712390625 0 0.70773184375 0.016266833984375 0.718457880859375 0.05164115625 0.719298279296875 0.05147780078125 0.87773065625 0 0.731712390625 0
0 0.18391205859375 0.78110205859375 0.092969908203125 0.82537441015625 0.110944947265625 0.90193233203125 0.11148948828125 0.901826484375 0.20255919921875 0.8529996796875 0.184544328125 0.780979158203125 0.18391205859375 0.78110205859375
0 0.105358138671875 0.71824673046875 0.084929857421875 0.7207550078125 0.08014033203125 0.721685998046875 0.1169560078125 0.81763454296875 0.18895780859375 0.81148208203125 0.188244650390625 0.805673865234375 0.155449359375 0.71346171484375 0.105358138671875 0.71824673046875
0 0.05378119921875 0.66545621875 0.11614184765625 0.74845552734375 0.18598157421875 0.71881032421875 0.18522783984375 0.714932697265625 0.129474642578125 0.639571115234375 0.05378119921875 0.66545621875
0 0.7468170859375 0.21214269140625 0.920844111328125 0.147819453125 0.913547314453125 0.06441668359375 0.911722119140625 0.055026869140625 0.7397189296875 0.12513164453125 0.7468170859375 0.21214269140625
0 0.94027384375 0.28380093359375 0.846030806640625 0.13333035546875 0.75667716796875 0.160648505859375 0.7563402109375 0.160757427734375 0.857490732421875 0.318284880859375 0.941042314453125 0.2877543671875 0.94027384375 0.28380093359375
0 0.792813251953125 0 0.71575316796875 0.041147837890625 0.7302908828125 0.115397705078125 0.733702607421875 0.13144861328125 0.73495116015625 0.13120591796875 0.912204810546875 0.03294365234375 0.91056270703125 0.024495763671875 0.9042785390625 0 0.792813251953125 0
0 0.94231055078125 0.406064814453125 0.942055447265625 0.401197166015625 0.88378565234375 0.2278780859375 0.79535936328125 0.229463380859375 0.845919609375 0.40958196484375 0.93826704296875 0.40685079296875 0.94231055078125 0.406064814453125
0 1 0.643493078125 0.84957698046875 0.671574599609375 0.854514787109375 0.770297953125 1 0.73568599609375 1 0.643493078125
0 1 0.54803893359375 0.836047982421875 0.57507263671875 0.835124716796875 0.5926895859375 0.83139479296875 0.669759908203125 0.83287620703125 0.669837546875 1 0.644867796875 1 0.54803893359375
0 1 0.548508203125 0.894697833984375 0.414633271484375 0.826039484375 0.445064703125 0.806331115234375 0.454254865234375 0.923124103515625 0.6084007890625 1 0.572552970703125 1 0.548508203125
0 0.97179179296875 0.49713403515625 0.90720950390625 0.31375407421875 0.873686880859375 0.317277443359375 0.81403694140625 0.324657107421875 0.876044376953125 0.512221404296875 0.97231405859375 0.5021030546875 0.97179179296875 0.49713403515625
0 1 0.743581279296875 0.981403751953125 0.69885216015625 0.91601066796875 0.714583802734375 0.881380189453125 0.72451393359375 0.961497392578125 0.90443609765625 1 0.89233610546875 1 0.743581279296875
0 0.12839053515625 0.4225301015625 0.068671453125 0.33741244140625 0.03335015234375 0.35026834375 0.0003325390625 0.362929099609375 0.06781643359375 0.4542283515625 0.129755345703125 0.42955144921875 0.12839053515625 0.4225301015625
0 0.0957226328125 0.570494173828125 0.057617771484375 0.57643992578125 0.05646278515625 0.576664431640625 0.095683927734375 0.664282673828125 0.1618851484375 0.656188212890625 0.16084150390625 0.6487623046875 0.129175564453125 0.565792669921875 0.0957226328125 0.570494173828125
0 0 0.2898085 0.053825072265625 0.3764868046875 0.113733744140625 0.36840203125 0.11301480859375 0.364324740234375 0.065869646484375 0.266219392578125 0.05579025 0.26799666015625 0 0.2788411875 0 0.2898085
0 0.10277873828125 0.4084870390625 0.102150208984375 0.40872830859375 0.027289265625 0.466141447265625 0.05250390234375 0.537035912109375 0.137304861328125 0.471504970703125 0.10897396875 0.40728280859375 0.10277873828125 0.4084870390625
0 0.145618359375 0.49478194921875 0.14388457421875 0.49472140234375 0.050539458984375 0.5207850390625 0.04660379296875 0.591368646484375 0.046788359375 0.5923181484375 0.1423039921875 0.56869987890625 0.14477148046875 0.532266400390625 0.146010091796875 0.496797236328125 0.145618359375 0.49478194921875
0 0 0.199469203125 0.018388283203125 0.23678653515625 0.08909616015625 0.236553869140625 0.08900352734375 0.2347863203125 0.039016962890625 0.131742984375 0 0.13378777734375 0 0.199469203125
0 0 0.245900234375 0.03355651953125 0.3119321328125 0.106214470703125 0.29858002734375 0.106210193359375 0.29854959765625 0.057726775390625 0.219951732421875 0.044535943359375 0.19936092578125 0.000016388671875 0.20561773828125 0 0.20562092578125 0 0.245900234375
0 0 0.182410265625 0.06471740234375 0.178091314453125 0.064439189453125 0.17411267578125 0.020947146484375 0.084971138671875 0.01121623828125 0.085651591796875 0 0.08783180859375 0 0.182410265625