0 0.37280067578125 1 0.419678228515625 0.94352075390625 0.38328569921875 0.884331380859375 0.37921099609375 0.886977521484375 0.309809357421875 0.975115833984375 0.325370716796875 1 0.37280067578125 1
0 0.418150896484375 0.82621557421875 0.362785732421875 0.931073765625 0.410236916015625 0.980027123046875 0.4651894375 0.874752748046875 0.418150896484375 0.82621557421875
0 0.594342666015625 0.7951835546875 0.5983021796875 0.797754892578125 0.631429201171875 0.6846205078125 0.5661841171875 0.645148515625 0.565207505859375 0.64615982421875 0.534534685546875 0.75404286328125 0.594342666015625 0.7951835546875
0 0.45439505859375 0.80350071875 0.565312177734375 0.825530548828125 0.602114029296875 0.759348037109375 0.60152704296875 0.75878119140625 0.49177671484375 0.73535360546875 0.463004845703125 0.78001360546875 0.45152307421875 0.8007272734375 0.45439505859375 0.80350071875
0 0.54827759765625 0.82143521484375 0.548235498046875 0.821407873046875 0.430944314453125 0.79015558984375 0.388709365234375 0.855191705078125 0.390961498046875 0.8573665625 0.50467005859375 0.88939111328125 0.54827759765625 0.82143521484375
0 0.61726974609375 0.604810796875 0.5571288828125 0.65488103515625 0.55868707421875 0.656875431640625 0.65227059765625 0.722989060546875 0.712056470703125 0.676279216796875 0.61726974609375 0.604810796875
0 0.611581865234375 0.609925486328125 0.61282259765625 0.6111236484375 0.7194154375 0.66178391796875 0.770764134765625 0.597726865234375 0.662223662109375 0.545816578125 0.611581865234375 0.609925486328125
0 0.88298260546875 0.4419322734375 0.986329146484375 0.347266380859375 0.94102730859375 0.27850337890625 0.93686640625 0.28120549609375 0.83876206640625 0.37390530078125 0.87607879296875 0.432582056640625 0.8807520625 0.43977826171875 0.88298260546875 0.4419322734375
0 0.93670601953125 0.444044970703125 0.835477166015625 0.34551979296875 0.773071861328125 0.388455212890625 0.77223069140625 0.389044205078125 0.76674325390625 0.39472661328125 0.76840358203125 0.39709780859375 0.86520401171875 0.493801708984375 0.93482369921875 0.44686678515625 0.93741257421875 0.44505403515625 0.93670601953125 0.444044970703125
0 0.7128156953125 0.622972763671875 0.810298416015625 0.515121224609375 0.763984931640625 0.450046025390625 0.763519841796875 0.45037168359375 0.667037490234375 0.559728671875 0.695328974609375 0.6001331015625 0.71117937109375 0.621392583984375 0.7128156953125 0.622972763671875
0 0.77673408203125 0.552225076171875 0.80483428515625 0.5678012734375 0.85085487890625 0.433033103515625 0.7791639453125 0.395360455078125 0.77710168359375 0.39749598828125 0.7403634765625 0.53106414453125 0.77673408203125 0.552225076171875
0 0.289343375 0.936324107421875 0.340626150390625 0.788416107421875 0.273592544921875 0.738950396484375 0.271364904296875 0.741257185546875 0.225308166015625 0.890598546875 0.267251326171875 0.921072037109375 0.28927177734375 0.936398251953125 0.289343375 0.936324107421875
0 0.19902403515625 0.90443268359375 0.24624737890625 0.937498826171875 0.275678814453125 0.95752964453125 0.327494060546875 0.88947838671875 0.32649750390625 0.8885160234375 0.1680512578125 0.839444412109375 0.15299562109375 0.85688530078125 0.15170135546875 0.858733705078125 0.19902403515625 0.90443268359375
0 0.43921219921875 0.56572374609375 0.414203013671875 0.603950046875 0.41582583984375 0.60551719140625 0.554836361328125 0.656959216796875 0.56128938671875 0.647392208984375 0.600014595703125 0.58512525 0.599659728515625 0.584885888671875 0.456131697265625 0.540639564453125 0.43921219921875 0.56572374609375
0 0.428774107421875 0.76389879296875 0.42793476953125 0.763194501953125 0.29355694921875 0.709521736328125 0.24043756640625 0.77282694921875 0.240941255859375 0.77331335546875 0.383121849609375 0.8280407890625 0.428774107421875 0.76389879296875
0 0.460242931640625 0.557927939453125 0.456034896484375 0.561991591796875 0.384812123046875 0.683831498046875 0.423056537109375 0.72979484765625 0.44056856640625 0.74670601953125 0.511885150390625 0.61271882421875 0.460242931640625 0.557927939453125
0 0.48759740234375 0.71175240234375 0.487267974609375 0.711434279296875 0.348671939453125 0.65144790625 0.296321349609375 0.711670369140625 0.299347689453125 0.71459287109375 0.43878728125 0.770114994140625 0.48759740234375 0.71175240234375
0 0.52889438671875 0.46170822265625 0.524850142578125 0.46522383203125 0.472194865234375 0.51325479296875 0.48063083984375 0.522959271484375 0.487244248046875 0.52831677734375 0.59648971484375 0.6058411171875 0.59829753515625 0.6042696015625 0.65533937109375 0.549022330078125 0.52889438671875 0.46170822265625
0 0.773730080078125 0.19630044140625 0.7761134140625 0.199350966796875 0.87454500390625 0.295616134765625 0.941441404296875 0.24637778125 0.84148174609375 0.14149539453125 0.78922218359375 0.182325041015625 0.780420021484375 0.189372802734375 0.773730080078125 0.19630044140625
0 0.71413366796875 0.28756526953125 0.825809759765625 0.34563666015625 0.878426537109375 0.281139125 0.87528528515625 0.278105654296875 0.7598449921875 0.21474123828125 0.748066759765625 0.230371478515625 0.70997523046875 0.283549513671875 0.71413366796875 0.28756526953125
0 0.677771615234375 0.491358056640625 0.73535702734375 0.3713201171875 0.66769033984375 0.321852955078125 0.66217050390625 0.3275689140625 0.61187637890625 0.441200423828125 0.674810375 0.489904328125 0.677336908203125 0.491808208984375 0.677771615234375 0.491358056640625
0 0.664939759765625 0.370387103515625 0.724474384765625 0.427879021484375 0.799160412109375 0.317485509765625 0.740350220703125 0.257857982421875 0.732444619140625 0.26604447265625 0.664939759765625 0.370387103515625
0 0.61081928125 0.548697904296875 0.612806939453125 0.550425748046875 0.67184008984375 0.431881234375 0.612871265625 0.380869076171875 0.609442654296875 0.384419505859375 0.5503831484375 0.49454832421875 0.61081928125 0.548697904296875
0 0 0.675373294921875 0.0942145546875 0.75014841015625 0.0981661484375 0.747170669921875 0.160099517578125 0.69872643359375 0.005993884765625 0.591767705078125 0 0.5958676953125 0 0.675373294921875
0 0.682691328125 0.128112818359375 0.511601244140625 0.0493186484375 0.49328285546875 0.07688707421875 0.460508408203125 0.127355298828125 0.464474369140625 0.131185181640625 0.630952591796875 0.201871740234375 0.682691328125 0.128112818359375
0 0.217653345703125 0.62004929296875 0.049029943359375 0.53506217578125 0.03567222265625 0.54922578125 0.00124739453125 0.58745842578125 0.00920631640625 0.59514426953125 0.16682370703125 0.68100153125 0.217653345703125 0.62004929296875
0 0.32579445703125 0.25791922265625 0.33050571484375 0.26246883203125 0.499230634765625 0.34140176953125 0.548606978515625 0.26855357421875 0.380638623046875 0.185138556640625 0.32579445703125 0.25791922265625
0 0.62214144140625 0 0.542863548828125 0.0954291484375 0.5490997421875 0.102116650390625 0.61191430859375 0.162940708984375 0.72236019921875 0.022152638671875 0.70170252734375 0 0.62214144140625 0
0 0.16967133984375 0.419195609375 0.16854285546875 0.421073720703125 0.11486583203125 0.598897640625 0.17726657421875 0.63737930078125 0.188906142578125 0.64437305859375 0.242438154296875 0.458916119140625 0.17142250390625 0.41738222265625 0.16967133984375 0.419195609375
0 0.27671798828125 0.289108787109375 0.27314679296875 0.291799875 0.26835073828125 0.2967663359375 0.40620476171875 0.41848309375 0.423128173828125 0.40573038671875 0.4780425546875 0.36242148828125 0.4776588515625 0.361912296875 0.339383423828125 0.245704193359375 0.27671798828125 0.289108787109375
0 0.38951712109375 0.1912055703125 0.55744036328125 0.278447146484375 0.615259705078125 0.200884927734375 0.614996228515625 0.200686380859375 0.449666544921875 0.121253529296875 0.38920695703125 0.190971841796875 0.38951712109375 0.1912055703125
0 0.358214654296875 0.4596111328125 0.182322412109375 0.38992834375 0.164752498046875 0.41324440625 0.12910619921875 0.463307349609375 0.1337551640625 0.467796802734375 0.3036625859375 0.537824630859375 0.358214654296875 0.4596111328125
0 0.24839576171875 0.327327771484375 0.19388567578125 0.40422484765625 0.19472009375 0.40503063671875 0.195243853515625 0.40535791796875 0.373889625 0.45891726953125 0.418301208984375 0.386350306640625 0.418122380859375 0.38617761328125 0.26753712109375 0.33363093359375 0.24839576171875 0.327327771484375
0 1 0.56132163671875 0.957099037109375 0.54239816015625 0.911969259765625 0.6002521953125 0.914332119140625 0.602533982421875 1 0.64439533203125 1 0.56132163671875
0 0.9981001484375 0.63450369921875 0.901363197265625 0.596549951171875 0.86465074609375 0.64793668359375 0.858431166015625 0.65715758984375 0.861293859375 0.659922060546875 0.954729517578125 0.693944775390625 0.9981001484375 0.63450369921875
0 0.80404479296875 0.702383158203125 0.810166337890625 0.7082946640625 0.89308446484375 0.75441033203125 0.946020931640625 0.697642923828125 0.860977296875 0.649516537109375 0.80404479296875 0.702383158203125
0 0 0.546347189453125 0.00924391796875 0.553832767578125 0.0101283203125 0.55291694140625 0.07917868359375 0.3804991640625 0.0123261640625 0.325710298828125 0.0106576015625 0.32743814453125 0 0.35169973828125 0 0.546347189453125
0 0 0.38414370703125 0.13021898828125 0.445683837890625 0.13163249609375 0.444057783203125 0.18591243359375 0.37440046484375 0.02153440234375 0.29444028125 0.00735264453125 0.31075452734375 0 0.3194903046875 0 0.38414370703125
0 0.14926841015625 0.18840106640625 0.14259701171875 0.195309501953125 0.06593659765625 0.356629650390625 0.130646384765625 0.41691534765625 0.21939726953125 0.252226783203125 0.14926841015625 0.18840106640625
0 0.301636451171875 0 0.30669723046875 0.00488713671875 0.46043427734375 0.103273037109375 0.52295099609375 0.039272658203125 0.467741125 0 0.301636451171875 0
0 0.32725508984375 0 0.265034759765625 0.149204064453125 0.31547797265625 0.18452478125 0.342940408203125 0.203590884765625 0.343305787109375 0.203069068359375 0.419931732421875 0.026861396484375 0.38156968359375 0 0.32725508984375 0
0 0.38964538671875 0.170548978515625 0.22471405078125 0.07203659765625 0.1947066015625 0.103110220703125 0.15741334375 0.14310234375 0.1641653515625 0.14962268359375 0.32218896484375 0.240169185546875 0.38964538671875 0.170548978515625
0 0.317024193359375 0.264357955078125 0.317431474609375 0.26393619921875 0.16325262109375 0.136393412109375 0.133740857421875 0.15949417578125 0.095391505859375 0.19920608984375 0.23924553515625 0.32296837890625 0.317024193359375 0.264357955078125
0 0.671102701171875 0.98861286328125 0.714648076171875 0.88575827734375 0.6589445625 0.843751490234375 0.65366160546875 0.84922215234375 0.6153231484375 0.9464006484375 0.646541259765625 0.97079091015625 0.670986708984375 0.988732978515625 0.671102701171875 0.98861286328125
0 0.75456230859375 0.742487107421875 0.75502355859375 0.7431709375 0.82746605859375 0.803709962890625 0.884864798828125 0.76647609765625 0.8146061171875 0.7007055 0.77098491796875 0.73012837109375 0.75726501171875 0.73968837890625 0.75456230859375 0.742487107421875
0 0.625660318359375 1 0.656754533203125 0.939395115234375 0.61896928125 0.892207326171875 0.615844642578125 0.89492353515625 0.55603349609375 0.98586281640625 0.56832276171875 1 0.625660318359375 1
0 0.6623264375 0.87343305859375 0.675971841796875 0.8908983828125 0.70937389453125 0.92958937890625 0.71019235546875 0.92894992578125 0.7684575 0.847308322265625 0.723950705078125 0.78733322265625 0.722491234375 0.788473484375 0.6623264375 0.87343305859375
0 0.744965275390625 0.7434278984375 0.7445880703125 0.74410839453125 0.72601005078125 0.83625082421875 0.7502855390625 0.85037464453125 0.788201185546875 0.871391630859375 0.8103627109375 0.77624091015625 0.74881427734375 0.739442142578125 0.744965275390625 0.7434278984375
0 0.60385160546875 1 0.6101320703125 0.9836906953125 0.55189303515625 0.93886144140625 0.551344703125 0.939429255859375 0.53359646484375 1 0.60385160546875 1