0 0.77862869140625 0.112194080078125 0.76212219140625 0.04298612109375 0.653562080078125 0.03290105078125 0.648140673828125 0.034053408203125 0.64821158203125 0.038115748046875 0.6620920703125 0.09833405078125 0.77862869140625 0.112194080078125
0 0.703589091796875 0.088808421875 0.6540618984375 0.19422173046875 0.65409723828125 0.196246361328125 0.720237216796875 0.2044864921875 0.77124181640625 0.097243755859375 0.703589091796875 0.088808421875
0 0.66053832421875 0.42480585546875 0.772679642578125 0.44282566015625 0.76440573828125 0.3663287578125 0.64787108203125 0.34853937890625 0.64852814453125 0.35321461328125 0.66053832421875 0.42480585546875
0 0.65554319140625 0.36861412109375 0.73258048046875 0.363508984375 0.7649159375 0.257415701171875 0.699677421875 0.257415701171875 0.688677216796875 0.2576077109375 0.65541742578125 0.361409076171875 0.65554319140625 0.36861412109375
0 0.68369105078125 0.17214436328125 0.652289951171875 0.28715763671875 0.65239718359375 0.29022837890625 0.70230689453125 0.28875321484375 0.730394154296875 0.28777238671875 0.76424576171875 0.17033806640625 0.70660505078125 0.171344189453125 0.68369105078125 0.17214436328125
0 0.752939212890625 0.40753738671875 0.752672486328125 0.406282533203125 0.675292015625 0.4202346875 0.66911226953125 0.53878454296875 0.743323705078125 0.52301041796875 0.752939212890625 0.40753738671875
0 0.68470432421875 0.49857548046875 0.67266053515625 0.501135466796875 0.66728210546875 0.620510556640625 0.74821646484375 0.605792947265625 0.753339068359375 0.48558699609375 0.68470432421875 0.49857548046875
0 0.77009417578125 0.82374048828125 0.758553765625 0.8217056015625 0.68996072265625 0.8102822109375 0.643554890625 0.935213685546875 0.64367303515625 0.941982240234375 0.72309851953125 0.956527076171875 0.77009417578125 0.82374048828125
0 0.743402662109375 0.72234840234375 0.691263673828125 0.730606408203125 0.659931484375 0.736138822265625 0.6575421875 0.86921719140625 0.6587707421875 0.876973982421875 0.660717876953125 0.87693999609375 0.741553056640625 0.86345390625 0.745928328125 0.72230431640625 0.743402662109375 0.72234840234375
0 0.7601085390625 0.56905281640625 0.73141600390625 0.566185361328125 0.682211458984375 0.56274464453125 0.63941149609375 0.697838845703125 0.639491837890625 0.7024415390625 0.71776024609375 0.7085177578125 0.7601085390625 0.56905281640625
0 0.76570910546875 0.76884118359375 0.76657746875 0.768826025390625 0.771277974609375 0.686772607421875 0.63999798828125 0.65851833984375 0.631362384765625 0.658669076171875 0.630341693359375 0.73099250390625 0.76570910546875 0.76884118359375
0 0.51638353125 0.18245580859375 0.51689824609375 0.1861181953125 0.593605689453125 0.17691994140625 0.623478861328125 0.02120957421875 0.613585083984375 0.021382271484375 0.539925244140625 0.031734486328125 0.51638353125 0.18245580859375
0 0.48423065234375 0.04422066796875 0.48467773046875 0.05061419140625 0.48904041015625 0.090218375 0.625390068359375 0.082502345703125 0.64841276953125 0.08089244140625 0.642113623046875 0.0444318671875 0.48527188671875 0.0059311171875 0.483564388671875 0.006050517578125 0.48423065234375 0.04422066796875
0 0.498190740234375 0.46143680859375 0.645412453125 0.491905072265625 0.64421723828125 0.43457515234375 0.643537380859375 0.415106634765625 0.50121019921875 0.377324869140625 0.497789626953125 0.37744431640625 0.497644560546875 0.445796302734375 0.498190740234375 0.46143680859375
0 0.6168206484375 0.26624488671875 0.617896197265625 0.266453953125 0.639013994140625 0.190609619140625 0.50850253125 0.11541803515625 0.506118341796875 0.11545965234375 0.49054237109375 0.19559107421875 0.6168206484375 0.26624488671875
0 0.568917205078125 0.427727693359375 0.641057462890625 0.29190996484375 0.63051903515625 0.290051759765625 0.55681394921875 0.28261367578125 0.495631357421875 0.40979204296875 0.495329791015625 0.411502310546875 0.495402748046875 0.41568201171875 0.568917205078125 0.427727693359375
0 0.639734498046875 0.33183508984375 0.63852801953125 0.255593630859375 0.493785224609375 0.210543087890625 0.49182323046875 0.210611603515625 0.492641185546875 0.25747223046875 0.49381562890625 0.29110385546875 0.639734498046875 0.33183508984375
0 0.591851994140625 0.4421381484375 0.541625666015625 0.446532384765625 0.51744834765625 0.592992248046875 0.517800208984375 0.5970140546875 0.598511525390625 0.59431458203125 0.61865315234375 0.46174741796875 0.6203410234375 0.442412818359375 0.62027358984375 0.441642048828125 0.591851994140625 0.4421381484375
0 0.61737965234375 0.989806427734375 0.6058482578125 0.86695858203125 0.600595212890625 0.867050275390625 0.596346029296875 0.867978009765625 0.520149525390625 0.885569357421875 0.53489507421875 0.999467068359375 0.57885875 0.9986996796875 0.61737965234375 0.989806427734375
0 0.55878340234375 0.7912336484375 0.5416818828125 0.788830185546875 0.5041645859375 0.91764740234375 0.504199134765625 0.919626642578125 0.58757911328125 0.92808519140625 0.627177076171875 0.80269218359375 0.627174392578125 0.80253841015625 0.55878340234375 0.7912336484375
0 0.63294828125 0.733265919921875 0.634031203125 0.7331137265625 0.621465904296875 0.651341658203125 0.491499029296875 0.639684177734375 0.49173309765625 0.65309390234375 0.50191558203125 0.725546048828125 0.63294828125 0.733265919921875
0 0.526780591796875 0.708726916015625 0.51499341796875 0.840825634765625 0.51544220703125 0.845095556640625 0.51818882421875 0.84504761328125 0.599853560546875 0.834447896484375 0.608980388671875 0.701253681640625 0.595673775390625 0.70148594921875 0.526780591796875 0.708726916015625
0 0.49734254296875 0.55261395703125 0.490314505859375 0.55322883203125 0.496904181640625 0.63069618359375 0.62754794140625 0.652622861328125 0.61899351953125 0.569270244140625 0.49734254296875 0.55261395703125
0 0.38253449609375 0.126979072265625 0.37360924609375 0.06032476953125 0.1937993828125 0.018028263671875 0.191544896484375 0.018225505859375 0.191705998046875 0.0274550625 0.192544158203125 0.03953976171875 0.19791387109375 0.10091586328125 0.38262268359375 0.132031291015625 0.38253449609375 0.126979072265625
0 0.20451057421875 0.8371955859375 0.383368736328125 0.891857365234375 0.39399825 0.79705070703125 0.22239432421875 0.750195494140625 0.21345679296875 0.750351498046875 0.208626712890625 0.78968934765625 0.20451057421875 0.8371955859375
0 0.373396259765625 0.124127853515625 0.19016552734375 0.116923427734375 0.18498216796875 0.1181201015625 0.196126775390625 0.176400703125 0.20034390234375 0.19466708203125 0.39155426953125 0.1960754609375 0.391538740234375 0.19518583984375 0.373396259765625 0.124127853515625
0 0.201198291015625 0.61729342578125 0.198102939453125 0.639317984375 0.379325794921875 0.705022982421875 0.391830326171875 0.612442537109375 0.221303013671875 0.555085310546875 0.219954751953125 0.55489582421875 0.213158267578125 0.55501445703125 0.201198291015625 0.61729342578125
0 0.3186960625 1 0.37549921875 0.8376307578125 0.3396138828125 0.829069875 0.28596090234375 0.81766558203125 0.220973775390625 0.98797126171875 0.220994451171875 0.98915576953125 0.27201254296875 1 0.3186960625 1
0 0.3001543671875 0.352750845703125 0.35967126953125 0.171764326171875 0.311360041015625 0.167810640625 0.275802294921875 0.165324203125 0.2146157890625 0.34404295703125 0.21446085546875 0.346258626953125 0.21448694921875 0.34775361328125 0.3001543671875 0.352750845703125
0 0.29484039453125 0.628275294921875 0.373506947265625 0.46666980078125 0.373845818359375 0.465201986328125 0.325503228515625 0.452914193359375 0.285423748046875 0.443661115234375 0.209678083984375 0.609429169921875 0.209726107421875 0.612180435546875 0.29484039453125 0.628275294921875
0 0.246586486328125 0.63747944921875 0.24808069140625 0.826321298828125 0.249068490234375 0.826304056640625 0.33771433203125 0.804314259765625 0.34195380078125 0.62280273828125 0.341729505859375 0.6215307109375 0.33652063671875 0.621621630859375 0.246586486328125 0.63747944921875
0 0.374546638671875 0.31281604296875 0.189446498046875 0.29792046875 0.18499843359375 0.29870478125 0.19421860546875 0.36075398046875 0.1992882421875 0.38950531640625 0.387644703125 0.40727090234375 0.374546638671875 0.31281604296875
0 0.2704260859375 0.35398437890625 0.220688041015625 0.523955484375 0.220859619140625 0.533785234375 0.312687673828125 0.530046130859375 0.317826529296875 0.510559888671875 0.35583086328125 0.35540830859375 0.30176304296875 0.35396130859375 0.286755392578125 0.353699349609375 0.2704260859375 0.35398437890625
0 0.97162431640625 0.960426916015625 0.96664599609375 0.88507208984375 0.8702356796875 0.87452758984375 0.869094015625 0.874607421875 0.8694742890625 0.89639326953125 0.8734159609375 0.952761798828125 0.97162431640625 0.960426916015625
0 0.956654125 0.882025859375 0.95549583984375 0.784281298828125 0.9467125859375 0.784434611328125 0.878502802734375 0.798933048828125 0.88148805078125 0.898026955078125 0.956654125 0.882025859375
0 0.051488662109375 0.141566505859375 0.08704415234375 0.14522080859375 0.144082421875 0.01182175 0.10354216796875 0.006844033203125 0.06782203515625 0.007467529296875 0.051472244140625 0.140625892578125 0.051488662109375 0.141566505859375
0 0.968688681640625 0.80630991015625 0.9635545546875 0.73207791796875 0.86262479296875 0.713921650390625 0.86160195703125 0.71397525390625 0.86167787890625 0.7183247734375 0.867865623046875 0.792216064453125 0.968688681640625 0.80630991015625
0 0.86597315234375 0.731790244140625 0.86617737890625 0.737638515625 0.938255173828125 0.732451666015625 0.959458951171875 0.63262653515625 0.9207837421875 0.63330161328125 0.88393951953125 0.635583064453125 0.86597315234375 0.731790244140625
0 0.95601600390625 0.58225497265625 0.8672993046875 0.557661025390625 0.8618923125 0.557755404296875 0.85923850390625 0.63375050390625 0.958976283203125 0.66219728125 0.95601600390625 0.58225497265625
0 0.192752162109375 0.201411943359375 0.02769227734375 0.126936087890625 0.02441973046875 0.126993208984375 0.011003046875 0.21170282421875 0.17881257421875 0.2941834921875 0.192752162109375 0.201411943359375
0 0.136865068359375 0.39129391015625 0.159146197265625 0.211381787109375 0.158892173828125 0.20957431640625 0.0947213671875 0.215106423828125 0.069084298828125 0.2187094765625 0.04417544921875 0.402816546875 0.136865068359375 0.39129391015625
0 0 0.133355048828125 0.189922345703125 0.188176609375 0.19035374609375 0.188169078125 0.19400687890625 0.100585076171875 0.000636859375 0.04145775 0 0.041468865234375 0 0.133355048828125
0 0.008998125 0.394960103515625 0.173048666015625 0.488087970703125 0.1945887734375 0.3924605 0.02996572265625 0.309736751953125 0.02810002734375 0.30976931640625 0.021557423828125 0.33601026953125 0.008998125 0.394960103515625
0 0.086889333984375 0.691001638671875 0.02669981640625 0.87011519921875 0.0267824921875 0.87485179296875 0.113394388671875 0.889612880859375 0.18442474609375 0.708199763671875 0.086889333984375 0.691001638671875
0 0.01715075390625 0.744060330078125 0.20819029296875 0.739049875 0.209635720703125 0.738716169921875 0.19257933984375 0.6634644140625 0.188610951171875 0.6462754296875 0.00251319140625 0.64834407421875 0.0031233671875 0.683301041015625 0.01715075390625 0.744060330078125
0 0.045751486328125 0.69154713671875 0.04684278515625 0.698437337890625 0.140796609375 0.681708974609375 0.154689322265625 0.49196277734375 0.145477361328125 0.49212357421875 0.055947380859375 0.50630373046875 0.045751486328125 0.69154713671875
0 0.00311452734375 0.42440123828125 0.000081458984375 0.509030205078125 0.000240388671875 0.518135330078125 0.19365922265625 0.56780085546875 0.195369390625 0.46982541015625 0.00311452734375 0.42440123828125
0 0.00835987890625 0.928042171875 0.196623365234375 0.95980083203125 0.204196755859375 0.86239968359375 0.02278925 0.827128298828125 0.01176201171875 0.827320779296875 0.008758986328125 0.88462194140625 0.00835987890625 0.928042171875
0 0.955068056640625 0.256313978515625 0.91975405078125 0.25447588671875 0.882188806640625 0.253164078125 0.85214267578125 0.351111873046875 0.85229173828125 0.359651529296875 0.919100078125 0.36399839453125 0.955068056640625 0.256313978515625
0 0.86481535546875 0.560344767578125 0.865037275390625 0.56130380078125 0.9608311484375 0.56819566796875 0.946656388671875 0.4961545234375 0.856060748046875 0.494747615234375 0.851541140625 0.4957082890625 0.85158271484375 0.498090099609375 0.86481535546875 0.560344767578125
0 0.954758279296875 0.182001017578125 0.944340982421875 0.18163723828125 0.89326632421875 0.181917390625 0.84785766015625 0.284681884765625 0.84792641015625 0.288620525390625 0.920398310546875 0.289880083984375 0.954758279296875 0.182001017578125
0 0.92087832421875 0.43562413671875 0.956485181640625 0.33615331640625 0.8983730703125 0.333107791015625 0.881780623046875 0.3326505078125 0.8487755859375 0.4259278515625 0.8487641796875 0.426145498046875 0.84880174609375 0.428297599609375 0.92087832421875 0.43562413671875
0 0.8597786171875 0.43616340625 0.85335875390625 0.472111595703125 0.94054266015625 0.5182516640625 0.95398913671875 0.44781987890625 0.86972213671875 0.39994821875 0.86900033203125 0.39979479296875 0.867503451171875 0.399820921875 0.8597786171875 0.43616340625
0 0.9303049296875 0.04804256640625 0.89323949609375 0.042046888671875 0.82956868359375 0.132199150390625 0.8296353359375 0.13601758203125 0.89636170703125 0.15020070703125 0.962619177734375 0.05514555859375 0.962615072265625 0.05491030078125 0.9303049296875 0.04804256640625
0 0.83707042578125 0.11432756640625 0.83719307421875 0.121354087890625 0.83939873828125 0.165189158203125 0.84016436328125 0.176138130859375 0.86428573046875 0.185226060546875 0.95127733203125 0.21631967578125 0.949370701171875 0.14750733203125 0.949013720703125 0.14240225 0.84239465234375 0.113955259765625 0.83707042578125 0.11432756640625
0 0.89308458203125 0 0.845772478515625 0.075692587890625 0.845878044921875 0.08174061328125 0.926119056640625 0.095626609375 0.926140900390625 0.095626228515625 0.936095037109375 0.03917351953125 0.942508146484375 0.001358650390625 0.934802859375 0 0.89308458203125 0