0 0.576171875 0.2275390625 0.1669921875 0.146484375
0 0.662109375 0.365234375 0.1513671875 0.138671875
0 0.6201171875 0.302734375 0.1484375 0.134765625
0 0.705078125 0.4384765625 0.171875 0.1611328125
0 0.8349609375 0.642578125 0.177734375 0.166015625
0 0.4365234375 0.052734375 0.1669921875 0.1044921875
0 0.521484375 0.1611328125 0.181640625 0.162109375
0 0.740234375 0.5009765625 0.1669921875 0.1513671875
0 0.4775390625 0.09765625 0.171875 0.1533203125
0 0.7802734375 0.5732421875 0.15625 0.15625
0 0.87109375 0.72265625 0.158203125 0.158203125
0 0.525390625 0.404296875 0.1591796875 0.1591796875
0 0.572265625 0.482421875 0.1591796875 0.1455078125
0 0.662109375 0.625 0.150390625 0.1376953125
0 0.474609375 0.3369140625 0.1689453125 0.150390625
0 0.3828125 0.197265625 0.162109375 0.162109375
0 0.7060546875 0.697265625 0.166015625 0.1533203125
0 0.6142578125 0.556640625 0.158203125 0.146484375
0 0.33203125 0.123046875 0.189453125 0.1689453125
0 0.42578125 0.2734375 0.158203125 0.158203125
0 0.7939453125 0.8447265625 0.162109375 0.1484375
0 0.744140625 0.7724609375 0.1611328125 0.1611328125
0 0.880859375 0.2978515625 0.1513671875 0.1513671875
0 0.921875 0.3623046875 0.1533203125 0.1533203125
0 0.138671875 0.333984375 0.171875 0.171875
0 0.0869140625 0.26171875 0.173828125 0.1611328125
0 0.1845703125 0.4208984375 0.169921875 0.169921875
0 0.958984375 0.4912109375 0.0810546875 0.169921875
0 0.837890625 0.236328125 0.154296875 0.154296875
0 0.7158203125 0.060546875 0.162109375 0.12109375
0 0.9375 0.4296875 0.125 0.1533203125
0 0.2294921875 0.5 0.1923828125 0.1923828125
0 0.5263671875 0.9384765625 0.208984375 0.123046875
0 0.2685546875 0.580078125 0.185546875 0.185546875
0 0.4189453125 0.8134765625 0.1826171875 0.1826171875
0 0.4677734375 0.896484375 0.193359375 0.177734375
0 0.365234375 0.740234375 0.2060546875 0.189453125
0 0.306640625 0.6611328125 0.1875 0.1875
0 0.7939453125 0.1767578125 0.162109375 0.1435546875
0 0.751953125 0.1142578125 0.146484375 0.1455078125
0 0.673828125 0.033203125 0.1484375 0.0654296875
0 0.044921875 0.4677734375 0.08984375 0.201171875
0 0.1474609375 0.7138671875 0.1923828125 0.1904296875
0 0.0732421875 0.548828125 0.146484375 0.1875
0 0.2578125 0.884765625 0.201171875 0.201171875
0 0.201171875 0.7958984375 0.201171875 0.201171875
0 0.091796875 0.6298828125 0.18359375 0.189453125
0 0.3076171875 0.9384765625 0.197265625 0.123046875
0 0.36328125 0.9765625 0.1982421875 0.046875