0 0.1372532578125 0.31691072265625 0.142075568359375 0.3163186171875 0.13190766796875 0.24758426171875 0.018753615234375 0.22700546484375 0.018674828125 0.2315191875 0.02743430078125 0.294003375 0.1372532578125 0.31691072265625
0 0.09696858984375 0.287373013671875 0.205876978515625 0.332341310546875 0.20675802734375 0.332356689453125 0.21161683203125 0.26469358203125 0.101803111328125 0.21995558984375 0.09696858984375 0.287373013671875
0 0.34757991796875 0.33682559765625 0.42003798828125 0.34122776171875 0.46239565234375 0.23706326953125 0.462414814453125 0.2359654140625 0.386424736328125 0.226867978515625 0.343482734375 0.3348896328125 0.343455240234375 0.336464734375 0.34757991796875 0.33682559765625
0 0.260298701171875 0.267428623046875 0.27464287890625 0.31814906640625 0.382052875 0.3274524296875 0.386949404296875 0.326411638671875 0.371330375 0.25341211328125 0.25603209765625 0.2417688984375 0.2559419765625 0.246931841796875 0.260298701171875 0.267428623046875
0 0.22535926953125 0.221328056640625 0.17173301171875 0.32621253515625 0.17165514453125 0.33067359375 0.24950391796875 0.34300362890625 0.303261013671875 0.234094759765625 0.22535926953125 0.221328056640625
0 0.416421162109375 0.24398797265625 0.415157765625 0.2442107421875 0.426400880859375 0.322030998046875 0.544662849609375 0.332344310546875 0.531488275390625 0.25762757421875 0.416421162109375 0.24398797265625
0 0.50199606640625 0.3062897734375 0.502210955078125 0.31860075390625 0.618366533203125 0.34665820703125 0.619362333984375 0.264402583984375 0.502342341796875 0.23643772265625 0.50199606640625 0.3062897734375
0 0.832969423828125 0.24136873828125 0.8305330234375 0.2528311015625 0.816722728515625 0.32098369140625 0.93995855859375 0.371721298828125 0.94672711328125 0.371839443359375 0.964034998046875 0.292969951171875 0.832969423828125 0.24136873828125
0 0.7792235390625 0.3782920859375 0.837101962890625 0.37726801171875 0.86120239453125 0.24098525 0.86120239453125 0.238119111328125 0.853274197265625 0.238119111328125 0.77640175390625 0.23875195703125 0.75026489453125 0.37608582421875 0.75026489453125 0.377786611328125 0.7792235390625 0.3782920859375
0 0.568509994140625 0.3230126796875 0.69853594140625 0.36750725 0.704719775390625 0.36761519140625 0.714897578125 0.2924081328125 0.576885892578125 0.24332132421875 0.568509994140625 0.3230126796875
0 0.776459486328125 0.239727626953125 0.77646572265625 0.239370357421875 0.70220951953125 0.238322390625 0.66642084765625 0.36632208984375 0.6662751875 0.3746669609375 0.7464294140625 0.379258671875 0.776459486328125 0.239727626953125
0 0.02431256640625 0.39623915234375 0.03597506640625 0.4467549765625 0.191970875 0.46276630078125 0.19457778125 0.462164447265625 0.17509282421875 0.380530072265625 0.01938352734375 0.369976287109375 0.01933926953125 0.372511705078125 0.02431256640625 0.39623915234375
0 0.004882892578125 0.49450128515625 0.02790626953125 0.495384947265625 0.10071503515625 0.34471896875 0.014946013671875 0.336137201171875 0.0095234375 0.371322974609375 0.00112708203125 0.431066158203125 0.000031716796875 0.49381949609375 0.004882892578125 0.49450128515625
0 0.36940724609375 0.39478013671875 0.362851986328125 0.441423224609375 0.49824189453125 0.49528109765625 0.501630017578125 0.49534023828125 0.513189919921875 0.420716650390625 0.3761278984375 0.3571913828125 0.376117474609375 0.357191201171875 0.36940724609375 0.39478013671875
0 0.14410923828125 0.345235537109375 0.11893873828125 0.420205072265625 0.243644931640625 0.50102798046875 0.24687203515625 0.501832587890625 0.24867537890625 0.501864064453125 0.26839676171875 0.42358659765625 0.14410923828125 0.345235537109375
0 0.4026688671875 0.34281926171875 0.327324427734375 0.35841482421875 0.30939203125 0.504986369140625 0.31051375390625 0.510757146484375 0.3126479375 0.510794400390625 0.39062800390625 0.48955301171875 0.4026688671875 0.34281926171875
0 0.212156572265625 0.35324548828125 0.19941030859375 0.433722208984375 0.33156712890625 0.49989085546875 0.33365765234375 0.500221958984375 0.334915474609375 0.500243916015625 0.348062421875 0.42638812109375 0.212156572265625 0.35324548828125
0 0.460206494140625 0.3633471953125 0.457366330078125 0.363297619140625 0.45237928515625 0.390549263671875 0.444470486328125 0.440483462890625 0.580730841796875 0.49937445703125 0.58407980078125 0.49990487890625 0.584737501953125 0.499916361328125 0.60162485546875 0.42103910546875 0.477868205078125 0.369424869140625 0.460206494140625 0.3633471953125
0 1 0.409358802734375 0.88128693359375 0.389230240234375 0.877874482421875 0.472223607421875 0.99389866015625 0.49611912890625 0.997522509765625 0.496182384765625 1 0.46075263671875 1 0.409358802734375
0 0.79298473828125 0.44538537890625 0.788515041015625 0.462066517578125 0.91179658203125 0.515001626953125 0.913807892578125 0.515036734375 0.932325525390625 0.4334823125 0.812643625 0.378875435546875 0.812542412109375 0.37887366796875 0.79298473828125 0.44538537890625
0 0.61770145703125 0.399299169921875 0.62703544921875 0.4783285 0.7506413125 0.493780234375 0.75817596484375 0.492988310546875 0.750531796875 0.40847594140625 0.617458583984375 0.3959630859375 0.617443236328125 0.396842369140625 0.61770145703125 0.399299169921875
0 0.80042580078125 0.515430390625 0.833029923828125 0.38387953125 0.75037516796875 0.3786302734375 0.71552147265625 0.50781277734375 0.715478740234375 0.51026094921875 0.768889564453125 0.513995796875 0.80042580078125 0.515430390625
0 0.65103534375 0.37376017578125 0.572432599609375 0.384614212890625 0.55808138671875 0.510038408203125 0.5587914609375 0.5150908515625 0.564067984375 0.515182953125 0.640164017578125 0.5033214453125 0.65103534375 0.37376017578125
0 0.106944197265625 0.59471715625 0.03970891015625 0.614795044921875 0.026061603515625 0.799007779296875 0.0265979296875 0.80115886328125 0.028768689453125 0.80119675390625 0.047504619140625 0.796882412109375 0.107285072265625 0.78197747265625 0.109121806640625 0.59475516796875 0.106944197265625 0.59471715625
0 0.71549819921875 0.67861836328125 0.724500830078125 0.75639207421875 0.91264541796875 0.76385646484375 0.912653021484375 0.763420787109375 0.900101314453125 0.674650654296875 0.714398365234375 0.66168473828125 0.714301525390625 0.66723277734375 0.71549819921875 0.67861836328125
0 0.11540466796875 0.615095001953125 0.11139915625 0.7984235625 0.112686109375 0.80358524609375 0.1707633359375 0.791425201171875 0.188953333984375 0.78688992578125 0.18702227734375 0.59547209765625 0.11540466796875 0.615095001953125
0 0.600323697265625 0.80141776171875 0.62190405078125 0.80679834765625 0.70619205859375 0.63343629296875 0.615425857421875 0.61132297265625 0.540557880859375 0.774920654296875 0.538837462890625 0.7818208828125 0.538820962890625 0.782766189453125 0.600323697265625 0.80141776171875
0 0.827418212890625 0.646101703125 0.81235164453125 0.73223087890625 0.8112372734375 0.74130672265625 0.98302059765625 0.78503578515625 0.988467501953125 0.785130861328125 0.9961981796875 0.72216953125 0.996685076171875 0.6942752265625 0.827418212890625 0.646101703125
0 0.15190747265625 0.65625416015625 0.15748495703125 0.69966419140625 0.16244572265625 0.734961873046875 0.34998043359375 0.75765358984375 0.35330162890625 0.75718682421875 0.3533388828125 0.755052515625 0.3407135625 0.67217376171875 0.151987654296875 0.65166055859375 0.15190747265625 0.65625416015625
0 0.571248755859375 0.6075098359375 0.5664970859375 0.608606845703125 0.487218322265625 0.630283126953125 0.48735498046875 0.8080682890625 0.488123513671875 0.81139717578125 0.545376525390625 0.79950053125 0.5766165859375 0.7922881953125 0.57196369140625 0.60752231640625 0.571248755859375 0.6075098359375
0 0.637773921875 0.63213716015625 0.637419248046875 0.6338057734375 0.62470073046875 0.723527330078125 0.78836258203125 0.794139919921875 0.7938791640625 0.794236212890625 0.814042244140625 0.70173697265625 0.637773921875 0.63213716015625
0 0.31078345703125 0.619087521484375 0.286992609375 0.80256430078125 0.287669216796875 0.807378619140625 0.349780578125 0.80096566015625 0.381342984375 0.79652985546875 0.40308431640625 0.6086495 0.31078345703125 0.619087521484375
0 0.52570352734375 0.700500234375 0.50740567578125 0.69205569921875 0.361210580078125 0.627686943359375 0.35039678515625 0.6806820859375 0.34444817578125 0.711285041015625 0.50845206640625 0.7923795390625 0.513321291015625 0.792464533203125 0.52570352734375 0.700500234375
0 0.971152517578125 0.04030518359375 0.89632851953125 0.05052786328125 0.89253494921875 0.147438876953125 0.892752736328125 0.14898851953125 0.89735419921875 0.14906883984375 0.97035673828125 0.138809 0.971152517578125 0.04030518359375
0 0.800978203125 0.11396762109375 0.885991140625 0.14887049609375 0.8923107734375 0.1489808046875 0.907602076171875 0.07430451171875 0.81564758984375 0.038500166015625 0.800978203125 0.11396762109375
0 0.00810356640625 0.976494802734375 0.074548982421875 0.97031870703125 0.098010630859375 0.966602748046875 0.068457431640625 0.78001119140625 0.06786540234375 0.78000085546875 0.031948544921875 0.78641925 0.00810356640625 0.976494802734375
0 0.739811884765625 0.0324580078125 0.73288909765625 0.056600630859375 0.719754076171875 0.10845967578125 0.80567112890625 0.15215671875 0.81112951171875 0.15225199609375 0.82980880078125 0.0827512109375 0.739811884765625 0.0324580078125
0 0.64676709375 0.07253877734375 0.64987698046875 0.12276183203125 0.746084162109375 0.14072819921875 0.75193243359375 0.14052397265625 0.746745583984375 0.068446177734375 0.6469863515625 0.047256396484375 0.646619046875 0.06829926953125 0.64676709375 0.07253877734375
0 0.60169755859375 0.040510083984375 0.568952650390625 0.13087335546875 0.5688248125 0.13819712109375 0.646282494140625 0.14073863671875 0.678891990234375 0.048623544921875 0.60169755859375 0.040510083984375
0 0.276002330078125 0.968036986328125 0.278403953125 0.96807890625 0.28693424609375 0.88206545703125 0.116190484375 0.808973658203125 0.114917533203125 0.808951439453125 0.10519117578125 0.90149153515625 0.276002330078125 0.968036986328125
0 0.21816455859375 0.97873151171875 0.28862237890625 0.98231761328125 0.2888685234375 0.98232620703125 0.31033966015625 0.98270098828125 0.363852169921875 0.80832082421875 0.27588920703125 0.80051248046875 0.273735974609375 0.800437287109375 0.21824246484375 0.9742683046875 0.21816455859375 0.97873151171875
0 0.02410201953125 0.797524701171875 0.007090423828125 0.863836109375 0.00302334375 0.88297021484375 0.175873078125 0.97879112890625 0.181992052734375 0.97889793359375 0.1991979140625 0.89102080078125 0.02410201953125 0.797524701171875
0 0.377888373046875 0.9870369296875 0.4766847890625 0.826336439453125 0.381867310546875 0.801472103515625 0.2934486953125 0.9631078515625 0.29341612890625 0.96497355078125 0.31941276171875 0.97242796484375 0.377888373046875 0.9870369296875
0 0.67911703125 0.913350505859375 0.85148469140625 0.98433301953125 0.858739095703125 0.98445964453125 0.878506736328125 0.89035720703125 0.69618800390625 0.82552797265625 0.67911703125 0.913350505859375
0 0.75659359375 0.99049037890625 0.76097858203125 0.97213442578125 0.77847808984375 0.896335724609375 0.603627970703125 0.816660669921875 0.60300727734375 0.81651737109375 0.595356423828125 0.849062205078125 0.581503982421875 0.9090637109375 0.75314638671875 0.99043020703125 0.75659359375 0.99049037890625
0 0.49549506640625 0.839249216796875 0.485167302734375 0.9136358984375 0.657890681640625 0.98407930078125 0.6639586484375 0.984185216796875 0.679263939453125 0.88755141796875 0.501625787109375 0.81882693359375 0.498737623046875 0.81877651953125 0.49549506640625 0.839249216796875
0 0.53407587109375 0.79438954296875 0.532298115234375 0.79435851171875 0.4375948828125 0.811057248046875 0.430073388671875 0.99885558984375 0.484568376953125 0.9998068046875 0.52222012890625 0.993878767578125 0.53407587109375 0.79438954296875
0 0.971001607421875 0.86638291796875 0.78098134765625 0.84783421875 0.78041187109375 0.92098025 0.78084165625 0.94560266015625 0.973044400390625 0.9692118671875 0.976146802734375 0.96915771484375 0.97570566015625 0.94388469140625 0.971001607421875 0.86638291796875
0 0.297354984375 0.03778137890625 0.275357140625 0.140797884765625 0.27568951953125 0.14714003515625 0.305305154296875 0.1464796953125 0.343927349609375 0.144455591796875 0.37009309375 0.03521531640625 0.297354984375 0.03778137890625
0 0.531593287109375 0.1465149453125 0.58264701953125 0.1337858203125 0.58078217578125 0.037564326171875 0.514704765625 0.055305583984375 0.51122053515625 0.1496493671875 0.51134403515625 0.1501446953125 0.515707365234375 0.150220857421875 0.531593287109375 0.1465149453125
0 0.26586956640625 0.147045548828125 0.30598458203125 0.040698537109375 0.244425091796875 0.0378108359375 0.193772611328125 0.1379152421875 0.193722099609375 0.140808994140625 0.26158717578125 0.14674641796875 0.26586956640625 0.147045548828125
0 0.38272479296875 0.04087580078125 0.34245180078125 0.125364146484375 0.34231762890625 0.133050947265625 0.41084463671875 0.14737215234375 0.4573124609375 0.0507996484375 0.38272479296875 0.04087580078125
0 0.43905138671875 0.03480294921875 0.428569509765625 0.07684346484375 0.42234317578125 0.10422985546875 0.502402060546875 0.15348373828125 0.50754751171875 0.154766642578125 0.50843770703125 0.1547821796875 0.523760025390625 0.08346488671875 0.43909812890625 0.034803763671875 0.43905138671875 0.03480294921875
0 0.082820232421875 0.13944098828125 0.11374940234375 0.142794708984375 0.174170205078125 0.046966763671875 0.1743330859375 0.045938369140625 0.104971138671875 0.034952515625 0.0454388515625 0.13067655078125 0.04538934765625 0.13351251953125 0.082820232421875 0.13944098828125
0 0.235610724609375 0.079117294921875 0.13026184375 0.03453151953125 0.128520865234375 0.03440977734375 0.12407962109375 0.09792254296875 0.14554041796875 0.1096448984375 0.22517960546875 0.15140062890625 0.22748188671875 0.15144081640625 0.235610724609375 0.079117294921875
0 0.069724587890625 0.15181262890625 0.07714183984375 0.15194209765625 0.091520759765625 0.09827923828125 0.104065390625 0.05020682421875 0.062529677734375 0.04165369921875 0.00662981640625 0.115814607421875 0.00629437109375 0.13503231640625 0.069724587890625 0.15181262890625