0 0.8568424609375 0.18670614453125 0.8588107421875 0.1155841953125 0.7565599375 0.07774533984375 0.751151373046875 0.077461888671875 0.749987833984375 0.082935908203125 0.74786396875 0.14315648828125 0.8568424609375 0.18670614453125
0 0.84378525390625 0.21125442578125 0.75679450390625 0.13446526953125 0.754221166015625 0.1339182890625 0.727999509765625 0.19537243359375 0.81726516015625 0.27342488671875 0.84378525390625 0.21125442578125
0 0.78488770703125 0.425038125 0.6803830078125 0.388791435546875 0.677520810546875 0.388691486328125 0.67244383203125 0.464590435546875 0.78411897265625 0.5023455859375 0.784283740234375 0.497627283203125 0.78488770703125 0.425038125
0 0.68111201953125 0.40697113671875 0.75732325390625 0.41932646484375 0.81269575390625 0.323226240234375 0.749129294921875 0.30855076953125 0.73836783203125 0.30626334765625 0.68261026171875 0.39992246484375 0.68111201953125 0.40697113671875
0 0.814463546875 0.34811817578125 0.81451347265625 0.348123421875 0.82339008203125 0.26786865234375 0.71280137109375 0.22030841015625 0.710961779296875 0.22896301171875 0.703643474609375 0.29859202734375 0.814463546875 0.34811817578125
0 0.650670232421875 0.51423648046875 0.737718474609375 0.591957505859375 0.738127150390625 0.59214807421875 0.738163810546875 0.5921558671875 0.77369307421875 0.521755935546875 0.68387799609375 0.446434857421875 0.682430154296875 0.446127109375 0.650670232421875 0.51423648046875
0 0.628208751953125 0.60557666796875 0.728956017578125 0.66995697265625 0.756677375 0.592506955078125 0.65942273046875 0.530691533203125 0.65454685546875 0.529655134765625 0.631143716796875 0.596543767578125 0.628208751953125 0.60557666796875
0 0.658404302734375 0.993723142578125 0.66049544921875 0.99416762890625 0.68865851171875 0.91866211328125 0.57212213671875 0.8475907265625 0.56957899609375 0.847050166015625 0.540031333984375 0.924024455078125 0.658404302734375 0.993723142578125
0 0.576027611328125 0.7653556875 0.573878970703125 0.773374521484375 0.554876744140625 0.84670110546875 0.680515328125 0.90737077734375 0.68339640625 0.90798316796875 0.68409027734375 0.90539359765625 0.70438334765625 0.82391980078125 0.581402388671875 0.766498130859375 0.576027611328125 0.7653556875
0 0.71849042578125 0.62365842578125 0.67378706640625 0.602812908203125 0.583470107421875 0.71603601953125 0.58314021484375 0.71758804296875 0.654734306640625 0.75164337890625 0.74406798828125 0.636851291015625 0.74413034765625 0.63655791015625 0.71849042578125 0.62365842578125
0 0.63008171875 0.6826043515625 0.589622724609375 0.8181401171875 0.671835201171875 0.82429091015625 0.703876234375 0.68710187890625 0.6944708125 0.685102693359375 0.67213932421875 0.683932349609375 0.63008171875 0.6826043515625
0 0.58243499609375 0.113349986328125 0.703165814453125 0.217783912109375 0.734365169921875 0.138884740234375 0.616647158203125 0.04397455859375 0.611427591796875 0.04286510546875 0.6021695859375 0.06450516015625 0.58243499609375 0.113349986328125
0 0.625305201171875 0.023213521484375 0.61256390625 0.144438849609375 0.64821389453125 0.144562046875 0.698291501953125 0.03097786328125 0.666923521484375 0.024310392578125 0.625986611328125 0.020007748046875 0.625305201171875 0.023213521484375
0 0.510979078125 0.479016412109375 0.658200791015625 0.509484673828125 0.65700557421875 0.45215475390625 0.65632571875 0.43268623828125 0.51399853515625 0.394904470703125 0.51057796484375 0.395023919921875 0.5104328984375 0.463375904296875 0.510979078125 0.479016412109375
0 0.55836153515625 0.26300661328125 0.55678060546875 0.270444310546875 0.63481441796875 0.28866210546875 0.71039313671875 0.164001380859375 0.710624638671875 0.16291224609375 0.635587025390625 0.139167828125 0.55836153515625 0.26300661328125
0 0.64397466796875 0.455524623046875 0.645331021484375 0.45581292578125 0.669671015625 0.3750043671875 0.55817249609375 0.29192275390625 0.551718681640625 0.290550955078125 0.525260537109375 0.3594767734375 0.64397466796875 0.455524623046875
0 0.54116269140625 0.29131434765625 0.66994726171875 0.3705318046875 0.689802513671875 0.29691126171875 0.565301560546875 0.2151651328125 0.560129287109375 0.21406573046875 0.542860107421875 0.283328623046875 0.54116269140625 0.29131434765625
0 0.62189730859375 0.46201378515625 0.61679933203125 0.460930177734375 0.593710375 0.45997442578125 0.54316144140625 0.45909208984375 0.50380734375 0.602222416015625 0.50373688671875 0.60625896875 0.584288228515625 0.612010912109375 0.61817655859375 0.48227533984375 0.62187619921875 0.463223087890625 0.62189730859375 0.46201378515625
0 0.536909072265625 1 0.54000100390625 0.92480188671875 0.40515131640625 0.89702919921875 0.401289572265625 0.89675916015625 0.39928726953125 0.9061792578125 0.398366515625 0.917417640625 0.393740380859375 0.9835744296875 0.490614146484375 1 0.536909072265625 1
0 0.413269236328125 0.88493377734375 0.5373479375 0.92893484765625 0.554440759765625 0.84405609765625 0.426261935546875 0.8018190546875 0.423699634765625 0.813873736328125 0.4205473125 0.831751443359375 0.413269236328125 0.88493377734375
0 0.588456640625 0.64537551171875 0.585191837890625 0.644561505859375 0.50773614453125 0.626302966796875 0.454089306640625 0.731023251953125 0.451107744140625 0.74505040234375 0.53113783984375 0.766242556640625 0.588456640625 0.64537551171875
0 0.554025140625 0.84631630078125 0.570726630859375 0.7651964921875 0.44674922265625 0.712318203125 0.44534918359375 0.712020615234375 0.43371829296875 0.76673966015625 0.428292142578125 0.79572113671875 0.554025140625 0.84631630078125
0 0.471550728515625 0.6657689453125 0.47109776171875 0.6694580546875 0.548994220703125 0.67921290625 0.59705676171875 0.55737041796875 0.5832777734375 0.5544416015625 0.51429438671875 0.547020341796875 0.471550728515625 0.6657689453125
0 0.303001767578125 0 0.300045833984375 0.031427068359375 0.468305939453125 0.114356271484375 0.480650330078125 0.03670189453125 0.48133894921875 0.0318021171875 0.40479652734375 0 0.303001767578125 0
0 0.138528451171875 0.75953233203125 0.13599071875 0.7925344765625 0.31932208203125 0.83577739453125 0.323961927734375 0.74580102734375 0.14799594140625 0.69867099609375 0.14473991796875 0.69838612890625 0.1432751484375 0.705277333984375 0.138528451171875 0.75953233203125
0 0.44578189453125 0.194903724609375 0.463870474609375 0.117627396484375 0.295967994140625 0.041385669921875 0.290985181640625 0.040417107421875 0.278565552734375 0.098846865234375 0.27642806640625 0.11138161328125 0.44578189453125 0.194903724609375
0 0.3588978515625 0.51142565234375 0.293030595703125 0.487620169921875 0.2756875625 0.48231787109375 0.18685251953125 0.643050904296875 0.184951203125 0.651995900390625 0.271825771484375 0.678046626953125 0.3588978515625 0.51142565234375
0 0.29184108203125 0.790653611328125 0.20912923046875 0.762298966796875 0.200339453125 0.7597785390625 0.13096778515625 0.920998330078125 0.12947671875 0.92801325 0.18878341015625 0.94501916796875 0.217408888671875 0.951103703125 0.29184108203125 0.790653611328125
0 0.33656875 0.3121732890625 0.435694626953125 0.14654112109375 0.422641548828125 0.14279821484375 0.351940642578125 0.12340562890625 0.258496099609375 0.283938140625 0.258094029296875 0.285340328125 0.25743030078125 0.288462927734375 0.33656875 0.3121732890625
0 0.19964446484375 0.425050130859375 0.19931936328125 0.43435982421875 0.1997078203125 0.510588197265625 0.374211451171875 0.557202568359375 0.374848638671875 0.5572248203125 0.378827619140625 0.48740062890625 0.37956715234375 0.46622312890625 0.200092009765625 0.42294459765625 0.19964446484375 0.425050130859375
0 0.172047353515625 0.75384963671875 0.264034732421875 0.7620078828125 0.32713759765625 0.591765603515625 0.327247318359375 0.591072857421875 0.300983640625 0.58549033984375 0.232187763671875 0.57459414453125 0.172047353515625 0.75384963671875
0 0.229930185546875 0.313674732421875 0.400496265625 0.395399427734375 0.420677140625 0.30472896484375 0.254941982421875 0.222500080078125 0.250169673828125 0.221572435546875 0.239992283203125 0.2652894140625 0.23230986328125 0.301432357421875 0.229930185546875 0.313674732421875
0 0.3918784140625 0.37503366796875 0.3725833828125 0.369217880859375 0.220039037109375 0.326156884765625 0.2188358671875 0.326093828125 0.21360322265625 0.410845150390625 0.391449173828125 0.46969951953125 0.39242677734375 0.46975075390625 0.3918784140625 0.37503366796875
0 0.857863671875 1 0.87311076171875 0.964871845703125 0.80479140234375 0.946565728515625 0.799988078125 0.94554475 0.77431496484375 1 0.857863671875 1
0 0.77703178125 0.940196640625 0.86586562890625 0.984051806640625 0.8870258359375 0.91017204296875 0.80677594921875 0.86871460546875 0.797978654296875 0.86684468359375 0.777279501953125 0.93903120703125 0.77703178125 0.940196640625
0 0.16507819140625 0 0.166261203125 0.0677746875 0.20211011328125 0.066440185546875 0.22009976953125 0 0.16507819140625 0
0 0.88972487109375 0.90240062890625 0.89884920703125 0.828552849609375 0.803238185546875 0.79147185546875 0.80228311328125 0.79133762890625 0.80156746484375 0.79470448046875 0.79344344921875 0.869327779296875 0.88972487109375 0.90240062890625
0 0.831486806640625 0.70943412109375 0.83075375 0.711161091796875 0.80618836328125 0.775545474609375 0.88898057421875 0.837915583984375 0.891464474609375 0.832063880859375 0.91693591796875 0.76725721484375 0.838626529296875 0.71123876953125 0.83727198046875 0.710663796875 0.831486806640625 0.70943412109375
0 0.92566732421875 0.74991278515625 0.919918904296875 0.67012248828125 0.82804339453125 0.64807466015625 0.826344966796875 0.64807466015625 0.82499752734375 0.654413875 0.82499752734375 0.72496413671875 0.92566732421875 0.74991278515625
0 0.17490180859375 0.03737548828125 0.090315302734375 0.20214162890625 0.09005750390625 0.20360369140625 0.100652783203125 0.205855787109375 0.181895685546875 0.21951704296875 0.26057766015625 0.05295223046875 0.24761095703125 0.050196072265625 0.17490180859375 0.03737548828125
0 0.14787460546875 0.31333993359375 0.2494056328125 0.163152478515625 0.249999869140625 0.161426685546875 0.19031173828125 0.137222892578125 0.16583319140625 0.128794251953125 0.06116708984375 0.27992271484375 0.06077116015625 0.28178540625 0.14787460546875 0.31333993359375
0 0.102092291015625 0 0.098372326171875 0.0079491953125 0.24545426171875 0.1408521953125 0.2456828984375 0.140963708984375 0.28738817578125 0.063794150390625 0.218982630859375 0 0.102092291015625 0
0 0.042140482421875 0.306201013671875 0.204540732421875 0.4021777734375 0.22774648828125 0.30694079296875 0.0671416171875 0.22269387890625 0.062625162109375 0.221733875 0.05572668359375 0.24747934765625 0.042140482421875 0.306201013671875
0 0 0.7875977578125 0.077991826171875 0.792864595703125 0.116707689453125 0.6038279375 0.11336118359375 0.603116615234375 0.02747261328125 0.59861538671875 0 0.70575159375 0 0.7875977578125
0 0 0.67620356640625 0.00762834765625 0.67871595703125 0.06533183203125 0.697464955078125 0.16268775390625 0.531280890625 0.1628505078125 0.530515197265625 0.14425922265625 0.52431794140625 0.069819759765625 0.500131095703125 0 0.623549017578125 0 0.67620356640625
0 0 0.50927659765625 0.158736861328125 0.597811419921875 0.185301517578125 0.504582341796875 0.026310291015625 0.41209340234375 0.01882492578125 0.410502337890625 0 0.47207589453125 0 0.50927659765625
0 0.113875384765625 0.304839861328125 0.01485560546875 0.46774027734375 0.01368251953125 0.47325919921875 0.099889302734375 0.5047255234375 0.20650421875 0.336734525390625 0.113875384765625 0.304839861328125
0 0 0.885724912109375 0.03691476953125 0.895924873046875 0.11070397265625 0.71331626171875 0.075748033203125 0.704600767578125 0.0098457578125 0.691160892578125 0 0.71738953515625 0 0.885724912109375
0 0.971444296875 0.357600794921875 0.933558994140625 0.346018095703125 0.87487759375 0.43477702734375 0.87368946484375 0.44036673046875 0.940854107421875 0.462163349609375 0.999023205078125 0.36926733203125 0.99948308203125 0.36710377734375 0.971444296875 0.357600794921875
0 0.8396108125 0.63325466015625 0.839457314453125 0.63422699609375 0.92569410546875 0.676502041015625 0.9395385859375 0.60439669140625 0.85606680859375 0.5691545078125 0.85128617578125 0.568311552734375 0.84997115234375 0.574498244140625 0.8396108125 0.63325466015625
0 1 0.282004623046875 0.994116193359375 0.28075398046875 0.93215277734375 0.275332884765625 0.89373746484375 0.37717388671875 0.893376623046875 0.3812983203125 0.95376195703125 0.384130943359375 1 0.2927507890625 1 0.282004623046875
0 0.91947 0.42647909765625 0.90301624609375 0.42428993359375 0.860441876953125 0.513606330078125 0.8600730390625 0.515935080078125 0.93113609375 0.53078628515625 0.976394251953125 0.43672778515625 0.9536376640625 0.43189072265625 0.91947 0.42647909765625
0 0.911372693359375 0.50367674609375 0.896421384765625 0.498782537109375 0.84212953515625 0.573814111328125 0.840923310546875 0.57948894921875 0.906471650390625 0.601814345703125 0.9660329296875 0.524474375 0.9662110703125 0.52363628515625 0.911372693359375 0.50367674609375
0 1 0.14367821875 0.96869636328125 0.14193435546875 0.91449287890625 0.2387930859375 0.914218099609375 0.24140741796875 0.919070912109375 0.2424389140625 0.98310662109375 0.24916933984375 1 0.21853941015625 1 0.14367821875
0 1 0.2157185625 0.96449776171875 0.207522224609375 0.94956251953125 0.2268850234375 0.89570274609375 0.29922633203125 0.895277236328125 0.301228203125 0.96562417578125 0.320621986328125 1 0.265478751953125 1 0.2157185625
0 1 0.09672634765625 0.932358751953125 0.16434944140625 0.93110110546875 0.170266205078125 1 0.199254111328125 1 0.09672634765625