0 0.547437755859375 1 0.51070626953125 0.90538635546875 0.50758326953125 0.9016645078125 0.455475623046875 0.94762744140625 0.47737552734375 1 0.547437755859375 1
0 0.43504576171875 0.95643986328125 0.547924982421875 0.92012425390625 0.50829335546875 0.86537194140625 0.3950759296875 0.90120891015625 0.43504576171875 0.95643986328125
0 0.403668779296875 0.64861871484375 0.286499876953125 0.6595306875 0.28632237109375 0.659625068359375 0.28806064453125 0.663927443359375 0.317033560546875 0.73048659375 0.426939744140625 0.7211198203125 0.42975534765625 0.71962273828125 0.403668779296875 0.64861871484375
0 0.36396381640625 0.832365203125 0.43599076953125 0.80756433203125 0.433566474609375 0.694984990234375 0.43315600390625 0.693792896484375 0.431848484375 0.69133380859375 0.35999699609375 0.721524638671875 0.36396381640625 0.832365203125
0 0.36189930078125 0.80210274609375 0.361852755859375 0.80212155078125 0.391692505859375 0.87714962109375 0.51159205859375 0.86723058203125 0.5124749765625 0.866761126953125 0.482998734375 0.793804865234375 0.36189930078125 0.80210274609375
0 0.400100796875 0.635922384765625 0.402174009765625 0.63447070703125 0.35930013671875 0.569004810546875 0.247759798828125 0.609637443359375 0.29127667578125 0.67178598828125 0.400100796875 0.635922384765625
0 0.327993791015625 0.496330732421875 0.212199548828125 0.526105357421875 0.249936982421875 0.599200259765625 0.36483757421875 0.56935695703125 0.36620235546875 0.568600447265625 0.33409086328125 0.507478466796875 0.332156494140625 0.5038404453125 0.327993791015625 0.496330732421875
0 0.11236922265625 0.334165302734375 0.12357562109375 0.3307391640625 0.18987858203125 0.309776888671875 0.17450877734375 0.177394322265625 0.171330650390625 0.171417134765625 0.09395880859375 0.19451600390625 0.11236922265625 0.334165302734375
0 0.18892798828125 0.410571662109375 0.22776242578125 0.37912415234375 0.25213069140625 0.35866684765625 0.18766069921875 0.24222294921875 0.18316533984375 0.23667164453125 0.1787384296875 0.239025474609375 0.11778679296875 0.28921953515625 0.184255646484375 0.41305598828125 0.18892798828125 0.410571662109375
0 0.285897984375 0.541992755859375 0.323682896484375 0.510287451171875 0.258791771484375 0.379685240234375 0.258426818359375 0.3792503046875 0.19684872265625 0.43012130859375 0.262769662109375 0.55889126171875 0.26805398828125 0.55608153515625 0.285897984375 0.541992755859375
0 0.307224189453125 0.41264939453125 0.311145439453125 0.41029326953125 0.270818798828125 0.3396542890625 0.13710210546875 0.39059273828125 0.17670356640625 0.453499615234375 0.307224189453125 0.41264939453125
0 0.63447996484375 0.7911402890625 0.63252012109375 0.78800388671875 0.56618565234375 0.827606634765625 0.60219498828125 0.98186309375 0.61921256640625 0.9728146875 0.67427742578125 0.938406345703125 0.63447996484375 0.7911402890625
0 0.68617173828125 0.963614142578125 0.634424904296875 0.848515306640625 0.630835857421875 0.844529265625 0.630422810546875 0.84474888671875 0.57032248828125 0.903370056640625 0.64537698046875 0.988986712890625 0.676186197265625 0.972605162109375 0.68617173828125 0.963614142578125
0 0.499460623046875 0.65694138671875 0.509204146484375 0.512783484375 0.50833526171875 0.50901992578125 0.50788354296875 0.50817037109375 0.426163361328125 0.52387524609375 0.42434978125 0.67390258984375 0.42452950390625 0.67424059765625 0.499460623046875 0.65694138671875
0 0.62173251953125 0.86811190625 0.61651258984375 0.72245651953125 0.612827953125 0.715526728515625 0.538776900390625 0.74374349609375 0.54588386328125 0.890494197265625 0.62173251953125 0.86811190625
0 0.416705140625 0.632770697265625 0.414998857421875 0.633677943359375 0.45356251953125 0.708594380859375 0.58988290234375 0.691109908203125 0.597033810546875 0.687307703125 0.56822909765625 0.61944805078125 0.416705140625 0.632770697265625
0 0.451840921875 0.71327416796875 0.487528798828125 0.78065807421875 0.63694809375 0.755086548828125 0.63866513671875 0.754134775390625 0.6166620546875 0.7127529921875 0.6003471796875 0.683320181640625 0.451840921875 0.71327416796875
0 0.44819677734375 0.422541568359375 0.378477990234375 0.454504947265625 0.4093051953125 0.60433473046875 0.409660603515625 0.605063421875 0.450257978515625 0.58790138671875 0.4843515546875 0.57127283984375 0.456092001953125 0.44232065234375 0.453018611328125 0.43161012109375 0.44819677734375 0.422541568359375
0 0.26850389453125 0.19483561328125 0.294514115234375 0.18003242578125 0.25369130078125 0.070042814453125 0.251468162109375 0.065861697265625 0.175118345703125 0.10645761328125 0.22173975390625 0.219700546875 0.26850389453125 0.19483561328125
0 0.313655267578125 0.14604894921875 0.194804923828125 0.202672384765625 0.2427368125 0.27477717578125 0.3623345625 0.21446328515625 0.356815751953125 0.2040839140625 0.34611448046875 0.1888009140625 0.313655267578125 0.14604894921875
0 0.338792705078125 0.445494728515625 0.341816921875 0.444019720703125 0.41288778515625 0.40821901171875 0.386670748046875 0.29351509765625 0.379938279296875 0.2808531640625 0.30500961328125 0.31606138671875 0.338792705078125 0.445494728515625
0 0.26682225 0.33355582421875 0.39632787109375 0.319761236328125 0.399776513671875 0.31792755859375 0.377376791015625 0.239810435546875 0.241113119140625 0.25149475 0.26682225 0.33355582421875
0 0.371910853515625 0.515444009765625 0.4337114609375 0.491891486328125 0.44605368359375 0.48715375 0.431833849609375 0.36181348828125 0.428968533203125 0.356424611328125 0.35335860546875 0.386757869140625 0.371910853515625 0.515444009765625
0 0.96534994921875 0.750710080078125 0.77827109765625 0.746670509765625 0.777870869140625 0.74688331640625 0.79943744921875 0.82225622265625 0.8008840859375 0.826987953125 0.963036310546875 0.820084251953125 0.9857774609375 0.80799256640625 0.96534994921875 0.750710080078125
0 0.51783602734375 0.233416443359375 0.544061431640625 0.2211873359375 0.5983803125 0.193453115234375 0.551057556640625 0.01691673828125 0.54909212109375 0.01322029296875 0.46392235546875 0.05403199609375 0.51783602734375 0.233416443359375
0 0.83070882421875 0.81768951953125 0.902778791015625 0.78586441015625 0.903305484375 0.7856075234375 0.862473271484375 0.602604515625 0.860372357421875 0.5986532734375 0.79549287109375 0.632172677734375 0.83070882421875 0.81768951953125
0 0.513983298828125 0.300348986328125 0.5671045546875 0.370513185546875 0.73422505078125 0.28138727734375 0.736620810546875 0.279376998046875 0.73590920703125 0.27803866796875 0.67735585546875 0.2082575 0.513983298828125 0.300348986328125
0 0.46106111328125 0 0.381558638671875 0.043559076171875 0.433520888671875 0.11893276171875 0.59035000390625 0.038632296875 0.59755861328125 0.033394935546875 0.57580728515625 0 0.46106111328125 0
0 0.8116758203125 0.50702130859375 0.809819767578125 0.50380652734375 0.73589173828125 0.547634708984375 0.787333109375 0.72946466796875 0.83998981640625 0.701466599609375 0.86088816796875 0.689400931640625 0.8116758203125 0.50702130859375
0 0.71315532421875 0.56631931640625 0.7136111875 0.56692426953125 0.71372374609375 0.566864419921875 0.718669392578125 0.563137609375 0.78601423828125 0.505960916015625 0.77806678515625 0.48744175 0.71291383203125 0.342715955078125 0.712311939453125 0.3419172109375 0.64751822265625 0.389804271484375 0.644003619140625 0.392452716796875 0.71315532421875 0.56631931640625
0 0.75546782421875 0.3443415 0.74397790234375 0.314409228515625 0.56148353515625 0.344760248046875 0.56349248828125 0.349993748046875 0.595991287109375 0.42548422265625 0.769454359375 0.40096959375 0.774772025390625 0.398142140625 0.75546782421875 0.3443415
0 0.56806158984375 0.319549607421875 0.56958155078125 0.318775150390625 0.647312318359375 0.272195689453125 0.5993239921875 0.101036283203125 0.596559388671875 0.095836818359375 0.511221552734375 0.138762814453125 0.56806158984375 0.319549607421875
0 0.820864140625 0.60508048828125 0.777442736328125 0.425760349609375 0.775282419921875 0.421863037109375 0.69132143359375 0.464449412109375 0.73865266015625 0.648803751953125 0.768662771484375 0.633213419921875 0.80418366796875 0.614326625 0.820864140625 0.60508048828125
0 0 0.51820231640625 0.01772769140625 0.50955594140625 0.056272322265625 0.4899533515625 0.035503173828125 0.39855326953125 0.030887833984375 0.389873080078125 0 0.406149328125 0 0.51820231640625
0 0.07152487109375 0.46630023046875 0.065801671875 0.45553645703125 0.004526783203125 0.49107915234375 0.02943843359375 0.590934359375 0.0584347421875 0.57551675 0.09580976953125 0.554333658203125 0.07152487109375 0.46630023046875
0 0.01353836328125 0.58287130859375 0.0634313046875 0.642331400390625 0.15183594921875 0.599058720703125 0.154902689453125 0.59648541796875 0.152990693359375 0.592889478515625 0.100984189453125 0.539261716796875 0.01353836328125 0.58287130859375
0 1 0.5334680625 0.87515305078125 0.552851744140625 0.916945982421875 0.63684116796875 1 0.6211256328125 1 0.5334680625
0 1 0.55101419921875 0.97487870703125 0.391325712890625 0.972288873046875 0.38645494140625 0.88954009375 0.41809869921875 0.916548134765625 0.603346890625 0.916873900390625 0.603208033203125 1 0.566197908203125 1 0.55101419921875
0 1 0.41865476171875 0.983035970703125 0.36636076171875 0.7944001015625 0.36773493359375 0.82355955859375 0.461320806640625 1 0.4510846328125 1 0.41865476171875
0 0.76509984375 0 0.60633169921875 0.040840162109375 0.6417603984375 0.12299365234375 0.82326048046875 0.085678578125 0.831438330078125 0.081330337890625 0.7969156484375 0 0.76509984375 0
0 0.725720181640625 0.2555476875 0.744067 0.250780798828125 0.8196702890625 0.23052295703125 0.80807036328125 0.04099453125 0.8066938671875 0.038405720703125 0.774564109375 0.046877220703125 0.715958458984375 0.06258055859375 0.7247625234375 0.25374659375 0.725720181640625 0.2555476875
0 0.788427107421875 0.34941011328125 0.8081354765625 0.34021994921875 0.87558004296875 0.307185548828125 0.83791144140625 0.12707133203125 0.83393044921875 0.11958416796875 0.74541756640625 0.160858404296875 0.788427107421875 0.34941011328125
0 0.871859787109375 0.2051997109375 0.87097507421875 0.2037273046875 0.79013401171875 0.25030205078125 0.850138392578125 0.43947260546875 0.8584671015625 0.43504415234375 0.934265232421875 0.3895000390625 0.871859787109375 0.2051997109375
0 0.5777085234375 0 0.61628574609375 0.05618614453125 0.734481568359375 0 0.5777085234375 0
0 0.1996689609375 0.92221289453125 0.22835020703125 0.91218161328125 0.26533525390625 0.8979843828125 0.256911650390625 0.79166458203125 0.25433140625 0.78681184765625 0.188080466796875 0.81095199609375 0.1996689609375 0.92221289453125
0 0.098376970703125 0.71674606640625 0.135201708984375 0.701769666015625 0.166297921875 0.688570107421875 0.15091441796875 0.60229741015625 0.14684994140625 0.59465324609375 0.086863884765625 0.62139716796875 0.098376970703125 0.71674606640625
0 0.187782181640625 0.908667177734375 0.23248851953125 0.96798523046875 0.33316766015625 0.9306767734375 0.336584392578125 0.928194373046875 0.33195733984375 0.91949215625 0.3008601640625 0.880136462890625 0.187782181640625 0.908667177734375
0 0.25782403515625 0.79710562890625 0.26298237890625 0.792621548828125 0.218899642578125 0.736594052734375 0.12176980859375 0.78045908203125 0.122835666015625 0.78246366796875 0.171986158203125 0.836250080078125 0.25782403515625 0.79710562890625
0 0.225972072265625 0.723491068359375 0.221335171875 0.718156923828125 0.18051301953125 0.6731228515625 0.089039353515625 0.712705736328125 0.08858171484375 0.71310355859375 0.0929604765625 0.718140748046875 0.139352369140625 0.768108966796875 0.22768399609375 0.7267107265625 0.225972072265625 0.723491068359375
0 0.370691150390625 1 0.35197018359375 0.95771497265625 0.347331646484375 0.947767603515625 0.32155558984375 0.94792761328125 0.22931908984375 0.95007143359375 0.22921978515625 0.950124236328125 0.249967912109375 1 0.370691150390625 1