0 0.374619326171875 0 0.34838474609375 0.0528150546875 0.465052369140625 0.06552529296875 0.490681083984375 0.01293233984375 0.49294763671875 0.00595660546875 0.48808295703125 0.00368816796875 0.460777916015625 0 0.374619326171875 0
0 0.328283869140625 0.12692788671875 0.44666110546875 0.1363779765625 0.47296038671875 0.07411378515625 0.354805017578125 0.0641212421875 0.328283869140625 0.12692788671875
0 0.29511477734375 0.267494873046875 0.2903640546875 0.384725125 0.3634898359375 0.40732373828125 0.363921634765625 0.406069701171875 0.367585599609375 0.29392400390625 0.309280337890625 0.27209754296875 0.29511477734375 0.267494873046875
0 0.324523103515625 0.311255060546875 0.39733318359375 0.32550941796875 0.398498248046875 0.32192371484375 0.398739275390625 0.32068374609375 0.387562763671875 0.21345247265625 0.33659970703125 0.19999567578125 0.310725712890625 0.19496628125 0.324523103515625 0.311255060546875
0 0.457891736328125 0.159354783203125 0.340826689453125 0.132910359375 0.30083544921875 0.20305537109375 0.300878923828125 0.20308046875 0.419644982421875 0.22815137890625 0.45599576953125 0.16518996875 0.457891736328125 0.159354783203125
0 0.2605807890625 0.45086400390625 0.32693762890625 0.487646201171875 0.355688533203125 0.372469626953125 0.28576843359375 0.33650325390625 0.28514648046875 0.33762529296875 0.2605807890625 0.45086400390625
0 0.334753166015625 0.54844904296875 0.313101162109375 0.43252555078125 0.30081830078125 0.431666650390625 0.231043857421875 0.4283566796875 0.25284604296875 0.546679865234375 0.33426255078125 0.54995900390625 0.334753166015625 0.54844904296875
0 0.262489388671875 0.7584216796875 0.12424100390625 0.77387381640625 0.117877625 0.85392764453125 0.12015446484375 0.85466743359375 0.256676748046875 0.84154630859375 0.262489388671875 0.7584216796875
0 0.14327764453125 0.769622390625 0.2816749609375 0.7695533515625 0.2976153828125 0.687651248046875 0.297956400390625 0.6857172421875 0.292286439453125 0.6838749609375 0.1558037578125 0.685722255859375 0.141831765625 0.761316939453125 0.140455048828125 0.76912469140625 0.14327764453125 0.769622390625
0 0.28178777734375 0.66059221484375 0.325449298828125 0.521446724609375 0.283169779296875 0.49604262890625 0.25899545703125 0.482480537109375 0.25795355078125 0.482142001953125 0.212717412109375 0.620467125 0.27989465234375 0.66013370703125 0.28170905078125 0.6607232421875 0.28178777734375 0.66059221484375
0 0.29285399609375 0.71785227734375 0.28277873828125 0.57886023046875 0.24914550390625 0.57532523828125 0.200561017578125 0.571312646484375 0.219319427734375 0.711508923828125 0.29193789453125 0.72067175390625 0.29285399609375 0.71785227734375
0 0.634017421875 0.0936128359375 0.64094980078125 0.07631383203125 0.642906251953125 0.070292494140625 0.63994346484375 0.0690348671875 0.487946720703125 0.05273074609375 0.454217859375 0.13058216015625 0.61343337890625 0.1421058046875 0.634017421875 0.0936128359375
0 0.49967726171875 0.050495884765625 0.61644440625 0.121321021484375 0.638889462890625 0.088400755859375 0.658958271484375 0.056283951171875 0.66107975390625 0.0497546953125 0.65934228515625 0.04866900390625 0.50278424609375 0.009030412109375 0.480105224609375 0.03826591796875 0.49967726171875 0.050495884765625
0 0.374719802734375 0.471415015625 0.52291516015625 0.44610327734375 0.5240068515625 0.430491359375 0.52624299609375 0.36230790234375 0.52572433984375 0.36213937890625 0.52283300390625 0.36193719921875 0.379273958984375 0.39472880078125 0.377915076171875 0.41416173046875 0.374719802734375 0.471415015625
0 0.50877149609375 0.09047969140625 0.47931152734375 0.241300697265625 0.5489206796875 0.2744144375 0.55202418359375 0.269039013671875 0.580701328125 0.1314405859375 0.510105052734375 0.090912990234375 0.50877149609375 0.09047969140625
0 0.3967867734375 0.390890142578125 0.542054392578125 0.37127206640625 0.559260888671875 0.2919396328125 0.55940188671875 0.290936390625 0.5554579453125 0.28965492578125 0.55321503515625 0.28933970703125 0.407782873046875 0.31491848828125 0.39619444921875 0.39069768359375 0.3967867734375 0.390890142578125
0 0.474642490234375 0.173036359375 0.46477859765625 0.32509658984375 0.53454115234375 0.353150287109375 0.535853623046875 0.35005830078125 0.549771875 0.202918923828125 0.49481188671875 0.17958979296875 0.474642490234375 0.173036359375
0 0.374193748046875 0.423196083984375 0.404360318359375 0.573160275390625 0.48200237109375 0.57536919921875 0.482354671875 0.568646900390625 0.48056517578125 0.554049767578125 0.456192595703125 0.424306765625 0.41831200390625 0.42232152734375 0.3742361796875 0.422386451171875 0.374193748046875 0.423196083984375
0 0.3861836875 0.88568508203125 0.377416310546875 0.8823196015625 0.246839572265625 0.84641 0.21637565234375 0.928692947265625 0.35532428125 0.96169905859375 0.38318005078125 0.89492933203125 0.3861836875 0.88568508203125
0 0.354549208984375 0.90782616796875 0.38917748046875 0.77641144140625 0.37328074609375 0.76966367578125 0.308789947265625 0.744111603515625 0.27811424609375 0.87213745703125 0.35255397265625 0.907177875 0.354549208984375 0.90782616796875
0 0.45746426953125 0.615969171875 0.32798825 0.623039078125 0.31270393359375 0.70365228515625 0.315235466796875 0.704474830078125 0.444876046875 0.70137051171875 0.45980074609375 0.61672833984375 0.45746426953125 0.615969171875
0 0.4022573984375 0.810933509765625 0.40465140234375 0.683950556640625 0.35140236328125 0.67224748828125 0.32066324609375 0.666272408203125 0.320899728515625 0.803135267578125 0.399647740234375 0.81896520703125 0.4022573984375 0.810933509765625
0 0.493656052734375 0.554919154296875 0.487673041015625 0.552379515625 0.36682901171875 0.530628365234375 0.332935896484375 0.607257953125 0.46396121484375 0.626775583984375 0.49163195703125 0.561148685546875 0.493656052734375 0.554919154296875
0 0.773372419921875 0.230174818359375 0.77863050390625 0.232739357421875 0.84826882421875 0.265164173828125 0.849492083984375 0.2626561171875 0.872009052734375 0.097485302734375 0.857616173828125 0.09046542578125 0.80509191015625 0.073399259765625 0.773372419921875 0.230174818359375
0 0.59872762890625 0.76191 0.588351943359375 0.75707173828125 0.58307464453125 0.755357041015625 0.53487519140625 0.935163916015625 0.61472256640625 0.975932517578125 0.61513698046875 0.976067169921875 0.6693331484375 0.795742798828125 0.59872762890625 0.76191
0 0.89001858984375 0.270852388671875 0.91081799609375 0.23173439453125 0.91353874609375 0.22336078515625 0.909348634765625 0.22113286328125 0.73088342578125 0.174719357421875 0.69630932421875 0.24615785546875 0.88048413671875 0.28782680078125 0.89001858984375 0.270852388671875
0 0.619289369140625 0.77366271484375 0.71011487109375 0.78370246484375 0.711467203125 0.779540412109375 0.711578955078125 0.778477177734375 0.692211888671875 0.591984525390625 0.67417576953125 0.59008885546875 0.60424309765625 0.58626552734375 0.619289369140625 0.77366271484375
0 0.653237013671875 1 0.67170871484375 0.96038730859375 0.674496373046875 0.954001205078125 0.67858350390625 0.941422310546875 0.669314666015625 0.937100181640625 0.502129185546875 0.88368612109375 0.46584578515625 0.97314143359375 0.55881669140625 1 0.653237013671875 1
0 0.88549878515625 0.31977162109375 0.880214486328125 0.316842486328125 0.703868005859375 0.27026061328125 0.6608464140625 0.34580323828125 0.8470518125 0.39257737890625 0.88279347265625 0.328097716796875 0.88549878515625 0.31977162109375
0 0.7786165078125 0.60893217578125 0.788285052734375 0.552596748046875 0.78255719140625 0.55073565234375 0.607472494140625 0.55671500390625 0.58857620703125 0.63670196484375 0.5875065625 0.64220480859375 0.772498828125 0.6404049140625 0.7786165078125 0.60893217578125
0 0.68778341796875 0.867600677734375 0.669876638671875 0.68320573828125 0.573644576171875 0.676476537109375 0.573497625 0.67857802734375 0.59668698828125 0.85865206640625 0.68661974609375 0.87118209375 0.68778341796875 0.867600677734375
0 0.835159857421875 0.45136048828125 0.858444599609375 0.3934228671875 0.85400327734375 0.39144546484375 0.67107643359375 0.363741640625 0.635601197265625 0.44958980859375 0.822196109375 0.480477544921875 0.835159857421875 0.45136048828125
0 0.803602783203125 0.54055576953125 0.813921083984375 0.44756562890625 0.8113666171875 0.4467356328125 0.63004751953125 0.4863056328125 0.62638314453125 0.571358486328125 0.62661864453125 0.571370830078125 0.783805537109375 0.544322814453125 0.803602783203125 0.54055576953125
0 0 0.81924576171875 0.009312337890625 0.82152590625 0.03412713671875 0.765790951171875 0.038328884765625 0.75285930859375 0.032994251953125 0.750484177734375 0 0.74131102734375 0 0.81924576171875
0 0 0.752542083984375 0.0394054296875 0.759502763671875 0.038930529296875 0.6603650390625 0 0.653500537109375 0 0.752542083984375
0 1 0.140655744140625 0.96199891796875 0.13799844921875 0.9521894140625 0.278280892578125 0.9552523359375 0.27849507421875 1 0.27873748046875 1 0.140655744140625
0 0 0.661538044921875 0.061995009765625 0.67251664453125 0.08726366796875 0.61236623828125 0.09136397265625 0.59974680078125 0.091173640625 0.59967373828125 0 0.587181060546875 0 0.661538044921875
0 0 0.59692898046875 0.096932435546875 0.5891675234375 0.107402908203125 0.52688775390625 0.108950849609375 0.51587357421875 0.10516601171875 0.514643806640625 0.0062720234375 0.525023890625 0 0.560177919921875 0 0.59692898046875
0 0.044174078125 0.441792166015625 0.01186514453125 0.510699521484375 0.010700693359375 0.514283333984375 0.113137330078125 0.527008033203125 0.135955244140625 0.467565337890625 0.1400453515625 0.45497727734375 0.1378484921875 0.454133982421875 0.044174078125 0.441792166015625
0 1 0.293048634765625 0.88526828125 0.295622486328125 0.861851005859375 0.38646577734375 1 0.37880312890625 1 0.293048634765625
0 1 0.374521189453125 0.850385314453125 0.40010892578125 0.85016010546875 0.40225166796875 0.84565037890625 0.490445294921875 1 0.46583349609375 1 0.374521189453125
0 1 0.142963357421875 0.98188839453125 0.13412973828125 0.97423768359375 0.13164387109375 0.94264992578125 0.331131064453125 1 0.356200494140625 1 0.142963357421875
0 0.862883255859375 0.41514082421875 0.86510258203125 0.60220797265625 0.95749268359375 0.624058236328125 0.959972291015625 0.6164267890625 0.948706794921875 0.43649595703125 0.862883255859375 0.41514082421875
0 0.746383763671875 0.788807572265625 0.75108352734375 0.983573953125 0.83877246484375 0.999554205078125 0.83913002734375 0.998453744140625 0.843919177734375 0.806005697265625 0.746383763671875 0.788807572265625
0 0.725842509765625 0.808235994140625 0.718027880859375 0.85013620703125 0.71831769921875 0.850230375 0.719389837890625 0.85043877734375 0.91112710546875 0.845876265625 0.929215171875 0.752821234375 0.9286150078125 0.75262623046875 0.92779439453125 0.75246671875 0.736359759765625 0.754129421875 0.725842509765625 0.808235994140625
0 0.81878773046875 0.5970087734375 0.79954848828125 0.78600780078125 0.88917009375 0.818796935546875 0.89144128515625 0.8122009140625 0.91356746875 0.62800126953125 0.90343281640625 0.62451162890625 0.81878773046875 0.5970087734375
0 0.82296715234375 0.512269255859375 0.85546738671875 0.708563552734375 0.948198822265625 0.713338072265625 0.9487574609375 0.711618759765625 0.920694681640625 0.51910303125 0.82296715234375 0.512269255859375
0 0.815654234375 1 0.8092774921875 0.897940384765625 0.742325392578125 0.89152504296875 0.706899716796875 0.8896684609375 0.70646763671875 0.89099826953125 0.716009498046875 1 0.815654234375 1
0 0.2005913046875 0.26195860546875 0.2072493203125 0.154029083984375 0.17002212890625 0.14047949609375 0.14117018359375 0.130950298828125 0.13152522265625 0.242396498046875 0.199217908203125 0.265731984375 0.2005913046875 0.26195860546875
0 0.132789109375 0.451594123046875 0.163172318359375 0.39896886328125 0.16482062109375 0.39389590234375 0.16138587109375 0.39191284765625 0.074789537109375 0.36525530078125 0.0390466015625 0.42939026171875 0.13228169140625 0.452437642578125 0.132789109375 0.451594123046875
0 0.26515080078125 0.105336791015625 0.151338015625 0.09905187890625 0.12305909375 0.153807814453125 0.23521581640625 0.172240693359375 0.23709795703125 0.168382470703125 0.262057966796875 0.114855552734375 0.26515080078125 0.105336791015625
0 0.181610978515625 0.23211959765625 0.132777375 0.2016049765625 0.13222259375 0.201424716796875 0.10437479296875 0.3031875859375 0.16775002734375 0.338600796875 0.1689994609375 0.336601287109375 0.19546500390625 0.241262046875 0.181610978515625 0.23211959765625
0 0.17233077734375 0.29495923046875 0.08024199609375 0.31894774609375 0.0750012109375 0.390459830078125 0.17115632421875 0.36845680078125 0.174259287109375 0.33207193359375 0.17613942578125 0.29619673828125 0.17233077734375 0.29495923046875
0 0.2084373828125 0 0.213703720703125 0.04150104296875 0.280177591796875 0.06414544140625 0.28100296484375 0.06160519921875 0.2735717734375 0 0.2084373828125 0
0 0.1540029140625 0.10470216796875 0.269727625 0.094701580078125 0.2711867578125 0.0888493203125 0.2844494609375 0.02416468359375 0.28080978125 0.022982078125 0.193763103515625 0.03781204296875 0.168389048828125 0.0425809921875 0.166207970703125 0.05132881640625 0.1540029140625 0.10470216796875