0 0.082484677734375 0.73447800390625 0.069414705078125 0.80441641796875 0.16448733203125 0.85778496484375 0.169219150390625 0.858790744140625 0.1720227734375 0.852493703125 0.183308798828125 0.794539484375 0.082484677734375 0.73447800390625
0 0.216916072265625 0.735668435546875 0.12368780859375 0.66239475390625 0.10045780859375 0.725867966796875 0.1934783828125 0.799689689453125 0.216916072265625 0.735668435546875
0 0.275850921875 0.58150153515625 0.32223216015625 0.521765103515625 0.25116991796875 0.42855219921875 0.25056750390625 0.42828398828125 0.24798664453125 0.431836234375 0.20689458984375 0.491677638671875 0.273264025390625 0.58016579296875 0.273918025390625 0.580640953125 0.275850921875 0.58150153515625
0 0.174567244140625 0.57444998828125 0.2445203125 0.654781076171875 0.24842094921875 0.656517751953125 0.28779068359375 0.59351300390625 0.21223962109375 0.5042167421875 0.174567244140625 0.57444998828125
0 0.117783912109375 0.67851666796875 0.130232462890625 0.6857943828125 0.18733787109375 0.71876420703125 0.274077439453125 0.63864137890625 0.275781201171875 0.634814666015625 0.23334401953125 0.6100093984375 0.209004912109375 0.595957208984375 0.11826937109375 0.67742630859375 0.117783912109375 0.67851666796875
0 0.283735330078125 0.49725193359375 0.37182902734375 0.422701693359375 0.372151296875 0.42220544140625 0.37262452734375 0.42114255078125 0.308303078125 0.37647284765625 0.22044065234375 0.45562895703125 0.2202614296875 0.4560315 0.283735330078125 0.49725193359375
0 0.324574390625 0.42277162890625 0.33614469140625 0.426982873046875 0.403965017578125 0.328597189453125 0.327529640625 0.298189751953125 0.259485978515625 0.397415615234375 0.324574390625 0.42277162890625
0 0.4225697734375 0 0.401404818359375 0.07165746484375 0.52392243359375 0.13510361328125 0.52765939453125 0.126710265625 0.549295888671875 0.055940478515625 0.437046716796875 0 0.4225697734375 0
0 0.39822283984375 0.07168983984375 0.36753413671875 0.142173708984375 0.482364046875 0.22190963671875 0.48479251171875 0.222990859375 0.486179978515625 0.219874556640625 0.518763845703125 0.143060865234375 0.404065876953125 0.06561283203125 0.40144752734375 0.064447068359375 0.39822283984375 0.07168983984375
0 0.333173916015625 0.21580819140625 0.3018818125 0.28706980078125 0.417778623046875 0.36997958984375 0.42200872265625 0.37168866015625 0.427179904296875 0.360073998046875 0.45198990625 0.29866708984375 0.333173916015625 0.21580819140625
0 0.34443887890625 0.28100308203125 0.39224730859375 0.29053762890625 0.4255520234375 0.296410150390625 0.474312646484375 0.16349627734375 0.4744405234375 0.16277105078125 0.401113953125 0.1514082890625 0.34443887890625 0.28100308203125
0 0.34537465234375 0.84345266796875 0.229328158203125 0.739412306640625 0.194772787109375 0.80975546484375 0.305671876953125 0.9163280859375 0.310860056640625 0.91863801171875 0.333865181640625 0.869303361328125 0.34537465234375 0.84345266796875
0 0.32782703125 0.84444974609375 0.29810475390625 0.82645071484375 0.193803236328125 0.900049208984375 0.22928960546875 0.92679010546875 0.25745441015625 0.93932988671875 0.32620294921875 0.84809749609375 0.32782703125 0.84444974609375
0 0.485457232421875 0.523601591796875 0.352336830078125 0.453733814453125 0.33768348046875 0.50917231640625 0.33297074609375 0.528074048828125 0.45937034765625 0.60362290234375 0.46269133984375 0.604450919921875 0.48167114453125 0.538786759765625 0.485457232421875 0.523601591796875
0 0.280025515625 0.820663623046875 0.399313396484375 0.73382891796875 0.401836462890625 0.72816201953125 0.33674340625 0.682344369140625 0.219055724609375 0.770298259765625 0.280025515625 0.820663623046875
0 0.3546587109375 0.67474157421875 0.358065076171875 0.6762581875 0.460019513671875 0.570589880859375 0.46253402734375 0.56494219140625 0.385641970703125 0.534245771484375 0.289705197265625 0.6419563828125 0.28930090234375 0.64286444140625 0.3546587109375 0.67474157421875
0 0.43063230078125 0.640436193359375 0.359319564453125 0.60650886328125 0.25619653515625 0.71866869921875 0.311886619140625 0.74463741015625 0.325963359375 0.75090477734375 0.4280380234375 0.6462630390625 0.43063230078125 0.640436193359375
0 0.42178983203125 0.52504151171875 0.431774072265625 0.52948678125 0.525892423828125 0.4187953515625 0.5286408125 0.412622369140625 0.4588717734375 0.37381430078125 0.373329892578125 0.47707283203125 0.361925048828125 0.4927765 0.36101255078125 0.49464740234375 0.38607901171875 0.507624181640625 0.42178983203125 0.52504151171875
0 0.57707190234375 0 0.543157939453125 0.0646411171875 0.655285970703125 0.13641436328125 0.666661556640625 0.1414791015625 0.70142484765625 0.068117529296875 0.602821044921875 0 0.57707190234375 0
0 0.52208621484375 0.159953109375 0.6381247265625 0.2128976328125 0.64204943359375 0.21394925390625 0.660779787109375 0.15025109765625 0.66584518359375 0.1313467890625 0.5409247734375 0.077707974609375 0.540589904296875 0.078460099609375 0.52208621484375 0.159953109375
0 0.445515078125 0.33821583203125 0.51625286328125 0.3746702421875 0.5969485234375 0.282250052734375 0.60078892578125 0.27362436328125 0.527400751953125 0.23322607421875 0.442985828125 0.336097966796875 0.44270753125 0.33672303515625 0.445515078125 0.33821583203125
0 0.4859499375 0.227157677734375 0.59797238671875 0.302999728515625 0.62042141015625 0.2525783984375 0.6315918828125 0.22437163671875 0.51782296484375 0.150715064453125 0.4859499375 0.227157677734375
0 0.4711123203125 0.299334025390625 0.4243180078125 0.36341595703125 0.50457143359375 0.4608663203125 0.50499854296875 0.461176634765625 0.510098416015625 0.463447244140625 0.55675904296875 0.3971550234375 0.4711123203125 0.299334025390625
0 0.598112916015625 1 0.59857701953125 0.998420384765625 0.44923196484375 0.884909283203125 0.42229722265625 0.958781509765625 0.42068633203125 0.96345987109375 0.475762697265625 1 0.598112916015625 1
0 0.75556820703125 0.37722635546875 0.8323173671875 0.392697744140625 0.89756975 0.21603181640625 0.897576060546875 0.216002126953125 0.80884019140625 0.20043226953125 0.739430080078125 0.372280560546875 0.7459436640625 0.375180595703125 0.75556820703125 0.37722635546875
0 0.462989154296875 0.970356712890625 0.53740246484375 0.996232900390625 0.53796286328125 0.99640423046875 0.6332438671875 0.83414452734375 0.634364814453125 0.83047807421875 0.56375601953125 0.810661060546875 0.462989154296875 0.970356712890625
0 0.657707583984375 0.54375659765625 0.7250749765625 0.562909423828125 0.7427456328125 0.566989017578125 0.82177362109375 0.39696205078125 0.822978140625 0.391744701171875 0.73294466796875 0.371467662109375 0.657707583984375 0.54375659765625
0 0.76018534765625 0.221570068359375 0.925870587890625 0.2815028359375 0.9346172109375 0.2832030078125 0.95353256640625 0.206897244140625 0.956703931640625 0.190581978515625 0.779872001953125 0.1321625546875 0.76018534765625 0.221570068359375
0 0.6811841875 0.83416931640625 0.6847006015625 0.82561177734375 0.53295129296875 0.71041399609375 0.499213353515625 0.7873494765625 0.64609317578125 0.901689228515625 0.65043679296875 0.903532984375 0.67841694921875 0.840688525390625 0.6811841875 0.83416931640625
0 0.755892388671875 0.65155875390625 0.760577244140625 0.642747822265625 0.793644421875 0.57406392578125 0.6572359921875 0.455669849609375 0.656673044921875 0.45537052734375 0.622487853515625 0.51638382421875 0.61253955859375 0.535093845703125 0.7507776953125 0.649281544921875 0.755892388671875 0.65155875390625
0 0.860841232421875 0.3098396796875 0.86166269140625 0.3056136328125 0.76757612109375 0.286818345703125 0.7014880859375 0.46314095703125 0.70554771484375 0.46494841796875 0.792667625 0.4757507265625 0.860841232421875 0.3098396796875
0 0.53496698828125 0.788263546875 0.591327916015625 0.80827515625 0.62301225390625 0.8185700234375 0.724545373046875 0.664517576171875 0.72592235546875 0.66027966015625 0.637515396484375 0.6279183203125 0.53496698828125 0.788263546875
0 0.703473619140625 0.747946255859375 0.754351509765625 0.668599232421875 0.74133683984375 0.65321287890625 0.63620617578125 0.53327698828125 0.63597906640625 0.533175875 0.5853330234375 0.601537642578125 0.701914271484375 0.747111431640625 0.70241392578125 0.747474451171875 0.703473619140625 0.747946255859375
0 0.21802663671875 0 0.21029422265625 0.034671396484375 0.30072214453125 0.071711513671875 0.30259737109375 0.067499689453125 0.316944873046875 0 0.21802663671875 0
0 0.20748839453125 0.13485619140625 0.25019376953125 0.141653326171875 0.289412171875 0.050140576171875 0.2901413125 0.046005416015625 0.213122287109375 0.0348887578125 0.177159220703125 0.128782921875 0.1798569296875 0.12998401953125 0.20748839453125 0.13485619140625
0 0.211510751953125 0.102498515625 0.13398675390625 0.17089815625 0.145237568359375 0.179072353515625 0.194673806640625 0.212272072265625 0.2722420234375 0.14716597265625 0.272285255859375 0.14710646875 0.273276458984375 0.14488019140625 0.211510751953125 0.102498515625
0 0.241783318359375 0.215614943359375 0.243020353515625 0.212836515625 0.178926634765625 0.171213568359375 0.10363716015625 0.241621443359375 0.1033520703125 0.24226176171875 0.17314929296875 0.28075899609375 0.241783318359375 0.215614943359375
0 0.8056255 1 0.81147090625 0.987464486328125 0.828798994140625 0.948544962890625 0.689974837890625 0.83087541015625 0.68752969921875 0.829786763671875 0.65142529296875 0.908414453125 0.75251958984375 1 0.8056255 1
0 0.872660095703125 0.78956690234375 0.87339508203125 0.78743234765625 0.79014454296875 0.75367389453125 0.684023751953125 0.906902798828125 0.692337111328125 0.91060414453125 0.77223677734375 0.938115806640625 0.872660095703125 0.78956690234375
0 0.775018646484375 1 0.80323844921875 0.967539369140625 0.80713375390625 0.9587903671875 0.72468372265625 0.92365976171875 0.66039718359375 1 0.775018646484375 1
0 0.910099767578125 0.78643929296875 0.779392619140625 0.65259354296875 0.733806572265625 0.728380310546875 0.85639169921875 0.86734084765625 0.85862650390625 0.86833584765625 0.87702181640625 0.840009546875 0.910099767578125 0.78643929296875
0 1 0.30875594921875 0.973676255859375 0.301275630859375 0.89650349609375 0.478131904296875 0.89962898046875 0.4795234609375 0.9827048203125 0.50178356640625 1 0.466915599609375 1 0.30875594921875
0 1 0.46754507421875 0.870089798828125 0.402780947265625 0.868656896484375 0.402397001953125 0.848388224609375 0.476847845703125 0.843822365234375 0.49388786328125 1 0.57471520703125 1 0.46754507421875
0 0.991084626953125 0.619278029296875 0.87042224609375 0.4692709375 0.808802169921875 0.54814103515625 0.92747228515625 0.690322923828125 0.93501687109375 0.69368198828125 0.940033412109375 0.687261109375 0.991084626953125 0.619278029296875
0 0.767450474609375 0.64434790234375 0.90587521484375 0.779908701171875 0.911379447265625 0.782359341796875 0.95085288671875 0.7166645078125 0.958930306640625 0.69852232421875 0.817161275390625 0.56495620703125 0.767450474609375 0.64434790234375
0 1 0.2243120078125 0.979495806640625 0.20518963671875 0.96474737109375 0.226252583984375 0.92299862890625 0.29171780859375 1 0.360023306640625 1 0.2243120078125
0 0 0.511209443359375 0.0913819453125 0.56284767578125 0.093780296875 0.56340137890625 0.09763552734375 0.55474238671875 0.10403434765625 0.52903905078125 0.112119021484375 0.494020484375 0.01395835546875 0.441709376953125 0 0.494829755859375 0 0.511209443359375
0 0.13562511328125 0.345230484375 0.1518862890625 0.349578830078125 0.201530498046875 0.2704853125 0.202237638671875 0.268019224609375 0.1326807421875 0.246927697265625 0.086960076171875 0.32978573046875 0.09636345703125 0.33397238671875 0.13562511328125 0.345230484375
0 0 0.618131244140625 0.001237291015625 0.61895596875 0.09778454296875 0.558249251953125 0.098767767578125 0.556040890625 0.039115826171875 0.51427882421875 0 0.545207337890625 0 0.618131244140625
0 0.06071596875 0.369573205078125 0.0311365234375 0.43662566015625 0.11079880078125 0.498185626953125 0.115219255859375 0.49988248046875 0.12281030078125 0.48283271875 0.1411521171875 0.43126213671875 0.06071596875 0.369573205078125
0 0.09968395703125 0.411374201171875 0.127174841796875 0.41712162890625 0.17502400390625 0.3362153359375 0.176413533203125 0.3301966171875 0.1046430703125 0.316082623046875 0.05796225390625 0.40068316015625 0.06290173046875 0.40288235546875 0.09968395703125 0.411374201171875
0 0 0.679331796875 0.076222080078125 0.629717263671875 0.076233861328125 0.62970218359375 0.077085201171875 0.62779004296875 0.02860632421875 0.58836498828125 0.0055046171875 0.600317107421875 0 0.603284939453125 0 0.679331796875