0 0.6640625 0.73046875 0.1640625 0.1123046875
0 0.69921875 0.572265625 0.1357421875 0.0986328125
0 0.6806640625 0.64453125 0.146484375 0.109375
0 0.71484375 0.4873046875 0.150390625 0.1220703125
0 0.7666015625 0.251953125 0.150390625 0.1484375
0 0.6015625 0.9453125 0.1435546875 0.109375
0 0.6357421875 0.810546875 0.171875 0.1279296875
0 0.724609375 0.4169921875 0.1376953125 0.1376953125
0 0.6162109375 0.8857421875 0.1640625 0.1171875
0 0.73828125 0.333984375 0.1669921875 0.1220703125
0 0.7724609375 0.1630859375 0.1376953125 0.138671875
0 0.5556640625 0.5810546875 0.1640625 0.1142578125
0 0.57421875 0.4912109375 0.1376953125 0.1376953125
0 0.609375 0.3271484375 0.130859375 0.130859375
0 0.53125 0.662109375 0.146484375 0.146484375
0 0.4931640625 0.8251953125 0.1669921875 0.1171875
0 0.6259765625 0.244140625 0.138671875 0.138671875
0 0.587890625 0.4072265625 0.1484375 0.1171875
0 0.470703125 0.9111328125 0.1591796875 0.1591796875
0 0.5078125 0.73828125 0.142578125 0.1435546875
0 0.658203125 0.0771484375 0.1298828125 0.126953125
0 0.6357421875 0.16015625 0.1484375 0.119140625
0 0.9677734375 0.2578125 0.064453125 0.130859375
0 0.974609375 0.181640625 0.0498046875 0.130859375
0 0.8310546875 0.9580078125 0.1279296875 0.083984375
0 0.927734375 0.560546875 0.1279296875 0.130859375
0 0.9384765625 0.482421875 0.123046875 0.12890625
0 0.216796875 0.779296875 0.181640625 0.1201171875
0 0.1904296875 0.865234375 0.1669921875 0.1201171875
0 0.23046875 0.681640625 0.177734375 0.130859375
0 0.947265625 0.333984375 0.1044921875 0.115234375
0 0.9072265625 0.6318359375 0.158203125 0.1064453125
0 0.857421875 0.84765625 0.158203125 0.099609375
0 0.9384765625 0.4072265625 0.123046875 0.111328125
0 0.24609375 0.591796875 0.1845703125 0.138671875
0 0.36328125 0.0615234375 0.201171875 0.123046875
0 0.255859375 0.5048828125 0.150390625 0.150390625
0 0.31640625 0.232421875 0.158203125 0.15625
0 0.333984375 0.138671875 0.181640625 0.140625
0 0.291015625 0.3193359375 0.185546875 0.142578125
0 0.263671875 0.4150390625 0.162109375 0.162109375
0 0.88671875 0.703125 0.134765625 0.1328125
0 0.869140625 0.775390625 0.154296875 0.109375
0 0.8349609375 0.912109375 0.1513671875 0.1171875
0 0.0673828125 0.701171875 0.134765625 0.140625
0 0.0576171875 0.7939453125 0.115234375 0.15625
0 0.095703125 0.419921875 0.171875 0.171875
0 0.068359375 0.6103515625 0.1357421875 0.169921875
0 0.140625 0.220703125 0.1689453125 0.1689453125
0 0.119140625 0.3232421875 0.197265625 0.1435546875
0 0.0849609375 0.517578125 0.169921875 0.1533203125
0 0.1611328125 0.1259765625 0.1875 0.130859375
0 0.18359375 0.048828125 0.189453125 0.0966796875