0 0.04456839453125 0.365191689453125 0.0783483125 0.3655367421875 0.116470537109375 0.25672216796875 0.11644041796875 0.25629142578125 0.0488439296875 0.255088068359375 0.009301130859375 0.359281138671875 0.009629119140625 0.36397158203125 0.04456839453125 0.365191689453125
0 0.104162263671875 0.25811576953125 0.10381886328125 0.376692427734375 0.16813825390625 0.355919904296875 0.169041380859375 0.237169501953125 0.104162263671875 0.25811576953125
0 0.32350101171875 0.247451974609375 0.32230400390625 0.2476415625 0.331865494140625 0.32361525390625 0.448037138671875 0.3392796953125 0.44757413671875 0.332658443359375 0.434696521484375 0.26333432421875 0.32350101171875 0.247451974609375
0 0.359811318359375 0.35317140234375 0.351958640625 0.27574705859375 0.24480149609375 0.247133900390625 0.246926193359375 0.307977224609375 0.248005974609375 0.323418830078125 0.35466093359375 0.35353155078125 0.359811318359375 0.35317140234375
0 0.28352788671875 0.35122025390625 0.2885588984375 0.35005875390625 0.27118951171875 0.272912083984375 0.14986169921875 0.26385155859375 0.150145517578125 0.26791035546875 0.16698726171875 0.340859974609375 0.28352788671875 0.35122025390625
0 0.486672935546875 0.34743300390625 0.51127943359375 0.23150940234375 0.435514046875 0.235480099609375 0.409149322265625 0.343141857421875 0.40957820703125 0.349275189453125 0.482577767578125 0.347719365234375 0.486672935546875 0.34743300390625
0 0.48842050390625 0.31467977734375 0.49139925390625 0.326626888671875 0.610889328125 0.32783591015625 0.593356115234375 0.24746448828125 0.473044615234375 0.24654013671875 0.48842050390625 0.31467977734375
0 0.946971455078125 0.3109559140625 0.951512796875 0.30990746484375 0.93266039453125 0.231651263671875 0.79337810546875 0.23803077734375 0.79364498046875 0.241847267578125 0.81098925390625 0.319297189453125 0.946971455078125 0.3109559140625
0 0.833097216796875 0.205734998046875 0.825903173828125 0.2062380546875 0.746961439453125 0.218760490234375 0.74211798828125 0.35550298046875 0.74265068359375 0.3592932890625 0.75086535546875 0.35871886328125 0.751426388671875 0.358640015625 0.826348626953125 0.347480677734375 0.833188712890625 0.20638601171875 0.833097216796875 0.205734998046875
0 0.65837853515625 0.360538103515625 0.6650194921875 0.213101482421875 0.627905353515625 0.22002096484375 0.586353794921875 0.22809776953125 0.58178851171875 0.366384767578125 0.58311027734375 0.37318465234375 0.6476340625 0.3626266171875 0.65837853515625 0.360538103515625
0 0.64285738671875 0.22393695703125 0.637278333984375 0.2555773359375 0.630834701171875 0.297159609375 0.759476208984375 0.353417787109375 0.76052729296875 0.3533442890625 0.77655362109375 0.27298459765625 0.64285738671875 0.22393695703125
0 0.158908771484375 0.526045416015625 0.16255096484375 0.526687630859375 0.17750680859375 0.450892103515625 0.038164236328125 0.37409683984375 0.03746266796875 0.3741458984375 0.02283906640625 0.457080466796875 0.158908771484375 0.526045416015625
0 0 0.464583142578125 0.11349880078125 0.498833119140625 0.12262355859375 0.498195052734375 0.117880611328125 0.415590908203125 0 0.41608245703125 0 0.464583142578125
0 0.400486966796875 0.51948915234375 0.44154333984375 0.50678453515625 0.47031944921875 0.497434609375 0.46734883984375 0.347270669921875 0.46721656640625 0.34686357421875 0.396687609375 0.36692553125 0.385712515625 0.3704915546875 0.39695372265625 0.51973622265625 0.400486966796875 0.51948915234375
0 0.19262943359375 0.523059759765625 0.207579525390625 0.52201434765625 0.246896029296875 0.37474392578125 0.2468750546875 0.37444396875 0.164293263671875 0.38001458203125 0.128655408203125 0.52057134375 0.12878584765625 0.52243672265625 0.19262943359375 0.523059759765625
0 0.398345328125 0.35726933203125 0.315884302734375 0.378192466796875 0.302081330078125 0.516697189453125 0.302947734375 0.521610814453125 0.316216005859375 0.520683005859375 0.376951453125 0.50997370703125 0.398345328125 0.35726933203125
0 0.19544305078125 0.458993603515625 0.333603564453125 0.510069255859375 0.339203650390625 0.50967766015625 0.341189712890625 0.430833697265625 0.19678269140625 0.38224563671875 0.19544305078125 0.458993603515625
0 0.59711407421875 0.46565287890625 0.603551462890625 0.46368476953125 0.58262483984375 0.38888340625 0.429817271484375 0.395892533203125 0.429041953125 0.396129572265625 0.439641865234375 0.438911861328125 0.45073227734375 0.47518696484375 0.582517619140625 0.46744790234375 0.59711407421875 0.46565287890625
0 0.991788984375 0.45775703125 0.99456416015625 0.404803501953125 0.99213964453125 0.370131283203125 0.873739865234375 0.35217566015625 0.871776369140625 0.43521594140625 0.991788984375 0.45775703125
0 0.808699533203125 0.36145923828125 0.82086748828125 0.48842380078125 0.821919109375 0.49234850390625 0.8864485078125 0.476720388671875 0.905352818359375 0.47165499609375 0.88932796484375 0.33650608984375 0.88925734375 0.336511029296875 0.808699533203125 0.36145923828125
0 0.75028748828125 0.47070832421875 0.758700611328125 0.46892005859375 0.74079555078125 0.38970040625 0.60850001171875 0.387101361328125 0.62527730859375 0.472079185546875 0.75028748828125 0.47070832421875
0 0.72276155859375 0.367206751953125 0.73435478125 0.502408103515625 0.73716101953125 0.50221187109375 0.78645713671875 0.4880764375 0.8165821640625 0.47863848828125 0.80225798046875 0.34416093359375 0.80091633203125 0.34425475 0.72276155859375 0.367206751953125
0 0.540078650390625 0.3746131875 0.5341559140625 0.440483953125 0.533003689453125 0.45365395703125 0.651480419921875 0.49567271875 0.65802016015625 0.495215416015625 0.663873759765625 0.414350828125 0.540078650390625 0.3746131875
0 0.168175244140625 0.80827286328125 0.174663638671875 0.739289140625 0.025193427734375 0.665620783203125 0.015288587890625 0.73609737890625 0.016147294921875 0.748377466796875 0.16143926953125 0.80874388671875 0.168175244140625 0.80827286328125
0 0.795133544921875 0.77258598046875 0.842359255859375 0.77918276171875 0.9063068359375 0.60343049609375 0.812186412109375 0.587853751953125 0.75550815234375 0.759514908203125 0.754901333984375 0.76295633984375 0.75508085546875 0.765523609375 0.795133544921875 0.77258598046875
0 0.069045490234375 0.71626642578125 0.08118503515625 0.76381293359375 0.267755201171875 0.77114866015625 0.269764365234375 0.77068480859375 0.2549625859375 0.69327904296875 0.065451556640625 0.69188318359375 0.066335900390625 0.70452990234375 0.069045490234375 0.71626642578125
0 0.73144743359375 0.744642001953125 0.740401609375 0.742901486328125 0.728196224609375 0.657455603515625 0.535853353515625 0.65433715234375 0.5362786875 0.660419716796875 0.55289791015625 0.745918212890625 0.73144743359375 0.744642001953125
0 1 0.650458171875 0.84114360546875 0.614114859375 0.83060533984375 0.70091451953125 0.829967484375 0.71003624609375 1 0.743956076171875 1 0.650458171875
0 0.17650620703125 0.73370225 0.18633118359375 0.76796601171875 0.37519889453125 0.76433710546875 0.378767203125 0.76331391015625 0.35412571484375 0.68097886328125 0.16378444140625 0.686949595703125 0.163814302734375 0.68737666015625 0.17650620703125 0.73370225
0 0.464126015625 0.739727380859375 0.64148316796875 0.76136573046875 0.64401681640625 0.76109943359375 0.63752931640625 0.68283430859375 0.636262583984375 0.67078214453125 0.4527398984375 0.6529251953125 0.453906234375 0.66960457421875 0.464126015625 0.739727380859375
0 0.77595498828125 0.58878732421875 0.7758807734375 0.588465869140625 0.6815069140625 0.609739068359375 0.692880203125 0.798209279296875 0.696429728515625 0.79796107421875 0.78127487109375 0.77213175390625 0.77595498828125 0.58878732421875
0 0.273509720703125 0.7526779921875 0.455744541015625 0.78350349609375 0.4598184140625 0.783147076171875 0.454289068359375 0.691482732421875 0.267398779296875 0.65722194140625 0.26935778125 0.695961943359375 0.27258328125 0.742088740234375 0.273509720703125 0.7526779921875
0 0.54426310546875 0.7051928359375 0.52596525390625 0.69674830078125 0.37977015625 0.632379544921875 0.36895636328125 0.685374685546875 0.36300775390625 0.715977638671875 0.5273753515625 0.797251982421875 0.531910798828125 0.79693483203125 0.54426310546875 0.7051928359375
0 0.842062453125 0.08262396484375 0.933978822265625 0.1094006875 0.936733177734375 0.109208083984375 0.945614646484375 0.032122115234375 0.84996343359375 0.0074511640625 0.842062453125 0.08262396484375
0 0.764997740234375 0.08649014453125 0.852652318359375 0.11895120703125 0.85631105078125 0.119530693359375 0.85729980859375 0.119461552734375 0.870172439453125 0.043130078125 0.77744674609375 0.01070439453125 0.776996033203125 0.01073591015625 0.764997740234375 0.08649014453125
0 0.138552958984375 1 0.09626430859375 0.816827740234375 0.06031708203125 0.825878333984375 0.05073336328125 1 0.138552958984375 1
0 0.70322134765625 0.026610107421875 0.696234955078125 0.127591673828125 0.704445681640625 0.1270175234375 0.769887921875 0.117870919921875 0.781105986328125 0.014571232421875 0.70322134765625 0.026610107421875
0 0.620634869140625 0.021169654296875 0.61620097265625 0.04631552734375 0.608800943359375 0.096087671875 0.699144912109375 0.133653451171875 0.70513344921875 0.13323469140625 0.71484559375 0.06309905859375 0.620634869140625 0.021169654296875
0 0.644814669921875 0.12145326953125 0.64877107421875 0.120393154296875 0.622906701171875 0.045788498046875 0.52636954296875 0.048325892578125 0.526645267578125 0.05226894921875 0.54568436328125 0.12332381640625 0.644814669921875 0.12145326953125
0 0.2516793671875 1 0.265262884765625 0.997112734375 0.282093201171875 0.811271150390625 0.27962255078125 0.811443916015625 0.190522462890625 0.83112323828125 0.1808290390625 1 0.2516793671875 1
0 0.237399052734375 0.836943470703125 0.237387228515625 0.837297396484375 0.2357565390625 0.93071953125 0.40564202734375 0.979625423828125 0.41040087109375 0.97929265234375 0.416705021484375 0.890755140625 0.237399052734375 0.836943470703125
0 0.22665828515625 1 0.234295904296875 0.914050412109375 0.05038619921875 0.83936899609375 0.04039922265625 0.90709533984375 0.038354482421875 0.926549751953125 0.21137381640625 1 0.22665828515625 1
0 0.360664896484375 1 0.393198462890625 0.99772503125 0.44458183203125 0.992348974609375 0.482457291015625 0.807549544921875 0.38485390234375 0.81661419921875 0.357620611328125 0.99500696875 0.357969759765625 1 0.360664896484375 1
0 0.918367087890625 0.92217799609375 0.91867608984375 0.92211231640625 0.89958412109375 0.834754677734375 0.70524743359375 0.83684990625 0.70548087890625 0.84018833203125 0.72536394921875 0.93373081640625 0.918367087890625 0.92217799609375
0 0.66401921484375 0.98818529296875 0.755395009765625 0.976965755859375 0.770381072265625 0.786449017578125 0.77020028515625 0.784976626953125 0.69357788671875 0.7940736171875 0.67606825390625 0.796223529296875 0.6581102578125 0.987513 0.658242404296875 0.98858924609375 0.66401921484375 0.98818529296875
0 0.672687837890625 0.7910006484375 0.57696688671875 0.806325205078125 0.56003180078125 0.99285874609375 0.560393380859375 0.995431517578125 0.58540996484375 0.9936821875 0.658727912109375 0.98337801953125 0.672687837890625 0.7910006484375
0 0.62720848046875 0.9392819765625 0.62884216796875 0.93875116015625 0.60164641015625 0.849505009765625 0.404939916015625 0.86532778515625 0.40539565234375 0.871845099609375 0.4335935859375 0.958629421875 0.62720848046875 0.9392819765625
0 0.98306125 0.78470060546875 0.88598374609375 0.773732578125 0.84365570703125 0.9570339765625 0.8442005078125 0.964825 0.901371783203125 0.96982683984375 0.93054633984375 0.97111421484375 0.94508830078125 0.97009734375 0.98306125 0.78470060546875
0 0.24425717578125 0.047988640625 0.23692352734375 0.082551373046875 0.229751373046875 0.11944891796875 0.323887982421875 0.165471755859375 0.3264890390625 0.165977349609375 0.33023294140625 0.16571555078125 0.34499533203125 0.100330390625 0.244311681640625 0.047984830078125 0.24425717578125 0.047988640625
0 0.466372625 0.10795205078125 0.471020490234375 0.12413016015625 0.564385525390625 0.12594737890625 0.566863578125 0.125283388671875 0.54911809765625 0.05479855078125 0.453451830078125 0.058323689453125 0.45358498828125 0.06022793359375 0.466372625 0.10795205078125
0 0.24903141015625 0.04598853515625 0.17800020703125 0.067710783203125 0.17862439453125 0.17507847265625 0.179853177734375 0.179363759765625 0.1860271796875 0.17893203125 0.23716656640625 0.16200516015625 0.24903141015625 0.04598853515625
0 0.315241759765625 0.050128111328125 0.312196232421875 0.108240220703125 0.311738947265625 0.12483266796875 0.40387380078125 0.15743344921875 0.40744989453125 0.157183384765625 0.414712576171875 0.08573496484375 0.315241759765625 0.050128111328125
0 0.39091847265625 0.149626638671875 0.400721845703125 0.149112865234375 0.4613418046875 0.1446703125 0.48646687890625 0.04821842578125 0.48643514453125 0.047612876953125 0.4797699453125 0.04796218359375 0.41183275 0.053755986328125 0.390678875 0.146200224609375 0.39091847265625 0.149626638671875
0 0.134965931640625 0.17485866015625 0.13671411328125 0.174581775390625 0.122240701171875 0.10537066015625 0.01310511328125 0.07769028515625 0.01339179296875 0.08178999609375 0.023781548828125 0.147388333984375 0.134965931640625 0.17485866015625
0 0.07832625390625 0.09202250390625 0.09510209765625 0.14689382421875 0.11933839453125 0.150146724609375 0.211062228515625 0.160870732421875 0.211091615234375 0.160861748046875 0.19248615625 0.08936844140625 0.078156390625 0.0854976953125 0.07787598828125 0.085583423828125 0.07832625390625 0.09202250390625
0 0 0.173924 0.067221626953125 0.1715765703125 0.0706212890625 0.171338841796875 0.066728900390625 0.12988505078125 0 0.10558757421875 0 0.173924