0 0.10858982421875 0.69950233203125 0.051252455078125 0.598948806640625 0.00587653515625 0.649308724609375 0.05670180859375 0.74402793359375 0.06305744140625 0.74955280078125 0.086167791015625 0.724769986328125 0.10858982421875 0.69950233203125
0 0.07285240625 0.66882089453125 0.181451666015625 0.62590175 0.182701255859375 0.624464259765625 0.13956899609375 0.572865314453125 0.0294979921875 0.616966517578125 0.07285240625 0.66882089453125
0 0.2524850234375 0.49187179296875 0.348939876953125 0.43084695703125 0.350493369140625 0.42905987109375 0.34746569921875 0.42642795703125 0.29143341796875 0.380276748046875 0.196043736328125 0.439585259765625 0.195248640625 0.440499912109375 0.22332467578125 0.46652308984375 0.2524850234375 0.49187179296875
0 0.19946076953125 0.431324529296875 0.16156140625 0.4799680234375 0.226005587890625 0.57467515625 0.22722465234375 0.575627595703125 0.23862951171875 0.56250780859375 0.2434346328125 0.556357533203125 0.273302314453125 0.512422833984375 0.2088416484375 0.4205330625 0.19946076953125 0.431324529296875
0 0.14710841796875 0.481204423828125 0.147065845703125 0.4811778203125 0.103906228515625 0.549419080078125 0.1817590078125 0.63983806640625 0.189901279296875 0.630471453125 0.225002005859375 0.57429855078125 0.14710841796875 0.481204423828125
0 0.248528302734375 0.37039269140625 0.247517373046875 0.371182513671875 0.293978853515625 0.43461540234375 0.39890205078125 0.3900435703125 0.40194476171875 0.38654333203125 0.3565299375 0.328415009765625 0.248528302734375 0.37039269140625
0 0.299035125 0.318965490234375 0.346420857421875 0.37028820703125 0.354974087890625 0.379145333984375 0.4556678828125 0.322360302734375 0.45817556640625 0.31947554296875 0.403690119140625 0.25961025390625 0.299035125 0.318965490234375
0 0.571404384765625 0 0.52844080078125 0.065213796875 0.63081205078125 0.158986314453125 0.63345948828125 0.15594078515625 0.675432091796875 0.09130864453125 0.578800017578125 0 0.571404384765625 0
0 0.5833365625 0.21598226171875 0.62323166796875 0.1601098359375 0.52648818359375 0.0571768984375 0.52549160546875 0.056452841796875 0.52363394921875 0.059009685546875 0.475491140625 0.127799642578125 0.570490912109375 0.226273044921875 0.572881248046875 0.228009724609375 0.5833365625 0.21598226171875
0 0.528095955078125 0.248437853515625 0.5292849921875 0.246915955078125 0.469747099609375 0.197474283203125 0.3558966796875 0.28777891796875 0.372224576171875 0.301972541015625 0.418127626953125 0.33783593359375 0.528095955078125 0.248437853515625
0 0.462975841796875 0.126679431640625 0.418948591796875 0.1963811171875 0.520415470703125 0.28503989453125 0.52639398046875 0.28863214453125 0.530485763671875 0.283925087890625 0.56365247265625 0.2260327890625 0.462975841796875 0.126679431640625
0 0.083637958984375 0.74446612109375 0.10012326171875 0.765689853515625 0.132750125 0.805980673828125 0.27836696484375 0.75257799609375 0.281224021484375 0.749291328125 0.22875725 0.685472912109375 0.083637958984375 0.74446612109375
0 0.22335287109375 0.75152305859375 0.225932638671875 0.7466712265625 0.149881951171875 0.710047921875 0.09484886328125 0.81031398828125 0.121427826171875 0.8334187265625 0.132893806640625 0.839515296875 0.22335287109375 0.75152305859375
0 0.4339744296875 0.429565474609375 0.311530189453125 0.516284646484375 0.36972815234375 0.56687536328125 0.487582337890625 0.492850078125 0.49385074609375 0.48563909765625 0.4339744296875 0.429565474609375
0 0.20846734375 0.75233462109375 0.3307300078125 0.68519626953125 0.335503421875 0.679705083984375 0.283883580078125 0.623255083984375 0.1479973515625 0.69566674609375 0.20846734375 0.75233462109375
0 0.2558987734375 0.561921298828125 0.262633130859375 0.570237537109375 0.31337924609375 0.624206015625 0.442435609375 0.56860190234375 0.446709958984375 0.56368482421875 0.39944816015625 0.50674662890625 0.2558987734375 0.561921298828125
0 0.391188134765625 0.63231866796875 0.39364018359375 0.629497908203125 0.347902814453125 0.57075962109375 0.202839578125 0.622732580078125 0.20268522265625 0.62291014453125 0.25388542578125 0.686137130859375 0.391188134765625 0.63231866796875
0 0.4677445234375 0.519578396484375 0.48030260546875 0.530494970703125 0.524664541015625 0.48353491796875 0.53198745703125 0.4751108671875 0.44860682421875 0.34973762109375 0.4465650234375 0.3479627109375 0.39084858203125 0.40351525 0.38924575390625 0.405295369140625 0.46485169140625 0.51587718359375 0.4677445234375 0.519578396484375
0 0.722846455078125 0.03566312890625 0.66681929296875 0.103187130859375 0.763206291015625 0.198315103515625 0.7699356484375 0.203764431640625 0.78560883984375 0.18573448828125 0.82090490234375 0.139493115234375 0.722846455078125 0.03566312890625
0 0.60754810546875 0.20069243359375 0.62848140625 0.22090748828125 0.66957580078125 0.25764056640625 0.76721601171875 0.18545820703125 0.773876216796875 0.177796515625 0.71462877734375 0.1177455625 0.60754810546875 0.20069243359375
0 0.65707527734375 0.30808794140625 0.66163472265625 0.30203735546875 0.594612978515625 0.249990650390625 0.495119955078125 0.338412548828125 0.501442505859375 0.343908658203125 0.56147559765625 0.387949490234375 0.65707527734375 0.30808794140625
0 0.5975379921875 0.317712462890625 0.71684196484375 0.264841728515625 0.721330669921875 0.259678060546875 0.6720695625 0.19285066015625 0.55008399609375 0.249941130859375 0.5975379921875 0.317712462890625
0 0.507530314453125 0.30130403125 0.4596247421875 0.364559529296875 0.538165203125 0.46339566796875 0.541836654296875 0.466162306640625 0.55274475390625 0.453613974609375 0.591456779296875 0.400604873046875 0.507530314453125 0.30130403125
0 0.45187056640625 1 0.45496524609375 0.99316934375 0.322871298828125 0.859978111328125 0.285917654296875 0.92938282421875 0.28367133984375 0.93379146484375 0.358343291015625 1 0.45187056640625 1
0 0.9306194296875 0.462182802734375 0.9537768125 0.43853291796875 0.84113285546875 0.287563791015625 0.77974283203125 0.353507251953125 0.88424599609375 0.50271970703125 0.88460550390625 0.50307921484375 0.887343185546875 0.505459046875 0.9306194296875 0.462182802734375
0 0.442517826171875 1 0.4820921015625 0.97348172265625 0.497258630859375 0.96246259375 0.423761806640625 0.7857064609375 0.364709984375 0.8307289296875 0.428835498046875 1 0.442517826171875 1
0 0.66049594921875 0.481758029296875 0.734846876953125 0.64559134375 0.739448119140625 0.652162599609375 0.794054400390625 0.617869177734375 0.81227316796875 0.605112259765625 0.737139419921875 0.42871755859375 0.736352240234375 0.428033271484375 0.66049594921875 0.481758029296875
0 1 0.351734884765625 0.91114744140625 0.220567240234375 0.8372825703125 0.282718015625 0.939745515625 0.42521500390625 0.947509505859375 0.43354086328125 0.947608271484375 0.43362671875 0.962632693359375 0.42029576171875 1 0.38545018359375 1 0.351734884765625
0 0.437785439453125 0.89504448828125 0.46925773046875 0.911778603515625 0.597845849609375 0.773397689453125 0.599588580078125 0.770120091796875 0.523244287109375 0.73065096484375 0.39584138671875 0.871140513671875 0.398822234375 0.873731724609375 0.437785439453125 0.89504448828125
0 0.7382962265625 0.54195144921875 0.57170040234375 0.6094095390625 0.57046641015625 0.610273587890625 0.598169818359375 0.651752705078125 0.62176316015625 0.68544748828125 0.78897363671875 0.61294155859375 0.79077890234375 0.610864833984375 0.7382962265625 0.54195144921875
0 0.90578083203125 0.43595311328125 0.9082501640625 0.43242654296875 0.82994253515625 0.37698773828125 0.69821328515625 0.510818220703125 0.70607244921875 0.51765008984375 0.77601904296875 0.55979169140625 0.90578083203125 0.43595311328125
0 0.47020209765625 0.7167234140625 0.588068478515625 0.860220646484375 0.59172255078125 0.86287548828125 0.629952140625 0.81314005859375 0.64711245703125 0.789520908203125 0.52904855859375 0.64168759765625 0.47020209765625 0.7167234140625
0 0.6938087421875 0.74064648046875 0.61260285546875 0.571831130859375 0.611960609375 0.571092310546875 0.544207765625 0.637282787109375 0.553427693359375 0.655202455078125 0.6273863984375 0.79292459375 0.62993274609375 0.795138099609375 0.6938087421875 0.74064648046875
0 0.324319353515625 0 0.30862785546875 0.030515125 0.385965298828125 0.09531169140625 0.388567787109375 0.09231787109375 0.421645033203125 0.0302224921875 0.38831178515625 0 0.324319353515625 0
0 0.36758834375 0.111240701171875 0.32628164453125 0.01588724609375 0.268390390625 0.061305919921875 0.305348546875 0.152743453125 0.308995265625 0.15591349609375 0.317514158203125 0.14972416015625 0.36758834375 0.111240701171875
0 0.33642308984375 0.15468512890625 0.33803998828125 0.152825099609375 0.290899521484375 0.0924880546875 0.1964512421875 0.134699267578125 0.19622244921875 0.13496246484375 0.24977243359375 0.194184375 0.33642308984375 0.15468512890625
0 0.65197093359375 1 0.713485658203125 0.957205927734375 0.71464068359375 0.955727564453125 0.713732541015625 0.95493812890625 0.640782244140625 0.898869962890625 0.50517930859375 1 0.65197093359375 1
0 0.72016490234375 0.835822759765625 0.55578356640625 0.912266193359375 0.554385357421875 0.9134394296875 0.593082197265625 0.964927791015625 0.6097233359375 0.984759927734375 0.77485447265625 0.9102179609375 0.7778219140625 0.90680430859375 0.72016490234375 0.835822759765625
0 0.67666749609375 0.91732379296875 0.83670048046875 0.8343089765625 0.841964814453125 0.828253052734375 0.775651060546875 0.76031299609375 0.61416018359375 0.8547573671875 0.67666749609375 0.91732379296875
0 1 0.461387677734375 0.88557179296875 0.59501383984375 0.88815385546875 0.59725839453125 0.961091451171875 0.64283486328125 1 0.60166474609375 1 0.461387677734375
0 1 0.5645063671875 0.9844029296875 0.54380835546875 0.80917674609375 0.624169591796875 0.80869099609375 0.624535634765625 0.820436349609375 0.640371193359375 0.86754058203125 0.70288062109375 1 0.639693994140625 1 0.5645063671875
0 0.74262352734375 0.697222650390625 0.755461400390625 0.71425908203125 0.80179643359375 0.7733615859375 0.973913078125 0.69740449609375 0.975158625 0.696465908203125 0.97710121484375 0.69423121484375 0.917863677734375 0.61562034765625 0.74327228515625 0.69647633984375 0.74262352734375 0.697222650390625
0 0.715589478515625 0.71337764453125 0.802709994140625 0.887361751953125 0.806662623046875 0.890797720703125 0.866269728515625 0.84078141796875 0.87873683203125 0.82643965625 0.78843937109375 0.65449557421875 0.715589478515625 0.71337764453125
0 0.11486599609375 0.40983991015625 0.13118227734375 0.377817404296875 0.04859260546875 0.3033129453125 0.015111322265625 0.364410310546875 0.09441037890625 0.4395833828125 0.0976718828125 0.441245201171875 0.09898338671875 0.439736490234375 0.11486599609375 0.40983991015625
0 0.264222044921875 0.22792723828125 0.22687323828125 0.1394454296875 0.169119310546875 0.18478123046875 0.20858987109375 0.26531403515625 0.21316740234375 0.26929322265625 0.2634682890625 0.22856036328125 0.264222044921875 0.22792723828125
0 0 0.482295396484375 0.00043507421875 0.48276195703125 0.096433453125 0.43314326953125 0.0996420625 0.4294521875 0.057176431640625 0.38744987890625 0 0.409582103515625 0 0.482295396484375
0 0.19510899609375 0.324393333984375 0.146829357421875 0.267707736328125 0.05417341796875 0.30611418359375 0.05336623828125 0.3067678203125 0.08355176171875 0.348017359375 0.097499900390625 0.36524187890625 0.193816099609375 0.32573084765625 0.1942559140625 0.32537469140625 0.19510899609375 0.324393333984375
0 0.151992939453125 0.30359438671875 0.165168078125 0.312191515625 0.23845483203125 0.2526096171875 0.24075243359375 0.2493283046875 0.182126861328125 0.21006923046875 0.105370900390625 0.26875212890625 0.118365724609375 0.280048357421875 0.151992939453125 0.30359438671875
0 0 0.51548497265625 0.05835485546875 0.481710978515625 0.05971712890625 0.48014386328125 0.01300154296875 0.43790426953125 0 0.44378990625 0 0.51548497265625