0 0.04222833203125 0.195636392578125 0.03892724609375 0.19739161328125 0.039666185546875 0.198841865234375 0.1206869140625 0.278997681640625 0.18229250390625 0.24816774609375 0.17944752734375 0.242584162109375 0.098787763671875 0.166793201171875 0.04222833203125 0.195636392578125
0 0.213518783203125 0.326034255859375 0.14522470703125 0.22909891015625 0.080563810546875 0.249000205078125 0.08011716015625 0.24922778515625 0.14891679296875 0.34591048828125 0.213518783203125 0.326034255859375
0 0.30225905078125 0.44141380859375 0.300800125 0.436923701171875 0.203857818359375 0.50399812109375 0.22995531640625 0.57638012109375 0.322847904296875 0.51102451171875 0.30225905078125 0.44141380859375
0 0.17035501171875 0.43489747265625 0.201762806640625 0.50814682421875 0.28381310546875 0.426762931640625 0.24946373046875 0.35934848828125 0.2478948671875 0.36014786328125 0.17035501171875 0.43489747265625
0 0.1747612578125 0.43973735546875 0.249082341796875 0.34367829296875 0.2038735234375 0.27911341015625 0.199898083984375 0.28113899609375 0.129136744140625 0.375316287109375 0.1747612578125 0.43973735546875
0 0.23326119921875 0.534199392578125 0.293588587890625 0.634664552734375 0.368333052734375 0.61069687109375 0.36785476171875 0.60902887890625 0.305406720703125 0.5119800234375 0.24013780859375 0.530695583984375 0.23326119921875 0.534199392578125
0 0.29644714453125 0.714139734375 0.403225830078125 0.658695849609375 0.382360173828125 0.579124478515625 0.27619132421875 0.634580345703125 0.29644714453125 0.714139734375
0 0.479298208984375 1 0.570610931640625 0.92768472265625 0.558272517578125 0.90346922265625 0.534056361328125 0.85792525390625 0.52205376171875 0.8640408828125 0.422282689453125 0.94056976171875 0.454386130859375 1 0.479298208984375 1
0 0.48451320703125 0.93084304296875 0.548728525390625 0.877854677734375 0.54746498828125 0.87537484765625 0.54397890234375 0.871220291015625 0.441975861328125 0.785716251953125 0.41724473046875 0.80573336328125 0.374838591796875 0.84131633984375 0.48451320703125 0.93084304296875
0 0.366646970703125 0.800761314453125 0.45633013671875 0.683549587890625 0.449441861328125 0.67504327734375 0.40735117578125 0.626120498046875 0.4037333359375 0.62796387890625 0.40141693359375 0.6298396640625 0.3160249765625 0.73870815625 0.342663646484375 0.77160417578125 0.366646970703125 0.800761314453125
0 0.452805189453125 0.70817860546875 0.35344854296875 0.796456625 0.386942224609375 0.862738259765625 0.3872606015625 0.862576037109375 0.49950595703125 0.7744188046875 0.460241654296875 0.704389537109375 0.452805189453125 0.70817860546875
0 0.181453029296875 0.13651870703125 0.15871501953125 0.15026879296875 0.159102921875 0.15103009765625 0.272796021484375 0.25750596875 0.34503306640625 0.21651048046875 0.34297911328125 0.21247937109375 0.22635176953125 0.110596408203125 0.181453029296875 0.13651870703125
0 0.273938103515625 0.19020337109375 0.30491294921875 0.175629037109375 0.29573237109375 0.157611142578125 0.24297018359375 0.06980011328125 0.21240164453125 0.0853755625 0.17790109765625 0.10610558203125 0.273938103515625 0.19020337109375
0 0.332114869140625 0.42070008203125 0.40157173828125 0.55303757421875 0.48175421875 0.529861337890625 0.480597171875 0.5252206796875 0.4064693125 0.401198515625 0.335815599609375 0.41881446484375 0.332114869140625 0.42070008203125
0 0.339797662109375 0.171818400390625 0.22485707421875 0.271550107421875 0.26005866015625 0.34197150390625 0.261074556640625 0.3415610546875 0.371551361328125 0.248110318359375 0.3442881015625 0.1806313828125 0.339797662109375 0.171818400390625
0 0.338964322265625 0.49259075390625 0.44219094140625 0.3780456171875 0.405688123046875 0.31482087890625 0.3958196796875 0.319849103515625 0.30198744921875 0.415972814453125 0.338964322265625 0.49259075390625
0 0.347233853515625 0.234125830078125 0.3457520546875 0.2354139375 0.27061826953125 0.36707616796875 0.32173245703125 0.42365845703125 0.40067212890625 0.29435308984375 0.347984771484375 0.233743216796875 0.347233853515625 0.234125830078125
0 0.396098373046875 0.627402150390625 0.41509502734375 0.6173060625 0.528427666015625 0.54747648828125 0.522949216796875 0.53061555859375 0.50058939453125 0.47262169921875 0.49270656640625 0.475182986328125 0.369944453125 0.55301129296875 0.396098373046875 0.627402150390625
0 0.5884035390625 0.875828486328125 0.572341853515625 0.88401232421875 0.637170423828125 0.989235236328125 0.668837037109375 0.9751363515625 0.71213689453125 0.95307397265625 0.652090423828125 0.847473259765625 0.5884035390625 0.875828486328125
0 0.541289787109375 0.801630595703125 0.600045052734375 0.919343482421875 0.68165201171875 0.89779326953125 0.6235929296875 0.774623029296875 0.6070779453125 0.77967216796875 0.541806904296875 0.801367111328125 0.541289787109375 0.801630595703125
0 0.552430970703125 0.61708313671875 0.46202287890625 0.702493328125 0.50885104296875 0.77506836328125 0.509751623046875 0.774505619140625 0.602007599609375 0.6818446875 0.55934026171875 0.61356267578125 0.552430970703125 0.61708313671875
0 0.496733130859375 0.73314433984375 0.576406849609375 0.842408287109375 0.65120898046875 0.8081076875 0.649930212890625 0.80536536328125 0.57410836328125 0.69675783203125 0.532226296875 0.71505966796875 0.496733130859375 0.73314433984375
0 0.475681791015625 0.700735890625 0.5616665234375 0.599962890625 0.518133486328125 0.538108666015625 0.509047318359375 0.542738298828125 0.42865683203125 0.63138540625 0.475681791015625 0.700735890625
0 0.4026904296875 0 0.521076298828125 0.11210046484375 0.52603751171875 0.10900035546875 0.58998367578125 0.06742165625 0.588383115234375 0.0642803828125 0.511130048828125 0 0.4026904296875 0
0 0.921633115234375 0.735528841796875 0.81509441015625 0.59034501953125 0.745582875 0.6263720078125 0.7305065546875 0.63438823046875 0.845522248046875 0.781633640625 0.925332931640625 0.742790140625 0.921633115234375 0.735528841796875
0 0.55445288671875 0 0.4429845703125 0.139744017578125 0.49418433203125 0.20038568359375 0.607161451171875 0.049081908203125 0.59553256640625 0.03346763671875 0.56938478125 0 0.55445288671875 0
0 0.81720554296875 0.4342105390625 0.81489034765625 0.434787783203125 0.64455501171875 0.5176042109375 0.67009515234375 0.60182169140625 0.84062670703125 0.52378053515625 0.819337771484375 0.43839526953125 0.81720554296875 0.4342105390625
0 0.968336052734375 0.772303734375 0.948091861328125 0.6963397109375 0.939376240234375 0.6981922734375 0.77476220703125 0.76100751953125 0.79600623828125 0.8500578359375 0.97179167578125 0.78856116796875 0.968336052734375 0.772303734375
0 0.50262723828125 0.126495025390625 0.465622263671875 0.157193734375 0.466013900390625 0.157962365234375 0.61788373046875 0.271561861328125 0.68463637890625 0.21877102734375 0.682867759765625 0.21529991796875 0.5303282734375 0.10406316796875 0.50262723828125 0.126495025390625
0 0.732647806640625 0.520598990234375 0.805740537109375 0.47365983203125 0.804451966796875 0.47113087109375 0.672221080078125 0.34590016796875 0.638526294921875 0.369493509765625 0.598306916015625 0.39899600390625 0.59917096484375 0.40022999609375 0.732647806640625 0.520598990234375
0 0.82362271484375 0.50170129296875 0.698422298828125 0.62404141015625 0.743289865234375 0.704757802734375 0.88285986328125 0.576656216796875 0.863586865234375 0.54697840234375 0.831284603515625 0.49779736328125 0.82362271484375 0.50170129296875
0 0.66277584765625 0.1680454296875 0.5264573828125 0.29246955078125 0.57084865234375 0.37406498828125 0.712125578125 0.24862970703125 0.695149240234375 0.215311765625 0.667496525390625 0.165640123046875 0.66277584765625 0.1680454296875
0 0.5730121328125 0.36377458984375 0.609516275390625 0.45117638671875 0.610396146484375 0.45074724609375 0.75110797265625 0.32708156640625 0.7131763203125 0.251112119140625 0.71209343359375 0.251640279296875 0.58850089453125 0.350881958984375 0.5730121328125 0.36377458984375
0 0.34068996875 1 0.327040962890625 0.94525682421875 0.323845595703125 0.938985564453125 0.23534421875 0.97889798828125 0.24083001171875 1 0.34068996875 1
0 0.28798412109375 0.8617200546875 0.28699455078125 0.862060791015625 0.2002155625 0.9167039453125 0.22326307421875 0.98745392578125 0.311464939453125 0.936617359375 0.28869179296875 0.8631089375 0.28798412109375 0.8617200546875
0 0.18732184765625 0.81255404296875 0.164526669921875 0.81823751953125 0.162762015625 0.819136654296875 0.210945591796875 0.909787609375 0.28166090625 0.8949061953125 0.280245220703125 0.88922818359375 0.236456544921875 0.801700109375 0.18732184765625 0.81255404296875
0 0.17950799609375 0.8604062421875 0.244892 0.779896765625 0.19954953125 0.719725279296875 0.19459973046875 0.722247330078125 0.136079888671875 0.793223390625 0.17950799609375 0.8604062421875
0 0.72295582421875 0 0.626563255859375 0.070483466796875 0.6545004453125 0.153192716796875 0.80779692578125 0.048679205078125 0.791035330078125 0 0.72295582421875 0
0 0.736754509765625 0.25116267578125 0.842102833984375 0.09669843359375 0.839324173828125 0.09338695703125 0.7818865078125 0.03194922265625 0.7806098515625 0.0325997109375 0.776642796875 0.03592846484375 0.6757184296875 0.18038416796875 0.684971853515625 0.19141196875 0.736754509765625 0.25116267578125
0 0.64421499609375 0 0.690212001953125 0.068187673828125 0.771709498046875 0.03950637890625 0.77028213671875 0.034837685546875 0.74757094140625 0 0.64421499609375 0
0 0.75421776171875 0.326403623046875 0.89819957421875 0.20695371484375 0.87491815625 0.15856559375 0.85492780078125 0.1193323125 0.7168033125 0.246266984375 0.75421776171875 0.326403623046875
0 1 0.50457031640625 0.97714337890625 0.470135048828125 0.911994892578125 0.500514287109375 0.887952408203125 0.51276454296875 1 0.66484057421875 1 0.50457031640625
0 1 0.39458550390625 0.84375045703125 0.48982268359375 0.849493845703125 0.506502697265625 0.8738805546875 0.576416828125 0.87530875390625 0.579219828125 0.87630919921875 0.57887534765625 1 0.5060227890625 1 0.39458550390625
0 1 0.435318744140625 0.87173251953125 0.30336113671875 0.80663123828125 0.34080261328125 0.78799146484375 0.352002517578125 0.9202572890625 0.493095822265625 1 0.44518156640625 1 0.435318744140625
0 0.737883265625 0.27853180078125 0.897277888671875 0.3969038828125 0.967119380859375 0.336078982421875 0.966018912109375 0.33391919140625 0.812588140625 0.215306701171875 0.737690431640625 0.278153341796875 0.737883265625 0.27853180078125
0 1 0.569917376953125 0.97213338671875 0.57980004296875 0.94411299609375 0.591121013671875 0.93898394140625 0.593734400390625 1 0.699405208984375 1 0.569917376953125
0 0 0.50193473828125 0.056127869140625 0.577870373046875 0.119301470703125 0.552701564453125 0.1171653203125 0.546832537109375 0.05698288671875 0.46105446484375 0.0216615859375 0.473910365234375 0 0.4822166015625 0 0.50193473828125
0 0.163161099609375 0.659352548828125 0.102351466796875 0.72208066015625 0.14326918359375 0.783044513671875 0.20613239453125 0.71043473046875 0.20561117578125 0.709599669921875 0.170539033203125 0.6555933046875 0.163161099609375 0.659352548828125
0 0 0.483256841796875 0.02414967578125 0.51237946875 0.09213530859375 0.48352730078125 0.09170817578125 0.48256794921875 0.0088624765625 0.4021143828125 0 0.4056386328125 0 0.483256841796875
0 0.077548412109375 0.65854916796875 0.143977052734375 0.57444956640625 0.10106497265625 0.519135900390625 0.09421494140625 0.522626166015625 0.0359318359375 0.59586054296875 0.077548412109375 0.65854916796875
0 0.16412896484375 0.62386926953125 0.155990724609375 0.602668427734375 0.149242873046875 0.589425025390625 0.14864256640625 0.5896554609375 0.07290180859375 0.6501200078125 0.09720069921875 0.71758116796875 0.176093326171875 0.65837058984375 0.16412896484375 0.62386926953125
0 0 0.441807734375 0.005812501953125 0.446871328125 0.06725300390625 0.407860630859375 0.06620762890625 0.405808970703125 0 0.35711862890625 0 0.441807734375