0 0.603627302734375 1 0.60451724609375 0.926376109375 0.53954520703125 0.903477029296875 0.537505001953125 0.90940221875 0.538742373046875 1 0.603627302734375 1
0 0.566536095703125 0.9525686171875 0.625759990234375 0.970560322265625 0.623347193359375 0.852007716796875 0.55903485546875 0.832477072265625 0.558181529296875 0.834955310546875 0.56108228125 0.950690716796875 0.566536095703125 0.9525686171875
0 0.620867880859375 0.604907904296875 0.638662208984375 0.715646037109375 0.710253453125 0.727656220703125 0.714928685546875 0.72831328125 0.69713930859375 0.611778623046875 0.62132559375 0.60357861328125 0.620867880859375 0.604907904296875
0 0.68586216796875 0.78384765234375 0.71502481640625 0.715400498046875 0.715592537109375 0.71375171484375 0.603303482421875 0.7018512578125 0.579558080078125 0.74887679296875 0.57120025390625 0.773149677734375 0.571786283203125 0.77339843359375 0.68586216796875 0.78384765234375
0 0.637479416015625 0.899327341796875 0.6601295703125 0.77978863671875 0.590107138671875 0.7430440703125 0.58768309375 0.74760303515625 0.567527421875 0.862854072265625 0.63363237890625 0.89800269921875 0.637479416015625 0.899327341796875
0 0.708340583984375 0.66923682421875 0.74090312109375 0.555797302734375 0.672398666015625 0.51747858203125 0.67150496484375 0.518965951171875 0.643117388671875 0.63082471484375 0.70530805859375 0.668192640625 0.708340583984375 0.66923682421875
0 0.6698660078125 0.44820910546875 0.669679552734375 0.449386333984375 0.6809581875 0.567815013671875 0.762551892578125 0.57827667578125 0.750905658203125 0.4590645 0.669906998046875 0.448090060546875 0.6698660078125 0.44820910546875
0 0.89818142578125 0.172425267578125 0.76100630859375 0.146976158203125 0.749189296875 0.17944312890625 0.73335725390625 0.22542272265625 0.8696586484375 0.248531369140625 0.89818142578125 0.172425267578125
0 0.86962603515625 0.250149314453125 0.866932744140625 0.249169037109375 0.730626005859375 0.2252045859375 0.709868103515625 0.279242259765625 0.700438654296875 0.3066273671875 0.70203687109375 0.3072090703125 0.84002782421875 0.32961940234375 0.8669144296875 0.257599384765625 0.86962603515625 0.250149314453125
0 0.641961291015625 0.44286284765625 0.64501033984375 0.4447681015625 0.780208203125 0.48979744140625 0.81946701953125 0.42259507421875 0.682594474609375 0.37517415625 0.644002896484375 0.43693359375 0.641961291015625 0.44286284765625
0 0.83664258203125 0.322122658203125 0.69372960546875 0.31499804296875 0.677308046875 0.39414629296875 0.681732177734375 0.39566964453125 0.818418650390625 0.39418817578125 0.83664258203125 0.322122658203125
0 0.363256361328125 0.9519801484375 0.51727472265625 0.922431587890625 0.52660480078125 0.844624828125 0.52658876171875 0.8446193046875 0.372106662109375 0.868748427734375 0.360540626953125 0.951045044921875 0.363256361328125 0.9519801484375
0 0.465049576171875 1 0.47182582421875 0.880257171875 0.39033573828125 0.871280462890625 0.38795637109375 0.87819065625 0.417625333984375 0.999054078125 0.431152650390625 1 0.465049576171875 1
0 0.490732470703125 0.53099228515625 0.4841184765625 0.545176041015625 0.45754476171875 0.6081510546875 0.460646744140625 0.609597533203125 0.6064221171875 0.63043089453125 0.614654884765625 0.61277566796875 0.638155669921875 0.56047020703125 0.490732470703125 0.53099228515625
0 0.413950369140625 0.86645941796875 0.48282010546875 0.9053302890625 0.52275664453125 0.763939515625 0.45538603125 0.718738150390625 0.452544048828125 0.7229515625 0.413950369140625 0.86645941796875
0 0.471843171875 0.71783019140625 0.53637355078125 0.752141603515625 0.539700578125 0.75328719140625 0.57054815234375 0.61191249609375 0.501160310546875 0.5681533515625 0.499817029296875 0.56769082421875 0.497669896484375 0.57172899609375 0.471843171875 0.71783019140625
0 0.51801105078125 0.82844550390625 0.533237095703125 0.676208896484375 0.46449609765625 0.645737609375 0.46307651953125 0.648781908203125 0.44403165625 0.7953459140625 0.506553701171875 0.824500421875 0.51801105078125 0.82844550390625
0 0.63361680859375 0.45157648828125 0.564333833984375 0.41008585546875 0.56207627734375 0.4134328203125 0.512217083984375 0.553250900390625 0.55413043359375 0.5815218125 0.57617345703125 0.59563498046875 0.57818186328125 0.59632653125 0.579065884765625 0.595015916015625 0.586963240234375 0.57728719921875 0.63361680859375 0.45157648828125
0 0.63950905859375 0.14176144921875 0.707905005859375 0.1796739453125 0.70925901171875 0.180403498046875 0.7168572109375 0.183019767578125 0.76170428515625 0.06836260546875 0.7280778203125 0.049723150390625 0.685613375 0.035101470703125 0.63950905859375 0.14176144921875
0 0.683899673828125 0.2615016875 0.73422536328125 0.139850779296875 0.66442223046875 0.092399439453125 0.60955465234375 0.217024130859375 0.62420008984375 0.226175615234375 0.683899673828125 0.2615016875
0 0.55076112109375 0.391886 0.67780753515625 0.373746984375 0.686075994140625 0.29142936328125 0.684986591796875 0.2913340546875 0.55453749609375 0.305901068359375 0.54712434765625 0.3906337578125 0.55076112109375 0.391886
0 0.671454001953125 0.34090208203125 0.69489326953125 0.209049115234375 0.61566987890625 0.17800916015625 0.61409675 0.182331296875 0.593576220703125 0.3133576953125 0.630685064453125 0.3268642109375 0.671454001953125 0.34090208203125
0 0.62903097265625 0.475507609375 0.670748388671875 0.4028406015625 0.542480990234375 0.36973401171875 0.50495221484375 0.43782369921875 0.511122552734375 0.44124397265625 0.62903097265625 0.475507609375
0 0.085924107421875 0.801435857421875 0.06078883203125 0.858895109375 0.05810258984375 0.866696521484375 0.0627228359375 0.86847006640625 0.244668466796875 0.88900048046875 0.246441646484375 0.8843811875 0.273292587890625 0.8104784609375 0.085924107421875 0.801435857421875
0 0.313302833984375 0.146016931640625 0.31044737109375 0.18685194921875 0.311756791015625 0.18730281640625 0.316399388671875 0.1876274609375 0.496673189453125 0.17416137890625 0.504328931640625 0.07906837890625 0.318326939453125 0.09859812109375 0.313302833984375 0.146016931640625
0 0.157812212890625 0.658706892578125 0.1521186875 0.84523299609375 0.1987025625 0.860659646484375 0.22264846484375 0.86798064453125 0.2346028671875 0.67679895703125 0.158517064453125 0.656659853515625 0.157812212890625 0.658706892578125
0 0.235826494140625 0.340950220703125 0.23789175390625 0.341701912109375 0.425416505859375 0.36829429296875 0.45133658984375 0.28419297265625 0.266319458984375 0.25353198828125 0.259047447265625 0.273511677734375 0.235826494140625 0.340950220703125
0 0.401079185546875 0 0.362005197265625 0.1090205703125 0.370152560546875 0.113171861328125 0.449982 0.14884393359375 0.49867078125 0 0.401079185546875 0
0 0.167898423828125 0.5675705625 0.19118952734375 0.75185320703125 0.26384734375 0.76162728515625 0.277149525390625 0.763260587890625 0.277272634765625 0.762903052734375 0.25079702734375 0.57208538671875 0.16926546484375 0.563053298828125 0.168002826171875 0.566720265625 0.167898423828125 0.5675705625
0 0.411720302734375 0.349290251953125 0.227075763671875 0.36076942578125 0.22261362109375 0.392519205078125 0.21581373046875 0.4500702578125 0.218412548828125 0.4509651015625 0.21913537890625 0.451066689453125 0.39625592578125 0.435707830078125 0.41094012109375 0.354841533203125 0.411720302734375 0.349290251953125
0 0.321243173828125 0.307363203125 0.415098865234375 0.32903149609375 0.41554292578125 0.32774185546875 0.415711669921875 0.32701094140625 0.420977591796875 0.145526294921875 0.333743439453125 0.11896969140625 0.3323713671875 0.12295448046875 0.321243173828125 0.307363203125
0 0.279236712890625 0.4836065546875 0.188050486328125 0.47970182421875 0.18734484765625 0.481751146484375 0.187204564453125 0.48375728515625 0.221205806640625 0.66542637109375 0.25602880078125 0.66786143359375 0.31675397265625 0.6698704453125 0.279236712890625 0.4836065546875
0 0.34295929296875 0.5514303203125 0.39221223828125 0.470524361328125 0.39134787890625 0.4700647734375 0.20859190625 0.42891537890625 0.169427 0.50425644921875 0.170490794921875 0.504822078125 0.32342487109375 0.54647774609375 0.34295929296875 0.5514303203125
0 1 0.185135861328125 0.999527841796875 0.184975509765625 0.96619690234375 0.24510612109375 0.964285568359375 0.25065703515625 0.9697443515625 0.25368288671875 1 0.265017369140625 1 0.185135861328125
0 1 0.25180413671875 0.98274792578125 0.244827701171875 0.97663551171875 0.24272302734375 0.95655843359375 0.339454435546875 1 0.357005966796875 1 0.25180413671875
0 0 0.85575101171875 0.0619590390625 0.8746937890625 0.06524992578125 0.86513636328125 0.0837309375 0.78701939453125 0 0.78577771875 0 0.85575101171875
0 1 0.346975498046875 0.937509875 0.33952165234375 0.91601193359375 0.39565315234375 0.91138632421875 0.40908689453125 1 0.423189005859375 1 0.346975498046875
0 0.979350296875 0.51632563671875 0.990903177734375 0.41368596484375 0.920535240234375 0.38731581640625 0.91938294140625 0.39066233984375 0.910639220703125 0.4904415078125 0.96379093359375 0.5109681171875 0.979350296875 0.51632563671875
0 0.96813409375 0.580230568359375 0.957465935546875 0.477330353515625 0.8816422890625 0.46667403515625 0.880839904296875 0.46900432421875 0.889957884765625 0.5637956171875 0.968020556640625 0.58056030859375 0.96813409375 0.580230568359375
0 0 0.715034220703125 0.004675140625 0.738700150390625 0.09140296875 0.747815611328125 0.0616031015625 0.56554222265625 0 0.55857262890625 0 0.715034220703125
0 0.0236309609375 0.64447469140625 0.082039701171875 0.671620876953125 0.08289659765625 0.670009291015625 0.123492755859375 0.4933266015625 0.040333978515625 0.450797150390625 0.0007723125 0.632320533203125 0.0236309609375 0.64447469140625
0 0 0.84507880859375 0.03366162890625 0.856669435546875 0.04423090625 0.654846224609375 0 0.64080551953125 0 0.84507880859375
0 0 0.50374909375 0.159204416015625 0.535619900390625 0.20110473046875 0.447003009765625 0.014495900390625 0.419389169921875 0 0.449145859375 0 0.50374909375
0 0.192744515625 0 0.14185221484375 0.172633109375 0.21602750390625 0.207221615234375 0.232038078125 0.212734498046875 0.27748261328125 0.02514298046875 0.22435973828125 0 0.192744515625 0
0 0.09734801171875 0.141114373046875 0.073717916015625 0.23588951171875 0.0751803828125 0.23639308203125 0.26707551171875 0.241876771484375 0.271343287109375 0.224759662109375 0.28967671484375 0.14995445703125 0.28823019921875 0.149456380859375 0.09734801171875 0.141114373046875
0 0.21078912109375 0.38663226171875 0.18350666796875 0.19701382421875 0.09050375390625 0.18708182421875 0.088053125 0.19419896875 0.111099779296875 0.37791057421875 0.21078912109375 0.38663226171875
0 0.01364237890625 0.43333811328125 0.20810324609375 0.418371357421875 0.221054560546875 0.3256003046875 0.02740313671875 0.33674420703125 0.02138917578125 0.354210015625 0.009104021484375 0.431775431640625 0.01364237890625 0.43333811328125
0 0.14888662890625 0 0.1461797734375 0.02575401171875 0.14384074609375 0.055120732421875 0.149259748046875 0.05698664453125 0.157896521484375 0.05789440625 0.334522201171875 0.05612109765625 0.34288288671875 0 0.14888662890625 0
0 0.852833705078125 0.87432783203125 0.8598106015625 0.761229083984375 0.795238615234375 0.739902302734375 0.79310246484375 0.745771328125 0.784067798828125 0.85016566796875 0.808716455078125 0.85913704296875 0.852833705078125 0.87432783203125
0 0.86383068359375 0.542399203125 0.86401543359375 0.634411271484375 0.8801099609375 0.63934077734375 0.929484990234375 0.65349883984375 0.93469947265625 0.5575355625 0.865099189453125 0.538715197265625 0.86383068359375 0.542399203125
0 0.726748083984375 0.892522955078125 0.838673068359375 0.9105721640625 0.872520630859375 0.859072142578125 0.76290507421875 0.82901666796875 0.760629953125 0.83265701953125 0.7295523046875 0.88437891015625 0.726748083984375 0.892522955078125
0 0.911411837890625 0.700258404296875 0.804242892578125 0.69968880859375 0.787109935546875 0.76741817578125 0.79703133984375 0.770834388671875 0.887634248046875 0.771647685546875 0.911411837890625 0.700258404296875
0 0.851514759765625 0.60033604296875 0.82689239453125 0.69152096484375 0.84010507421875 0.700060287109375 0.883926427734375 0.7263908125 0.89082941796875 0.728767703125 0.91328798828125 0.634491470703125 0.853774888671875 0.597026478515625 0.85354989453125 0.5969490078125 0.851514759765625 0.60033604296875
0 0.784666251953125 1 0.789289400390625 0.967604703125 0.73334158984375 0.933987869140625 0.729424853515625 0.932639228515625 0.7282474453125 0.934598767578125 0.71932577734375 1 0.784666251953125 1
0 0.78543752734375 0.88633865234375 0.724071630859375 0.88109873046875 0.722841787109375 0.884670455078125 0.7477045390625 0.99288783984375 0.78249289453125 0.99654424609375 0.82179157421875 0.99900784375 0.79375286328125 0.91098408203125 0.78543752734375 0.88633865234375