0 0.31744237890625 0 0.350136037109375 0.096133283203125 0.414340509765625 0.0972316953125 0.4157056953125 0.090208423828125 0.387596015625 0 0.31744237890625 0
0 0.3045642734375 0.0555047109375 0.33358376171875 0.17047605859375 0.4008058671875 0.1750502109375 0.4011428359375 0.173316654296875 0.371998431640625 0.060099931640625 0.3045642734375 0.0555047109375
0 0.36389369140625 0.303226916015625 0.25268776953125 0.340823431640625 0.257823115234375 0.417594919921875 0.365131646484375 0.380375744140625 0.3645276796875 0.3077865859375 0.364371697265625 0.30331983203125 0.36389369140625 0.303226916015625
0 0.38130162109375 0.33271258203125 0.38130162109375 0.331053912109375 0.34694158984375 0.223818779296875 0.270764392578125 0.22381877734375 0.30309984765625 0.329912060546875 0.38084453515625 0.33506407421875 0.38130162109375 0.33271258203125
0 0.27802772265625 0.24900189453125 0.39713897265625 0.225264216796875 0.405493966796875 0.145771728515625 0.4032273515625 0.145331142578125 0.28585848828125 0.1704503203125 0.27802772265625 0.24900189453125
0 0.237923357421875 0.486163376953125 0.354046947265625 0.4615144296875 0.35569040234375 0.38440308984375 0.351428529296875 0.383574666015625 0.2418940546875 0.410397990234375 0.237923357421875 0.486163376953125
0 0.3399646796875 0.56993916015625 0.30837405859375 0.456639375 0.296063078125 0.45685426171875 0.226265666015625 0.459638130859375 0.258297431640625 0.57561087890625 0.339605771484375 0.571785578125 0.3399646796875 0.56993916015625
0 0.27860202734375 0.91018909765625 0.2786229453125 0.9098899296875 0.26558922265625 0.77427703125 0.1825036484375 0.769016740234375 0.198055923828125 0.90816104296875 0.27776465625 0.9144969921875 0.27860202734375 0.91018909765625
0 0.2771878125 0.689396642578125 0.192300384765625 0.690878357421875 0.192150537109375 0.691649251953125 0.21885411328125 0.828662310546875 0.303995751953125 0.828682609375 0.3049680859375 0.823680380859375 0.304948619140625 0.82256512890625 0.2771878125 0.689396642578125
0 0.208285455078125 0.65042924609375 0.35098699609375 0.625547388671875 0.355039228515625 0.548226232421875 0.3479890234375 0.546855810546875 0.21004163671875 0.572619681640625 0.208285455078125 0.65042924609375
0 0.212607521484375 0.627897888671875 0.1797985625 0.6945996328125 0.31810725390625 0.731281837890625 0.35082919921875 0.65681454296875 0.3466831484375 0.65488120703125 0.212607521484375 0.627897888671875
0 0.583174671875 0.07884873828125 0.5845052265625 0.073447111328125 0.58821169140625 0.054378998046875 0.585622455078125 0.05368521484375 0.432835833984375 0.05869362109375 0.41027004296875 0.14048154296875 0.5695398671875 0.129734521484375 0.583174671875 0.07884873828125
0 0.43907576171875 0 0.43188830859375 0.07768200390625 0.43387701171875 0.0780685703125 0.5935922265625 0.035893904296875 0.5971178671875 0.013124919921875 0.59730491796875 0.0095558125 0.5481445234375 0 0.43907576171875 0
0 0.474895947265625 0.510204021484375 0.48848303515625 0.36394567578125 0.443947708984375 0.34861093359375 0.407405169921875 0.337523509765625 0.40178134765625 0.48849716796875 0.474177087890625 0.51229173828125 0.474895947265625 0.510204021484375
0 0.430527830078125 0.10694269140625 0.47024348046875 0.25570822265625 0.546037541015625 0.25496856640625 0.547466310546875 0.24761818359375 0.51321252734375 0.11252024609375 0.430527830078125 0.10694269140625
0 0.530007763671875 0.292539111328125 0.38804909765625 0.32006938671875 0.3777472890625 0.39631818359375 0.523283673828125 0.374071021484375 0.539103005859375 0.294450373046875 0.5391201953125 0.29431038671875 0.530007763671875 0.292539111328125
0 0.55806678125 0.21764994140625 0.55719833984375 0.217449447265625 0.406518828125 0.23405405859375 0.3907869609375 0.3086645390625 0.54179677734375 0.2965242890625 0.54773417578125 0.2708065859375 0.55806678125 0.21764994140625
0 0.37585182421875 0.4310105078125 0.377876873046875 0.450312705078125 0.40032905078125 0.582508158203125 0.48052940625 0.583789890625 0.4813343671875 0.57964872265625 0.454627091796875 0.433755671875 0.404193607421875 0.43022901953125 0.37599702734375 0.4289340078125 0.37585182421875 0.4310105078125
0 0.42284498828125 0.9586290234375 0.42374955859375 0.878339390625 0.415427849609375 0.876721814453125 0.41359229296875 0.876753853515625 0.279071673828125 0.89237395703125 0.28126062890625 0.966839720703125 0.31965882421875 0.97430357421875 0.42284498828125 0.9586290234375
0 0.31795555859375 0.796695541015625 0.2945838046875 0.87710287890625 0.294457693359375 0.877751658203125 0.42982136328125 0.891410923828125 0.43455605859375 0.87242108984375 0.4490556015625 0.80762876953125 0.445113138671875 0.8066458046875 0.31795555859375 0.796695541015625
0 0.487718724609375 0.645069857421875 0.357903265625 0.620709228515625 0.326713734375 0.701252546875 0.3276983515625 0.701650357421875 0.456889322265625 0.72182228125 0.48755128515625 0.64593126171875 0.487718724609375 0.645069857421875
0 0.33752430859375 0.708540896484375 0.31119870703125 0.783437794921875 0.31055392578125 0.78675490625 0.443893140625 0.80806480859375 0.45489477734375 0.778475009765625 0.47072244921875 0.73250811328125 0.47176006640625 0.72717003515625 0.33752430859375 0.708540896484375
0 0.454814236328125 0.53318418359375 0.39681530078125 0.51336956640625 0.392157416015625 0.51246416796875 0.3781794375 0.64105803125 0.456229771484375 0.66924980078125 0.457236755859375 0.66632530859375 0.46731428515625 0.537488296875 0.454814236328125 0.53318418359375
0 0.747317765625 0.19700560546875 0.810955634765625 0.22617723828125 0.811903978515625 0.226361576171875 0.813945177734375 0.221309431640625 0.834788978515625 0.061648482421875 0.806501064453125 0.050219423828125 0.757597337890625 0.04071350390625 0.747317765625 0.19700560546875
0 0.735315435546875 0.86261533203125 0.74277406640625 0.801869671875 0.73921324609375 0.80117751953125 0.73870861328125 0.80111555859375 0.5567890234375 0.81063030078125 0.54262033984375 0.899605146484375 0.7309361796875 0.895423923828125 0.735315435546875 0.86261533203125
0 0.862156091796875 0.2024953515625 0.862999431640625 0.14397232421875 0.8575639140625 0.14291576953125 0.67850264453125 0.181799166015625 0.672964484375 0.25506554296875 0.67499667578125 0.2554605625 0.86117495703125 0.22121651953125 0.862156091796875 0.2024953515625
0 0.584303091796875 0.71893054296875 0.770951560546875 0.700660822265625 0.778890193359375 0.60992183203125 0.77197280859375 0.608577228515625 0.5875729453125 0.63098629296875 0.584303091796875 0.71893054296875
0 0.66643868359375 1 0.68117378125 0.862429091796875 0.62819118359375 0.84823244921875 0.59233055859375 0.8395686484375 0.57058762890625 1 0.66643868359375 1
0 0.677263791015625 0.2431674296875 0.63983525390625 0.321071921875 0.63974242578125 0.32154948828125 0.828631193359375 0.355198240234375 0.8619950390625 0.283649240234375 0.8626579921875 0.28023864453125 0.856430083984375 0.2773345234375 0.677263791015625 0.2431674296875
0 0.619365076171875 0.530201609375 0.5991113984375 0.604277357421875 0.59703532421875 0.6149578359375 0.78137014453125 0.619599875 0.788582482421875 0.5883598125 0.800479125 0.53110680078125 0.79715023828125 0.530338267578125 0.619365076171875 0.530201609375
0 0.755218421875 0.69764170703125 0.571823896484375 0.718688169921875 0.567261732421875 0.81532233203125 0.56759119140625 0.81533959765625 0.74907399609375 0.788741232421875 0.760035662109375 0.69857808203125 0.755218421875 0.69764170703125
0 0.826443755859375 0.41121275390625 0.843157095703125 0.350749720703125 0.83883776953125 0.349429169921875 0.653302025390625 0.34165568359375 0.62879044140625 0.43381023828125 0.817908 0.439131951171875 0.826443755859375 0.41121275390625
0 0.638487541015625 0.44313655859375 0.61987637890625 0.53600879296875 0.620845798828125 0.53614503515625 0.80665416015625 0.512306595703125 0.81768897265625 0.42811395703125 0.816495873046875 0.427946279296875 0.658537771484375 0.44110929296875 0.638487541015625 0.44313655859375
0 0 0.88381195703125 0.03618625390625 0.90024782421875 0.06127594140625 0.805006595703125 0 0.776433154296875 0 0.88381195703125
0 0 0.80764740234375 0.069024767578125 0.81736975 0.069661626953125 0.8140933984375 0.065861603515625 0.7184176328125 0 0.70916138671875 0 0.80764740234375
0 1 0.10012165625 0.87402540234375 0.134231125 0.87264643359375 0.17127454296875 1 0.1734975078125 1 0.10012165625
0 0.086578048828125 0.73525476953125 0.077800689453125 0.63876821484375 0.035085033203125 0.632035990234375 0.004325984375 0.62771308984375 0.009551546875 0.72885163671875 0.08528344921875 0.741914908203125 0.086578048828125 0.73525476953125
0 0.112510634765625 0.65097608203125 0.0849353359375 0.5583463984375 0.0346623359375 0.56050328515625 0.00919074609375 0.56228443359375 0.04104275390625 0.660361876953125 0.11113437890625 0.65805630859375 0.112510634765625 0.65097608203125
0 0.02525581640625 0.48570190234375 0.05014109765625 0.58611598046875 0.12670990625 0.58611598046875 0.12718016796875 0.583696697265625 0.10495852734375 0.49109688671875 0.025322361328125 0.4853595703125 0.02525581640625 0.48570190234375
0 1 0.351185150390625 0.969621685546875 0.197407732421875 0.88289385546875 0.188292271484375 0.912693724609375 0.37056566015625 1 0.38044323046875 1 0.351185150390625
0 1 0.30715810546875 0.835280529296875 0.359742861328125 0.83535572265625 0.36189609375 0.84316406640625 0.44985905859375 1 0.401730390625 1 0.30715810546875
0 1 0.1003246640625 0.93836884765625 0.0838106484375 0.91794788671875 0.07984121484375 0.924992322265625 0.281343966796875 1 0.298126080078125 1 0.1003246640625
0 0.85501715234375 0.368516255859375 0.87028021484375 0.554972904296875 0.963857205078125 0.570306740234375 0.96568970703125 0.560879333984375 0.9421212890625 0.38383262109375 0.85501715234375 0.368516255859375
0 0.921667689453125 0.90811669140625 0.94462366015625 0.833031087890625 0.94669280859375 0.822386248046875 0.756526166015625 0.794218275390625 0.7290537734375 0.889170634765625 0.921667689453125 0.90811669140625
0 0.76441968359375 0.7423657421875 0.75801081640625 0.819157099609375 0.75897054296875 0.81934365234375 0.75948012109375 0.819388234375 0.949357796875 0.79776236328125 0.957873818359375 0.70042379296875 0.95660975 0.70017808203125 0.95650342578125 0.70016878125 0.765957208984375 0.72479174609375 0.76441968359375 0.7423657421875
0 0.82941580078125 0.567703234375 0.808443439453125 0.567337162109375 0.8080623828125 0.5692975234375 0.84507305078125 0.75706783203125 0.943139244140625 0.758779583984375 0.944087638671875 0.753900509765625 0.90446577734375 0.570449486328125 0.82941580078125 0.567703234375
0 0.953068642578125 0.66675316796875 0.934816873046875 0.473709716796875 0.90143763671875 0.4690185703125 0.841774251953125 0.46174840234375 0.856563892578125 0.65874219140625 0.9520181640625 0.672157416015625 0.953068642578125 0.66675316796875
0 0.872121142578125 1 0.86479398046875 0.860322037109375 0.84026153125 0.858175728515625 0.767253955078125 0.853641408203125 0.7712787890625 1 0.872121142578125 1
0 0.194684294921875 0.23605869921875 0.201487642578125 0.207227529296875 0.195353189453125 0.20558380859375 0.09001423046875 0.205682607421875 0.072381142578125 0.276297703125 0.18467441796875 0.27341607421875 0.194684294921875 0.23605869921875
0 0.105262162109375 0.41504567578125 0.073506984375 0.402772451171875 0.068078275390625 0.40171721875 0.058334392578125 0.496249544921875 0.119713560546875 0.5223401484375 0.122522693359375 0.51538730078125 0.136584001953125 0.427700521484375 0.105262162109375 0.41504567578125
0 0.116459001953125 0.103914724609375 0.13005303515625 0.21725722265625 0.18776550390625 0.235248427734375 0.188837064453125 0.2312493125 0.187570150390625 0.122411265625 0.124038765625 0.10538808203125 0.116459001953125 0.103914724609375
0 0.096694513671875 0.36351739453125 0.168948328125 0.3688181328125 0.16935903125 0.36670525 0.169385591796875 0.366488927734375 0.153079416015625 0.268897412109375 0.136659638671875 0.266466501953125 0.078901533203125 0.259374697265625 0.096694513671875 0.36351739453125
0 0.056280556640625 0.435308798828125 0.153915205078125 0.41526605859375 0.1615242734375 0.354961681640625 0.16254319140625 0.345267330078125 0.159613103515625 0.34469777734375 0.065716578125 0.361066767578125 0.056375158203125 0.4286076328125 0.055677498046875 0.4352454140625 0.056280556640625 0.435308798828125
0 0.145852359375 0 0.152814078125 0.076026251953125 0.21890894921875 0.101148474609375 0.219455900390625 0.09946512890625 0.21096696875 0 0.145852359375 0
0 0.1136657890625 0.10404918359375 0.1166452265625 0.15871911328125 0.225130423828125 0.117207875 0.2249199296875 0.111180130859375 0.219786259765625 0.044657556640625 0.21696326953125 0.04475613671875 0.13642775390625 0.083460802734375 0.1133511484375 0.095039048828125 0.1136657890625 0.10404918359375