0 0.2394710390625 0.86866812890625 0.156524576171875 0.78634906640625 0.15606441796875 0.7862343359375 0.126570640625 0.85069819921875 0.20590818359375 0.925481623046875 0.207571443359375 0.92629284765625 0.2120541953125 0.927410525390625 0.2394710390625 0.86866812890625
0 0.14589458203125 0.77945807421875 0.23425677734375 0.85403989453125 0.23700273046875 0.85472453515625 0.26193987109375 0.793316908203125 0.17155230078125 0.71629378515625 0.14589458203125 0.77945807421875
0 0.1953973125 0.574421076171875 0.19967615234375 0.57641633203125 0.266258837890625 0.6053351328125 0.341494724609375 0.5221538046875 0.34183483984375 0.5207896796875 0.2737860625 0.4863756796875 0.1953973125 0.574421076171875
0 0.17962078125 0.6620626953125 0.204688984375 0.67020784765625 0.25578626171875 0.683145650390625 0.31661243359375 0.5961164453125 0.318205064453125 0.58972875390625 0.24806616796875 0.567043345703125 0.17962078125 0.6620626953125
0 0.151452126953125 0.735383869140625 0.164843380859375 0.74171719140625 0.22460499609375 0.769584490234375 0.302884951171875 0.68346784765625 0.30431430859375 0.67773501171875 0.260957470703125 0.657233830078125 0.235486251953125 0.645356404296875 0.15150797265625 0.73515988671875 0.151452126953125 0.735383869140625
0 0.341866740234375 0.5281724609375 0.34439766796875 0.5281724609375 0.346827140625 0.449954494140625 0.23215272265625 0.419261890625 0.23215272265625 0.495131251953125 0.341866740234375 0.5281724609375
0 0.24075312109375 0.43364828515625 0.3074517265625 0.454402193359375 0.319287603515625 0.457796078125 0.37710481640625 0.359953443359375 0.378486712890625 0.354410962890625 0.30170938671875 0.32991764453125 0.24075312109375 0.43364828515625
0 0.35512132421875 0.00332222265625 0.35296391796875 0.002784322265625 0.32609442578125 0.078850458984375 0.44371628515625 0.147796796875 0.446374224609375 0.14845949609375 0.47460537890625 0.07089503515625 0.35512132421875 0.00332222265625
0 0.4029287890625 0.231196013671875 0.44445741796875 0.10165883203125 0.445077876953125 0.09660559765625 0.437927662109375 0.094822849609375 0.359471875 0.086595724609375 0.318708216796875 0.2196901484375 0.32791359375 0.221985306640625 0.4029287890625 0.231196013671875
0 0.268022482421875 0.31034022265625 0.381941048828125 0.39487891015625 0.3874696796875 0.3962573515625 0.4179053125 0.3245554921875 0.300553505859375 0.23963558984375 0.268022482421875 0.31034022265625
0 0.41290951171875 0.307897234375 0.417366921875 0.30892630859375 0.43742832421875 0.230099638671875 0.305855765625 0.17385427734375 0.290643884765625 0.246615181640625 0.41290951171875 0.307897234375
0 0.28927037890625 0.93879284375 0.341083396484375 0.940602193359375 0.39692383203125 0.79406584765625 0.39701720703125 0.791392 0.313121376953125 0.7890844921875 0.26261331640625 0.93679566015625 0.26531577734375 0.9374694609375 0.28927037890625 0.93879284375
0 0.24471596875 0.87156001953125 0.244273859375 0.87333322265625 0.24353838671875 0.90850304296875 0.390152208984375 0.97622323828125 0.39246572265625 0.97650730078125 0.3952026796875 0.96552996484375 0.3992613828125 0.93247448828125 0.40253569140625 0.892765505859375 0.267218873046875 0.874323029296875 0.24471596875 0.87156001953125
0 0.327502220703125 0.576809287109375 0.360193515625 0.59654675 0.401389396484375 0.619382 0.50014570703125 0.512332990234375 0.501005626953125 0.50888404296875 0.43593444140625 0.471608875 0.327502220703125 0.576809287109375
0 0.30412857421875 0.707194072265625 0.303049541015625 0.70700380859375 0.283258626953125 0.7832051484375 0.415924537109375 0.8565843515625 0.420782263671875 0.8371010703125 0.431620697265625 0.775633265625 0.30412857421875 0.707194072265625
0 0.41845557421875 0.55303853515625 0.30787612890625 0.659916302734375 0.317324548828125 0.664940115234375 0.3851237578125 0.69479027734375 0.48261213671875 0.592742923828125 0.48394110546875 0.59024349609375 0.484691578125 0.587233513671875 0.41845557421875 0.55303853515625
0 0.31370109765625 0.632519578125 0.30296593359375 0.708011111328125 0.43887924609375 0.77514976953125 0.44099469921875 0.775409513671875 0.442284623046875 0.770235908203125 0.45145169921875 0.69557608203125 0.31370109765625 0.632519578125
0 0.481404337890625 0.534011591796875 0.49491726953125 0.537380744140625 0.51599498828125 0.469999564453125 0.51747204296875 0.464848470703125 0.386130650390625 0.38787182421875 0.38476869921875 0.38753225390625 0.358936517578125 0.46219690234375 0.3582762578125 0.464499494140625 0.47470630078125 0.53074630859375 0.481404337890625 0.534011591796875
0 0.486151294921875 0 0.4674641640625 0.06655403515625 0.583191158203125 0.110106767578125 0.6043966640625 0.11539389453125 0.62299534765625 0.037048939453125 0.5341549765625 0 0.486151294921875 0
0 0.49615921484375 0.198339408203125 0.550891 0.204858607421875 0.591309623046875 0.084239478515625 0.5919971796875 0.079898421875 0.50755576171875 0.064422001953125 0.4678294921875 0.19245690625 0.483174328125 0.196282802734375 0.49615921484375 0.198339408203125
0 0.49317341796875 0.232269166015625 0.408316849609375 0.33567926953125 0.41128774609375 0.33725892578125 0.48202553125 0.37371333203125 0.563955123046875 0.2798799296875 0.56506413671875 0.277794181640625 0.566368828125 0.27256134375 0.49317341796875 0.232269166015625
0 0.535459015625 0.2892352109375 0.56776586328125 0.160606765625 0.567994806640625 0.15623823828125 0.566978068359375 0.15598473828125 0.482952791015625 0.15363093359375 0.45309411328125 0.28379265625 0.4588121328125 0.285218318359375 0.535459015625 0.2892352109375
0 0.537594634765625 0.33998108984375 0.538430736328125 0.33635953515625 0.461980662109375 0.318515724609375 0.401213681640625 0.435111458984375 0.429760224609375 0.442228912109375 0.48267251953125 0.45361124609375 0.537594634765625 0.33998108984375
0 0.68559732421875 1 0.687314255859375 0.950833453125 0.50722958984375 0.897277638671875 0.50719101953125 0.89743233984375 0.5079816796875 0.969710107421875 0.59014348046875 1 0.68559732421875 1
0 0.86900355078125 0.26131486328125 0.87554431640625 0.228867982421875 0.69884946484375 0.16360491796875 0.683278841796875 0.25234516015625 0.852189498046875 0.32056875390625 0.85536344921875 0.32124339453125 0.86147875 0.296716263671875 0.86900355078125 0.26131486328125
0 0.5222464375 0.9417360703125 0.59169566796875 0.978934484375 0.59222236328125 0.97919137109375 0.711345091796875 0.834282517578125 0.712426755859375 0.829944201171875 0.64675459765625 0.799769947265625 0.5222464375 0.9417360703125
0 0.642569509765625 0.495061748046875 0.70801126953125 0.520013146484375 0.72525912109375 0.525617314453125 0.81658313671875 0.36698490234375 0.81893637109375 0.35754659765625 0.73253626171875 0.329985767578125 0.642569509765625 0.495061748046875
0 0.879518453125 0.214988951171875 0.90005224609375 0.14782594140625 0.73506665625 0.06776160546875 0.70217319140625 0.15851819140625 0.862157197265625 0.2306927265625 0.87100016796875 0.233396294921875 0.873205673828125 0.233946189453125 0.879518453125 0.214988951171875
0 0.549774765625 0.788191158203125 0.713425599609375 0.868729072265625 0.72011572265625 0.8701511015625 0.726165212890625 0.845887919921875 0.73808397265625 0.789814552734375 0.566942673828125 0.70299241796875 0.56651330859375 0.704714509765625 0.549774765625 0.788191158203125
0 0.801614533203125 0.527894703125 0.803292517578125 0.49587683984375 0.62423074609375 0.44937673046875 0.623937359375 0.45497488671875 0.622921748046875 0.53715731640625 0.793857484375 0.586030185546875 0.79726925 0.58620898828125 0.801614533203125 0.527894703125
0 0.6660726875 0.26962591015625 0.66574298046875 0.269614396484375 0.661865560546875 0.366278455078125 0.846026525390625 0.40390262890625 0.8474551796875 0.39817260546875 0.8445466953125 0.311940330078125 0.6660726875 0.26962591015625
0 0.572539013671875 0.70124048046875 0.738274173828125 0.78346936328125 0.743046482421875 0.7843970078125 0.75720439453125 0.72358170703125 0.76328596875 0.6922947109375 0.592719888671875 0.610570017578125 0.572539013671875 0.70124048046875
0 0.78188208984375 0.674089302734375 0.77650316015625 0.58169158203125 0.75693019921875 0.576893591796875 0.60137430859375 0.54165612109375 0.601138484375 0.541656119140625 0.600346517578125 0.626784189453125 0.78022885546875 0.676031119140625 0.781397939453125 0.67603112109375 0.78188208984375 0.674089302734375
0 0.14759018359375 0 0.1388328828125 0.01275966015625 0.206769916015625 0.045894767578125 0.24041112109375 0 0.14759018359375 0
0 0.231389740234375 0.0196862890625 0.2313082734375 0.015019119140625 0.153678166015625 0.0155985390625 0.1379648828125 0.11182275390625 0.142319228515625 0.112908416015625 0.214642890625 0.111646 0.231389740234375 0.0196862890625
0 0.8179567421875 1 0.82083761328125 0.94502968359375 0.784982939453125 0.943860240234375 0.76548748046875 1 0.8179567421875 1
0 0.12758074609375 0.082137484375 0.112054876953125 0.15490901171875 0.204070244140625 0.20018194921875 0.20435960546875 0.20024875390625 0.209406078125 0.1800084609375 0.220613298828125 0.1234759609375 0.12758074609375 0.082137484375
0 0.08806337890625 0.250782498046875 0.11260803125 0.257820564453125 0.16133400390625 0.270382662109375 0.205460421875 0.189374927734375 0.20819122265625 0.178422287109375 0.139610791015625 0.1614706875 0.08806337890625 0.250782498046875
0 0.074876216796875 0.295570044921875 0.15427398046875 0.350997802734375 0.160726365234375 0.352606564453125 0.1832289921875 0.27844536328125 0.10269260546875 0.223105869140625 0.074876216796875 0.295570044921875
0 0.875433353515625 0.972034490234375 0.87812412109375 0.972705375 0.899051212890625 0.88877140234375 0.74023473828125 0.792684380859375 0.71826262109375 0.883887990234375 0.875433353515625 0.972034490234375
0 0.92737851171875 0.78057685546875 0.75796614453125 0.711923978515625 0.74252103515625 0.79887167578125 0.742258462890625 0.80101016015625 0.911406314453125 0.871783833984375 0.914987203125 0.87222351171875 0.92474411328125 0.802032318359375 0.92737851171875 0.78057685546875
0 0.883803490234375 1 0.8867217734375 0.98773934375 0.887982037109375 0.9812558515625 0.708499962890625 0.88581463671875 0.708174470703125 0.885751365234375 0.705468517578125 0.89660434765625 0.704443822265625 0.9018759453125 0.691204158203125 0.97636822265625 0.737382876953125 1 0.883803490234375 1
0 0.87684727734375 0.790597857421875 0.92903282421875 0.6153507734375 0.929122505859375 0.61021292578125 0.92754448828125 0.60981948046875 0.83266292578125 0.61032617578125 0.78869101953125 0.79098415234375 0.792862095703125 0.7920241171875 0.87684727734375 0.790597857421875
0 1 0.230117828125 0.93543062109375 0.22120017578125 0.883999701171875 0.405722490234375 0.899320208984375 0.409542322265625 0.972276630859375 0.41850024609375 1 0.335074654296875 1 0.230117828125
0 1 0.322513958984375 0.983814193359375 0.3221083828125 0.9060335234375 0.32075071484375 0.864452943359375 0.50834531640625 0.864446060546875 0.508739583984375 0.86551134375 0.509005189453125 0.897866177734375 0.509699453125 0.959436591796875 0.51077416796875 1 0.34001949609375 1 0.322513958984375
0 0.982638626953125 0.427283650390625 0.98288208984375 0.420311810546875 0.887462537109375 0.418805591796875 0.8377527734375 0.601924896484375 0.846043283203125 0.603991951171875 0.937283947265625 0.607178146484375 0.982638626953125 0.427283650390625
0 0.83465791015625 0.5029228984375 0.834325912109375 0.50284012109375 0.79034438671875 0.58537453515625 0.940031931640625 0.71277364453125 0.943260162109375 0.71357853515625 0.9800660859375 0.64134283984375 0.984090076171875 0.625203498046875 0.83465791015625 0.5029228984375
0 1 0.12883425390625 0.95088284765625 0.12666687890625 0.91257323046875 0.3137073203125 0.98525903515625 0.321919521484375 1 0.3232091875 1 0.12883425390625
0 0 0.615193755859375 0.02232152734375 0.62454144140625 0.059306576171875 0.638738671875 0.124188453125 0.554091169921875 0.1255180703125 0.54875836328125 0.060131115234375 0.5223674609375 0 0.60496780859375 0 0.615193755859375
0 0.11960780078125 0.313801123046875 0.05275320703125 0.382753478515625 0.0875666171875 0.40194672265625 0.117394080078125 0.417806265625 0.175527615234375 0.350670703125 0.177390958984375 0.347166263671875 0.17826712890625 0.34365213671875 0.11960780078125 0.313801123046875
0 0 0.645723447265625 0.07113676171875 0.72158048046875 0.0726328359375 0.7219534921875 0.101617048828125 0.65979665234375 0.10336280078125 0.65587483203125 0.017149443359375 0.581806224609375 0 0.62283199609375 0 0.645723447265625
0 0.14272872265625 0.4695751953125 0.0695634375 0.4545849140625 0.0201949296875 0.54189430078125 0.01996128515625 0.542906322265625 0.069143552734375 0.55682733984375 0.09073930859375 0.56181311328125 0.142312091796875 0.471379822265625 0.14272872265625 0.4695751953125
0 0.144154400390625 0.45643041796875 0.149315779296875 0.420280078125 0.060574720703125 0.377210791015625 0.049594466796875 0.4480689453125 0.13548083203125 0.492970568359375 0.136176287109375 0.4930931953125 0.14134541796875 0.472360943359375 0.144154400390625 0.45643041796875
0 0 0.83922255078125 0.006183216796875 0.84137438671875 0.082775666015625 0.76539965625 0.08424309375 0.75951412890625 0.021889154296875 0.734321501953125 0 0.756303970703125 0 0.83922255078125
0 0 0.77189673046875 0.032320591796875 0.77643909375 0.045511423828125 0.75584828515625 0.093994841796875 0.677250421875 0.093999119140625 0.677219990234375 0.021341171875 0.66386788671875 0 0.705862646484375 0 0.77189673046875
0 0 0.890242 0.04180503515625 0.890971708984375 0.04239585546875 0.88860205078125 0.04403503515625 0.794693630859375 0.00231530078125 0.796416078125 0 0.801868548828125 0 0.890242