0 0.02788239453125 0.274693123046875 0.06082928515625 0.337754271484375 0.13968758984375 0.250839072265625 0.118146109375 0.210359322265625 0.10726565234375 0.19360488671875 0.103197345703125 0.195859982421875 0.02788239453125 0.274693123046875
0 0.20243583984375 0.340154123046875 0.201955912109375 0.339415099609375 0.10610798046875 0.2708851171875 0.05149666796875 0.310710814453125 0.147629044921875 0.380130607421875 0.20243583984375 0.340154123046875
0 0.33990899609375 0.555600568359375 0.339327587890625 0.55440850390625 0.26261941796875 0.472518705078125 0.200195490234375 0.5009362890625 0.193111951171875 0.50553639453125 0.272221626953125 0.591328669921875 0.33990899609375 0.555600568359375
0 0.227145779296875 0.384691982421875 0.225418154296875 0.3861416328125 0.16667255078125 0.476430521484375 0.213670759765625 0.540625107421875 0.21392961328125 0.54045700390625 0.276141048828125 0.441795369140625 0.2278447421875 0.3842380703125 0.227145779296875 0.384691982421875
0 0.16735698828125 0.47420434765625 0.167396544921875 0.47417344140625 0.235132435546875 0.373447193359375 0.187093236328125 0.31195982421875 0.1848300703125 0.313429541015625 0.117300646484375 0.410848328125 0.16735698828125 0.47420434765625
0 0.38255830078125 0.618814412109375 0.381797634765625 0.6172548125 0.30344596484375 0.53252433984375 0.24646472265625 0.560315947265625 0.236261640625 0.566941904296875 0.313111318359375 0.6553972109375 0.38255830078125 0.618814412109375
0 0.3224321484375 0.6112020859375 0.275046416015625 0.66252480078125 0.37970141015625 0.721880037109375 0.43505500390625 0.661060884765625 0.43502719921875 0.66101806640625 0.330985376953125 0.60234495703125 0.3224321484375 0.6112020859375
0 0.57239933203125 1 0.627880283203125 0.949379154296875 0.62463657421875 0.94438428515625 0.518466998046875 0.86255634765625 0.4663502734375 0.908592708984375 0.45764177734375 0.916433875 0.5626605 1 0.57239933203125 1
0 0.49036702734375 0.949665826171875 0.491640080078125 0.948839095703125 0.492603640625 0.947841298828125 0.569937201171875 0.8330661171875 0.51095105078125 0.774051833984375 0.50874285546875 0.77191940234375 0.50746980078125 0.7727461328125 0.506650626953125 0.7735944140625 0.430051791015625 0.8905403203125 0.484909583984375 0.94439563671875 0.49036702734375 0.949665826171875
0 0.43183843359375 0.635554953125 0.426935111328125 0.63873920703125 0.34084833984375 0.751250615234375 0.391608005859375 0.810249505859375 0.481006705078125 0.696272712890625 0.43183843359375 0.635554953125
0 0.48345286328125 0.708231005859375 0.474658509765625 0.713942126953125 0.384881203125 0.80894860546875 0.424061390625 0.872118720703125 0.52846210546875 0.77426490234375 0.48345286328125 0.708231005859375
0 0.307577064453125 0.255412359375 0.306191626953125 0.25198328125 0.21044324609375 0.13322564453125 0.14056403515625 0.161458677734375 0.133153171875 0.16627134765625 0.23654734375 0.285800158203125 0.307577064453125 0.255412359375
0 0.191231140625 0.2449909921875 0.26512787890625 0.21098070703125 0.26770796484375 0.209305177734375 0.265414712890625 0.20480441796875 0.176505099609375 0.115246853515625 0.166865166015625 0.12015864453125 0.136054755859375 0.14016716015625 0.191231140625 0.2449909921875
0 0.49423160546875 0.50546181640625 0.49074547265625 0.500093642578125 0.37391131640625 0.417879728515625 0.3134148046875 0.465144783203125 0.31394333984375 0.46595865625 0.43119566796875 0.5585836328125 0.49423160546875 0.50546181640625
0 0.26525605859375 0.37199484765625 0.266082978515625 0.371276017578125 0.340116267578125 0.246948880859375 0.285827470703125 0.18449676171875 0.28551614453125 0.184698939453125 0.20904534375 0.316870626953125 0.26525605859375 0.37199484765625
0 0.2777381875 0.37419369921875 0.37758219921875 0.4891514453125 0.447240810546875 0.460574578125 0.44495508984375 0.455189755859375 0.356731697265625 0.345034052734375 0.286588873046875 0.368861533203125 0.2847415 0.369645697265625 0.2777381875 0.37419369921875
0 0.30305932421875 0.44158800390625 0.30322681640625 0.441479236328125 0.384300650390625 0.31374535546875 0.33299865625 0.25260601953125 0.33000605859375 0.254549435546875 0.252997404296875 0.38418760546875 0.30305932421875 0.44158800390625
0 0.53378933984375 0.59541080859375 0.443683296875 0.47744498828125 0.39714566796875 0.4971990390625 0.372058669921875 0.508563365234375 0.37147520703125 0.508942271484375 0.372247740234375 0.51076225 0.3828150859375 0.52704128125 0.4628356015625 0.63463521484375 0.535366787109375 0.59912704296875 0.53378933984375 0.59541080859375
0 0.70654401171875 0.962050396484375 0.768072751953125 0.8843554453125 0.720367330078125 0.83828685546875 0.70587226171875 0.824619630859375 0.7025499296875 0.826777177734375 0.7016827109375 0.827675208984375 0.62005341796875 0.938546392578125 0.667698314453125 0.987277087890625 0.70654401171875 0.962050396484375
0 0.56970842578125 0.80126140234375 0.648954439453125 0.909387173828125 0.72375673828125 0.867262494140625 0.72169333203125 0.863381791015625 0.6442070234375 0.7624931796875 0.594579548828125 0.786476130859375 0.582971662109375 0.792648154296875 0.56970842578125 0.80126140234375
0 0.63393669140625 0.714320912109375 0.6299219375 0.707895966796875 0.541646435546875 0.620006255859375 0.50064608984375 0.64489969921875 0.47147997265625 0.6638403984375 0.562633814453125 0.760328234375 0.63393669140625 0.714320912109375
0 0.523489728515625 0.72694438671875 0.60674840625 0.833131935546875 0.68030789453125 0.79624167578125 0.678934203125 0.793545650390625 0.599368193359375 0.687650421875 0.55020225 0.71121166015625 0.5386597578125 0.717092853515625 0.523489728515625 0.72694438671875
0 0.440465521484375 0.62137972265625 0.471645201171875 0.69434566796875 0.577101740234375 0.618298134765625 0.54631271484375 0.542626603515625 0.54601828515625 0.542173216796875 0.540583619140625 0.544480095703125 0.440465521484375 0.62137972265625
0 0.42000179296875 0 0.353805142578125 0.050313380859375 0.374228001953125 0.119824087890625 0.53082073828125 0.0159334453125 0.5253344140625 0 0.42000179296875 0
0 0.94623088671875 0.70336130078125 0.946215708984375 0.703335013671875 0.82956423046875 0.555479828125 0.772056890625 0.587879794921875 0.747643587890625 0.60373398046875 0.86664941015625 0.745590005859375 0.94623088671875 0.70336130078125
0 0.524633658203125 0 0.400423146484375 0.1343779140625 0.438309330078125 0.19824322265625 0.572668412109375 0.061890185546875 0.56273408984375 0.0459919453125 0.5315080234375 0 0.524633658203125 0
0 0.78613101953125 0.397603103515625 0.64550508984375 0.509825041015625 0.688919880859375 0.59254540234375 0.836741228515625 0.46882103125 0.82629970703125 0.44918338671875 0.79321404296875 0.393836990234375 0.78613101953125 0.397603103515625
0 1 0.75200319921875 0.86311187109375 0.63828319921875 0.85642437109375 0.64451939453125 0.795600310546875 0.707333958984375 0.932906849609375 0.81504865234375 0.9540217265625 0.801336490234375 1 0.75846105859375 1 0.75200319921875
0 0.4812543984375 0.1087341484375 0.447180453125 0.12815266796875 0.439513400390625 0.1331317109375 0.56956929296875 0.271611171875 0.642973919921875 0.23202329296875 0.64511264453125 0.230634388671875 0.643413458984375 0.22756898046875 0.51242984375 0.09145331640625 0.4812543984375 0.1087341484375
0 0.794968212890625 0.46121694921875 0.672311396484375 0.32285841015625 0.6366885390625 0.34342527734375 0.594050892578125 0.369310158203125 0.594804103515625 0.370614755859375 0.717282177734375 0.50215898828125 0.7938244609375 0.4619597109375 0.794968212890625 0.46121694921875
0 0.68451339453125 0.54800531640625 0.68597677734375 0.549520693359375 0.835314580078125 0.652780689453125 0.905530130859375 0.593720212890625 0.904629513671875 0.5923333828125 0.753905986328125 0.480993671875 0.68451339453125 0.54800531640625
0 0.700572736328125 0.2896396796875 0.560858208984375 0.1698396640625 0.539620150390625 0.183631822265625 0.5328909375 0.18817073046875 0.484229283203125 0.2229423046875 0.62700227734375 0.34880985546875 0.70302391796875 0.29336348046875 0.70145730859375 0.29095111328125 0.700572736328125 0.2896396796875
0 0.73311267578125 0.3172164765625 0.695116005859375 0.238153275390625 0.6914208046875 0.2324631640625 0.69063452734375 0.23289900390625 0.55718127734375 0.36318002734375 0.599144853515625 0.43725076171875 0.599351109375 0.43713643359375 0.718319890625 0.330902052734375 0.73311267578125 0.3172164765625
0 0.391719982421875 1 0.3534193984375 0.949173408203125 0.35000317578125 0.951391927734375 0.30510880859375 1 0.391719982421875 1
0 0.304958685546875 1 0.358198005859375 0.94299226953125 0.314833548828125 0.87921490234375 0.30993665625 0.88239498046875 0.24598758203125 0.956475150390625 0.27651332421875 1 0.304958685546875 1
0 0.251982013671875 0.95457978125 0.31656051171875 0.873166373046875 0.27815281640625 0.823034056640625 0.2711731640625 0.814414904296875 0.26712844140625 0.817041578125 0.20781857421875 0.895725349609375 0.251982013671875 0.95457978125
0 0.16341466796875 0.818799724609375 0.19865324609375 0.88795933203125 0.27296389453125 0.824504646484375 0.245398216796875 0.759181712890625 0.241139595703125 0.75262401171875 0.237789826171875 0.7543308046875 0.16341466796875 0.818799724609375
0 0.64495125390625 0 0.584447037109375 0.07003237890625 0.63027373046875 0.14433729296875 0.756130806640625 0.00801825390625 0.75459236328125 0.00555623046875 0.75098410546875 0 0.64495125390625 0
0 0.618279697265625 0.07722601953125 0.7466024296875 0.205281076171875 0.82673688671875 0.157295609375 0.693760818359375 0.02755267578125 0.67134026953125 0.040497185546875 0.61736708203125 0.075645322265625 0.618279697265625 0.07722601953125
0 0.53229287109375 0 0.58039978125 0.06772197265625 0.580613125 0.06758342578125 0.63915383203125 0 0.53229287109375 0
0 0.725780501953125 0.29709551953125 0.86242837109375 0.167046529296875 0.835980880859375 0.112886126953125 0.82986497265625 0.10138377734375 0.82187313671875 0.089077427734375 0.68174584765625 0.209519615234375 0.725780501953125 0.29709551953125
0 1 0.46144130859375 0.8912059296875 0.53043697265625 0.922789265625 0.61414408984375 1 0.57032779296875 1 0.46144130859375
0 1 0.4245648125 0.89312546875 0.35073546875 0.848088859375 0.39273278515625 0.8237296328125 0.41563103515625 0.82416408203125 0.416096921875 0.98058976171875 0.52768404296875 1 0.509583703125 1 0.4245648125
0 0.852593634765625 0.468847255859375 0.973256017578125 0.3188401640625 0.92220480078125 0.25085708203125 0.916951453125 0.2441331015625 0.90766896484375 0.25016121875 0.79097355859375 0.389977158203125 0.852593634765625 0.468847255859375
0 0.9354043828125 0.326570587890625 0.9346513671875 0.32502667578125 0.814072548828125 0.172311912109375 0.738136578125 0.209348359375 0.727070412109375 0.2165348125 0.85231431640625 0.36900318359375 0.9354043828125 0.326570587890625
0 1 0.57335880859375 0.944401638671875 0.611678080078125 0.97786098828125 0.6817432265625 0.9899325625 0.7044465546875 1 0.69713137109375 1 0.57335880859375
0 0 0.54224944921875 0.060684908203125 0.6243503203125 0.12385851171875 0.59918151171875 0.121722359375 0.593312484375 0.061539927734375 0.50753441015625 0.026218626953125 0.520390314453125 0 0.53044396875 0 0.54224944921875
0 0.242147626953125 0.7575334453125 0.1742691953125 0.70035365234375 0.17363016796875 0.700768642578125 0.147248236328125 0.720648853515625 0.115865923828125 0.7450518125 0.19268394921875 0.80269688671875 0.246452189453125 0.76367355859375 0.24444219921875 0.760578447265625 0.242147626953125 0.7575334453125
0 0 0.577846169921875 0.068791623046875 0.483719103515625 0.04502384375 0.4420256171875 0.038528166015625 0.43202315234375 0.034034064453125 0.43483137890625 0 0.4721909609375 0 0.577846169921875
0 0.09251535546875 0.701279322265625 0.09302951953125 0.700945419921875 0.154593625 0.614009859375 0.108426072265625 0.560532046875 0.10255779296875 0.564342951171875 0.047817044921875 0.64104614453125 0.09251535546875 0.701279322265625
0 0.11374688671875 0.65318443359375 0.0729383515625 0.69544290625 0.161172603515625 0.7392414453125 0.21016200390625 0.69057833984375 0.207303349609375 0.6861763984375 0.125039552734375 0.64223132421875 0.11374688671875 0.65318443359375
0 0 0.495034373046875 0.035870310546875 0.414698392578125 0.0314592109375 0.410584974609375 0 0.3836334296875 0 0.495034373046875