0 0.77584763671875 0.797828908203125 0.7790522578125 0.8076917109375 0.83914222265625 0.89253638671875 0.906197986328125 0.870748650390625 0.837558939453125 0.77893845703125 0.77584763671875 0.797828908203125
0 0.77465666796875 0.83080780859375 0.873757255859375 0.76537427734375 0.856147708984375 0.70011796875 0.756887986328125 0.764987447265625 0.77465666796875 0.83080780859375
0 0.7945661796875 0.574978552734375 0.79611210546875 0.57464995703125 0.79902386328125 0.573703869140625 0.74261044140625 0.470574533203125 0.668290265625 0.48886630078125 0.668566017578125 0.49016361328125 0.72318469140625 0.5881783203125 0.7945661796875 0.574978552734375
0 0.718959900390625 0.65666712109375 0.72755939453125 0.679069568359375 0.7325554140625 0.67744626171875 0.81958978515625 0.6075528828125 0.79239678125 0.5364273046875 0.792312869140625 0.5364545703125 0.703242556640625 0.6059196953125 0.718959900390625 0.65666712109375
0 0.7590091875 0.762496765625 0.8464669375 0.682997748046875 0.81194554296875 0.61000531640625 0.81190004296875 0.61002653125 0.72324174609375 0.69293391015625 0.756117556640625 0.763436314453125 0.7590091875 0.762496765625
0 0.77670455078125 0.49716745703125 0.714339291015625 0.397300146484375 0.64002450390625 0.422568646484375 0.64053183203125 0.42422804296875 0.70466409765625 0.52017224609375 0.725643501953125 0.513758197265625 0.77670455078125 0.49716745703125
0 0.71845306640625 0.3092305703125 0.6169129609375 0.37376984765625 0.644634318359375 0.451219865234375 0.745565865234375 0.38672180078125 0.71845306640625 0.3092305703125
0 0.62980797265625 0.00779701953125 0.498475734375 0.053988509765625 0.509851203125 0.12581038671875 0.51242304296875 0.13372569921875 0.643372689453125 0.08993642578125 0.62980797265625 0.00779701953125
0 0.57808393359375 0.2250794609375 0.65227388671875 0.21065839453125 0.66129673828125 0.20772669140625 0.611348181640625 0.07780001171875 0.53365740234375 0.09147989453125 0.52664896484375 0.09375707421875 0.52762041015625 0.098754716796875 0.57808393359375 0.2250794609375
0 0.710844951171875 0.36741884375 0.652524748046875 0.233795814453125 0.576744451171875 0.24949887109375 0.577079822265625 0.25140084765625 0.632206236328125 0.381961669921875 0.706290890625 0.368898546875 0.710844951171875 0.36741884375
0 0.632697029296875 0.3023426484375 0.679083732421875 0.295593203125 0.6808273359375 0.295026671875 0.631124005859375 0.16293993359375 0.55730324609375 0.170449505859375 0.557392990234375 0.17118043359375 0.599130615234375 0.306464083984375 0.632697029296875 0.3023426484375
0 0.654020294921875 0.9378999609375 0.772189298828125 0.842626166015625 0.74098994140625 0.76372699609375 0.620259123046875 0.868160921875 0.63999371484375 0.91700574609375 0.649553544921875 0.939351296875 0.654020294921875 0.9378999609375
0 0.66495555078125 0.846918552734375 0.63427290234375 0.862685935546875 0.63564284765625 0.86690219921875 0.6971812578125 0.961663037109375 0.72571228515625 0.95239274609375 0.7638690234375 0.92761346875 0.66495555078125 0.846918552734375
0 0.62911401171875 0.455132939453125 0.513834951171875 0.5514073984375 0.52565730078125 0.57925910546875 0.543840138671875 0.62047407421875 0.54836103515625 0.61900514453125 0.665147234375 0.53197892578125 0.66063823828125 0.52135639453125 0.62950803125 0.454965685546875 0.62911401171875 0.455132939453125
0 0.72979287109375 0.839349021484375 0.672649533203125 0.697540607421875 0.59623534765625 0.70768094921875 0.5965601953125 0.71387944921875 0.647450994140625 0.844897890625 0.72597716796875 0.84058881640625 0.72979287109375 0.839349021484375
0 0.70127466796875 0.6504798515625 0.5991065546875 0.54720425390625 0.52482739453125 0.58146721875 0.52676054296875 0.5874168359375 0.63417802734375 0.68767212890625 0.70127466796875 0.6504798515625
0 0.70766632421875 0.756178337890625 0.637752865234375 0.62065686328125 0.563505962890625 0.632540521484375 0.563973447265625 0.635866841796875 0.62782555859375 0.7691583359375 0.69812558203125 0.7592783125 0.70766632421875 0.756178337890625
0 0.61765461328125 0.386111248046875 0.597850314453125 0.394513251953125 0.478862892578125 0.454199513671875 0.482850966796875 0.471473759765625 0.50007120703125 0.53119572265625 0.508147271484375 0.52933121484375 0.63722541796875 0.462498490234375 0.61765461328125 0.386111248046875
0 0.42781919921875 0 0.410367390625 0.003392287109375 0.3673085390625 0.01738295703125 0.40455369140625 0.12781544921875 0.480617748046875 0.11528516015625 0.48625557421875 0.1134533203125 0.45238333984375 0 0.42781919921875 0
0 0.48886259765625 0.19447457421875 0.51598396484375 0.185135939453125 0.51519032421875 0.18269336328125 0.45438467578125 0.064570666015625 0.374712171875 0.094178287109375 0.377369251953125 0.10235594140625 0.436094359375 0.21039880859375 0.48886259765625 0.19447457421875
0 0.475730361328125 0.384667455078125 0.565813208984375 0.290974185546875 0.52164905859375 0.221016443359375 0.52073191796875 0.221612041015625 0.4269049765625 0.31340348828125 0.47362795703125 0.38535056640625 0.475730361328125 0.384667455078125
0 0.531046955078125 0.16070606640625 0.400587154296875 0.200838248046875 0.40895742578125 0.2804760390625 0.4097703828125 0.282978068359375 0.538209181640625 0.24634299609375 0.531399431640625 0.16179087890625 0.531046955078125 0.16070606640625
0 0.520033140625 0.449016181640625 0.57820526171875 0.441731375 0.58517753515625 0.439465947265625 0.5416232578125 0.31846532421875 0.45911362109375 0.327341744140625 0.45949056640625 0.3304116953125 0.50691137109375 0.45062733203125 0.520033140625 0.449016181640625
0 0.45577649609375 1 0.52030798828125 0.9434333203125 0.495305923828125 0.876108615234375 0.493592154296875 0.876665451171875 0.34612181640625 0.990077494140625 0.350333671875 1 0.45577649609375 1
0 0.113763802734375 0.288625830078125 0.11633676171875 0.325420857421875 0.117740701171875 0.329741736328125 0.1226212890625 0.32940044921875 0.29926655859375 0.29097615625 0.29361341015625 0.19574312109375 0.11213958984375 0.240969275390625 0.113763802734375 0.288625830078125
0 0.382055111328125 0.8064917890625 0.315050876953125 0.835872888671875 0.315492107421875 0.837230861328125 0.31651178125 0.83941755859375 0.433447705078125 0.98683760546875 0.433978802734375 0.98658994921875 0.50406666015625 0.950609255859375 0.382055111328125 0.8064917890625
0 0.187993525390625 0.3665112578125 0.2549685234375 0.54163676171875 0.27288071484375 0.53879975 0.34142003515625 0.524392892578125 0.27838449609375 0.347275369140625 0.1871558828125 0.361222595703125 0.187993525390625 0.3665112578125
0 0.2040765546875 0.26398848828125 0.24080410546875 0.2605051953125 0.205236896484375 0.08221475390625 0.15750407421875 0.08555255859375 0.11110922265625 0.10062716015625 0.149358552734375 0.26781474609375 0.2040765546875 0.26398848828125
0 0.28531869921875 0.729197583984375 0.28696709765625 0.734270837890625 0.385348626953125 0.890478080078125 0.46776328515625 0.86369993359375 0.36362659375 0.70272451953125 0.28531869921875 0.729197583984375
0 0.25427912890625 0.44756107421875 0.189535587890625 0.49002740234375 0.19066287109375 0.493496828125 0.31620451171875 0.61923161328125 0.37809511328125 0.583918345703125 0.392037021484375 0.57520647265625 0.264556244140625 0.441139220703125 0.25427912890625 0.44756107421875
0 0.300526341796875 0.444802345703125 0.30083287890625 0.44478091015625 0.30214858203125 0.444353412109375 0.257837416015625 0.26044403515625 0.162161580078125 0.26763295703125 0.162461890625 0.271927615234375 0.209907873046875 0.44491026171875 0.300526341796875 0.444802345703125
0 0.25753076953125 0.735918146484375 0.27222601171875 0.79690309765625 0.27664399609375 0.795964025390625 0.442685875 0.71281335546875 0.41944677734375 0.62032971484375 0.2514608125 0.707361251953125 0.25753076953125 0.735918146484375
0 0.310903404296875 0.71141605078125 0.3916873515625 0.69619806640625 0.40343835546875 0.69237993359375 0.312040419921875 0.529583125 0.23052766796875 0.550713880859375 0.231574244140625 0.55491146484375 0.301512806640625 0.693585228515625 0.310903404296875 0.71141605078125
0 0.77902807421875 0 0.72878449609375 0.038239970703125 0.76312564453125 0.105638267578125 0.77131526953125 0.102977296875 0.842553830078125 0.046673919921875 0.818790271484375 0 0.77902807421875 0
0 0.83368878515625 0.05205628515625 0.7520303515625 0.116310236328125 0.78192528515625 0.1833182890625 0.78504928125 0.1823032421875 0.864751810546875 0.124485833984375 0.83368878515625 0.05205628515625
0 0.769929669921875 0.167796171875 0.822810296875 0.24745440234375 0.8702559921875 0.230693359375 0.894093837890625 0.2215428671875 0.83495854296875 0.13706356640625 0.767447455078125 0.160156701171875 0.769929669921875 0.167796171875
0 0.915058537109375 0.2977800078125 0.865438107421875 0.20796309375 0.790938212890625 0.22792528125 0.791468494140625 0.2299043125 0.837081287109375 0.31393228515625 0.90627761328125 0.300633103515625 0.915058537109375 0.2977800078125
0 0.18530074609375 1 0.30241448828125 0.87364043359375 0.259500267578125 0.79829300390625 0.25832403515625 0.79867518359375 0.12867104296875 0.92962510546875 0.1693020078125 1 0.18530074609375 1
0 0.09732915234375 0.83323334375 0.127235671875 0.906984763671875 0.137825458984375 0.90354393359375 0.279953953125 0.807460998046875 0.275267146484375 0.79384952734375 0.24833661328125 0.719510193359375 0.09490468359375 0.825771595703125 0.09732915234375 0.83323334375
0 0.291822396484375 1 0.24801165234375 0.89679945703125 0.162538845703125 0.90940333984375 0.163049154296875 0.914258607421875 0.19786672265625 1 0.291822396484375 1
0 0.16333023046875 0.81666731640625 0.24583742578125 0.79451778125 0.248667380859375 0.7935982734375 0.15611334765625 0.6312001953125 0.087036935546875 0.650608931640625 0.06353251171875 0.65824598046875 0.06486162109375 0.662593294921875 0.16333023046875 0.81666731640625
0 0 0.389832447265625 0.03353439453125 0.45189884765625 0.079025904296875 0.43799069921875 0.11877300390625 0.42507608203125 0.03555983203125 0.251197966796875 0 0.262658369140625 0 0.389832447265625
0 0 0.53264641796875 0.008949068359375 0.54947716796875 0.01311448828125 0.548123740234375 0.158595798828125 0.428208314453125 0.13271887109375 0.37954088671875 0.1124056328125 0.342027744140625 0.11117446484375 0.3426823671875 0 0.437175970703125 0 0.53264641796875
0 0 0.5631176171875 0.02930569140625 0.632479205078125 0.03279010546875 0.640305328125 0.042653294921875 0.637100583984375 0.19029499609375 0.52923930078125 0.149585705078125 0.43780473828125 0 0.55129533203125 0 0.5631176171875
0 0.03207414453125 0.56034155859375 0.118523443359375 0.73448403125 0.15136680078125 0.72690154296875 0.209672767578125 0.712307388671875 0.1252691875 0.53369797265625 0.030950203125 0.555473224609375 0.03207414453125 0.56034155859375
0 0 0.3559431796875 0.00335389453125 0.36119251953125 0.065021740234375 0.334344482421875 0.097401755859375 0.3185516953125 0 0.174163099609375 0 0.3559431796875
0 0.96104690234375 0.60357671484375 0.991760298828125 0.6014400390625 0.995953958984375 0.600077435546875 0.95848159765625 0.49408230078125 0.890709734375 0.4996811796875 0.891036607421875 0.505918306640625 0.9235102734375 0.60554392578125 0.96104690234375 0.60357671484375
0 0.81508346875 0.3067652734375 0.817675484375 0.3147426796875 0.862058580078125 0.38893167578125 0.93207594140625 0.36618165625 0.878677927734375 0.287357705078125 0.81508346875 0.3067652734375
0 1 0.5576403359375 0.99832629296875 0.55239140234375 0.90645793359375 0.61832509765625 0.91208187890625 0.635633826171875 0.9307681640625 0.68697397265625 0.93319054296875 0.68618689453125 1 0.6263699375 1 0.5576403359375
0 0.93861768359375 0.5255142578125 0.98819762109375 0.495723625 0.987988349609375 0.495079556640625 0.91036013671875 0.42443212109375 0.85003498046875 0.464822607421875 0.85124932421875 0.4668436171875 0.92418210546875 0.53370769921875 0.93861768359375 0.5255142578125
0 0.84435276171875 0.3991643515625 0.857321548828125 0.451929787109375 0.862584453125 0.468127341796875 0.946116564453125 0.418156189453125 0.930633048828125 0.35175369140625 0.9289056015625 0.345306771484375 0.9283198828125 0.34546371484375 0.84435276171875 0.3991643515625
0 1 0.71290530078125 0.95434494140625 0.7640251015625 0.966093978515625 0.792831716796875 0.982447384765625 0.8279017109375 0.98382285546875 0.82745479296875 1 0.809564923828125 1 0.71290530078125
0 1 0.629583818359375 0.946170060546875 0.6827945 0.928149408203125 0.70122508984375 0.932082748046875 0.711471798828125 0.950857458984375 0.75766332421875 0.9579985859375 0.75534303125 1 0.72017571484375 1 0.629583818359375
0 1 0.801357921875 0.970874755859375 0.81750741796875 0.973197880859375 0.85406767578125 0.97472304296875 0.858761642578125 1 0.855658021484375 1 0.801357921875