0 0.67578125 0.720703125 0.1220703125 0.1220703125
0 0.513671875 0.7109375 0.1064453125 0.1044921875
0 0.5888671875 0.712890625 0.1142578125 0.115234375
0 0.4287109375 0.703125 0.099609375 0.1357421875
0 0.1884765625 0.6875 0.1279296875 0.1279296875
0 0.916015625 0.724609375 0.087890625 0.1513671875
0 0.76171875 0.716796875 0.1279296875 0.1279296875
0 0.3583984375 0.693359375 0.09375 0.1435546875
0 0.8388671875 0.7177734375 0.091796875 0.1513671875
0 0.275390625 0.68359375 0.0888671875 0.150390625
0 0.1015625 0.669921875 0.119140625 0.119140625
0 0.5625 0.576171875 0.09375 0.15625
0 0.470703125 0.568359375 0.1044921875 0.1455078125
0 0.3037109375 0.5576171875 0.099609375 0.1328125
0 0.646484375 0.5751953125 0.107421875 0.158203125
0 0.814453125 0.5830078125 0.103515625 0.1591796875
0 0.21875 0.5498046875 0.091796875 0.138671875
0 0.38671875 0.5595703125 0.111328125 0.111328125
0 0.9033203125 0.5849609375 0.1376953125 0.1376953125
0 0.7275390625 0.572265625 0.111328125 0.1455078125
0 0.0498046875 0.5341796875 0.099609375 0.140625
0 0.1357421875 0.537109375 0.125 0.125
0 0.1298828125 0.916015625 0.107421875 0.107421875
0 0.0546875 0.9091796875 0.109375 0.115234375
0 0.869140625 0.9482421875 0.111328125 0.103515625
0 0.439453125 0.927734375 0.078125 0.1435546875
0 0.3623046875 0.9228515625 0.1171875 0.1171875
0 0.8466796875 0.3046875 0.091796875 0.1689453125
0 0.935546875 0.302734375 0.1279296875 0.1279296875
0 0.7490234375 0.291015625 0.1044921875 0.166015625
0 0.2099609375 0.912109375 0.123046875 0.123046875
0 0.513671875 0.927734375 0.1220703125 0.1201171875
0 0.736328125 0.939453125 0.1201171875 0.1201171875
0 0.2861328125 0.9150390625 0.1279296875 0.126953125
0 0.658203125 0.28125 0.138671875 0.138671875
0 0.1015625 0.244140625 0.1455078125 0.1455078125
0 0.572265625 0.265625 0.1142578125 0.158203125
0 0.2939453125 0.25 0.146484375 0.1484375
0 0.1982421875 0.240234375 0.111328125 0.1640625
0 0.384765625 0.25 0.115234375 0.169921875
0 0.4833984375 0.2490234375 0.109375 0.1767578125
0 0.587890625 0.9267578125 0.0908203125 0.146484375
0 0.662109375 0.927734375 0.09375 0.1435546875
0 0.802734375 0.935546875 0.1142578125 0.1142578125
0 0.82421875 0.1064453125 0.154296875 0.154296875
0 0.9169921875 0.11328125 0.123046875 0.1904296875
0 0.5322265625 0.091796875 0.1142578125 0.1826171875
0 0.728515625 0.1005859375 0.1064453125 0.1826171875
0 0.3310546875 0.078125 0.1484375 0.1484375
0 0.4365234375 0.083984375 0.1435546875 0.1435546875
0 0.6357421875 0.091796875 0.140625 0.138671875
0 0.232421875 0.080078125 0.12109375 0.16015625
0 0.130859375 0.076171875 0.1171875 0.15234375