0 0.47961198046875 1 0.496311662109375 0.9386091171875 0.44225429296875 0.900785681640625 0.439021662109375 0.905578255859375 0.4107071796875 1 0.47961198046875 1
0 0.56459369921875 0.885809087890625 0.44643833203125 0.87581654296875 0.42013019921875 0.938118734375 0.42104571875 0.93871328125 0.53829441796875 0.948073279296875 0.56459369921875 0.885809087890625
0 0.54868144140625 0.70978662109375 0.545973484375 0.71365398828125 0.65788283203125 0.75070916015625 0.699983802734375 0.6863061953125 0.59188433984375 0.651450865234375 0.54868144140625 0.70978662109375
0 0.59009698828125 0.8454220859375 0.62742660546875 0.743135720703125 0.56809068359375 0.6919339453125 0.565659078125 0.69516079296875 0.52856450390625 0.80148096484375 0.566793927734375 0.83028890234375 0.59009698828125 0.8454220859375
0 0.56365458203125 0.89400323046875 0.613092626953125 0.83651194921875 0.614737546875 0.833978994140625 0.50393890625 0.78527444921875 0.4556793359375 0.840790734375 0.451908078125 0.8465979609375 0.45225764453125 0.846901833984375 0.56365458203125 0.89400323046875
0 0.58488815625 0.63321998046875 0.685755826171875 0.6938657265625 0.74075895703125 0.63734612890625 0.740420533203125 0.6369956796875 0.63859372265625 0.57999344140625 0.587263173828125 0.629562775390625 0.58488815625 0.63321998046875
0 0.707205986328125 0.646472173828125 0.76656122265625 0.5418171796875 0.70572413671875 0.48644726171875 0.64702614453125 0.590533212890625 0.65588326953125 0.59908644140625 0.707205986328125 0.646472173828125
0 0.959488794921875 0.25566169921875 0.82150041796875 0.237195033203125 0.796944005859375 0.312771892578125 0.800313888671875 0.3149603203125 0.9342845390625 0.33500669921875 0.959488794921875 0.25566169921875
0 0.915831923828125 0.332581994140625 0.778902576171875 0.29787111328125 0.74632570703125 0.366256931640625 0.743226291015625 0.372903650390625 0.749165765625 0.376760791015625 0.87878773828125 0.41142359765625 0.91561269140625 0.335966916015625 0.916948349609375 0.333102591796875 0.915831923828125 0.332581994140625
0 0.721933046875 0.40497612109375 0.688696904296875 0.54426056640625 0.73264553515625 0.566653509765625 0.75871668359375 0.5789733671875 0.7942468671875 0.43761759765625 0.723653244140625 0.40232724609375 0.721933046875 0.40497612109375
0 0.78097407421875 0.337199396484375 0.7170216875 0.463507701171875 0.744030337890625 0.4838601796875 0.783608736328125 0.512322501953125 0.839736060546875 0.38248954296875 0.78141726171875 0.33661126953125 0.78097407421875 0.337199396484375
0 0.251758099609375 0.88512787890625 0.252129990234375 0.885378720703125 0.40461828125 0.926636634765625 0.44711680859375 0.86078749609375 0.2976752421875 0.8147490390625 0.291962529296875 0.823218484375 0.251758099609375 0.88512787890625
0 0.350721951171875 0.99923934765625 0.4015524375 0.94135208203125 0.4034205 0.93847551953125 0.247908240234375 0.87813124609375 0.2316726640625 0.894479421875 0.227168359375 0.90004177734375 0.224216416015625 0.90458737109375 0.30214757421875 0.96769477734375 0.350721951171875 0.99923934765625
0 0.46644552734375 0.548800484375 0.4343986640625 0.60458033984375 0.441383927734375 0.60911662109375 0.57864630859375 0.64623845703125 0.58896933984375 0.629718154296875 0.61866938671875 0.58066659765625 0.47633419140625 0.533573275390625 0.46644552734375 0.548800484375
0 0.29610644921875 0.799624171875 0.437752369140625 0.85414580078125 0.483404626953125 0.790003802734375 0.482565287109375 0.789299513671875 0.348187466796875 0.735626748046875 0.30164974609375 0.791088244140625 0.29610644921875 0.799624171875
0 0.509721443359375 0.751119833984375 0.525685181640625 0.606726857421875 0.45231246484375 0.570563490234375 0.448905314453125 0.575810044921875 0.43859233203125 0.72238180859375 0.509721443359375 0.751119833984375
0 0.339770017578125 0.73812591796875 0.341485287109375 0.73937213671875 0.482542376953125 0.786305595703125 0.529824560546875 0.720157802734375 0.38289931640625 0.676046021484375 0.3563925859375 0.712529408203125 0.339770017578125 0.73812591796875
0 0.561861578125 0.61236073828125 0.63514776953125 0.4780908046875 0.577090375 0.426491322265625 0.572499486328125 0.431414447265625 0.56448746484375 0.443746765625 0.49976075 0.558802064453125 0.52750287890625 0.58467201953125 0.561308650390625 0.6129536796875 0.561861578125 0.61236073828125
0 0.847173244140625 0.12927529296875 0.747420369140625 0.09419243359375 0.71939302734375 0.154297259765625 0.71091285546875 0.17306456640625 0.71223394921875 0.173922494140625 0.71544263671875 0.175418728515625 0.846849294921875 0.21650461328125 0.8799402109375 0.15055441015625 0.847173244140625 0.12927529296875
0 0.715171634765625 0.293816328125 0.734679912109375 0.31332460546875 0.7359374765625 0.31414127734375 0.816814369140625 0.20588165234375 0.75466026171875 0.146663921875 0.751552408203125 0.1497717734375 0.677726955078125 0.253369275390625 0.715171634765625 0.293816328125
0 0.5960933828125 0.34055367578125 0.56704453515625 0.387041548828125 0.571003392578125 0.389612458984375 0.690270798828125 0.43450933203125 0.73497269140625 0.36060565234375 0.73407211328125 0.360042908203125 0.6108046875 0.31790025390625 0.5960933828125 0.34055367578125
0 0.620383578125 0.3341161484375 0.751737765625 0.350014078125 0.77783375390625 0.271411517578125 0.643648203125 0.25236171484375 0.633164654296875 0.28213901171875 0.61699191796875 0.331913578125 0.620383578125 0.3341161484375
0 0.63761986328125 0.504312458984375 0.689044583984375 0.438158583984375 0.566633021484375 0.38752281640625 0.519993220703125 0.449726861328125 0.525627498046875 0.453972595703125 0.63761986328125 0.504312458984375
0 0.16438630859375 0.68751525390625 0.159839884765625 0.6838336328125 0.09928038671875 0.636574650390625 0.097524287109375 0.638743251953125 0.03842908203125 0.794615533203125 0.049767744140625 0.803797400390625 0.09746883984375 0.834774853515625 0.16438630859375 0.68751525390625
0 0.396648326171875 0.1422440859375 0.568738310546875 0.19070733984375 0.608456080078125 0.10396756640625 0.426991814453125 0.05870309375 0.40605251171875 0.10154385546875 0.389886640625 0.13785299609375 0.396648326171875 0.1422440859375
0 0.1299634765625 0.570622447265625 0.07333687890625 0.749370310546875 0.0738391796875 0.749672125 0.142861158203125 0.78765744140625 0.194111962890625 0.6059158203125 0.13240076953125 0.56686934765625 0.1299634765625 0.570622447265625
0 0.50434166796875 0.269243505859375 0.32639883984375 0.210016955078125 0.2822522734375 0.289659470703125 0.288959091796875 0.2940149296875 0.465584359375 0.34825460546875 0.50434166796875 0.269243505859375
0 0.515363462890625 0 0.46769955078125 0.09895804296875 0.47536835546875 0.103938224609375 0.551031734375 0.14775933203125 0.617169748046875 0 0.515363462890625 0
0 0.17188906640625 0.48598058984375 0.13151157421875 0.663750220703125 0.196444654296875 0.69778528515625 0.20854373046875 0.703950072265625 0.24900851953125 0.515210689453125 0.17627362890625 0.47922895703125 0.17188906640625 0.48598058984375
0 0.419959662109375 0.309631255859375 0.359450609375 0.24850233984375 0.357957318359375 0.2475325859375 0.261641849609375 0.40505944140625 0.29172516015625 0.43311258203125 0.32894503515625 0.46631916015625 0.329972412109375 0.465217431640625 0.419959662109375 0.309631255859375
0 0.37424868359375 0.138547646484375 0.336394853515625 0.17815531640625 0.3333789453125 0.18279940625 0.337049662109375 0.18634417578125 0.486490515625 0.28214365234375 0.55504514453125 0.22026880078125 0.398830375 0.11309255859375 0.37424868359375 0.138547646484375
0 0.244190482421875 0.4007586328125 0.1620138984375 0.566308474609375 0.188359318359375 0.58921019921875 0.235647546875 0.62735998828125 0.3177813359375 0.45602458203125 0.246873392578125 0.397672296875 0.244190482421875 0.4007586328125
0 0.358099498046875 0.376429921875 0.281856431640625 0.3223834453125 0.27903499609375 0.32672807421875 0.2266795859375 0.501358140625 0.240147458984375 0.51010428125 0.253034666015625 0.518157099609375 0.29916784765625 0.5463909921875 0.351796337890625 0.395571283203125 0.358099498046875 0.376429921875
0 1 0.44007430078125 0.989540826171875 0.430393458984375 0.98739643359375 0.429000873046875 0.984926953125 0.431841685546875 0.93848912890625 0.51991094921875 0.970646857421875 0.54882168359375 0.986304375 0.562432552734375 0.99480880078125 0.567955392578125 1 0.55897928515625 1 0.44007430078125
0 0.92697683203125 0.499485158203125 0.903369326171875 0.59411286328125 0.95488045703125 0.62399205859375 0.96715941015625 0.63052089453125 0.994652314453125 0.53085835546875 0.930291748046875 0.49438063671875 0.92697683203125 0.499485158203125
0 0.836706095703125 0.638489904296875 0.839927271484375 0.6407453984375 0.93176697265625 0.67614844140625 0.97628776953125 0.61256615625 0.885373873046875 0.57674391796875 0.842844203125 0.629038044921875 0.836706095703125 0.638489904296875
0 0 0.63733698046875 0.013038826171875 0.6458044921875 0.07777673828125 0.4746148828125 0.00377273046875 0.419945037109375 0.00276355859375 0.419289673828125 0.00166083203125 0.420807447265625 0 0.425679072265625 0 0.63733698046875
0 0.10852830078125 0.375266669921875 0.020936390625 0.348342765625 0.01911449609375 0.351148232421875 0.01180830078125 0.533459150390625 0.03643021875 0.541459296875 0.09866548828125 0.558050501953125 0.099229515625 0.5563146015625 0.10852830078125 0.375266669921875
0 0 0.37794183203125 0.1620538671875 0.451181048828125 0.222814740234375 0.374260923828125 0.047200447265625 0.30537697265625 0.009291642578125 0.35223571484375 0.007853943359375 0.3541436015625 0 0.36623761328125 0 0.37794183203125
0 0.28222352734375 0 0.25747787109375 0.12036258203125 0.33983201953125 0.15531984375 0.379785171875 0 0.28222352734375 0
0 0.1504982734375 0.13143778515625 0.328616234375 0.201608828125 0.35863633984375 0.155381919921875 0.381598021484375 0.119428830078125 0.380428591796875 0.11866939453125 0.20094374609375 0.051073634765625 0.14927187109375 0.13064134765625 0.1504982734375 0.13143778515625
0 0.21808268359375 0.313943318359375 0.237119640625 0.322419119140625 0.238458396484375 0.32035761328125 0.277660751953125 0.13351451171875 0.18818198828125 0.093676 0.185170724609375 0.09831294140625 0.15007186328125 0.28209101953125 0.21808268359375 0.313943318359375
0 0.18731416015625 0.404850578125 0.2135124375 0.20847448046875 0.12665109375 0.17694977734375 0.125007740234375 0.179480322265625 0.095742369140625 0.37058586328125 0.186853388671875 0.40556010546875 0.18731416015625 0.404850578125
0 0.292388736328125 0 0.28462020703125 0.01345702734375 0.304025888671875 0.02861840625 0.362785626953125 0.07218398046875 0.406889767578125 0 0.292388736328125 0
0 0.717475748046875 0.9277057890625 0.73484115625 0.94128311328125 0.7457876171875 0.948391830078125 0.788835419921875 0.84461905859375 0.73472473046875 0.803431607421875 0.73079419140625 0.80828541796875 0.688264275390625 0.9040508046875 0.717475748046875 0.9277057890625
0 0.841968982421875 0.633254640625 0.81421156640625 0.71336671484375 0.82898439453125 0.72296030078125 0.842756822265625 0.73156626953125 0.876785361328125 0.752118943359375 0.903072556640625 0.6597449921875 0.84801228125 0.62394877734375 0.841968982421875 0.633254640625
0 0.62600321484375 0.948599525390625 0.736473912109375 0.974430361328125 0.773831482421875 0.925416876953125 0.666579509765625 0.88778822265625 0.664055990234375 0.891261 0.652798873046875 0.907337828125 0.62600321484375 0.948599525390625
0 0.70887986328125 0.815242931640625 0.71236158203125 0.8183778828125 0.803377828125 0.8614098515625 0.849693216796875 0.8046131953125 0.758210728515625 0.760950251953125 0.713361923828125 0.808341166015625 0.70887986328125 0.815242931640625
0 0.79235558984375 0.787464212890625 0.819510490234375 0.81368739453125 0.82404512109375 0.81663221875 0.869572908203125 0.731405638671875 0.818646919921875 0.67890089453125 0.814355990234375 0.683344283203125 0.77256278515625 0.76753869140625 0.79235558984375 0.787464212890625
0 0.729034736328125 1 0.734988458984375 0.9940213984375 0.63154883203125 0.941177625 0.6272101953125 0.945367400390625 0.5812093828125 0.993694751953125 0.583171591796875 0.9957266796875 0.59357474609375 1 0.729034736328125 1