0 0.85862126171875 0.144847357421875 0.850190560546875 0.140916056640625 0.82292115234375 0.199395494140625 0.907444521484375 0.28040091796875 0.93591223046875 0.215195123046875 0.85862126171875 0.144847357421875
0 0.83940462109375 0.33344559765625 0.91482694921875 0.241741646484375 0.91459577734375 0.241633849609375 0.851236076171875 0.21717611328125 0.77634649609375 0.309111376953125 0.83940462109375 0.33344559765625
0 0.679148251953125 0.48348352734375 0.745702212890625 0.57552133984375 0.79394315625 0.515579328125 0.725421572265625 0.422368837890625 0.72347070703125 0.421459134765625 0.72127842578125 0.42436839453125 0.679148251953125 0.48348352734375
0 0.715586779296875 0.412781478515625 0.78526298828125 0.5018038203125 0.82887310546875 0.439343744140625 0.76014867578125 0.34891289453125 0.75703598046875 0.347461423828125 0.743114166015625 0.3673438359375 0.715586779296875 0.412781478515625
0 0.72885610546875 0.3752383046875 0.798741958984375 0.409795603515625 0.88259425390625 0.320722833984375 0.8399323671875 0.2999152421875 0.81110692578125 0.28647371875 0.73230026953125 0.367852271484375 0.72885610546875 0.3752383046875
0 0.70666626953125 0.50499709375 0.63006744140625 0.590788466796875 0.62917333203125 0.592705892578125 0.699146814453125 0.628019935546875 0.775427265625 0.537060873046875 0.70666626953125 0.50499709375
0 0.728447044921875 0.627705205078125 0.62309019921875 0.57299959765625 0.621569765625 0.572648578125 0.6037429140625 0.64266763671875 0.601606384765625 0.651921962890625 0.707581390625 0.707276576171875 0.728447044921875 0.627705205078125
0 0.562849154296875 1 0.593077166015625 0.93627492578125 0.484653685546875 0.86178588671875 0.477639916015625 0.8585153125 0.44388901953125 0.930894345703125 0.541210939453125 1 0.562849154296875 1
0 0.563741546875 0.789400083984375 0.53240672265625 0.783882611328125 0.48464603515625 0.908118185546875 0.483092775390625 0.91610901171875 0.565561587890625 0.93143587890625 0.61753094921875 0.801341583984375 0.612066615234375 0.798793525390625 0.563741546875 0.789400083984375
0 0.63893979296875 0.6357457421875 0.537039111328125 0.731133328125 0.535305072265625 0.734851986328125 0.597237197265625 0.779366271484375 0.70537083984375 0.680554048828125 0.63893979296875 0.6357457421875
0 0.61425973828125 0.86340977734375 0.654536427734375 0.800933072265625 0.56235315625 0.699905267578125 0.561629142578125 0.699416912109375 0.55822072265625 0.697827541015625 0.51158270703125 0.7637488203125 0.61425973828125 0.86340977734375
0 0.80644091015625 0.20691655078125 0.71458091796875 0.081128298828125 0.711056146484375 0.079484669921875 0.663659884765625 0.14717355078125 0.760195552734375 0.2701905625 0.80644091015625 0.20691655078125
0 0.762848787109375 0.206171369140625 0.815465697265625 0.097139138671875 0.77215691796875 0.076943923828125 0.690749078125 0.16488108203125 0.68641451953125 0.174176572265625 0.762848787109375 0.206171369140625
0 0.53850801171875 0.410024919921875 0.528918763671875 0.43283052734375 0.517584294921875 0.460884318359375 0.634526017578125 0.555132220703125 0.63492289453125 0.555292568359375 0.66488968359375 0.48836867578125 0.66921260546875 0.4776690703125 0.547677423828125 0.3903610546875 0.53850801171875 0.410024919921875
0 0.70998624609375 0.34609632421875 0.762232802734375 0.281900677734375 0.683741056640625 0.159977318359375 0.68228784375 0.15880053125 0.63644399609375 0.20701014453125 0.62874005078125 0.21652372265625 0.70975256640625 0.34590709375 0.70998624609375 0.34609632421875
0 0.693151302734375 0.428719005859375 0.60700590234375 0.310257779296875 0.60010313671875 0.307038966796875 0.557417970703125 0.37598354296875 0.648684017578125 0.491509662109375 0.693151302734375 0.428719005859375
0 0.712594484375 0.402713677734375 0.73424533203125 0.324340365234375 0.60900108203125 0.2442546015625 0.60738923828125 0.243822708984375 0.602402951171875 0.25451583203125 0.585850140625 0.31629176171875 0.712594484375 0.402713677734375
0 0.6285185234375 0.49096805078125 0.62788800390625 0.49067403515625 0.60146354296875 0.482911740234375 0.55262958203125 0.46982672265625 0.47981811328125 0.599184845703125 0.478773216796875 0.603084451171875 0.55554031640625 0.628152669921875 0.6198078984375 0.51046912890625 0.62800680078125 0.492877833984375 0.6285185234375 0.49096805078125
0 0.378786521484375 0.8567287578125 0.29837096484375 0.94718362109375 0.297913314453125 0.9481650546875 0.3425304921875 0.97825972265625 0.37326887109375 0.99259326171875 0.44895466015625 0.901180708984375 0.378786521484375 0.8567287578125
0 0.333063357421875 0.84808506640625 0.32799796484375 0.866989375 0.45306788671875 0.92069238671875 0.4717569296875 0.838383052734375 0.35571841796875 0.78543853125 0.351863263671875 0.784405544921875 0.351660154296875 0.7848411171875 0.333063357421875 0.84808506640625
0 0.51964428515625 0.765225140625 0.520670044921875 0.7654999921875 0.544233158203125 0.68240491015625 0.42661834765625 0.62409275390625 0.42429067578125 0.629084462890625 0.404328025390625 0.70358608984375 0.51964428515625 0.765225140625
0 0.5086335859375 0.767616466796875 0.39588962109375 0.697385095703125 0.38564991015625 0.719344228515625 0.36379999609375 0.77342466796875 0.478370814453125 0.84810959765625 0.5086335859375 0.767616466796875
0 0.44259290234375 0.66730870703125 0.441947486328125 0.670969052734375 0.51922666015625 0.684787322265625 0.573703330078125 0.565400931640625 0.569729130859375 0.56354773046875 0.4914928046875 0.55095987109375 0.44259290234375 0.66730870703125
0 0.468792908203125 0 0.4053108828125 0.086619802734375 0.404448580078125 0.089273697265625 0.47706636328125 0.114324078125 0.48263019140625 0.116131875 0.556791375 0 0.468792908203125 0
0 0.24232801953125 0.6182946640625 0.1658605625 0.60148617578125 0.097534873046875 0.77698638671875 0.097528044921875 0.7770159609375 0.18597866796875 0.794132099609375 0.258377375 0.62352135546875 0.25191539453125 0.620508083984375 0.24232801953125 0.6182946640625
0 0.550823474609375 0.108273775390625 0.390834435546875 0.01866957421875 0.385672751953125 0.01738262109375 0.369143830078125 0.0743705625 0.364608552734375 0.092560560546875 0.5345270390625 0.180720767578125 0.550823474609375 0.108273775390625
0 0.249448916015625 0.62409458203125 0.353460638671875 0.4674878828125 0.290442560546875 0.43692780859375 0.27374877734375 0.429841716796875 0.16639652734375 0.5835625234375 0.164381193359375 0.58831035546875 0.16880898046875 0.59037506640625 0.249448916015625 0.62409458203125
0 0.22460826953125 0.718920892578125 0.190263609375 0.70544905078125 0.13871994921875 0.68668869140625 0.05247682421875 0.843005474609375 0.103049806640625 0.86658804296875 0.141275369140625 0.88050101171875 0.22460826953125 0.718920892578125
0 0.487416986328125 0.11291049609375 0.41608235546875 0.09599715234375 0.3282972421875 0.2596930390625 0.3271745703125 0.264195833984375 0.4073077265625 0.2851862890625 0.50000156640625 0.117266515625 0.494386619140625 0.11464822265625 0.487416986328125 0.11291049609375
0 0.2228735 0.38837048828125 0.205411390625 0.415259779296875 0.33723337890625 0.54506094140625 0.34028653515625 0.540359490234375 0.382257296875 0.46969522265625 0.25995200390625 0.343239052734375 0.255143138671875 0.340996642578125 0.2228735 0.38837048828125
0 0.12385610546875 0.576670236328125 0.24927126171875 0.718659107421875 0.30233019921875 0.64307482421875 0.189417841796875 0.506887625 0.1831293046875 0.503955232421875 0.14612569921875 0.549169578125 0.12385610546875 0.576670236328125
0 0.48244543359375 0.23694158203125 0.432739099609375 0.20200073046875 0.403462767578125 0.182988455078125 0.26757107421875 0.307070916015625 0.265483302734375 0.31154815234375 0.34038641015625 0.36312008984375 0.48244543359375 0.23694158203125
0 0.2453186640625 0.33904111328125 0.26011144921875 0.352726689453125 0.37908023046875 0.458961068359375 0.379286486328125 0.459075400390625 0.421250064453125 0.385004666015625 0.2907502734375 0.2576068984375 0.285607345703125 0.2552087109375 0.2453186640625 0.33904111328125
0 0.774919162109375 1 0.783599791015625 0.978044296875 0.700574453125 0.927614771484375 0.69131506640625 0.94747158984375 0.67169569921875 0.9985817890625 0.67393726171875 1 0.774919162109375 1
0 0.813756826171875 0.90407223046875 0.72371874609375 0.85579853125 0.720232509765625 0.863274794921875 0.7041675390625 0.931697498046875 0.7957007265625 0.97625758203125 0.813756826171875 0.90407223046875
0 0.85831469140625 0.8279583671875 0.836427962890625 0.8148074921875 0.79261359765625 0.790062228515625 0.72776538671875 0.8582120546875 0.723732275390625 0.866861091796875 0.7854081171875 0.900885501953125 0.85831469140625 0.8279583671875
0 0.873067623046875 0.768302015625 0.79614139453125 0.713442451171875 0.793959587890625 0.7125609453125 0.7883658671875 0.72455671484375 0.76451401171875 0.783592130859375 0.848109646484375 0.844147494140625 0.84970217578125 0.8407323046875 0.873067623046875 0.768302015625
0 0.2518230234375 0 0.178664 0.135955521484375 0.263840390625 0.15509419921875 0.354015873046875 0 0.2518230234375 0
0 0.19073326171875 0.04546151171875 0.142517927734375 0.114134357421875 0.140227177734375 0.11780032421875 0.26604752734375 0.25609967578125 0.309010544921875 0.18972370703125 0.31663914453125 0.177515396484375 0.196592615234375 0.048511486328125 0.194588904296875 0.047259427734375 0.19073326171875 0.04546151171875
0 0.261441771484375 0 0.3707734609375 0.0768422109375 0.371013984375 0.076925029296875 0.4011426484375 0 0.261441771484375 0
0 0.091042646484375 0.237582232421875 0.256713142578125 0.32448637109375 0.27664865234375 0.238322009765625 0.116258318359375 0.14353308984375 0.11273007421875 0.15109943359375 0.10594752734375 0.176412244140625 0.091042646484375 0.237582232421875
0 0 0.67987285546875 0.121282873046875 0.543145982421875 0.121289771484375 0.54313119140625 0.04626098046875 0.49440692578125 0 0.541676298828125 0 0.67987285546875
0 0 0.57842623828125 0.047196607421875 0.59749490625 0.156005666015625 0.43836372265625 0.156176103515625 0.43794187890625 0.153072140625 0.436494478515625 0.138009861328125 0.4302753671875 0.06543891796875 0.40095480078125 0 0.499831111328125 0 0.57842623828125
0 0.13496933203125 0.52115051171875 0.1362094140625 0.521728771484375 0.18998763671875 0.44171145703125 0.065532267578125 0.302576453125 0.060971080078125 0.30044953515625 0.00473851953125 0.38075795703125 0.13496933203125 0.52115051171875
0 0.113093208984375 0.417577607421875 0.24855912890625 0.27379209765625 0.197616705078125 0.24189469921875 0.168723931640625 0.22453416796875 0.032692779296875 0.36343919921875 0.03263001171875 0.363543662109375 0.030558603515625 0.3679858125 0.113093208984375 0.417577607421875
0 0 0.767626375 0.01914007421875 0.78486189453125 0.03351866015625 0.763544759765625 0.07411851953125 0.697360890625 0 0.63388920703125 0 0.767626375
0 1 0.498592896484375 0.918410552734375 0.44134923046875 0.9127656171875 0.439294642578125 0.91022643359375 0.4447399375 0.901478798828125 0.4666964609375 0.8882511015625 0.50303926171875 0.978583533203125 0.56980853125 1 0.513957162109375 1 0.498592896484375
0 0.864014087890625 0.66167904296875 0.8480958515625 0.656206970703125 0.793055287109375 0.7316448125 0.792177845703125 0.73405556640625 0.860094033203125 0.75994776171875 0.91181674609375 0.67996510546875 0.9031462265625 0.6759219765625 0.864014087890625 0.66167904296875
0 1 0.42215347265625 0.95265208203125 0.367993560546875 0.9503436796875 0.366917134765625 0.925539890625 0.41559731640625 0.917848458984375 0.432091638671875 1 0.50781110546875 1 0.42215347265625
0 0.90445005078125 0.62609812890625 0.981828408203125 0.56227988671875 0.982409208984375 0.5614188125 0.941482455078125 0.53079707421875 0.9231078203125 0.518403228515625 0.84392694921875 0.583222455078125 0.84241759765625 0.586459263671875 0.90445005078125 0.62609812890625
0 0.839034193359375 0.613510751953125 0.82950566796875 0.64876262109375 0.91233644140625 0.70232569140625 0.93187028515625 0.633333857421875 0.852096234375 0.578300009765625 0.8514819765625 0.5781122109375 0.84676200390625 0.58823423046875 0.839034193359375 0.613510751953125
0 1 0.3368921875 0.928144908203125 0.387827697265625 0.927764525390625 0.3886434296875 0.989041458984375 0.429067880859375 1 0.4198526953125 1 0.3368921875