0 0.784375 0.11662594140625 0.7704641484375 0.051068701171875 0.659898119140625 0.03595746484375 0.65625 0.036666587890625 0.65625 0.04095413671875 0.662220689453125 0.071670673828125 0.66948330859375 0.10466243359375 0.784375 0.117361736328125 0.784375 0.11662594140625
0 0.709586708984375 0.092605986328125 0.659375 0.198181583984375 0.659375 0.1999475859375 0.726234833984375 0.208284056640625 0.77665872265625 0.100962236328125 0.709586708984375 0.092605986328125
0 0.74425122265625 0.44934737890625 0.76013357421875 0.3381518671875 0.75994398828125 0.336954861328125 0.683970294921875 0.3465163515625 0.668217435546875 0.4633437265625 0.67288048828125 0.462605171875 0.74425122265625 0.44934737890625
0 0.7628310546875 0.2897195859375 0.65829036328125 0.26375087890625 0.65625 0.26385780859375 0.65625 0.2837159453125 0.65914974609375 0.339046376953125 0.771875 0.3687589140625 0.771875 0.365661826171875 0.7628310546875 0.2897195859375
0 0.760329501953125 0.30068166796875 0.760379083984375 0.30068951953125 0.77344373828125 0.2210093046875 0.667569306640625 0.16875 0.664397197265625 0.16875 0.652253302734375 0.24542351953125 0.760329501953125 0.30068166796875
0 0.75341415625 0.41121569140625 0.7531474296875 0.40996083984375 0.67576695703125 0.423912994140625 0.66960156640625 0.5421875 0.6708826328125 0.5421875 0.743798646484375 0.52668872265625 0.75341415625 0.41121569140625
0 0.766872482421875 0.528795703125 0.650946732421875 0.50322250390625 0.64938725390625 0.5032769609375 0.65029010546875 0.57552410546875 0.650621572265625 0.58501607421875 0.76731239453125 0.61105617578125 0.766872482421875 0.528795703125
0 0.657404431640625 0.959069703125 0.6581335390625 0.963673119140625 0.737514189453125 0.950325515625 0.740866056640625 0.8109375 0.73704024609375 0.8109375 0.65856911328125 0.822836888671875 0.657404431640625 0.959069703125
0 0.6592173515625 0.73733570703125 0.650260181640625 0.873071765625 0.650880640625 0.878125 0.658249748046875 0.878125 0.736365384765625 0.8671275703125 0.743719732421875 0.728125 0.734232546875 0.728125 0.6592173515625 0.73733570703125
0 0.62708893359375 0.665302064453125 0.7730237109375 0.687317962890625 0.770021619140625 0.64968385546875 0.766332380859375 0.607515666015625 0.62928013671875 0.58852046484375 0.62237933984375 0.589124205078125 0.62613496484375 0.65439813671875 0.62708893359375 0.665302064453125
0 0.76244151953125 0.65821805078125 0.730903328125 0.652087646484375 0.68943984375 0.64491928515625 0.63125 0.77189411328125 0.63125 0.77366591796875 0.71106802734375 0.791037923828125 0.76244151953125 0.65821805078125
0 0.65045217578125 0.03841586328125 0.623850400390625 0.03460044140625 0.5723922421875 0.028282173828125 0.5046875 0.16796091015625 0.5046875 0.172167287109375 0.58704222265625 0.18166035546875 0.65045217578125 0.03841586328125
0 0.501091677734375 0 0.49856843359375 0.0199791640625 0.640713220703125 0.1046875 0.642496025390625 0.1046875 0.65833975390625 0.02094758203125 0.62376048046875 0.012478998046875 0.569708001953125 0 0.501091677734375 0
0 0.50368584765625 0.472523796875 0.653715171875 0.4822062421875 0.644552802734375 0.425600595703125 0.6411700703125 0.406416162109375 0.49496980078125 0.38881019921875 0.491599140625 0.389404537109375 0.50096824609375 0.457111515625 0.50368584765625 0.472523796875
0 0.645261904296875 0.18630762109375 0.517501857421875 0.1177246015625 0.51566033203125 0.117399892578125 0.4989368828125 0.1817905078125 0.49681113671875 0.19384621875 0.629408484375 0.2671875 0.63079540234375 0.2671875 0.645261904296875 0.18630762109375
0 0.552948744140625 0.282178931640625 0.512115099609375 0.4248155078125 0.512285232421875 0.4296875 0.512512490234375 0.4296875 0.5952329296875 0.42064654296875 0.6291913046875 0.28125 0.579549861328125 0.28125 0.552948744140625 0.282178931640625
0 0.508604966796875 0.343887953125 0.50870445703125 0.34673699609375 0.588988666015625 0.344554701171875 0.6297752578125 0.1984375 0.611773673828125 0.1984375 0.5532395625 0.200481556640625 0.508604966796875 0.343887953125
0 0.503125 0.58596559765625 0.582096416015625 0.60001036328125 0.6293601640625 0.47452779296875 0.6350310390625 0.45596662890625 0.63528471875 0.45390057421875 0.60735908984375 0.449791630859375 0.55717929296875 0.443630326171875 0.503125 0.581746921875 0.503125 0.58596559765625
0 0.634131306640625 1 0.63320570703125 0.9178438515625 0.50545295703125 0.8984375 0.49195044921875 0.8984375 0.491378861328125 0.91788230078125 0.490625 0.961070986328125 0.490625 0.9842373984375 0.62637278515625 1 0.634131306640625 1
0 0.49349628515625 0.87922144921875 0.4948615 0.898744955078125 0.63060142578125 0.9088033671875 0.621474966796875 0.8248938046875 0.49452134765625 0.81261221875 0.490625 0.812884677734375 0.490625 0.8163323984375 0.49349628515625 0.87922144921875
0 0.504266552734375 0.745116787109375 0.504398775390625 0.752691791015625 0.589255783203125 0.75244244921875 0.613152783203125 0.621875 0.57837617578125 0.621875 0.530432451171875 0.62332798828125 0.504266552734375 0.745116787109375
0 0.4828125 0.73163729296875 0.4828125 0.735610703125 0.49648064453125 0.813126599609375 0.6328125 0.81574192578125 0.6328125 0.813731919921875 0.6162286171875 0.73145085546875 0.4828125 0.73163729296875
0 0.614008037109375 0.540075869140625 0.611374767578125 0.540029904296875 0.530228826171875 0.539831220703125 0.5015625 0.65657141015625 0.5015625 0.6661431875 0.578556455078125 0.6676725 0.614008037109375 0.540075869140625
0 0.20584445703125 0.023133046875 0.2026200078125 0.08465916015625 0.37945266796875 0.140625 0.381787552734375 0.140625 0.38225471484375 0.06891516796875 0.21296177734375 0.003125 0.20725495703125 0.003125 0.20584445703125 0.023133046875
0 0.20113954296875 0.8338653515625 0.207229865234375 0.866399787109375 0.395506455078125 0.86071958984375 0.376700603515625 0.772608212890625 0.19453236328125 0.7726274453125 0.1921875 0.773040908203125 0.1921875 0.783095798828125 0.20113954296875 0.8338653515625
0 0.29633234765625 0.244886873046875 0.361694623046875 0.06773034765625 0.2835274609375 0.05789101171875 0.2829436875 0.057839939453125 0.223480490234375 0.23636391015625 0.2234375 0.23685529296875 0.2234375 0.240202015625 0.29633234765625 0.244886873046875
0 0.39607126171875 0.664365111328125 0.3775797265625 0.57832473828125 0.1884508828125 0.58847206640625 0.1859375 0.58914552734375 0.1859375 0.59239312109375 0.2090858984375 0.678784115234375 0.39607126171875 0.664365111328125
0 0.292064501953125 1 0.324889580078125 0.99942703515625 0.34944187890625 0.82217930078125 0.262054046875 0.819246224609375 0.252911439453125 0.81940580859375 0.23303156640625 1 0.292064501953125 1
0 0.1984375 0.271668642578125 0.38260500390625 0.32412754296875 0.383118525390625 0.237194916015625 0.2117518046875 0.190625 0.19937157421875 0.190625 0.1984375 0.24413808203125 0.1984375 0.271668642578125
0 0.290508740234375 0.626145048828125 0.302478091796875 0.628040806640625 0.36744051953125 0.454820541015625 0.35120292578125 0.4522487578125 0.28043433203125 0.44392530859375 0.2140625 0.60856560546875 0.2140625 0.612305455078125 0.290508740234375 0.626145048828125
0 0.38329866796875 0.784375 0.383628576171875 0.784375 0.38413010546875 0.6876345078125 0.1984375 0.65640475 0.1984375 0.675288482421875 0.20345662890625 0.74831501171875 0.38329866796875 0.784375
0 0.28757974609375 0.443681001953125 0.38081948828125 0.278126986328125 0.32244559765625 0.26127255859375 0.28857448828125 0.25282754296875 0.20009855078125 0.4150981484375 0.2 0.41549341796875 0.2 0.419313947265625 0.28757974609375 0.443681001953125
0 0.3010430546875 0.53212163671875 0.3601051875 0.353647861328125 0.35407937890625 0.3533320625 0.265231572265625 0.353846447265625 0.25941578515625 0.3731414765625 0.21875 0.51720074609375 0.21875 0.527040771484375 0.3010430546875 0.53212163671875
0 0.86900968359375 0.884250609375 0.878252896484375 0.979597220703125 0.87908890234375 0.982950255859375 0.929259935546875 0.97064586328125 0.95192937890625 0.964993736328125 0.945504578125 0.8671875 0.94048016015625 0.8671875 0.86900968359375 0.884250609375
0 0.8696427578125 0.89568755078125 0.87021162890625 0.900320638671875 0.947355904296875 0.8916298359375 0.952866455078125 0.7953125 0.93506887109375 0.7953125 0.87668545703125 0.80248108203125 0.8696427578125 0.89568755078125
0 0.10718666015625 0 0.0125 0.01499689453125 0.0125 0.02075405078125 0.01738945703125 0.05162486328125 0.20739814453125 0.075461455078125 0.2003840078125 0 0.10718666015625 0
0 0.92496083203125 0.71623378515625 0.881879611328125 0.71996991796875 0.8659651015625 0.818252138671875 0.866258005859375 0.82244086328125 0.943678599609375 0.81459471875 0.95575637890625 0.715625 0.9336668515625 0.715625 0.92496083203125 0.71623378515625
0 0.87065533203125 0.634375 0.87033533203125 0.63565845703125 0.8561443203125 0.703093033203125 0.94767405859375 0.751743708984375 0.94921196875 0.74557548046875 0.964231818359375 0.67758208203125 0.878123333984375 0.634503603515625 0.87760753515625 0.634375 0.87065533203125 0.634375
0 0.86066716796875 0.666807544921875 0.86077439453125 0.66885358203125 0.93779666015625 0.664817017578125 0.957233541015625 0.5640625 0.94800073046875 0.5640625 0.87808144140625 0.57279706640625 0.86066716796875 0.666807544921875
0 0.099895443359375 0.11311468359375 0.025 0.2799612578125 0.025 0.284152458984375 0.11641228515625 0.294640587890625 0.1864509765625 0.123742365234375 0.099895443359375 0.11311468359375
0 0.034375 0.37455185546875 0.034375 0.382362544921875 0.12237769140625 0.388628615234375 0.17618936328125 0.209322646484375 0.175835435546875 0.209310822265625 0.089996615234375 0.2078125 0.08237519921875 0.2078125 0.034375 0.37455185546875
0 0.098749275390625 0.0094891640625 0.0203125 0.18482924609375 0.0203125 0.19105497265625 0.104090240234375 0.2064135703125 0.18994944140625 0.02230651171875 0.098749275390625 0.0094891640625
0 0.08504895703125 0.302182951171875 0.034375 0.47235388671875 0.034375 0.482961203125 0.129233310546875 0.482454634765625 0.17347670703125 0.30068124609375 0.08504895703125 0.302182951171875
0 0.049666595703125 0.887898318359375 0.049710560546875 0.8882111484375 0.138187189453125 0.875259447265625 0.149653306640625 0.68125 0.146306728515625 0.68125 0.051605134765625 0.69455944140625 0.049666595703125 0.887898318359375
0 0.005886771484375 0.6171875 0.0046875 0.6858938125 0.0046875 0.7150530234375 0.19055144140625 0.75625 0.19224223046875 0.75625 0.19389601171875 0.679178787109375 0.194203890625 0.66154034765625 0.007497291015625 0.6171875 0.005886771484375 0.6171875
0 0.136157591796875 0.48854693359375 0.06180580859375 0.499123 0.04152825390625 0.686158931640625 0.042071291015625 0.69058160546875 0.14038010546875 0.67851080078125 0.15759677734375 0.4875 0.144684189453125 0.4875 0.136157591796875 0.48854693359375
0 0 0.493917529296875 0.00592252734375 0.531310890625 0.202851470703125 0.54264340234375 0.189900154296875 0.449872349609375 0 0.435256611328125 0 0.493917529296875
0 0.10328845703125 0.784040546875 0.03816423046875 0.8008505234375 0.05530378125 0.9813350546875 0.057297947265625 0.99071686328125 0.15225631640625 0.973024896484375 0.13863730078125 0.778125 0.131118916015625 0.778125 0.10328845703125 0.784040546875
0 0.914358201171875 0.25959287109375 0.877050234375 0.264173712890625 0.862369724609375 0.3679247890625 0.8631308828125 0.374123921875 0.930845375 0.367869279296875 0.949463923828125 0.25625 0.946054673828125 0.25625 0.914358201171875 0.25959287109375
0 0.8558507421875 0.5453261328125 0.85561308203125 0.546281388671875 0.93783720703125 0.59591159765625 0.9579133984375 0.5252872578125 0.87783081640625 0.48290413671875 0.87748882421875 0.4828125 0.87260121875 0.4828125 0.8558507421875 0.5453261328125
0 0.85 0.287623158203125 0.85 0.29251248828125 0.909871251953125 0.29427449609375 0.959375 0.192049861328125 0.959375 0.19097538671875 0.88636657421875 0.185870142578125 0.85 0.287623158203125
0 0.88641927734375 0.343294373046875 0.870343546875 0.34742830078125 0.8643277890625 0.44618966015625 0.864858173828125 0.4484870078125 0.93631005078125 0.4356361171875 0.943052126953125 0.33125 0.938589189453125 0.33125 0.88641927734375 0.343294373046875
0 0.9633480234375 0.42925362109375 0.905681166015625 0.4180443203125 0.89014830859375 0.415549265625 0.8484375 0.4978048984375 0.8484375 0.504026625 0.91619256640625 0.51574037109375 0.9633480234375 0.42925362109375
0 0.85413209765625 0.07485765234375 0.85023909765625 0.10572358203125 0.9449979609375 0.167807611328125 0.94602335546875 0.167988416015625 0.9582180703125 0.09882876171875 0.86333885546875 0.0375 0.860719259765625 0.0375 0.85413209765625 0.07485765234375
0 0.8983434609375 0.116916361328125 0.885879275390625 0.13795498046875 0.840625 0.21739551171875 0.840625 0.21829557421875 0.913244873046875 0.22903581640625 0.9609375 0.12647400390625 0.9609375 0.123495259765625 0.8983434609375 0.116916361328125
0 0.85572798046875 0 0.840625 0.066379458984375 0.840625 0.07206250390625 0.895254876953125 0.084674806640625 0.94373580859375 0.09553409375 0.95083414453125 0.05372518359375 0.874128546875 0 0.85572798046875 0