0 0.51376047265625 1 0.478638369140625 0.904630876953125 0.47558080078125 0.900855091796875 0.42267892578125 0.94590162109375 0.444199125 1 0.51376047265625 1
0 0.4791431171875 0.95397039453125 0.469369875 0.8384081328125 0.46836338671875 0.83614751953125 0.406886380859375 0.86211430859375 0.41633647265625 0.98049154296875 0.4791431171875 0.95397039453125
0 0.378690154296875 0.611021158203125 0.309467125 0.63287803515625 0.307254482421875 0.745180283203125 0.30758853515625 0.74634526171875 0.3818306796875 0.727596177734375 0.383221080078125 0.610340802734375 0.38297673828125 0.609792 0.378690154296875 0.611021158203125
0 0.41716263671875 0.80046566796875 0.41670976171875 0.6893991640625 0.41448649609375 0.6844056328125 0.342682037109375 0.713112802734375 0.34471381640625 0.82400571484375 0.41716263671875 0.80046566796875
0 0.36547946875 0.869274701171875 0.48549076171875 0.867347826171875 0.48760017578125 0.86640865625 0.461577396484375 0.79083301953125 0.34017914453125 0.794497939453125 0.36547946875 0.869274701171875
0 0.2445981484375 0.583329947265625 0.244160275390625 0.58354351171875 0.276515466796875 0.655466740234375 0.391625201171875 0.633058322265625 0.375410625 0.596639787109375 0.35977996484375 0.56459218359375 0.2445981484375 0.583329947265625
0 0.252597244140625 0.58813359765625 0.36410334765625 0.5443892734375 0.317739173828125 0.47643824609375 0.2058420234375 0.52065068359375 0.252597244140625 0.58813359765625
0 0.204695865234375 0.28959207421875 0.19873991796875 0.15373225390625 0.196704623046875 0.14916091015625 0.119186740234375 0.16640983203125 0.12315096484375 0.30636444921875 0.204695865234375 0.28959207421875
0 0.1543353125 0.24162505859375 0.157360884765625 0.38316798046875 0.2115084765625 0.371658552734375 0.24250818359375 0.364493919921875 0.237929421875 0.23147288671875 0.237423353515625 0.22909201953125 0.235054671875 0.223771873046875 0.1543353125 0.24162505859375
0 0.283881130859375 0.36822166015625 0.28300433203125 0.36650084375 0.21303316015625 0.399565544921875 0.24676168359375 0.54091345703125 0.266525943359375 0.53211383984375 0.31842868359375 0.50566807421875 0.283881130859375 0.36822166015625
0 0.19067239453125 0.45827971875 0.238980298828125 0.45172991015625 0.272382431640625 0.44643953515625 0.275187255859375 0.30622803125 0.27433014453125 0.30430292578125 0.20206779296875 0.317293837890625 0.19067239453125 0.45827971875
0 0.57174803515625 0.98948506640625 0.5952893359375 0.97652284765625 0.64018807421875 0.950600548828125 0.60989101953125 0.79673975390625 0.608553279296875 0.79442272265625 0.5361827890625 0.83692386328125 0.57174803515625 0.98948506640625
0 0.567402822265625 1 0.586113400390625 0.996281998046875 0.640679390625 0.984683638671875 0.70295108203125 0.95695849609375 0.69640622265625 0.93657609375 0.529924447265625 0.91968903515625 0.55037483984375 1 0.567402822265625 1
0 0.415257951171875 0.670186125 0.49093285546875 0.6554764140625 0.50570148046875 0.51174637109375 0.50478889453125 0.50705151953125 0.422324185546875 0.519933296875 0.415257951171875 0.670186125
0 0.62679601171875 0.78094694921875 0.620700412109375 0.76725601171875 0.46886444921875 0.78068003515625 0.46858975390625 0.780802333984375 0.5020690546875 0.856498572265625 0.6463380703125 0.841913958984375 0.64804633984375 0.841153388671875 0.62679601171875 0.78094694921875
0 0.525863458984375 0.7292501953125 0.538606322265625 0.58286966796875 0.536061859375 0.5771547109375 0.45793528515625 0.60139482421875 0.451114447265625 0.74650736328125 0.525863458984375 0.7292501953125
0 0.46685842578125 0.77825698046875 0.61504948046875 0.77203644921875 0.618749482421875 0.770389099609375 0.593033138671875 0.6997340234375 0.43964067578125 0.701638904296875 0.46685842578125 0.77825698046875
0 0.436049353515625 0.420605650390625 0.432092662109375 0.415159732421875 0.368179625 0.459299185546875 0.4245561640625 0.601499630859375 0.42503270703125 0.60215553515625 0.46203316015625 0.57820457421875 0.49272126171875 0.55590836328125 0.44249872265625 0.433822466796875 0.436049353515625 0.420605650390625
0 0.29210285546875 0.052317466796875 0.241393646484375 0.067820826171875 0.20964165234375 0.081957724609375 0.23326399609375 0.19935830859375 0.311967888671875 0.17280194140625 0.29210285546875 0.052317466796875
0 0.339846767578125 0.134614623046875 0.216513625 0.180664099609375 0.2579787734375 0.25667205078125 0.383106517578125 0.2067205234375 0.380552298828125 0.20098365234375 0.368456380859375 0.18003291015625 0.339846767578125 0.134614623046875
0 0.285231046875 0.347538408203125 0.284369306640625 0.348211673828125 0.336137208984375 0.412745712890625 0.45393819140625 0.35812796484375 0.450139126953125 0.349595123046875 0.40256862890625 0.2887076640625 0.285231046875 0.347538408203125
0 0.37978135546875 0.203093640625 0.37770025 0.1984193984375 0.295385359375 0.213520162109375 0.293245455078125 0.34678740625 0.293826015625 0.3480913671875 0.374937912109375 0.33524450390625 0.37978135546875 0.203093640625
0 0.43110749609375 0.35075780859375 0.429536703125 0.34738923046875 0.3583074765625 0.38039548046875 0.382205943359375 0.5096860625 0.40908287109375 0.49771968359375 0.4577859921875 0.474113025390625 0.43110749609375 0.35075780859375
0 0.94672773046875 0.78256053515625 0.76038637890625 0.765480841796875 0.759972279296875 0.765665212890625 0.776228578125 0.842358923828125 0.77734162109375 0.847180041015625 0.9395804296875 0.85160432421875 0.96310965625 0.841128435546875 0.94672773046875 0.78256053515625
0 0.63436446484375 0.06607501953125 0.45143103515625 0.10497890625 0.488097431640625 0.19305196875 0.663116177734375 0.15029619140625 0.66914539453125 0.147611810546875 0.653795888671875 0.109620451171875 0.63436446484375 0.06607501953125
0 0.911029962890625 0.6857083359375 0.89949791796875 0.67002240625 0.721774083984375 0.73382601953125 0.76479663671875 0.80051850390625 0.9362752109375 0.732701521484375 0.940836498046875 0.729507673828125 0.939331169921875 0.726126650390625 0.911029962890625 0.6857083359375
0 0.746536927734375 0.325240658203125 0.72542628125 0.26437753515625 0.71709465234375 0.243756029296875 0.527318095703125 0.277461791015625 0.52730037109375 0.277469681640625 0.5627595390625 0.36389454296875 0.73911913671875 0.328303703125 0.74493359765625 0.3259545078125 0.746536927734375 0.325240658203125
0 0.45628808203125 0 0.51545153515625 0.148534193359375 0.54815098828125 0.1314522734375 0.596125294921875 0.10485968359375 0.557723892578125 0 0.45628808203125 0
0 0.783934486328125 0.749865443359375 0.82262894921875 0.7272347734375 0.8531823125 0.708876458984375 0.800794498046875 0.52738348828125 0.798921140625 0.52426569921875 0.7984086953125 0.524493853515625 0.7257307578125 0.569313318359375 0.78067002734375 0.751318873046875 0.783934486328125 0.749865443359375
0 0.777437041015625 0.429498515625 0.77567441015625 0.41950215234375 0.759445673828125 0.34502031640625 0.57906369140625 0.33570592578125 0.57843580078125 0.335816638671875 0.589061041015625 0.404942279296875 0.59274071484375 0.42581076171875 0.774613275390625 0.43075573828125 0.777437041015625 0.429498515625
0 0.55969455859375 0.31856618359375 0.56136316796875 0.31821151171875 0.648500978515625 0.29333741015625 0.6464329765625 0.1143651640625 0.64448259765625 0.109984537109375 0.55158236328125 0.129228267578125 0.55969455859375 0.31856618359375
0 0.749200921875 0.667719833984375 0.79963417578125 0.633836658203125 0.827875361328125 0.613318234375 0.7604401015625 0.441236197265625 0.75803639453125 0.437927775390625 0.6823125390625 0.489877978515625 0.749200921875 0.667719833984375
0 0.78909688671875 0.522207453125 0.78180058203125 0.50342220703125 0.723025990234375 0.35966073046875 0.7205446484375 0.356117005859375 0.65111988671875 0.403772435546875 0.713902423828125 0.579222162109375 0.720960158203125 0.57607985546875 0.78909688671875 0.522207453125
0 0 0.3956418359375 0.025998685546875 0.387194349609375 0.012680296875 0.289019005859375 0.01265444140625 0.288960935546875 0 0.293076896484375 0 0.3956418359375
0 0 0.46413578125 0.077337314453125 0.450440236328125 0.08064676171875 0.4489667734375 0.053158876953125 0.38078275390625 0 0.38806662109375 0 0.46413578125
0 0 0.5125361640625 0.02650949609375 0.54352731640625 0.112734876953125 0.50068330078125 0.117260302734375 0.497018681640625 0.115098703125 0.4921636484375 0.07118422265625 0.441851927734375 0 0.47505789453125 0 0.5125361640625
0 0.04112260546875 0.596317115234375 0.132582087890625 0.600301333984375 0.1381161171875 0.59783742578125 0.12383573046875 0.5243712109375 0.02025509375 0.519089640625 0.04112260546875 0.596317115234375
0 1 0.57170316796875 0.878672982421875 0.558576943359375 0.89730379296875 0.65052130078125 1 0.658216279296875 1 0.57170316796875
0 1 0.47362866796875 0.838717080078125 0.48756943359375 0.86442881640625 0.57205233203125 0.86516571484375 0.574076939453125 1 0.563950701171875 1 0.47362866796875
0 1 0.65594003515625 0.90480571484375 0.67599902734375 0.904581109375 0.676118453125 0.94249884765625 0.75521786328125 1 0.744043078125 1 0.65594003515625
0 0.921216884765625 0.328563798828125 0.9180388828125 0.32327471484375 0.8450181328125 0.370645892578125 0.894932361328125 0.55164388671875 0.90029673046875 0.549255515625 0.978018025390625 0.50011080859375 0.921216884765625 0.328563798828125
0 0.826930384765625 0.01652565625 0.637487537109375 0.055473703125 0.674734654296875 0.1470342578125 0.855624607421875 0.10050366796875 0.861595783203125 0.09784512890625 0.830091013671875 0.02362454296875 0.826930384765625 0.01652565625
0 0.878093685546875 0.12057398046875 0.68729558984375 0.115585654296875 0.68567388671875 0.11630768359375 0.698687453125 0.19187821875 0.70175080078125 0.209251337890625 0.89326329296875 0.217154642578125 0.89498805859375 0.216386728515625 0.878093685546875 0.12057398046875
0 0.81741780859375 0.368938701171875 0.829633681640625 0.36271440234375 0.89588427734375 0.327346345703125 0.850968888671875 0.14465473046875 0.84912072265625 0.141027505859375 0.842401083984375 0.144019283203125 0.76069434765625 0.185650943359375 0.810148880859375 0.37217503515625 0.81741780859375 0.368938701171875
0 0.799164193359375 0.41674712109375 0.986763654296875 0.36399240234375 0.966030947265625 0.317425974609375 0.94688715234375 0.27976876953125 0.753160501953125 0.3302267578125 0.799164193359375 0.41674712109375
0 0.664321880859375 0 0.6777761875 0.09576682421875 0.712406666015625 0.085836693359375 0.7761996484375 0.064524828125 0.76548896484375 0 0.664321880859375 0
0 0.24977958203125 0.798435037109375 0.137558833984375 0.803393607421875 0.16007483203125 0.87260666796875 0.262970427734375 0.86550848046875 0.270777916015625 0.86203236328125 0.262370994140625 0.83500315625 0.24977958203125 0.798435037109375
0 0.13300227734375 0.67229419140625 0.161333990234375 0.65389536328125 0.1307996015625 0.57050266015625 0.1267154140625 0.564213564453125 0.07144227734375 0.601536505859375 0.09897173828125 0.69223223828125 0.106821431640625 0.68873733203125 0.13300227734375 0.67229419140625
0 0.214214845703125 0.96633047265625 0.26146549609375 0.94693781640625 0.2651252265625 0.832970287109375 0.264151017578125 0.8307821796875 0.19586562109375 0.85700037109375 0.204372189453125 0.9692669296875 0.204619689453125 0.96982282421875 0.214214845703125 0.96633047265625
0 0.133233490234375 0.821011455078125 0.18365697265625 0.813749041015625 0.20541357421875 0.809519986328125 0.215682705078125 0.706554357421875 0.214665796875 0.704270345703125 0.14245481640625 0.720175154296875 0.132866365234375 0.820016228515625 0.132925240234375 0.82031911328125 0.133233490234375 0.821011455078125
0 0.08218505859375 0.67946393359375 0.112393060546875 0.7358218203125 0.20800743359375 0.71999414453125 0.20938205859375 0.719293740234375 0.20430025390625 0.70787982421875 0.19294404296875 0.685592001953125 0.17531028515625 0.653614861328125 0.07908975390625 0.672511767578125 0.08218505859375 0.67946393359375
0 0.32716686328125 1 0.32797116796875 0.9625999296875 0.32534497265625 0.956701396484375 0.262594814453125 0.982054107421875 0.262319748046875 1 0.32716686328125 1
0 0.26941276953125 1 0.339683619140625 0.97433883203125 0.343716306640625 0.97107322265625 0.34307420703125 0.969631046875 0.312751171875 0.930652091796875 0.30584393359375 0.92212236328125 0.28087224609375 0.928513416015625 0.19177833203125 0.9529393515625 0.226712251953125 1 0.26941276953125 1