0 0.763671875 0.603515625 0.15625 0.15625
0 0.6181640625 0.67578125 0.138671875 0.138671875
0 0.68359375 0.640625 0.138671875 0.138671875
0 0.5400390625 0.7109375 0.1513671875 0.1669921875
0 0.32421875 0.818359375 0.1513671875 0.1533203125
0 0.9462890625 0.4853515625 0.107421875 0.158203125
0 0.8349609375 0.556640625 0.150390625 0.177734375
0 0.474609375 0.73828125 0.1484375 0.1484375
0 0.90234375 0.51953125 0.158203125 0.1591796875
0 0.396484375 0.771484375 0.15625 0.15625
0 0.240234375 0.845703125 0.140625 0.140625
0 0.591796875 0.5341796875 0.146484375 0.1767578125
0 0.509765625 0.57421875 0.1591796875 0.1591796875
0 0.3583984375 0.6484375 0.1376953125 0.154296875
0 0.6650390625 0.4912109375 0.15625 0.15625
0 0.8134765625 0.4150390625 0.1435546875 0.171875
0 0.28125 0.6845703125 0.1611328125 0.1611328125
0 0.431640625 0.607421875 0.142578125 0.142578125
0 0.8916015625 0.373046875 0.169921875 0.169921875
0 0.732421875 0.4501953125 0.150390625 0.1669921875
0 0.12890625 0.755859375 0.1455078125 0.1484375
0 0.203125 0.7138671875 0.1513671875 0.1513671875
0 0.3857421875 0.982421875 0.134765625 0.0341796875
0 0.6611328125 0.8994140625 0.1357421875 0.162109375
0 0.591796875 0.927734375 0.15625 0.1435546875
0 0.7021484375 0.158203125 0.1669921875 0.197265625
0 0.779296875 0.111328125 0.166015625 0.189453125
0 0.611328125 0.193359375 0.1640625 0.1640625
0 0.4541015625 0.9619140625 0.154296875 0.076171875
0 0.7265625 0.86328125 0.1328125 0.166015625
0 0.923828125 0.76171875 0.1279296875 0.162109375
0 0.521484375 0.94140625 0.166015625 0.1171875
0 0.5283203125 0.2314453125 0.1591796875 0.1875
0 0.0634765625 0.4775390625 0.126953125 0.1982421875
0 0.4453125 0.26171875 0.1826171875 0.1826171875
0 0.197265625 0.3857421875 0.171875 0.1982421875
0 0.109375 0.4267578125 0.171875 0.193359375
0 0.2744140625 0.341796875 0.171875 0.197265625
0 0.3603515625 0.291015625 0.1640625 0.197265625
0 0.791015625 0.826171875 0.1513671875 0.1533203125
0 0.857421875 0.791015625 0.126953125 0.154296875
0 0.955078125 0.724609375 0.0888671875 0.1591796875
0 0.5830078125 0.0439453125 0.181640625 0.087890625
0 0.6669921875 0.02734375 0.2001953125 0.0546875
0 0.32421875 0.12890625 0.1748046875 0.2080078125
0 0.498046875 0.0703125 0.1669921875 0.140625
0 0.142578125 0.220703125 0.185546875 0.2138671875
0 0.2373046875 0.173828125 0.1875 0.2138671875
0 0.4111328125 0.091796875 0.181640625 0.18359375
0 0.076171875 0.259765625 0.1513671875 0.193359375
0 0.0302734375 0.306640625 0.060546875 0.193359375