0 0.24629290625 0.817734623046875 0.24680076171875 0.81290271484375 0.177540779296875 0.807348146484375 0.132351962890625 0.91223781640625 0.14263108203125 0.914610935546875 0.19926878125 0.91958589453125 0.24629290625 0.817734623046875
0 0.15172119921875 0.80286820703125 0.261534919921875 0.84760619921875 0.26636944140625 0.78018877734375 0.15660430078125 0.734866728515625 0.15172119921875 0.80286820703125
0 0.330408515625 0.50382593359375 0.330547150390625 0.502506904296875 0.25472209765625 0.4920839140625 0.2097260078125 0.59975938671875 0.217955685546875 0.60165935546875 0.286334375 0.60701291015625 0.330408515625 0.50382593359375
0 0.30725805859375 0.630135599609375 0.22059565625 0.557545107421875 0.19092470703125 0.627707333984375 0.27694897265625 0.701873439453125 0.28029542578125 0.70264602734375 0.28977923046875 0.6803035859375 0.30725805859375 0.630135599609375
0 0.236519123046875 0.77430271875 0.302966556640625 0.679687927734375 0.30442855859375 0.6733553046875 0.22977565234375 0.65008698046875 0.160889767578125 0.75118050390625 0.236519123046875 0.77430271875
0 0.21913000390625 0.508552677734375 0.21869123046875 0.509758197265625 0.291707109375 0.538931501953125 0.3570052421875 0.4456206640625 0.3580608515625 0.441048322265625 0.288475802734375 0.415721435546875 0.21913000390625 0.508552677734375
0 0.376491376953125 0.36121694140625 0.377252365234375 0.3579207421875 0.29988062890625 0.333237798828125 0.23892436328125 0.4369684375 0.305622970703125 0.457722345703125 0.316528666015625 0.46084950390625 0.31748587109375 0.461070494140625 0.376491376953125 0.36121694140625
0 0.34133853515625 0.140648853515625 0.41012049609375 0.150873392578125 0.454903353515625 0.0235462109375 0.455679470703125 0.01864598828125 0.374435423828125 0.0052291328125 0.329901369140625 0.13840600390625 0.335852798828125 0.139779998046875 0.34133853515625 0.140648853515625
0 0.31943985546875 0.094333533203125 0.30200254296875 0.176465916015625 0.42792691796875 0.22999179296875 0.432216080078125 0.230982021484375 0.43419142578125 0.22242586328125 0.450623013671875 0.14848078125 0.321351064453125 0.091531205078125 0.320150796875 0.0912541015625 0.31943985546875 0.094333533203125
0 0.405713728515625 0.263532123046875 0.406015853515625 0.26162458203125 0.32997304296875 0.247246466796875 0.274523353515625 0.380593408203125 0.30255957421875 0.387066080078125 0.352874310546875 0.39503515234375 0.405713728515625 0.263532123046875
0 0.35303186328125 0.31487226171875 0.386850357421875 0.314872259765625 0.411789943359375 0.17551045703125 0.4117899453125 0.1747740390625 0.33760424609375 0.1763169296875 0.30431325390625 0.31370533984375 0.30469443359375 0.313793341796875 0.35303186328125 0.31487226171875
0 0.41553390234375 0.817241177734375 0.416673765625 0.81230388671875 0.34303461328125 0.790962525390625 0.255005447265625 0.922160095703125 0.25461544921875 0.92384936328125 0.33571924609375 0.945581060546875 0.41553390234375 0.817241177734375
0 0.246147900390625 0.8841208359375 0.24596026953125 0.884933546875 0.2496181328125 0.920932001953125 0.4033921328125 0.97027969140625 0.405859779296875 0.97027969140625 0.40710177734375 0.964900013671875 0.407101775390625 0.92574691015625 0.40551237109375 0.885934873046875 0.26895661328125 0.884120837890625 0.246147900390625 0.8841208359375
0 0.490500068359375 0.5366798671875 0.352110228515625 0.4783164765625 0.351684525390625 0.478271734375 0.341325326171875 0.550863076171875 0.340119078125 0.56233975390625 0.481303451171875 0.612870447265625 0.481829119140625 0.6129256953125 0.487337353515625 0.566771107421875 0.490500068359375 0.5366798671875
0 0.315743302734375 0.70534229296875 0.31468495703125 0.70505870703125 0.28832796875 0.7792451875 0.41300758984375 0.86317666015625 0.41558046484375 0.863770654296875 0.43678541015625 0.78463272265625 0.315743302734375 0.70534229296875
0 0.46898147265625 0.566861603515625 0.46979561328125 0.56106867578125 0.395114322265625 0.551494517578125 0.3285467734375 0.68812812890625 0.34346651171875 0.69157262109375 0.41227461328125 0.69609773828125 0.46898147265625 0.566861603515625
0 0.45742953125 0.65216787890625 0.458127908203125 0.64888226953125 0.384890830078125 0.631848357421875 0.305230818359375 0.76292522265625 0.355471435546875 0.77452418359375 0.384435015625 0.78068058203125 0.45742953125 0.65216787890625
0 0.47516394921875 0.543977751953125 0.4822486875 0.545613392578125 0.513233583984375 0.48311358984375 0.51549826171875 0.4782569765625 0.39671359375 0.38077728515625 0.359329365234375 0.450837630859375 0.358317033203125 0.453008587890625 0.46295033984375 0.536653466796875 0.46992320703125 0.541533953125 0.47516394921875 0.543977751953125
0 0.52369228125 0 0.46685396484375 0.0959648828125 0.47566989453125 0.09983182421875 0.54765409765625 0.1303873046875 0.6046189921875 0.02600749609375 0.6057833515625 0.0209641015625 0.5563950234375 0 0.52369228125 0
0 0.5956389765625 0.130310265625 0.483420029296875 0.0614733125 0.449053443359375 0.1409434609375 0.560984728515625 0.206188201171875 0.56668086328125 0.2075032578125 0.57746271484375 0.180817240234375 0.5956389765625 0.130310265625
0 0.4469212265625 0.22918800390625 0.44592981640625 0.228807439453125 0.413809984375 0.30898430078125 0.520070255859375 0.3763455703125 0.52628216015625 0.377779701171875 0.55516273828125 0.302543224609375 0.4469212265625 0.22918800390625
0 0.5784413203125 0.21953085546875 0.46597521484375 0.14389995703125 0.432772935546875 0.21977466796875 0.54174519921875 0.29635881640625 0.544766283203125 0.297056287109375 0.56630721484375 0.2486745625 0.5784413203125 0.21953085546875
0 0.537185625 0.338931359375 0.457688712890625 0.3189036796875 0.397057982421875 0.433917693359375 0.4531884140625 0.449102689453125 0.47405977734375 0.45392122265625 0.5358060078125 0.344907140625 0.537185625 0.338931359375
0 0.693650033203125 1 0.69542801953125 0.949085111328125 0.516075791015625 0.895747115234375 0.5153403203125 0.89893278515625 0.51609544140625 0.967961763671875 0.60299965234375 1 0.693650033203125 1
0 0.69843091796875 0.30935219921875 0.771814908203125 0.33663932421875 0.86183706640625 0.17603750390625 0.86278297265625 0.17194032421875 0.77870372265625 0.14306831640625 0.683865431640625 0.300943490234375 0.68326790234375 0.303531666015625 0.69843091796875 0.30935219921875
0 0.531976625 0.94452286328125 0.603277494140625 0.978035607421875 0.603816912109375 0.978264578125 0.71445228515625 0.828323029296875 0.715726435546875 0.822804083984375 0.64888421875 0.796235046875 0.531976625 0.94452286328125
0 0.82842985546875 0.41798341015625 0.658502984375 0.3402189765625 0.63296284375 0.42443645703125 0.79791299609375 0.50463462890625 0.80697720703125 0.506727265625 0.820004443359375 0.454477873046875 0.82842985546875 0.41798341015625
0 0.725728609375 0.226322134765625 0.811857783203125 0.24138869921875 0.820933626953125 0.24250307421875 0.864586421875 0.071019353515625 0.811224541015625 0.05869979296875 0.774710083984375 0.054216380859375 0.725728609375 0.226322134765625
0 0.554796814453125 0.787278576171875 0.7198283046875 0.864948123046875 0.726542224609375 0.86625317578125 0.732167341796875 0.84188811328125 0.743105673828125 0.7856152734375 0.57047518359375 0.701793189453125 0.5700759375 0.70352251171875 0.554796814453125 0.787278576171875
0 0.726209408203125 0.42299776171875 0.71468398046875 0.419252923828125 0.62342373046875 0.58017819921875 0.63905909765625 0.585258439453125 0.70765433984375 0.60455005859375 0.79748155859375 0.454791826171875 0.798953205078125 0.448417431640625 0.726209408203125 0.42299776171875
0 0.658832388671875 0.3915156640625 0.658009267578125 0.393454818359375 0.74680765625 0.4311475 0.84731627734375 0.273663720703125 0.847811546875 0.27151848046875 0.761246166015625 0.241596271484375 0.658832388671875 0.3915156640625
0 0.57885199609375 0.717964271484375 0.758061791015625 0.763937982421875 0.762922681640625 0.763853134765625 0.76412699609375 0.70142319921875 0.763570744140625 0.669555466796875 0.579740421875 0.625079337890625 0.57885199609375 0.717964271484375
0 0.6071609375 0.631359267578125 0.62664718359375 0.63649812109375 0.780601408203125 0.67420916796875 0.781806048828125 0.6742301953125 0.784077724609375 0.589347884765625 0.60428612890625 0.53673610546875 0.603307330078125 0.53671901953125 0.6071609375 0.631359267578125
0 0.1535145625 0 0.143046427734375 0.03593393359375 0.15469294921875 0.03862274609375 0.2207154296875 0.04622953515625 0.232639236328125 0 0.1535145625 0
0 0.22951139453125 0.05320725390625 0.14225312109375 0.01004159375 0.12116194921875 0.085722615234375 0.206240353515625 0.125892609375 0.21066211328125 0.126913453125 0.22390648828125 0.07748476953125 0.22951139453125 0.05320725390625
0 0.8717119765625 1 0.87211236328125 0.988534421875 0.683793615234375 0.9819581875 0.68315339453125 0.984731294921875 0.68292203515625 1 0.8717119765625 1
0 0.12418148828125 0.1898771015625 0.17646734765625 0.201194267578125 0.21711092578125 0.11386553515625 0.218317083984375 0.10864109375 0.146933689453125 0.092103794921875 0.100041205078125 0.183355015625 0.09993134765625 0.18383086328125 0.12418148828125 0.1898771015625
0 0.169072337890625 0.28568971484375 0.1696728515625 0.28451113671875 0.19866962890625 0.2219971875 0.1204298125 0.15400371484375 0.11754376953125 0.159667896484375 0.087613689453125 0.2225398984375 0.16182466796875 0.28388447265625 0.162298318359375 0.28412580859375 0.169072337890625 0.28568971484375
0 0.085125650390625 0.237747388671875 0.0743230859375 0.314611638671875 0.16563520703125 0.35135401953125 0.170153779296875 0.3519890625 0.170966416015625 0.348469150390625 0.176046572265625 0.273551791015625 0.085125650390625 0.237747388671875
0 0.80594539453125 0.967444138671875 0.91067783203125 0.818837421875 0.9118499609375 0.81376037109375 0.8243687890625 0.786101814453125 0.72300798828125 0.940496142578125 0.80594539453125 0.967444138671875
0 0.90720529296875 0.70014037890625 0.90712650390625 0.697884205078125 0.817307484375 0.696202298828125 0.7731284453125 0.877362302734375 0.775822564453125 0.8779842890625 0.86668721484375 0.874811224609375 0.90720529296875 0.70014037890625
0 0.8914237421875 1 0.89350741796875 0.99484271875 0.735829505859375 0.867147564453125 0.73456613671875 0.866855892578125 0.72848771875 0.881900501953125 0.701277509765625 0.952497900390625 0.7618571875 1 0.8914237421875 1
0 0.957495873046875 0.69795643359375 0.798291068359375 0.599707396484375 0.772393599609375 0.68427123828125 0.92384058984375 0.78867973046875 0.927485240234375 0.7895211640625 0.938360296875 0.757937703125 0.957495873046875 0.69795643359375
0 1 0.284119095703125 0.886303619140625 0.219597568359375 0.854720283203125 0.303304685546875 1 0.39543903125 1 0.284119095703125
0 1 0.38771623046875 0.8558588125 0.322442689453125 0.8544948984375 0.32215278125 0.845308587890625 0.36381181640625 0.833848646484375 0.41772659765625 1 0.489963087890625 1 0.38771623046875
0 1 0.4819956484375 0.819618994140625 0.42963255078125 0.81438081640625 0.5295829765625 0.99349292578125 0.578080236328125 0.995106291015625 0.5781647890625 1 0.556967802734375 1 0.4819956484375
0 0.8219826875 0.502173552734375 0.788509544921875 0.59414024609375 0.95550142578125 0.69968170703125 0.984362201171875 0.624702548828125 0.987487185546875 0.611166755859375 0.822312943359375 0.502249798828125 0.8219826875 0.502173552734375
0 1 0.16802995703125 0.9214009140625 0.1178116171875 0.91993015234375 0.117472064453125 0.875135185546875 0.20372051953125 1 0.28795191015625 1 0.16802995703125
0 0.120562400390625 0.58775441015625 0.027954783203125 0.52417837109375 0.0042833984375 0.593004841796875 0.090731271484375 0.649260095703125 0.09905858984375 0.651182607421875 0.10861110546875 0.6245367109375 0.120562400390625 0.58775441015625
0 0.16258769140625 0.35997341796875 0.162741189453125 0.35900108203125 0.0765043984375 0.316726041015625 0.06265991796875 0.38883138671875 0.1461316953125 0.424073572265625 0.15014133203125 0.424780578125 0.15445512890625 0.406095478515625 0.16258769140625 0.35997341796875
0 0 0.66539680859375 0.093441484375 0.718996296875 0.096443619140625 0.70599262109375 0.10419864453125 0.650812734375 0.104721490234375 0.646551869140625 0.000619681640625 0.6009260546875 0 0.607150150390625 0 0.66539680859375
0 0.08645708984375 0.565973400390625 0.1030549921875 0.566141037109375 0.13442708984375 0.4723018828125 0.134509375 0.469945541015625 0.062166107421875 0.46386544140625 0.02869543359375 0.562775984375 0.03471916015625 0.564166671875 0.08645708984375 0.565973400390625
0 0.05940175390625 0.39411358984375 0.048098873046875 0.45331735546875 0.132365875 0.50118901953125 0.1340233203125 0.501541318359375 0.14049627734375 0.473503861328125 0.142309390625 0.46497383203125 0.148729255859375 0.429025642578125 0.06194510546875 0.3830971328125 0.05940175390625 0.39411358984375
0 0 0.84793353515625 0.01195625390625 0.85228525390625 0.08798770703125 0.770403017578125 0.088953380859375 0.766220224609375 0.0229407109375 0.745800365234375 0 0.77020243359375 0 0.84793353515625
0 0 0.7389132578125 0.066434919921875 0.79599285546875 0.0701638203125 0.796853740234375 0.092110517578125 0.73457738671875 0.093873931640625 0.72880951171875 0 0.660758533203125 0 0.7389132578125
0 0 0.897717958984375 0.00404809765625 0.89865253515625 0.0448908125 0.901508537109375 0.04616062109375 0.896008388671875 0.05248941796875 0.805502390625 0.010736712890625 0.80503903515625 0 0.827045060546875 0 0.897717958984375