0 0.762922662109375 0.116570189453125 0.772520451171875 0.11080325390625 0.792477015625 0.096829517578125 0.791016849609375 0.09439939453125 0.705803900390625 0.022344212890625 0.647110283203125 0.056258142578125 0.733545365234375 0.13324880859375 0.762922662109375 0.116570189453125
0 0.6708603359375 0.044783236328125 0.6083155 0.14552391796875 0.651847681640625 0.19720669921875 0.65302703515625 0.19638090625 0.71439851171875 0.09648341796875 0.6708603359375 0.044783236328125
0 0.441743767578125 0.34324981640625 0.519282732421875 0.25505311328125 0.47665565625 0.191442138671875 0.4756278828125 0.19208436328125 0.40212732421875 0.277021744140625 0.4377235390625 0.337508333984375 0.441743767578125 0.34324981640625
0 0.603925439453125 0.212559208984375 0.498909841796875 0.167476501953125 0.44885533984375 0.224901669921875 0.552089537109375 0.270971744140625 0.589518009765625 0.233269681640625 0.605529701171875 0.214850333984375 0.603925439453125 0.212559208984375
0 0.57586044140625 0.25021451171875 0.658273296875 0.164062302734375 0.62630512109375 0.1063901875 0.624037638671875 0.1023514921875 0.61828448828125 0.094135138671875 0.535106859375 0.183582763671875 0.548732134765625 0.20816341015625 0.57317307421875 0.25170414453125 0.57586044140625 0.25021451171875
0 0.3674685078125 0.38427707421875 0.461505845703125 0.313456013671875 0.42980209375 0.241502748046875 0.42861262109375 0.241983326171875 0.33825806640625 0.31452664453125 0.365034791015625 0.380801365234375 0.3674685078125 0.38427707421875
0 0.351931412109375 0.420208400390625 0.41163066015625 0.379508712890625 0.410780791015625 0.37820002734375 0.323340173828125 0.297907396484375 0.255704017578125 0.3447297109375 0.34396592578125 0.425381248046875 0.351931412109375 0.420208400390625
0 0 0.53384541015625 0.070877423828125 0.63324923828125 0.139726947265625 0.599669083984375 0.1451476015625 0.5958735 0.0632656484375 0.48472027734375 0 0.51483572265625 0 0.53384541015625
0 0.118379625 0.592661611328125 0.214077486328125 0.500154958984375 0.19675513671875 0.47346694921875 0.184822501953125 0.455776091796875 0.165372076171875 0.42799800390625 0.06529934765625 0.527289400390625 0.101839521484375 0.582436318359375 0.11200843359375 0.596959033203125 0.118379625 0.592661611328125
0 0.301374404296875 0.333471083984375 0.200409888671875 0.437625001953125 0.2444240703125 0.504276876953125 0.244900240234375 0.503967646484375 0.34514032421875 0.3980444609375 0.326618783203125 0.369523791015625 0.301374404296875 0.333471083984375
0 0.27329731640625 0.43308358984375 0.25418944140625 0.38867007421875 0.253965052734375 0.388349615234375 0.13905176171875 0.47068308984375 0.165411671875 0.540044849609375 0.16609446484375 0.539768982421875 0.285965947265625 0.46443955078125 0.27329731640625 0.43308358984375
0 0.813828755859375 0.11733255078125 0.706783521484375 0.235636904296875 0.74560116015625 0.30243383984375 0.748835833984375 0.300640830078125 0.855039478515625 0.191133228515625 0.815279763671875 0.1194048046875 0.813828755859375 0.11733255078125
0 0.83920657421875 0.11735793359375 0.74384217578125 0.19392629296875 0.7921406875 0.261106603515625 0.79963350390625 0.255860076171875 0.86839269140625 0.1547144609375 0.83920657421875 0.11735793359375
0 0.517713484375 0.481504740234375 0.532119421875 0.475389783203125 0.594006052734375 0.44637151171875 0.592668712890625 0.443220939453125 0.49827673828125 0.330195970703125 0.48034494921875 0.3378075625 0.42788127734375 0.360953 0.517713484375 0.481504740234375
0 0.80662526171875 0.26232062109375 0.665523880859375 0.20800859375 0.61987162109375 0.272150591796875 0.620710962890625 0.272854880859375 0.755088783203125 0.326527646484375 0.807689515625 0.26384053515625 0.80662526171875 0.26232062109375
0 0.617621974609375 0.27298192578125 0.508551814453125 0.36676771875 0.5381312890625 0.44478962890625 0.542571943359375 0.44271891796875 0.651123978515625 0.341580224609375 0.622154587890625 0.279455166015625 0.617621974609375 0.27298192578125
0 0.73776619140625 0.33923669921875 0.736642662109375 0.33743867578125 0.623438390625 0.24108181640625 0.554819712890625 0.28470076171875 0.67452186328125 0.38063966015625 0.71276539453125 0.35674244921875 0.73776619140625 0.33923669921875
0 0.472769302734375 0.367698884765625 0.369177189453125 0.480250890625 0.413026984375 0.54436300390625 0.418672515625 0.54069675390625 0.42943000390625 0.530669041015625 0.520068455078125 0.434690185546875 0.499408892578125 0.40287725 0.47344925 0.3672573203125 0.472769302734375 0.367698884765625
0 0.12835662109375 0.77522496484375 0.18347934765625 0.71537488671875 0.18184105859375 0.713035169921875 0.1762657109375 0.70818859375 0.06584551953125 0.62978473046875 0.01907945703125 0.68489768359375 0.04295197265625 0.71899116796875 0.12835662109375 0.77522496484375
0 0.22983501171875 0.62362607421875 0.18049005078125 0.57494137109375 0.180364068359375 0.5750295859375 0.10219409375 0.680769171875 0.1580467265625 0.743253181640625 0.159668271484375 0.74211776171875 0.241831474609375 0.636048771484375 0.22983501171875 0.62362607421875
0 0.39716476953125 0.557446244140625 0.28249184765625 0.49485108984375 0.227939587890625 0.5618142421875 0.22875308203125 0.562496845703125 0.34538752734375 0.621603689453125 0.39810058203125 0.558782720703125 0.39716476953125 0.557446244140625
0 0.24216052734375 0.693893365234375 0.310138884765625 0.5811156640625 0.2698753984375 0.544355990234375 0.24624208203125 0.52381186328125 0.178015451171875 0.642456814453125 0.23896742578125 0.69612919921875 0.24216052734375 0.693893365234375
0 0.37084799609375 0.58852574609375 0.450033630859375 0.498084244140625 0.40332748046875 0.431727341796875 0.401779447265625 0.42959665625 0.31759259765625 0.531823314453125 0.36300725390625 0.594015892578125 0.37084799609375 0.58852574609375
0 1 0.3947687890625 0.938269876953125 0.334238099609375 0.934028671875 0.33678647265625 0.867370779296875 0.37849152734375 1 0.49282466796875 1 0.3947687890625
0 0.32676475 0.951291259765625 0.4538969609375 0.82294646484375 0.40743952734375 0.759926595703125 0.397163541015625 0.74628990234375 0.269723380859375 0.882923818359375 0.3205506953125 0.95564238671875 0.32676475 0.951291259765625
0 0.846825869140625 0.56332568359375 0.99626427734375 0.44898040625 0.996025927734375 0.44844506640625 0.96127391796875 0.37773993359375 0.81504900390625 0.497217703125 0.843323353515625 0.56488510546875 0.846825869140625 0.56332568359375
0 0.61533284765625 0.77367780078125 0.48695813671875 0.6479221875 0.410145294921875 0.70109444921875 0.5507910078125 0.83257558984375 0.572797939453125 0.817166171875 0.620052578125 0.780418275390625 0.61533284765625 0.77367780078125
0 0.25227459765625 1 0.376987271484375 0.880043283203125 0.34552567578125 0.83511146484375 0.32362382421875 0.805423841796875 0.1891175546875 0.92773725390625 0.239716474609375 1 0.25227459765625 1
0 0.929102412109375 0.546201546875 0.9261667109375 0.543366572265625 0.767885369140625 0.452730111328125 0.70677783203125 0.514563875 0.87453239453125 0.60793773046875 0.9312241484375 0.54923169921875 0.929102412109375 0.546201546875
0 0.547592736328125 0.789294380859375 0.68046396484375 0.6698413984375 0.648438197265625 0.606187458984375 0.647275564453125 0.604090015625 0.63934751171875 0.59276758203125 0.49991258203125 0.712098248046875 0.50578776953125 0.72269737109375 0.545364552734375 0.790529484375 0.547592736328125 0.789294380859375
0 0.48411276953125 0.8807603515625 0.53239732421875 0.856899748046875 0.537676123046875 0.8532034921875 0.535415791015625 0.84856912109375 0.42775267578125 0.707435279296875 0.34216994921875 0.742131556640625 0.4523073828125 0.896272876953125 0.48411276953125 0.8807603515625
0 0.704340201171875 0.68902841015625 0.83618883984375 0.559966146484375 0.8200374609375 0.53082829296875 0.78963934765625 0.479321267578125 0.651807275390625 0.61058088671875 0.700442890625 0.691188724609375 0.704340201171875 0.68902841015625
0 0.55799965625 0.626418263671875 0.558595287109375 0.627268912109375 0.724427685546875 0.7142927265625 0.78171181640625 0.65170569140625 0.781523986328125 0.65143744140625 0.780876634765625 0.65083377734375 0.6439349375 0.571015240234375 0.62634795703125 0.561175541015625 0.55799965625 0.626418263671875
0 0 0.40375805859375 0.044540501953125 0.37257046484375 0.042580779296875 0.36977169140625 0 0.32759691796875 0 0.40375805859375
0 0 0.32607398046875 0.05365602734375 0.37239208984375 0.1139796015625 0.33008472265625 0.1120059765625 0.327266095703125 0.040173146484375 0.2601816640625 0 0.287496787109375 0 0.32607398046875
0 0.175998798828125 0.29196713671875 0.174630091796875 0.289776748046875 0.10282066796875 0.22041162890625 0.03902276171875 0.257073328125 0.11195918359375 0.331092267578125 0.16291182421875 0.301130734375 0.175998798828125 0.29196713671875
0 0.174053576171875 0.16062419140625 0.118908255859375 0.24084426953125 0.16670598828125 0.302288951171875 0.171397509765625 0.299003916015625 0.22599314453125 0.21830892578125 0.174053576171875 0.16062419140625
0 1 0.570159451171875 0.88103184765625 0.67421560546875 0.91607131640625 0.754175232421875 1 0.685516748046875 1 0.570159451171875
0 1 0.71759181640625 0.84266273046875 0.629316572265625 0.84113923828125 0.6308400625 0.7821324765625 0.69654132421875 0.940532349609375 0.78777316015625 0.9558175859375 0.772487921875 1 0.72687342578125 1 0.71759181640625
0 0.865121673828125 0.659137751953125 0.729115970703125 0.7885755859375 0.767309009765625 0.866789078125 0.77275716796875 0.86389223828125 0.909798490234375 0.746102501953125 0.868489732421875 0.66394783984375 0.865121673828125 0.659137751953125
0 0.582367513671875 1 0.459545671875 0.89537599609375 0.385930677734375 0.961342013671875 0.43609701953125 1 0.582367513671875 1
0 0.651931255859375 1 0.67975808984375 0.982611865234375 0.68450173046875 0.97929033203125 0.68388742578125 0.978307236328125 0.55211329296875 0.83943476953125 0.50536950390625 0.868643529296875 0.469364720703125 0.891524068359375 0.470103630859375 0.89270657421875 0.575037955078125 1 0.651931255859375 1
0 0.768067318359375 0.8942908359375 0.773477890625 0.88784276953125 0.76947701953125 0.88212893359375 0.76877219921875 0.88153751953125 0.604702841796875 0.79485200390625 0.540367779296875 0.87152354296875 0.7121839765625 0.9583609375 0.768067318359375 0.8942908359375
0 0.85695069140625 0.832709603515625 0.68459482421875 0.73832219140625 0.62030735546875 0.812276462890625 0.79518547265625 0.90369619921875 0.80399135546875 0.89753025390625 0.857556466796875 0.833574740234375 0.85695069140625 0.832709603515625
0 0.4235859296875 0 0.361186689453125 0.07450632421875 0.402524025390625 0.13144500390625 0.40926635546875 0.12672397265625 0.4737595703125 0.045732033203125 0.44682644921875 0.00726755078125 0.44140490625 0 0.4235859296875 0
0 0.248087072265625 0.23866926953125 0.30069876171875 0.19902351953125 0.298941689453125 0.19651416015625 0.297729859375 0.194906009765625 0.22843344921875 0.1365317265625 0.170472376953125 0.181602392578125 0.24729040234375 0.239247466796875 0.248087072265625 0.23866926953125
0 0.449544919921875 0 0.422124041015625 0.03346232421875 0.463342833984375 0.09458159765625 0.464477248046875 0.093787271484375 0.52575819140625 0 0.449544919921875 0
0 0.4245995703125 0.098110380859375 0.42092037890625 0.094912107421875 0.3350825 0.055767654296875 0.28432395703125 0.11131379296875 0.381995984375 0.155423681640625 0.42577245703125 0.099785435546875 0.4245995703125 0.098110380859375
0 0.341568453125 0.13497605078125 0.320861275390625 0.09433592578125 0.31357818359375 0.083934595703125 0.24475964453125 0.15180052734375 0.27547755078125 0.2153193671875 0.279046693359375 0.213500796875 0.3482482890625 0.149219462890625 0.341568453125 0.13497605078125
0 0.507484310546875 0 0.544359748046875 0.019881509765625 0.56725373828125 0.031726162109375 0.57590271484375 0.024968841796875 0.60660555859375 0 0.507484310546875 0