0 0.987654109375 0.69675906640625 0.955812806640625 0.63313251953125 0.87544962890625 0.71865821484375 0.90282482421875 0.77233901171875 0.906192767578125 0.776808423828125 0.91097480078125 0.7742657734375 0.987654109375 0.69675906640625
0 0.8799666875 0.72431113671875 0.880768265625 0.72370710546875 0.935644283203125 0.619775328125 0.888193099609375 0.57082197265625 0.833240576171875 0.67609634765625 0.8799666875 0.72431113671875
0 0.74338001953125 0.37785843359375 0.740408884765625 0.37418938671875 0.67394276953125 0.47154976953125 0.7226203046875 0.527889763671875 0.72846673046875 0.523484166015625 0.787547615234375 0.435467236328125 0.74338001953125 0.37785843359375
0 0.786930416015625 0.439108810546875 0.726941271484375 0.534926626953125 0.759067384765625 0.5772379609375 0.77421291015625 0.59466089453125 0.780091962890625 0.590230708984375 0.83683048828125 0.4966682265625 0.786930416015625 0.439108810546875
0 0.752966751953125 0.583855884765625 0.852841568359375 0.6432260546875 0.90184427734375 0.59910381640625 0.9128858359375 0.589052697265625 0.80611499609375 0.527607513671875 0.78522937109375 0.546413015625 0.749355578125 0.5790636953125 0.752966751953125 0.583855884765625
0 0.760924564453125 0.395842921875 0.76004963671875 0.394904677734375 0.6599444375 0.336548630859375 0.605127359375 0.387666384765625 0.60661515234375 0.389640751953125 0.705112013671875 0.451226666015625 0.760924564453125 0.395842921875
0 0.61588748828125 0.4060561484375 0.696180119140625 0.31861553125 0.6493578046875 0.250979375 0.568706267578125 0.33924128515625 0.57387911328125 0.34720676953125 0.61457880078125 0.40690601953125 0.61588748828125 0.4060561484375
0 0.43711851953125 0 0.35619513671875 0.09107423046875 0.372551078125 0.112779298828125 0.40430796484375 0.15342626171875 0.41506625 0.145319310546875 0.50003247265625 0.05262801171875 0.45835390234375 0 0.43711851953125 0
0 0.39986301953125 0.14599241015625 0.43808694140625 0.217922515625 0.441365189453125 0.222272900390625 0.442996431640625 0.221368689453125 0.55043993359375 0.131928095703125 0.513724935546875 0.0643871328125 0.50988126953125 0.05745297265625 0.50737448828125 0.058842505859375 0.39986301953125 0.14599241015625
0 0.485327970703125 0.267631916015625 0.48737388671875 0.27034694140625 0.611145876953125 0.336460501953125 0.66371609765625 0.2759853828125 0.53369253515625 0.208527150390625 0.485327970703125 0.267631916015625
0 0.608827890625 0.23604133984375 0.50458431640625 0.140923826171875 0.442218814453125 0.181128828125 0.442630611328125 0.181739345703125 0.541236599609375 0.2833294765625 0.56927340234375 0.264418416015625 0.6002970234375 0.24246980859375 0.608827890625 0.23604133984375
0 0.806851603515625 0.67012189453125 0.7365238828125 0.813427119140625 0.77377486328125 0.85067809765625 0.79125444921875 0.86746262109375 0.79456213671875 0.86497009765625 0.866399125 0.730558404296875 0.806851603515625 0.67012189453125
0 0.759171169921875 0.853722703125 0.77435183984375 0.884847689453125 0.78042319921875 0.89290465625 0.78202726171875 0.89212230078125 0.898605814453125 0.78035880859375 0.885830748046875 0.74563344921875 0.86508755078125 0.75575058203125 0.74314726953125 0.817243134765625 0.759171169921875 0.853722703125
0 0.664874078125 0.53790329296875 0.68884323828125 0.508175060546875 0.55096962109375 0.446405013671875 0.50268121484375 0.50355809375 0.50528005859375 0.507006873046875 0.63397273046875 0.573451228515625 0.664874078125 0.53790329296875
0 0.717576095703125 0.6321396484375 0.64964422265625 0.67649304296875 0.65241223828125 0.680755412109375 0.769432162109375 0.7723540703125 0.832122537109375 0.724147201171875 0.717576095703125 0.6321396484375
0 0.64320905859375 0.66794537109375 0.64853161328125 0.663934537109375 0.7035719765625 0.536186634765625 0.64159367578125 0.477908951171875 0.586272630859375 0.6218391640625 0.64320905859375 0.66794537109375
0 0.74897888671875 0.59107269921875 0.688815828125 0.54422591015625 0.63352906640625 0.685274568359375 0.695940779296875 0.735814576171875 0.6966138515625 0.735307380859375 0.697849458984375 0.73378153125 0.74897888671875 0.59107269921875
0 0.63560331640625 0.446388408203125 0.63499144140625 0.44585651171875 0.49824565234375 0.37730091796875 0.448705158203125 0.4371220703125 0.448711435546875 0.43713040234375 0.453784119140625 0.44154001953125 0.46638854296875 0.449116765625 0.583632681640625 0.509788681640625 0.60851869140625 0.481160599609375 0.63560331640625 0.446388408203125
0 0.24950051171875 0.06269707421875 0.210838611328125 0.092903060546875 0.220561544921875 0.10580583203125 0.294479185546875 0.18336370703125 0.32464737890625 0.16063034375 0.35655927734375 0.13569803515625 0.36407397265625 0.129681126953125 0.27552797265625 0.043083974609375 0.24950051171875 0.06269707421875
0 0.39421962890625 0.20713516015625 0.41460021484375 0.186754576171875 0.41400762109375 0.185968177734375 0.306284953125 0.10549242578125 0.24736316796875 0.167335912109375 0.249217865234375 0.1697971796875 0.25017507421875 0.170754388671875 0.35377257421875 0.244579841796875 0.39421962890625 0.20713516015625
0 0.425094259765625 0.396015642578125 0.499563091796875 0.293044630859375 0.4460925078125 0.22991417578125 0.44526718359375 0.230631619140625 0.365352029296875 0.334297669921875 0.368451970703125 0.33841143359375 0.421125982421875 0.399005953125 0.425094259765625 0.396015642578125
0 0.340376904296875 0.321925064453125 0.341152025390625 0.32295368359375 0.4534681875 0.250237654296875 0.421861884765625 0.17042801171875 0.42177135546875 0.170307875 0.308555287109375 0.246958033203125 0.340376904296875 0.321925064453125
0 0.402189607421875 0.35863345703125 0.40415921875 0.36178549609375 0.493083458984375 0.45134402734375 0.552467279296875 0.415464443359375 0.56371751171875 0.40698678515625 0.468665197265625 0.316872095703125 0.402189607421875 0.35863345703125
0 0.6592499609375 1 0.6860259375 0.972272666015625 0.5359514296875 0.89984330078125 0.48524210546875 0.94775190234375 0.48910715234375 0.95288099609375 0.57260066015625 1 0.6592499609375 1
0 0.2439420078125 0.419048861328125 0.126028205078125 0.27484233203125 0.045433185546875 0.32212178125 0.043889728515625 0.323284859375 0.166425615234375 0.464276330078125 0.21979305859375 0.434752716796875 0.236124357421875 0.4249398828125 0.2439420078125 0.419048861328125
0 0.56722659765625 0.99435396484375 0.637314451171875 0.958373271484375 0.515302904296875 0.814255802734375 0.448139265625 0.843706806640625 0.44975957421875 0.84718157421875 0.566695498046875 0.99460162109375 0.56722659765625 0.99435396484375
0 0.29589216796875 0.417218126953125 0.1693995859375 0.562366787109375 0.1855676484375 0.58382253125 0.22394232421875 0.62976590234375 0.230513974609375 0.624813806640625 0.351712767578125 0.4921284921875 0.29589216796875 0.417218126953125
0 0 0.3331668828125 0.01502759375 0.36856967578125 0.020185564453125 0.379930970703125 0.024911802734375 0.3862028984375 0.033935234375 0.3823726796875 0.185498541015625 0.293870638671875 0.14329862109375 0.20704953125 0 0.296197908203125 0 0.3331668828125
0 0.57801543359375 0.877502171875 0.460722935546875 0.728467669921875 0.38181138671875 0.76251514453125 0.38332123828125 0.76590632421875 0.50194316015625 0.91292000390625 0.53450609765625 0.898422048828125 0.57486109375 0.87987913671875 0.57801543359375 0.877502171875
0 0.20630374609375 0.58537713671875 0.35839365234375 0.676921158203125 0.409902787109375 0.62768415234375 0.42132296875 0.61585820703125 0.265195109375 0.516613716796875 0.25677685546875 0.525331072265625 0.204053048828125 0.582390359375 0.20630374609375 0.58537713671875
0 0.100945599609375 0.397067345703125 0.10290009375 0.400903255859375 0.2141640546875 0.541595998046875 0.29675304296875 0.506422919921875 0.29875807421875 0.50491201953125 0.186206736328125 0.353066380859375 0.100945599609375 0.397067345703125
0 0.404083888671875 0.85750759765625 0.50899514453125 0.70428368359375 0.443832810546875 0.634662208984375 0.339102703125 0.79222291796875 0.358256263671875 0.81425656640625 0.400675103515625 0.86047080859375 0.404083888671875 0.85750759765625
0 0.27774337109375 0.68634407421875 0.311838955078125 0.77216071484375 0.31316412109375 0.77391926953125 0.31423635546875 0.77341927734375 0.45645246484375 0.652764841796875 0.419758021484375 0.57594730859375 0.41954429296875 0.57604697265625 0.29345477734375 0.6737237265625 0.27774337109375 0.68634407421875
0 0.65034238671875 0 0.612593146484375 0.0523365234375 0.660356525390625 0.10917094140625 0.660870927734375 0.10878330859375 0.72320146875 0.02912516796875 0.69943642578125 0 0.65034238671875 0
0 0.7141216484375 0.16878497265625 0.7151496171875 0.16961740625 0.72070189453125 0.16543346484375 0.72103643359375 0.16502034375 0.763880451171875 0.0787949609375 0.710965615234375 0.033532189453125 0.70602525390625 0.029531560546875 0.6622050625 0.123469689453125 0.7141216484375 0.16878497265625
0 0.813577357421875 0.16249085546875 0.778338779296875 0.09333125 0.7040281328125 0.15678593359375 0.732606716796875 0.22450917578125 0.73577085546875 0.2287081328125 0.73920219921875 0.22695977734375 0.813577357421875 0.16249085546875
0 0.45702465234375 1 0.47683354296875 0.9755380546875 0.47652130078125 0.975123693359375 0.307901619140625 0.901052658203125 0.249335248046875 0.97221358203125 0.251164119140625 0.974640576171875 0.31448623828125 1 0.45702465234375 1
0 0.3072776484375 1 0.380853216796875 0.84431401171875 0.37922716015625 0.84290050390625 0.30956984375 0.788620568359375 0.22960966015625 0.952998599609375 0.24592390625 0.967180357421875 0.28491737109375 1 0.3072776484375 1
0 0.288923388671875 0.718159869140625 0.161680146484375 0.85742413671875 0.19184125 0.909607724609375 0.198744623046875 0.920655431640625 0.207575439453125 0.9323743203125 0.33895976171875 0.80245073828125 0.288923388671875 0.718159869140625
0 0 0.575563947265625 0.111526890625 0.50967419921875 0.0731214921875 0.418593421875 0 0.466775748046875 0 0.575563947265625
0 0 0.581910427734375 0.0802977890625 0.6904360546875 0.1512347578125 0.6573576015625 0.16461729296875 0.65099297265625 0.168547861328125 0.648031080078125 0.0517943671875 0.49512003125 0 0.519272140625 0 0.581910427734375
0 0.02878400390625 0.68721676171875 0.057543517578125 0.74366048828125 0.07909594140625 0.772261517578125 0.22071337890625 0.6526381484375 0.17836323828125 0.565438333984375 0.02878400390625 0.68721676171875
0 0.24423275390625 0.8280434921875 0.294610732421875 0.795261880859375 0.15665604296875 0.65386248046875 0.07456501953125 0.705158642578125 0.077212703125 0.709395822265625 0.21564736328125 0.845905625 0.24423275390625 0.8280434921875
0 0.947386525390625 0.330878091796875 0.880649748046875 0.420968916015625 0.908059251953125 0.4573425546875 0.921392068359375 0.4739711328125 0.9309439140625 0.46677330078125 0.99217596484375 0.388248150390625 0.947386525390625 0.330878091796875
0 0.838573892578125 0.2527076328125 0.86625455859375 0.224174587890625 0.782161478515625 0.17778151171875 0.73534303125 0.22294776171875 0.7408543125 0.23026148046875 0.81468662890625 0.276594896484375 0.838573892578125 0.2527076328125
0 1 0.398109708984375 0.99207086328125 0.38719446484375 0.931726001953125 0.48698990625 0.946648595703125 0.50855234375 0.966016482421875 0.5342543984375 0.973967740234375 0.528262697265625 1 0.49413137890625 1 0.398109708984375
0 0.83375938671875 0.350982947265625 0.87238248828125 0.41090476171875 0.87830166015625 0.407487326171875 0.943259548828125 0.33907020703125 0.907265009765625 0.272993005859375 0.83375938671875 0.350982947265625
0 0.83712712890625 0.214274677734375 0.79526675390625 0.303592359375 0.822028044921875 0.3284382890625 0.8493427578125 0.35218260546875 0.85241837109375 0.34986496484375 0.890252869140625 0.26243170703125 0.83712712890625 0.214274677734375
0 1 0.49556360546875 0.98073728515625 0.51992691015625 0.965097078125 0.5404162890625 0.970249861328125 0.55010726171875 0.99502421484375 0.5945824453125 0.99994037109375 0.59196848046875 1 0.591904669921875 1 0.49556360546875