0 0.79166911328125 0.155441361328125 0.867125361328125 0.24467643359375 0.86757376953125 0.244830833984375 0.902573708984375 0.18318282421875 0.830055875 0.10176925390625 0.828469646484375 0.10081615234375 0.824101365234375 0.09931203125 0.79166911328125 0.155441361328125
0 0.87813635546875 0.245263572265625 0.78595723828125 0.17210963671875 0.784992873046875 0.171777578125 0.761678091796875 0.23546310546875 0.85490635546875 0.3087367890625 0.87813635546875 0.245263572265625
0 0.788278673828125 0.421089330078125 0.7157548125 0.417952404296875 0.6753086953125 0.522614689453125 0.675216177734375 0.523937751953125 0.751358794921875 0.53170813671875 0.792657041015625 0.42229641015625 0.789373828125 0.42116591015625 0.788278673828125 0.421089330078125
0 0.81697225 0.386745384765625 0.726581669921875 0.328156369140625 0.724617654296875 0.327593197265625 0.718152478515625 0.34636943359375 0.7028804140625 0.39962944921875 0.79979078125 0.46442295703125 0.80079909375 0.461494603515625 0.81697225 0.386745384765625
0 0.825638740234375 0.390397134765625 0.82568674609375 0.3904118125 0.849713599609375 0.31332528515625 0.751031486328125 0.24608255859375 0.73378163671875 0.29617976171875 0.726304779296875 0.32063545703125 0.825638740234375 0.390397134765625
0 0.72865223046875 0.61924176171875 0.72907832421875 0.61947794921875 0.76943620703125 0.55172066015625 0.686500740234375 0.471675544921875 0.683302841796875 0.470574419921875 0.647237576171875 0.535637880859375 0.72865223046875 0.61924176171875
0 0.7550856484375 0.59996022265625 0.68434808984375 0.5579700234375 0.602548427734375 0.64434927734375 0.60197058203125 0.645391740234375 0.601929591796875 0.645510783203125 0.672513947265625 0.686730560546875 0.7550856484375 0.59996022265625
0 0.55944087890625 1 0.6411193984375 0.893082044921875 0.56719191015625 0.85479876171875 0.48808257421875 0.96174862109375 0.485514642578125 0.969206439453125 0.547398138671875 1 0.55944087890625 1
0 0.66340983984375 0.80389181640625 0.611391009765625 0.78495851171875 0.581305091796875 0.774607123046875 0.5182828984375 0.88363912109375 0.513339142578125 0.89799683203125 0.590969349609375 0.925530330078125 0.66340983984375 0.80389181640625
0 0.5725986328125 0.67102569921875 0.5676294453125 0.680778279296875 0.6797225078125 0.776782470703125 0.697119626953125 0.743276072265625 0.716336712890625 0.705560419921875 0.61105696875 0.617561533203125 0.60333421875 0.614902376953125 0.5725986328125 0.67102569921875
0 0.68242526171875 0.713500724609375 0.635181353515625 0.701477138671875 0.602229625 0.6938696328125 0.54657965234375 0.82404941796875 0.546413994140625 0.824766958984375 0.619045392578125 0.839951765625 0.68242526171875 0.713500724609375
0 0.62700433203125 0.2111770546875 0.62642577734375 0.21482990234375 0.70247077734375 0.22846065234375 0.776736994140625 0.08796076953125 0.772078767578125 0.0863568125 0.69358403125 0.073924466796875 0.62700433203125 0.2111770546875
0 0.657145349609375 0.0318538828125 0.6495689140625 0.053612892578125 0.77236428515625 0.167290728515625 0.80564750390625 0.087778474609375 0.77358458984375 0.07230551171875 0.716910361328125 0.04587788671875 0.6597790078125 0.026205984375 0.657145349609375 0.0318538828125
0 0.587365765625 0.38715230078125 0.51019642578125 0.512136322265625 0.50951411328125 0.514236267578125 0.581651853515625 0.538801921875 0.66801868359375 0.414844494140625 0.63348790234375 0.402193259765625 0.630655591796875 0.401218017578125 0.587365765625 0.38715230078125
0 0.67983594140625 0.158581802734375 0.585307572265625 0.271446029296875 0.583224328125 0.27749620703125 0.65826526953125 0.306513685546875 0.751179150390625 0.19270117578125 0.67983594140625 0.158581802734375
0 0.63371155859375 0.31358023046875 0.530153130859375 0.417228251953125 0.528000275390625 0.42348059765625 0.6035637109375 0.455186513671875 0.7020653203125 0.348408212890625 0.63371155859375 0.31358023046875
0 0.7288811953125 0.27151616015625 0.66048783984375 0.23666800390625 0.551924744140625 0.34045478515625 0.551017994140625 0.3422343828125 0.55073708984375 0.34305019140625 0.621906666015625 0.380008728515625 0.7288811953125 0.27151616015625
0 0.478680203125 0.590713001953125 0.549604833984375 0.61990312109375 0.63815930078125 0.495173865234375 0.63844984375 0.49441697265625 0.598210982421875 0.47643041015625 0.56279787109375 0.46283658984375 0.4877611796875 0.57144949609375 0.482024037109375 0.581001798828125 0.478680203125 0.590713001953125
0 0.43582548046875 1 0.4801997421875 0.88813744921875 0.469833884765625 0.884568197265625 0.39532228125 0.865990369140625 0.3550634609375 0.9789046875 0.39995205078125 0.994361068359375 0.42256856640625 1 0.43582548046875 1
0 0.48725834375 0.80858062890625 0.43607879296875 0.788117935546875 0.36605089453125 0.89381575 0.36447521875 0.89839184765625 0.44158975 0.934985265625 0.51333294921875 0.82122598046875 0.513642310546875 0.82032752734375 0.48725834375 0.80858062890625
0 0.56618661328125 0.652608654296875 0.49106376953125 0.6263538125 0.424866888671875 0.727801001953125 0.4213065859375 0.738140873046875 0.499709595703125 0.76797294140625 0.5693376875 0.65377710546875 0.569344283203125 0.653757951171875 0.56618661328125 0.652608654296875
0 0.392570447265625 0.772008130859375 0.49801691796875 0.857153298828125 0.53770576953125 0.78446108203125 0.43717024609375 0.699805310546875 0.43258862890625 0.698227734375 0.407198419921875 0.7440328828125 0.392570447265625 0.772008130859375
0 0.5208725390625 0.68412044921875 0.59314722265625 0.575039001953125 0.51424812890625 0.54787186328125 0.4488396015625 0.65337988671875 0.44707302734375 0.658510390625 0.5208725390625 0.68412044921875
0 0.41714516796875 0 0.348085970703125 0.06771735546875 0.345887595703125 0.0741018984375 0.406852228515625 0.107028583984375 0.53100798828125 0 0.41714516796875 0
0 0.111141783203125 0.7071875 0.102353572265625 0.739099078125 0.274065482421875 0.81652877734375 0.295788380859375 0.729090853515625 0.132048220703125 0.64925083984375 0.129883783203125 0.648630197265625 0.118217501953125 0.68251153515625 0.111141783203125 0.7071875
0 0.509232953125 0.113159162109375 0.34770447265625 0.02636080078125 0.342521115234375 0.02516412890625 0.326989287109375 0.082431861328125 0.32277216015625 0.1006982421875 0.49414551953125 0.18585078515625 0.494305107421875 0.18538730859375 0.509232953125 0.113159162109375
0 0.16592978515625 0.584855677734375 0.16096171484375 0.5925058359375 0.230904912109375 0.643081716796875 0.36724553515625 0.506402076171875 0.36726950390625 0.50633246484375 0.28904267578125 0.45553137109375 0.16592978515625 0.584855677734375
0 0.266388431640625 0.806804533203125 0.099682455078125 0.749772498046875 0.090907490234375 0.748225236328125 0.07332673828125 0.82484949609375 0.070440595703125 0.841217625 0.24826515234375 0.8965420078125 0.266388431640625 0.806804533203125
0 0.47490133984375 0.18894457421875 0.30265523046875 0.128950998046875 0.29580964453125 0.128352087890625 0.29467848046875 0.1316372265625 0.28779791796875 0.21028240234375 0.468204765625 0.275586109375 0.46836315625 0.27512611328125 0.47490133984375 0.18894457421875
0 0.28338041015625 0.273378919921875 0.27985589453125 0.27216533203125 0.24728464453125 0.32322698828125 0.235086330078125 0.342748373046875 0.361950576171875 0.48028219921875 0.36261306640625 0.48069616796875 0.364413185546875 0.47781537109375 0.4082209140625 0.397693677734375 0.394164650390625 0.383252662109375 0.28338041015625 0.273378919921875
0 0.38138740625 0.46963319140625 0.23155958203125 0.3761704375 0.227221400390625 0.374676681640625 0.20706375390625 0.429282583984375 0.196625453125 0.45959761328125 0.3559335078125 0.5536525 0.35775858984375 0.54835207421875 0.38138740625 0.46963319140625
0 0.1315345859375 0.629193998046875 0.28757459375 0.73662451953125 0.3207719609375 0.65044929296875 0.179763533203125 0.546724310546875 0.17163288671875 0.54392470703125 0.14648966796875 0.597122724609375 0.1315345859375 0.629193998046875
0 0.442663716796875 0.21953853515625 0.3845928671875 0.20166791015625 0.350874302734375 0.192633046875 0.259579828125 0.3533348203125 0.258521404296875 0.35728491015625 0.346548859375 0.383440078125 0.442663716796875 0.21953853515625
0 0.79381259765625 1 0.842005884765625 0.945093396484375 0.7761068984375 0.905497291015625 0.713467521484375 0.97428623046875 0.711767458984375 0.9792235703125 0.74557559765625 1 0.79381259765625 1
0 0.21857746875 0 0.21366034765625 0.0069832890625 0.21103028125 0.01462155859375 0.28959699609375 0.04747000390625 0.2925001171875 0.04846962890625 0.309189548828125 0 0.21857746875 0
0 0.85709525390625 0.88927387109375 0.784408546875 0.821021578125 0.78052339453125 0.819683814453125 0.744090181640625 0.88759403515625 0.820971455078125 0.95432630078125 0.85709525390625 0.88927387109375
0 0.88947116796875 0.785502546875 0.876577033203125 0.7802929765625 0.8205775234375 0.760039138671875 0.763471890625 0.8386616015625 0.761381828125 0.844731583984375 0.83079733203125 0.87062517578125 0.88947116796875 0.785502546875
0 0.86809876953125 0.8115866640625 0.905729517578125 0.74369899609375 0.833649599609375 0.67667369140625 0.830576818359375 0.674970421875 0.829037337890625 0.6744403359375 0.796047927734375 0.74557723046875 0.86809876953125 0.8115866640625
0 0.259556197265625 0.008162212890625 0.115497669921875 0.124092826171875 0.11474702734375 0.1262728515625 0.191861775390625 0.17740146875 0.331852873046875 0.056926935546875 0.259556197265625 0.008162212890625
0 0.144915248046875 0.08027869921875 0.10414230859375 0.15361522265625 0.102247306640625 0.157500552734375 0.2418346171875 0.281890478515625 0.2776241015625 0.211387265625 0.28393479296875 0.1984484296875 0.1510613125 0.08269949609375 0.148937703125 0.081663740234375 0.144915248046875 0.08027869921875
0 0.189851892578125 0 0.146738337890625 0.042961947265625 0.145063087890625 0.04782722265625 0.218016958984375 0.09233823046875 0.313643396484375 0 0.189851892578125 0
0 0.07625669140625 0.339586904296875 0.075079318359375 0.34564395703125 0.16104181640625 0.35930073046875 0.245322640625 0.19086822265625 0.243651318359375 0.190292740234375 0.148832572265625 0.174095248046875 0.07625669140625 0.339586904296875
0 0 0.67714515625 0.096675193359375 0.732007333984375 0.128258529296875 0.648300216796875 0 0.566960470703125 0 0.67714515625
0 0 0.625292009765625 0.05753994140625 0.645104599609375 0.15505533984375 0.47954063671875 0.155262734375 0.47893832421875 0.12369591796875 0.46792751953125 0.065471080078125 0.447879099609375 0 0.55529330859375 0 0.625292009765625
0 0 0.51090874609375 0.07431978515625 0.55042527734375 0.197418779296875 0.40450130078125 0.198219046875 0.402177158203125 0.179819705078125 0.3923940546875 0.112848107421875 0.358411029296875 0 0.48737281640625 0 0.51090874609375
0 0.104860421875 0.458170765625 0.2272791171875 0.303125771484375 0.17375050390625 0.27578967578125 0.14345460546875 0.26101337890625 0.02004746484375 0.41124573046875 0.019641357421875 0.412078375 0.01830634765625 0.4159555234375 0.104860421875 0.458170765625
0 0 0.817268962890625 0.089955353515625 0.66757493359375 0.05679318359375 0.65349842578125 0 0.632234228515625 0 0.817268962890625
0 1 0.440978423828125 0.901968671875 0.403242189453125 0.895652609375 0.40257834375 0.891671912109375 0.431932662109375 0.88762925390625 0.470395994140625 0.991431375 0.5133285390625 1 0.443336205078125 1 0.440978423828125
0 0.822175169921875 0.681479732421875 0.82205569921875 0.68245683203125 0.909715337890625 0.72169650390625 0.92103494140625 0.649151916015625 0.836384080078125 0.616844322265625 0.831808466796875 0.61620126171875 0.831032908203125 0.61845365234375 0.822175169921875 0.681479732421875
0 1 0.344858587890625 0.98382161328125 0.337077419921875 0.8957034140625 0.41143965234375 0.895303568359375 0.412600890625 0.960879953125 0.446007525390625 1 0.405023376953125 1 0.344858587890625
0 0.94061371484375 0.48290822265625 0.92662673046875 0.47397051171875 0.8502945078125 0.53692594921875 0.8489760546875 0.538880634765625 0.907104666015625 0.58237294140625 0.9887605859375 0.5155275859375 0.98880079296875 0.51541081640625 0.94061371484375 0.48290822265625
0 0.879289833984375 0.531448025390625 0.87376317578125 0.540292529296875 0.84263212109375 0.59249763671875 0.90712387890625 0.66827704296875 0.907863373046875 0.668531671875 0.911280833984375 0.66306258984375 0.94550200390625 0.60408851171875 0.880089994140625 0.53172354296875 0.879289833984375 0.531448025390625
0 1 0.1810138203125 0.998846931640625 0.17931214453125 0.9970685234375 0.1786997890625 0.9762348203125 0.210780876953125 0.960591017578125 0.237671998046875 1 0.29661157421875 1 0.1810138203125
0 1 0.281666998046875 0.971963896484375 0.24832694921875 0.969615826171875 0.2469160859375 0.9668702265625 0.24597069921875 0.94012323046875 0.288576916015625 0.93447032421875 0.29798493359375 0.949016767578125 0.31926477734375 1 0.39118719140625 1 0.281666998046875
0 1 0.16215975 0.970929431640625 0.221763251953125 0.968566681640625 0.22862517578125 1 0.24173266796875 1 0.16215975