0 0.182170984375 0.04950431640625 0.22490701171875 0.15644678125 0.290841857421875 0.154121384765625 0.29053930859375 0.14834841796875 0.2524793046875 0.0455000078125 0.22638575 0.046222138671875 0.20048301171875 0.04757964453125 0.182170984375 0.04950431640625
0 0.189529359375 0.2263449609375 0.302824380859375 0.19134810546875 0.303886580078125 0.12317980078125 0.19058905078125 0.15876272265625 0.189529359375 0.2263449609375
0 0.329607984375 0.373636423828125 0.32839906640625 0.36213433203125 0.219228236328125 0.40553316796875 0.22837444921875 0.481930681640625 0.33358801953125 0.43914641796875 0.329607984375 0.373636423828125
0 0.30654351171875 0.272098240234375 0.30471542578125 0.27258807421875 0.21331608984375 0.329590634765625 0.228761337890625 0.4075331171875 0.2292559765625 0.40748112890625 0.32716569140625 0.34446391015625 0.30774162890625 0.2719723125 0.30654351171875 0.272098240234375
0 0.319724021484375 0.31384394921875 0.31963391015625 0.308681388671875 0.28138764453125 0.198108896484375 0.20568444140625 0.19943030078125 0.2024089375 0.1997745703125 0.24066690234375 0.3156539765625 0.319724021484375 0.31384394921875
0 0.23988058984375 0.43607451953125 0.23972424609375 0.437347841796875 0.259367302734375 0.55154341796875 0.33031409375 0.560254587890625 0.33453390625 0.55981106640625 0.3181826171875 0.443229427734375 0.23988058984375 0.43607451953125
0 0.35973864453125 0.6304143359375 0.35947699609375 0.627924912109375 0.31835693359375 0.51759337890625 0.23683579296875 0.528606193359375 0.278939572265625 0.640742044921875 0.35973864453125 0.6304143359375
0 0.406923671875 0.85512866015625 0.406097369140625 0.847266919921875 0.27081793359375 0.87971922265625 0.277172115234375 0.9627283046875 0.412030447265625 0.928158947265625 0.406923671875 0.85512866015625
0 0.389397095703125 0.75606162890625 0.387264458984375 0.749086091796875 0.381081708984375 0.74973592578125 0.26073622265625 0.81113065234375 0.28386032421875 0.89184659765625 0.28478434375 0.894868935546875 0.285962357421875 0.894508779296875 0.41094680859375 0.828680375 0.389397095703125 0.75606162890625
0 0.293936154296875 0.586466498046875 0.265101072265625 0.58631905859375 0.292639322265625 0.729446599609375 0.37248283984375 0.73162223828125 0.37250265234375 0.73105481640625 0.34323080859375 0.588187904296875 0.293936154296875 0.586466498046875
0 0.28732809765625 0.674678646484375 0.25644421875 0.68353445703125 0.319198232421875 0.811371416015625 0.39665021875 0.78727944921875 0.39631133203125 0.78405516015625 0.32800903515625 0.66392378125 0.28732809765625 0.674678646484375
0 0.30116380859375 0.05816393359375 0.38150398046875 0.19252224609375 0.462485283203125 0.17296747265625 0.462150080078125 0.1697782265625 0.37735266015625 0.03850194140625 0.327048068359375 0.05104428515625 0.30115303515625 0.05806142578125 0.30116380859375 0.05816393359375
0 0.409824654296875 0.12676040625 0.44261676953125 0.118463943359375 0.4418323359375 0.111000537109375 0.4040977421875 0.00732559375 0.373850158203125 0.010504744140625 0.331598734375 0.02588300390625 0.409824654296875 0.12676040625
0 0.38495460546875 0.3784302265625 0.347921087890625 0.38774724609375 0.42085771484375 0.5200534140625 0.49407412890625 0.503411435546875 0.493572767578125 0.498641287109375 0.431026802734375 0.36863727734375 0.38495460546875 0.3784302265625
0 0.38858843359375 0.1271878671875 0.31555732421875 0.157526662109375 0.402387384765625 0.276045935546875 0.4785519609375 0.251091294921875 0.478058845703125 0.24639961328125 0.4779135234375 0.245952359375 0.38858843359375 0.1271878671875
0 0.36024343359375 0.285307431640625 0.39460123046875 0.434421521484375 0.46952216015625 0.441892384765625 0.47003201171875 0.436064787109375 0.443850349609375 0.29738469921875 0.3707315859375 0.2854930546875 0.364044044921875 0.284907970703125 0.36024343359375 0.285307431640625
0 0.33537287890625 0.2602871328125 0.328851005859375 0.336258708984375 0.47725569140625 0.305805482421875 0.484706939453125 0.23491159375 0.48372076171875 0.22552874609375 0.48290565625 0.225443076171875 0.33537287890625 0.2602871328125
0 0.51150128125 0.547848453125 0.510882560546875 0.530130623046875 0.50537419140625 0.46822014453125 0.49709074609375 0.46850941015625 0.35763183984375 0.50948495703125 0.362267703125 0.58820303515625 0.383311318359375 0.583734240234375 0.51150128125 0.547848453125
0 0.52620388671875 1 0.526267333984375 0.99999333203125 0.519005525390625 0.885763708984375 0.44345524609375 0.87829537890625 0.436385900390625 0.87903839453125 0.439813982421875 1 0.52620388671875 1
0 0.54202899609375 0.810190708984375 0.538125513671875 0.810327021484375 0.41315113671875 0.83581159375 0.412845609375 0.92021546484375 0.546790548828125 0.89602346875 0.5461075234375 0.8764642109375 0.5423893828125 0.81361954296875 0.54202899609375 0.810190708984375
0 0.52738888671875 0.745639759765625 0.526208388671875 0.734408078125 0.47768786328125 0.62213175 0.39323281640625 0.641368521484375 0.44941660546875 0.761169384765625 0.52738888671875 0.745639759765625
0 0.43119988671875 0.719823998046875 0.401098505859375 0.728455431640625 0.4634436484375 0.850293771484375 0.540825775390625 0.82863896875 0.54008128125 0.821555591796875 0.4839582109375 0.706076951171875 0.43119988671875 0.719823998046875
0 0.445067673828125 0.54423212109375 0.38186774609375 0.56372073046875 0.446475474609375 0.67654869921875 0.525576646484375 0.6536570546875 0.52523907421875 0.65044526171875 0.457710318359375 0.540366875 0.445067673828125 0.54423212109375
0 0.59168521875 0 0.669683140625 0.13934952734375 0.739105998046875 0.129131162109375 0.73842661328125 0.122667234375 0.67975411328125 0 0.59168521875 0
0 0.815118283203125 0.713543484375 0.812254126953125 0.7142047265625 0.64455986328125 0.78536582421875 0.661676845703125 0.87382080859375 0.837205787109375 0.805483931640625 0.8300997421875 0.773156146484375 0.816308201171875 0.71341841796875 0.815118283203125 0.713543484375
0 0.57059830859375 0.185124658203125 0.76021178515625 0.16042409765625 0.7621713671875 0.14177993359375 0.76613028515625 0.08257555859375 0.760839724609375 0.082019498046875 0.579852763671875 0.11150043359375 0.5705053046875 0.184239775390625 0.57059830859375 0.185124658203125
0 0.734559607421875 0.505242970703125 0.642400681640625 0.51983951171875 0.711387501953125 0.700225498046875 0.795696703125 0.682503837890625 0.795374333984375 0.679436705078125 0.794427896484375 0.67346112890625 0.734559607421875 0.505242970703125
0 0.8071397421875 0.80602954296875 0.651407966796875 0.8884379765625 0.68334615234375 0.97423553125 0.850326755859375 0.89177439453125 0.84491560546875 0.876059275390625 0.815564626953125 0.80312862109375 0.8071397421875 0.80602954296875
0 0.761651900390625 0.31374492578125 0.76157375 0.313251509765625 0.6850437109375 0.14054558984375 0.64983798046875 0.14612162890625 0.602055177734375 0.15427087109375 0.67711961328125 0.329381439453125 0.761987958984375 0.316942318359375 0.761651900390625 0.31374492578125
0 0.6268474765625 0.5809047421875 0.80051099609375 0.531251962890625 0.79956902734375 0.455028419921875 0.799072791015625 0.4455596953125 0.79886564453125 0.443588822265625 0.7987204453125 0.4435964296875 0.619904779296875 0.49003262890625 0.62101380078125 0.511193998046875 0.6262107734375 0.580938111328125 0.6268474765625 0.5809047421875
0 0.64934354296875 0.620425796875 0.649499505859375 0.62115954296875 0.72142568359375 0.78786596484375 0.81170998046875 0.77506767578125 0.81126945703125 0.770876369140625 0.74342053125 0.599042330078125 0.649200970703125 0.61906931640625 0.64934354296875 0.620425796875
0 0.62162145703125 0.417236490234375 0.789231482421875 0.329608912109375 0.782061708984375 0.298553216796875 0.7661237265625 0.23950548046875 0.7595007109375 0.2402015859375 0.59828851953125 0.327325564453125 0.62162145703125 0.417236490234375
0 0.62865448828125 0.337222732421875 0.696400755859375 0.510885546875 0.779797306640625 0.501335021484375 0.779222349609375 0.49586467578125 0.72965059765625 0.349944662109375 0.722832958984375 0.33098044921875 0.6603326875 0.333893220703125 0.62865448828125 0.337222732421875
0 0.187811828125 1 0.191090765625 0.99898373046875 0.190291541015625 0.99137961328125 0.150864240234375 0.908580486328125 0.07596539453125 0.9323000390625 0.11082074609375 1 0.187811828125 1
0 0.09363816015625 0.948055875 0.094004013671875 0.948017423828125 0.18100551171875 0.901221953125 0.157294083984375 0.8282456875 0.152463861328125 0.82875336328125 0.069956228515625 0.87509439453125 0.09363816015625 0.948055875
0 0.81961980078125 0 0.8524177421875 0.1000473046875 0.88828736328125 0.0995037890625 0.884812615234375 0 0.81961980078125 0
0 0.162346056640625 0.753872689453125 0.158743259765625 0.754251357421875 0.066531537109375 0.78773658984375 0.076426943359375 0.86592247265625 0.172632859375 0.8266657265625 0.162346056640625 0.753872689453125
0 0.06485373828125 0.68242199609375 0.08541043359375 0.78276242578125 0.1607510078125 0.7861089375 0.160794130859375 0.783638400390625 0.1380272265625 0.684960638671875 0.0785656015625 0.68172364453125 0.072504677734375 0.681617849609375 0.06485373828125 0.68242199609375
0 0.15173685546875 0.7126013046875 0.15191542578125 0.710560255859375 0.13779267578125 0.615999294921875 0.063262638671875 0.60403389453125 0.05898975390625 0.6044829921875 0.074902384765625 0.70587916015625 0.15173685546875 0.7126013046875
0 0.94542462890625 0.1040269453125 0.94356848828125 0.086366943359375 0.770098083984375 0.147064904296875 0.77579735546875 0.2390567890625 0.7759671171875 0.240671978515625 0.9502586796875 0.173157103515625 0.94542462890625 0.1040269453125
0 0.87721543359375 0.166556109375 0.79200346484375 0.17701882421875 0.791652712890625 0.177067580078125 0.863912173828125 0.34976644140625 0.950777794921875 0.33433591015625 0.94996135546875 0.3265680078125 0.88479509765625 0.165759455078125 0.87721543359375 0.166556109375
0 0.9232320546875 0 0.755606310546875 0.05772542578125 0.76231829296875 0.145186390625 0.76257251953125 0.14517751171875 0.950995072265625 0.083588193359375 0.9504909609375 0.056799302734375 0.948507484375 0 0.9232320546875 0
0 0.81151677734375 0.261443291015625 0.8588186796875 0.4420078515625 0.94172958203125 0.44100349609375 0.955235732421875 0.43958394140625 0.955086208984375 0.43530212890625 0.899850126953125 0.260992501953125 0.8154261171875 0.26103240234375 0.81151677734375 0.261443291015625
0 1 0.682124853515625 0.831988234375 0.712907115234375 0.829982146484375 0.799434900390625 0.830283416015625 0.802301279296875 1 0.77973323046875 1 0.682124853515625
0 1 0.56767587890625 0.821285017578125 0.62699874609375 0.823129017578125 0.644543234375 0.831501470703125 0.721248181640625 0.83297679296875 0.721093119140625 1 0.6684385 1 0.56767587890625
0 1 0.479590740234375 0.997065140625 0.47948825390625 0.814407791015625 0.512190318359375 0.810914783203125 0.612216939453125 0.99977023046875 0.574865125 1 0.570616591796875 1 0.479590740234375
0 0.845671603515625 0.342693236328125 0.85696976171875 0.5390251875 0.952577955078125 0.554168037109375 0.953359560546875 0.549233162109375 0.938440087890625 0.35538659765625 0.9051478046875 0.350113619140625 0.8492791484375 0.34231406640625 0.845671603515625 0.342693236328125
0 1 0.76893959765625 0.840190869140625 0.816505537109375 0.850361279296875 0.893480958984375 0.854826314453125 0.918803431640625 1 0.8716256796875 1 0.76893959765625
0 0.03546186328125 0.41920658984375 0.134207673828125 0.36565895703125 0.126166646484375 0.32782890625 0.119656119140625 0.30116753515625 0.10922208984375 0.302264197265625 0.01911448046875 0.34828282421875 0.03546186328125 0.41920658984375
0 0.047054078125 0.621710068359375 0.142943392578125 0.613506814453125 0.150266216796875 0.561402203125 0.15172723828125 0.54972439453125 0.150797498046875 0.540878501953125 0.0577911796875 0.554140171875 0.047054078125 0.621710068359375
0 0.124909544921875 0.33716497265625 0.124692865234375 0.333030458984375 0.08985515234375 0.229910822265625 0.040605064453125 0.23249191015625 0.016831107421875 0.23499065234375 0.064462138671875 0.337888453125 0.124909544921875 0.33716497265625
0 0.03876758203125 0.38036906640625 0.06187448828125 0.48294022265625 0.134456994140625 0.484455361328125 0.13462146484375 0.482103326171875 0.11323008984375 0.385498955078125 0.09670558984375 0.383930720703125 0.04156574609375 0.38007496484375 0.03876758203125 0.38036906640625
0 0.12153819921875 0.445511537109375 0.12084047265625 0.44575178515625 0.043035671875 0.5035361796875 0.0649653984375 0.571804263671875 0.14587638671875 0.5153830703125 0.13512339453125 0.48048521875 0.12302710546875 0.445355046875 0.12153819921875 0.445511537109375
0 0.102854029296875 0.0829785703125 0.09991085546875 0.08328791015625 0.005374896484375 0.13837981640625 0.010595099609375 0.20966077734375 0.111304419921875 0.151801486328125 0.102854029296875 0.0829785703125
0 0.1237057734375 0.21844895703125 0.1107795859375 0.15441646875 0.105383638671875 0.15498360546875 0.032495068359375 0.201720728515625 0.011001505859375 0.216025 0.012411861328125 0.224929634765625 0.022031677734375 0.27882895703125 0.124649294921875 0.22440612109375 0.1237057734375 0.21844895703125
0 0 0.12799941015625 0.048969328125 0.1291745234375 0.10628828125 0.130175029296875 0.10779762890625 0.057021662109375 0.106748376953125 0.04703869140625 0.103354248046875 0.046979447265625 0.002528392578125 0.08569839453125 0 0.11882856640625 0 0.12799941015625