0 0.86027691015625 0.19477531640625 0.86596473046875 0.12385384765625 0.765834390625 0.08071545703125 0.76049621484375 0.080154392578125 0.758846259765625 0.087301126953125 0.753726982421875 0.14558184765625 0.86027691015625 0.19477531640625
0 0.848941943359375 0.216433431640625 0.761893453125 0.140319623046875 0.75912223828125 0.13967983984375 0.733156201171875 0.2005514375 0.82218576171875 0.279140310546875 0.848941943359375 0.216433431640625
0 0.66495855078125 0.486663869140625 0.73419932421875 0.508464462890625 0.80042573828125 0.417740966796875 0.8008203046875 0.41659506640625 0.72925066796875 0.38936987109375 0.66063015234375 0.484938001953125 0.66057979296875 0.485156140625 0.66495855078125 0.486663869140625
0 0.75319255078125 0.31001658984375 0.677246302734375 0.3921276796875 0.676169974609375 0.396789767578125 0.748089703125 0.42469807421875 0.822232537109375 0.34221046484375 0.75319255078125 0.31001658984375
0 0.794478970703125 0.365892759765625 0.794524466796875 0.36591397265625 0.82904586328125 0.292921541015625 0.740381931640625 0.21232610546875 0.738926333984375 0.2119900546875 0.70582066796875 0.28298537890625 0.794478970703125 0.365892759765625
0 0.77168121484375 0.5146109453125 0.672910888671875 0.458136015625 0.669686490234375 0.45739160546875 0.649783333984375 0.5328336953125 0.7546143203125 0.58853578125 0.77168121484375 0.5146109453125
0 0.7532845703125 0.58699767578125 0.64520904296875 0.537880990234375 0.6436723203125 0.537610025390625 0.629534416015625 0.608466109375 0.627885146484375 0.617819568359375 0.736611955078125 0.66755201953125 0.7532845703125 0.58699767578125
0 0.681438833984375 0.87553613671875 0.670498728515625 0.871336623046875 0.605345619140625 0.84703494140625 0.536562955078125 0.95981848046875 0.5347922109375 0.96748841015625 0.609969744140625 0.99691587109375 0.681438833984375 0.87553613671875
0 0.554838921875 0.7834131875 0.553504060546875 0.789195107421875 0.553504060546875 0.792194408203125 0.55412763671875 0.867940587890625 0.69289722265625 0.8943506875 0.694129060546875 0.8943506875 0.694129060546875 0.89119025390625 0.692643689453125 0.80724037890625 0.557906044921875 0.7834131875 0.554838921875 0.7834131875
0 0.73512860546875 0.68688462109375 0.62317944140625 0.603807423828125 0.615252728515625 0.601977396484375 0.5852457734375 0.672669349609375 0.70259758203125 0.75758925390625 0.73512860546875 0.68688462109375
0 0.58493567578125 0.695305494140625 0.5803951171875 0.694747982421875 0.568683244140625 0.775239818359375 0.705414275390625 0.817423986328125 0.71293723828125 0.74347159765625 0.58493567578125 0.695305494140625
0 0.7405083671875 0.121484955078125 0.600723263671875 0.05960636328125 0.59710790234375 0.059162453125 0.59356638671875 0.08385453125 0.58714620703125 0.136142697265625 0.730792708984375 0.205770689453125 0.7405083671875 0.121484955078125
0 0.607349896484375 0.0179922734375 0.60208940234375 0.040424037109375 0.73609465625 0.1406435234375 0.760884251953125 0.058087802734375 0.7273796171875 0.04605108984375 0.668253416015625 0.02569230859375 0.60937876171875 0.0121000234375 0.607349896484375 0.0179922734375
0 0.539598455078125 0.372836009765625 0.51287441796875 0.435424240234375 0.507265943359375 0.450034810546875 0.63087934765625 0.535605103515625 0.65217973046875 0.482365625 0.659160875 0.46417912109375 0.54291052734375 0.37378916015625 0.541678478515625 0.373316220703125 0.539598455078125 0.372836009765625
0 0.701916818359375 0.281194294921875 0.70301233203125 0.28121341796875 0.7106390703125 0.20285426171875 0.567745708984375 0.15099344921875 0.56664581640625 0.15575760546875 0.565288087890625 0.233541865234375 0.701916818359375 0.281194294921875
0 0.529949236328125 0.37548783203125 0.653854603515625 0.45500660546875 0.675456611328125 0.38115973828125 0.55696848828125 0.2982697890625 0.54792342578125 0.296181572265625 0.54788219140625 0.296316447265625 0.529949236328125 0.37548783203125
0 0.686367716796875 0.361946021484375 0.693137248046875 0.285996111328125 0.55389643359375 0.226062619140625 0.55204806640625 0.225933369140625 0.550713232421875 0.231715169921875 0.54550577734375 0.30618524609375 0.686367716796875 0.361946021484375
0 0.48246162109375 0.57596706640625 0.48115894921875 0.5816095625 0.55099524609375 0.61324517578125 0.64384875390625 0.49168240625 0.644165537109375 0.49093611328125 0.60457891015625 0.47155619140625 0.5696617890625 0.456734751953125 0.49088026953125 0.56266275390625 0.482872919921875 0.57499810546875 0.48246162109375 0.57596706640625
0 0.52088570703125 1 0.540973783203125 0.936994052734375 0.415969748046875 0.88490013671875 0.413394265625 0.884112732421875 0.4060974453125 0.88242812890625 0.384507630859375 0.96105321484375 0.46942784765625 1 0.52088570703125 1
0 0.5527161875 0.827337541015625 0.52703146875 0.814810265625 0.47659723046875 0.7925738984375 0.402679087890625 0.89610528125 0.401650703125 0.898213783203125 0.40117494140625 0.900274541015625 0.476979236328125 0.939544087890625 0.55239423828125 0.8287320546875 0.5527161875 0.827337541015625
0 0.452055986328125 0.67988451953125 0.44597980859375 0.706203333984375 0.5619234453125 0.765599751953125 0.56295384375 0.76585666015625 0.585063158203125 0.682362998046875 0.46991694921875 0.6277571953125 0.465317537109375 0.626695337890625 0.452055986328125 0.67988451953125
0 0.56648065234375 0.7323445234375 0.53669883984375 0.722667828125 0.484452419921875 0.7070879140625 0.42444163671875 0.8203332734375 0.42280552734375 0.827420046875 0.499921392578125 0.851932830078125 0.56648065234375 0.7323445234375
0 0.60532423828125 0.569819662109375 0.5424740625 0.54923102734375 0.52990080078125 0.545145728515625 0.46167006640625 0.65213326953125 0.46046418359375 0.657356525390625 0.53875723046875 0.68150288671875 0.60532423828125 0.569819662109375
0 0.31260055078125 0 0.30562628515625 0.015664458984375 0.45256847265625 0.13280772265625 0.478971873046875 0.06534149609375 0.407003666015625 0 0.31260055078125 0
0 0.30521316015625 0.694675908203125 0.2333578359375 0.663585560546875 0.134084296875 0.82079115234375 0.13353869140625 0.823154431640625 0.21634773828125 0.856530751953125 0.320114583984375 0.702655037109375 0.32039607421875 0.70143577734375 0.30521316015625 0.694675908203125
0 0.46817470703125 0.051683154296875 0.4449579921875 0.0423029921875 0.39904721484375 0.024975568359375 0.2870053125 0.17230937109375 0.286171447265625 0.1759212421875 0.357150486328125 0.207782380859375 0.46817470703125 0.051683154296875
0 0.333702833984375 0.484865759765625 0.26375361328125 0.481358185546875 0.245618146484375 0.481358185546875 0.20686338671875 0.664804802734375 0.20686338671875 0.670159390625 0.2991506484375 0.669663603515625 0.333702833984375 0.484865759765625
0 0.30304952734375 0.85162748046875 0.144536607421875 0.77470420703125 0.136015615234375 0.772099078125 0.1092277578125 0.84600963671875 0.10436835546875 0.86190402734375 0.27412508984375 0.93848739453125 0.30304952734375 0.85162748046875
0 0.256811310546875 0.20899492578125 0.421468580078125 0.304840451171875 0.44557896875 0.22436681640625 0.288749111328125 0.13050885546875 0.27979825390625 0.12844238671875 0.25925861328125 0.20007262890625 0.256811310546875 0.20899492578125
0 0.378862982421875 0.4821979375 0.2200864140625 0.404908453125 0.21561585546875 0.40387634375 0.2012765078125 0.460290158203125 0.194064171875 0.491530216796875 0.362330931640625 0.568417634765625 0.363591970703125 0.56295547265625 0.378862982421875 0.4821979375
0 0.14705752734375 0.6670013828125 0.313472279296875 0.757532767578125 0.337480025390625 0.668359548828125 0.186401841796875 0.57994217578125 0.178023099609375 0.578007791015625 0.15857832421875 0.63354256640625 0.14705752734375 0.6670013828125
0 0.233703896484375 0.3059397890625 0.39922001171875 0.396185296875 0.4241185546875 0.30669528125 0.263047640625 0.2159804140625 0.258161248046875 0.21485230078125 0.24105536328125 0.27409709375 0.233703896484375 0.3059397890625
0 0.20687673828125 0.4429788515625 0.280004080078125 0.482738345703125 0.408958826171875 0.34594691015625 0.403631052734375 0.34311408203125 0.322890205078125 0.306031564453125 0.309464880859375 0.3210609453125 0.20805557421875 0.438695833984375 0.20771972265625 0.439327474609375 0.20687673828125 0.4429788515625
0 0.853770607421875 1 0.867269732421875 0.978598306640625 0.79472319140625 0.9484411484375 0.76439770703125 1 0.853770607421875 1
0 0.7722752890625 0.976588546875 0.773125607421875 0.976784859375 0.84890578125 0.982060615234375 0.874680865234375 0.887978724609375 0.863002720703125 0.88528261328125 0.796685392578125 0.88064525390625 0.7722752890625 0.976588546875
0 0.90024773828125 0.81722640625 0.87024479296875 0.809187140625 0.828294333984375 0.7986938515625 0.784005162109375 0.88130015625 0.781793685546875 0.89087911328125 0.855919603515625 0.908283142578125 0.90024773828125 0.81722640625
0 0.799208705078125 0.818985974609375 0.798779634765625 0.8214193515625 0.873374533203125 0.832509982421875 0.9126750859375 0.73799396484375 0.896242044921875 0.734200099609375 0.840385919921875 0.72646533203125 0.799208705078125 0.818985974609375
0 0.861767498046875 0.65302200390625 0.80953701953125 0.729033791015625 0.808324375 0.73428633984375 0.8788921796875 0.76137478125 0.93831820703125 0.676249677734375 0.861767498046875 0.65302200390625
0 0.197180357421875 0.0330265859375 0.086672166015625 0.1787490859375 0.0857293515625 0.1828328671875 0.172439431640625 0.213615474609375 0.27912676953125 0.062852640625 0.197180357421875 0.0330265859375
0 0.069561568359375 0.200049966796875 0.0682257421875 0.20416121875 0.223766330078125 0.307913791015625 0.24939536328125 0.23311577734375 0.25384390234375 0.21942458203125 0.10695965234375 0.12381865625 0.099590693359375 0.1221173984375 0.069561568359375 0.200049966796875
0 0.107804990234375 0 0.106552181640625 0.002677130859375 0.253634115234375 0.135580130859375 0.25386275390625 0.13569164453125 0.29556803125 0.0585220859375 0.23281564453125 0 0.107804990234375 0
0 0.06861552734375 0.234473453125 0.04331502734375 0.29212592578125 0.19104614453125 0.40622198046875 0.191447390625 0.406314615234375 0.22597280078125 0.325084611328125 0.0840558125 0.203521697265625 0.08314646484375 0.2033117578125 0.06861552734375 0.234473453125
0 0 0.77485812890625 0.05901169140625 0.78833389453125 0.12675373828125 0.607864931640625 0.0860323046875 0.598463646484375 0.039501728515625 0.588573267578125 0 0.679933826171875 0 0.77485812890625
0 0 0.62095504296875 0.15261452734375 0.66906727734375 0.154089849609375 0.66922233984375 0.162462302734375 0.59251739453125 0.164306302734375 0.57497290625 0 0.520432873046875 0 0.62095504296875
0 0 0.555800041015625 0.07267857421875 0.58954301953125 0.193724916015625 0.441059798828125 0.10378247265625 0.3971919375 0 0.5293110625 0 0.555800041015625
0 0.116743015625 0.4997859296875 0.19801657421875 0.319730669921875 0.1394647890625 0.30615631640625 0.1064941015625 0.299148181640625 0.02309717578125 0.47477287890625 0.02209888671875 0.479469443359375 0.032980181640625 0.48198158984375 0.116743015625 0.4997859296875
0 0 0.878770396484375 0.05060774609375 0.882776984375 0.095421638671875 0.69718746875 0.02306671875 0.68644357421875 0 0.6836113359375 0 0.878770396484375
0 0.9942503046875 0.39788391796875 0.898058564453125 0.3549484453125 0.891785900390625 0.353954955078125 0.886274373046875 0.383060708984375 0.88022423828125 0.421259751953125 0.9816371875 0.46956604296875 0.9942503046875 0.39788391796875
0 0.94859528125 0.60369063671875 0.90097065234375 0.584449037109375 0.8852530859375 0.5784247578125 0.82950644921875 0.649482650390625 0.82824508203125 0.654946228515625 0.893623455078125 0.68252108203125 0.94859528125 0.60369063671875
0 1 0.29906107421875 0.96228344140625 0.28703453515625 0.88532091796875 0.372993841796875 0.885061796875 0.374116224609375 0.954725185546875 0.398097404296875 1 0.33501398828125 1 0.29906107421875
0 0.9274593828125 0.538634138671875 0.98132965234375 0.45402815625 0.98161594140625 0.453029748046875 0.933229646484375 0.43655380859375 0.911924423828125 0.430444634765625 0.85717667578125 0.515737814453125 0.85617113671875 0.520093291015625 0.9274593828125 0.538634138671875
0 0.901166986328125 0.50997697265625 0.885556513671875 0.50802552734375 0.84580580078125 0.593704177734375 0.845179166015625 0.59766060546875 0.91508152734375 0.60724666796875 0.95835740234375 0.5208293359375 0.933603013671875 0.515114333984375 0.901166986328125 0.50997697265625
0 1 0.15402571875 0.986864416015625 0.14996245703125 0.912016642578125 0.229578140625 0.91094519140625 0.234219103515625 0.97490413671875 0.2574982578125 1 0.23047121484375 1 0.15402571875
0 1 0.264497353515625 0.941241416015625 0.199993712890625 0.9386609140625 0.19884480078125 0.90898126171875 0.2586003515625 0.906528064453125 0.264110326171875 0.99156340234375 0.34323814453125 1 0.32524384765625 1 0.264497353515625
0 1 0.12611337890625 0.9435868828125 0.10444972265625 0.9408939609375 0.104496728515625 0.939097796875 0.11227676953125 0.940652849609375 0.187645306640625 0.997971802734375 0.18664480078125 1 0.186596130859375 1 0.12611337890625