0 0.17577940625 0.828385541015625 0.17559707421875 0.8283599140625 0.1662140703125 0.89882069140625 0.26212099609375 0.9462363828125 0.270361822265625 0.947394556640625 0.27943515625 0.882996537109375 0.17577940625 0.828385541015625
0 0.291915220703125 0.80059582421875 0.179248234375 0.763627029296875 0.17912829296875 0.83121746875 0.291787556640625 0.86877228515625 0.291915220703125 0.80059582421875
0 0.21627455078125 0.620134375 0.216211125 0.62134464453125 0.2925125546875 0.627787912109375 0.331988134765625 0.517411716796875 0.32541530859375 0.516487966796875 0.254928681640625 0.51467087890625 0.21627455078125 0.620134375
0 0.20064745703125 0.698019771484375 0.226681212890625 0.70214311328125 0.27917331640625 0.70692825390625 0.32470309765625 0.613372673828125 0.325901087890625 0.60484851953125 0.2533858671875 0.593463048828125 0.20064745703125 0.698019771484375
0 0.298708931640625 0.79990434765625 0.30003935546875 0.80009132421875 0.311232447265625 0.7204483515625 0.20251446484375 0.669125345703125 0.19110927734375 0.74723803515625 0.298708931640625 0.79990434765625
0 0.24808044921875 0.429175884765625 0.24760773828125 0.42905802734375 0.22616189453125 0.50495193359375 0.32719358203125 0.56091784375 0.33028473046875 0.561352275390625 0.348359240234375 0.48885937109375 0.24808044921875 0.429175884765625
0 0.22866236328125 0.450304736328125 0.2941833828125 0.4745209375 0.30582541796875 0.47852961328125 0.371826826171875 0.379113138671875 0.371849837890625 0.37894940625 0.2949639296875 0.349906458984375 0.22866236328125 0.450304736328125
0 0.32158883984375 0.16213923828125 0.390801224609375 0.15542019921875 0.40345060546875 0.021041228515625 0.403018197265625 0.01609880078125 0.32094161328125 0.02273519921875 0.30997035546875 0.162455525390625 0.313041 0.162887076171875 0.32158883984375 0.16213923828125
0 0.28142019921875 0.11300062109375 0.280416537109375 0.12014205078125 0.27625241796875 0.199962279296875 0.408999748046875 0.23313025 0.412817982421875 0.23339724609375 0.41396403515625 0.225242654296875 0.414003556640625 0.22467748828125 0.41866528515625 0.14907232421875 0.28207601171875 0.11304648046875 0.28142019921875 0.11300062109375
0 0.261302595703125 0.27280080078125 0.25086505859375 0.34992712890625 0.3851252578125 0.397679642578125 0.38966257421875 0.398156533203125 0.391431998046875 0.38556643359375 0.398354865234375 0.31969976171875 0.261302595703125 0.27280080078125
0 0.2799579375 0.191544794921875 0.26102200390625 0.271782904296875 0.385825296875 0.322577041015625 0.391872330078125 0.32386237890625 0.3938581640625 0.32414146875 0.4074958515625 0.25270813671875 0.2799579375 0.191544794921875
0 0.30321355859375 0.806984275390625 0.292086681640625 0.88456279296875 0.434238681640625 0.95346637109375 0.43468391796875 0.9535210390625 0.444957466796875 0.88042094921875 0.446202484375 0.87028109765625 0.30321355859375 0.806984275390625
0 0.365044486328125 0.9854222421875 0.41595419921875 0.869950697265625 0.41643634765625 0.86536337890625 0.404753310546875 0.86372143359375 0.332296287109375 0.859018310546875 0.3180316953125 0.97933980859375 0.35023538671875 0.9838657421875 0.365044486328125 0.9854222421875
0 0.493700771484375 0.557770400390625 0.49641837109375 0.542358119140625 0.358748513671875 0.481946546875 0.34799805078125 0.53827216796875 0.344615318359375 0.5574566015625 0.472830013671875 0.622409955078125 0.47961301953125 0.623363244140625 0.493700771484375 0.557770400390625
0 0.350948181640625 0.711292708984375 0.349932283203125 0.710882259765625 0.31473069921875 0.781303654296875 0.4302059375 0.88149926953125 0.4304024609375 0.88152688671875 0.461424986328125 0.804743443359375 0.350948181640625 0.711292708984375
0 0.342950259765625 0.65594576953125 0.47627652734375 0.69592308984375 0.481918099609375 0.696021564453125 0.482760080078125 0.69003056640625 0.483962470703125 0.621145642578125 0.338527951171875 0.57113884765625 0.33826080078125 0.57303973046875 0.342950259765625 0.65594576953125
0 0.396568740234375 0.78937594140625 0.475253455078125 0.664853791015625 0.47603473828125 0.659294662109375 0.399326630859375 0.64095941796875 0.3217764296875 0.772108775390625 0.396568740234375 0.78937594140625
0 0.511465462890625 0.454981015625 0.511465462890625 0.4496223359375 0.362613296875 0.411476302734375 0.358340462890625 0.490771798828125 0.358340462890625 0.49316718359375 0.488520298828125 0.524755240234375 0.4969024453125 0.526231603515625 0.50976100390625 0.526231603515625 0.511465462890625 0.454981015625
0 0.4586196328125 0 0.45510634765625 0.122894546875 0.45800808203125 0.123302359375 0.464672234375 0.12268223828125 0.54244462890625 0.114508029296875 0.54169807421875 0.00094649609375 0.53496341015625 0 0.4586196328125 0
0 0.466962900390625 0.2013049921875 0.5220693359375 0.200143556640625 0.545307669921875 0.075073099609375 0.54538437890625 0.070678599609375 0.4596108359375 0.06710476953125 0.4380944296875 0.19939645703125 0.449506267578125 0.20100028515625 0.466962900390625 0.2013049921875
0 0.53230428515625 0.315051177734375 0.53622544140625 0.287150701171875 0.41746712109375 0.24067743359375 0.413740779296875 0.24015373046875 0.400529916015625 0.32114569140625 0.51889016796875 0.371692826171875 0.52223396875 0.372162767578125 0.53230428515625 0.315051177734375
0 0.4133150703125 0.247583615234375 0.545357421875 0.27830840234375 0.54630285546875 0.27158129296875 0.54795198828125 0.22435630859375 0.548285111328125 0.192789216796875 0.41613425390625 0.164892642578125 0.41555650390625 0.169003544921875 0.4133150703125 0.247583615234375
0 0.4167211875 0.31505865234375 0.38924779296875 0.394217033203125 0.492461767578125 0.460724677734375 0.494016435546875 0.46129053125 0.49948658984375 0.462059310546875 0.525858033203125 0.39014341015625 0.4167211875 0.31505865234375
0 0.72748473828125 1 0.73668163671875 0.95268606640625 0.56935883984375 0.872654533203125 0.567046677734375 0.872329580078125 0.556603982421875 0.943276521484375 0.65794501953125 1 0.72748473828125 1
0 0.70682191796875 0.3094276015625 0.78508430859375 0.30723765234375 0.80890680078125 0.12054872265625 0.80809579296875 0.120434744140625 0.71895853125 0.125181146484375 0.689873724609375 0.30894094140625 0.69482632421875 0.309636984375 0.70682191796875 0.3094276015625
0 0.74972708203125 0.8674614140625 0.57289441015625 0.79808307421875 0.564260021484375 0.871836634765625 0.72832964453125 0.94233208984375 0.738229900390625 0.94372348046875 0.741822560546875 0.92370500390625 0.74972708203125 0.8674614140625
0 0.625472470703125 0.406358341796875 0.793465876953125 0.484441138671875 0.800922041015625 0.48548903515625 0.82140651171875 0.39676103515625 0.649538923828125 0.321707951171875 0.625472470703125 0.406358341796875
0 0.69491533984375 0.20664033203125 0.73149894921875 0.211403279296875 0.7860500859375 0.21713683203125 0.832649234375 0.041837013671875 0.774777171875 0.033703626953125 0.73668312890625 0.02969978125 0.69491533984375 0.20664033203125
0 0.76763625390625 0.77035842578125 0.596694234375 0.68623228515625 0.578256134765625 0.76819174609375 0.74172403515625 0.851121068359375 0.750321986328125 0.85232943359375 0.76581730078125 0.77942970703125 0.76763625390625 0.77035842578125
0 0.622694580078125 0.51030528515625 0.79083824609375 0.568057259765625 0.794235978515625 0.568414375 0.80162723828125 0.510407421875 0.804978609375 0.478521255859375 0.629175310546875 0.422896841796875 0.6276610546875 0.4336713359375 0.622694580078125 0.51030528515625
0 0.64676912890625 0.3777686953125 0.648372140625 0.37835214453125 0.735450458984375 0.403433712890625 0.82853753515625 0.250560767578125 0.8292048984375 0.245812240234375 0.740223408203125 0.212902224609375 0.64676912890625 0.3777686953125
0 0.59403074609375 0.697463173828125 0.77058886328125 0.752752994140625 0.77544753125 0.752922662109375 0.77991752734375 0.69064131640625 0.78102986328125 0.65878814453125 0.59977917578125 0.60475203125 0.59403074609375 0.697463173828125
0 0.71834128125 0.676402203125 0.7254888515625 0.65755986328125 0.7780060234375 0.51139638671875 0.778533240234375 0.507102546875 0.695052880859375 0.49606319921875 0.6241215234375 0.66891827734375 0.64300650390625 0.671572388671875 0.71834128125 0.676402203125
0 0.10419903515625 0 0.09851323828125 0.04488019140625 0.19114023828125 0.07362691796875 0.1922631015625 0.073764787109375 0.20146171484375 0.00831326171875 0.202482453125 0 0.10419903515625 0
0 0.18975586328125 0.057570130859375 0.18991876953125 0.05290509375 0.112364728515625 0.049420875 0.091699740234375 0.144402435546875 0.105454701171875 0.146335568359375 0.168219166015625 0.148527353515625 0.18975586328125 0.057570130859375
0 0.84433999609375 1 0.8732335390625 0.92125937890625 0.87345873046875 0.91803901171875 0.78769806640625 0.906459537109375 0.78463514453125 0.90624535546875 0.77807918359375 1 0.84433999609375 1
0 0.098582599609375 0.223811955078125 0.1516558515625 0.23052904296875 0.184533568359375 0.13999030078125 0.185279796875 0.134680615234375 0.112726716796875 0.124427720703125 0.073965740234375 0.21941865234375 0.0738977734375 0.21990226171875 0.098582599609375 0.223811955078125
0 0.173618533203125 0.288716923828125 0.170816103515625 0.22562534765625 0.06901457421875 0.204769318359375 0.07301431640625 0.278242138671875 0.170299017578125 0.30068763671875 0.173000646484375 0.30064048046875 0.17373540234375 0.29541241796875 0.173618533203125 0.288716923828125
0 0.157678408203125 0.275768890625 0.15749983984375 0.273727841796875 0.0806653671875 0.28044998828125 0.0647249375 0.38202327734375 0.06792145703125 0.38247251953125 0.14355566015625 0.3703298515625 0.157678408203125 0.275768890625
0 0.7566836328125 0.852583791015625 0.913958380859375 0.93370768359375 0.9211028515625 0.934711775390625 0.938722248046875 0.85181902734375 0.77545940234375 0.76066892578125 0.7566836328125 0.852583791015625
0 0.764844078125 0.8121918984375 0.76517026171875 0.812329775390625 0.85180294921875 0.847331654296875 0.959863087890625 0.70424208203125 0.960708779296875 0.70214891796875 0.87933911328125 0.664079734375 0.764844078125 0.8121918984375
0 0.926898541015625 1 0.93548620703125 0.9480609921875 0.9362911328125 0.941505384765625 0.75058862890625 0.8588166953125 0.74967848828125 0.858704943359375 0.747662748046875 0.8751218203125 0.739651654296875 0.95035619140625 0.856034775390625 1 0.926898541015625 1
0 0.888120853515625 0.753229197265625 0.955381607421875 0.58319725 0.95589915234375 0.578273146484375 0.945781099609375 0.5768511484375 0.85981634765625 0.56979258203125 0.800326947265625 0.7457515703125 0.818815626953125 0.748349984375 0.888120853515625 0.753229197265625
0 1 0.24705801171875 0.85446478125 0.19242893359375 0.836364966796875 0.28004619921875 1 0.35079737109375 1 0.24705801171875
0 1 0.347463216796875 0.83766751171875 0.293578375 0.83670669921875 0.293477388671875 0.834523765625 0.30900976953125 0.83149933203125 0.33582367578125 0.825737798828125 0.39064099609375 1 0.445577728515625 1 0.347463216796875
0 1 0.44501226171875 0.82189423046875 0.39004819140625 0.8152934921875 0.48676309375 0.993236626953125 0.545225052734375 0.99693449609375 0.54554857421875 0.99862414453125 0.53352610546875 1 0.51779999609375 1 0.44501226171875
0 0.8021115390625 0.59951238671875 0.98708883203125 0.62683113671875 0.9948594375 0.57154040625 0.991321873046875 0.531105857421875 0.79566315234375 0.506063880859375 0.8021115390625 0.59951238671875
0 1 0.141257314453125 0.88358687890625 0.08302491015625 0.847867068359375 0.17395584375 1 0.25485603515625 1 0.141257314453125
0 0.122992310546875 0.65011241015625 0.129849927734375 0.61483302734375 0.03134547265625 0.56667476953125 0.0298150234375 0.5664596796875 0.014579869140625 0.633938791015625 0.109729609375 0.683407265625 0.1157482109375 0.684253125 0.122992310546875 0.65011241015625
0 0.153886009765625 0.39846532421875 0.072540576171875 0.34740766796875 0.051234876953125 0.417670873046875 0.128759029296875 0.460448328125 0.13584548046875 0.461444263671875 0.153631716796875 0.399416287109375 0.153886009765625 0.39846532421875
0 0.12182970703125 0.700564166015625 0.03308391015625 0.629549482421875 0.011314615234375 0.687203689453125 0.090456583984375 0.7659028203125 0.093967392578125 0.766396232421875 0.120221884765625 0.7045445234375 0.12182970703125 0.700564166015625
0 0.0534523125 0.485323021484375 0.029478796875 0.55664674609375 0.1053303359375 0.61274463671875 0.108099466796875 0.61375251953125 0.112077080078125 0.61431153515625 0.139384029296875 0.54936400390625 0.0534523125 0.485323021484375
0 0.14943551171875 0.4410998046875 0.15018830078125 0.434968810546875 0.077335689453125 0.42843419140625 0.039787896484375 0.517369896484375 0.091858009765625 0.524687875 0.110305482421875 0.526564482421875 0.14943551171875 0.4410998046875
0 0 0.89108998046875 0.05797898828125 0.892102005859375 0.104338943359375 0.78737693359375 0.104369833984375 0.78560723046875 0.03369691015625 0.787842375 0 0.86270961328125 0 0.89108998046875
0 0.03805351171875 0.73796970703125 0.00394287890625 0.8238231640625 0.0433176796875 0.824106904296875 0.078276349609375 0.82288612109375 0.111124291015625 0.715035224609375 0.11105308984375 0.71299630078125 0.048067775390625 0.713964359375 0.03805351171875 0.73796970703125
0 0 0.898983306640625 0.084720595703125 0.9421649296875 0.08753917578125 0.942411525390625 0.09210305078125 0.909937873046875 0.09632730859375 0.859821376953125 0.09462620703125 0.859582302734375 0.03922532421875 0.85473535546875 0 0.851561896484375 0 0.898983306640625