0 0.453125 0.779296875 0.1640625 0.1640625
0 0.3525390625 0.6513671875 0.140625 0.140625
0 0.400390625 0.708984375 0.1455078125 0.1376953125
0 0.3017578125 0.5830078125 0.162109375 0.162109375
0 0.1513671875 0.3935546875 0.1748046875 0.1689453125
0 0.6103515625 0.9404296875 0.1669921875 0.119140625
0 0.513671875 0.8388671875 0.173828125 0.173828125
0 0.26171875 0.5244140625 0.15625 0.1484375
0 0.564453125 0.8974609375 0.1669921875 0.1669921875
0 0.212890625 0.4560546875 0.1748046875 0.166015625
0 0.107421875 0.3173828125 0.158203125 0.158203125
0 0.4853515625 0.59765625 0.1591796875 0.1591796875
0 0.4296875 0.525390625 0.15625 0.15625
0 0.326171875 0.392578125 0.142578125 0.142578125
0 0.54296875 0.6591796875 0.173828125 0.173828125
0 0.6484375 0.7890625 0.1611328125 0.1611328125
0 0.2744140625 0.3251953125 0.15625 0.1484375
0 0.380859375 0.455078125 0.1640625 0.158203125
0 0.7060546875 0.8564453125 0.189453125 0.1796875
0 0.59765625 0.716796875 0.1611328125 0.1611328125
0 0.171875 0.1884765625 0.162109375 0.15625
0 0.228515625 0.25390625 0.1533203125 0.1533203125
0 0.142578125 0.7412109375 0.154296875 0.154296875
0 0.0947265625 0.6806640625 0.1513671875 0.1513671875
0 0.876953125 0.626953125 0.197265625 0.1875
0 0.92578125 0.6923828125 0.1484375 0.171875
0 0.822265625 0.544921875 0.185546875 0.185546875
0 0.0419921875 0.5595703125 0.083984375 0.162109375
0 0.19140625 0.796875 0.1533203125 0.1533203125
0 0.33203125 0.943359375 0.1611328125 0.1123046875
0 0.0654296875 0.6181640625 0.130859375 0.1669921875
0 0.7685546875 0.4716796875 0.1845703125 0.1748046875
0 0.421875 0.064453125 0.1953125 0.12890625
0 0.7216796875 0.396484375 0.1875 0.1875
0 0.548828125 0.1796875 0.201171875 0.193359375
0 0.490234375 0.1025390625 0.189453125 0.189453125
0 0.6083984375 0.24609375 0.203125 0.203125
0 0.6748046875 0.3203125 0.177734375 0.177734375
0 0.2412109375 0.8525390625 0.1611328125 0.1611328125
0 0.2890625 0.91015625 0.1484375 0.1484375
0 0.37890625 0.9716796875 0.154296875 0.056640625
0 0.9501953125 0.4775390625 0.099609375 0.201171875
0 0.826171875 0.2509765625 0.1982421875 0.185546875
0 0.923828125 0.4033203125 0.1513671875 0.2060546875
0 0.7001953125 0.095703125 0.201171875 0.19140625
0 0.765625 0.173828125 0.2001953125 0.189453125
0 0.892578125 0.328125 0.2080078125 0.1982421875
0 0.6416015625 0.0556640625 0.1923828125 0.111328125