0 1 0.541500353515625 0.960074484375 0.51095869140625 0.92533653515625 0.62305757421875 0.97652533984375 0.66160326953125 0.983082060546875 0.65321105078125 1 0.60320771484375 1 0.541500353515625
0 0.98489283984375 0.52576141015625 0.868549646484375 0.50195520703125 0.835326474609375 0.5597359765625 0.836922150390625 0.560982654296875 0.950915169921875 0.584867791015625 0.98489283984375 0.52576141015625
0 0.636387439453125 0.382854984375 0.632783677734375 0.3858788984375 0.632773732421875 0.385891626953125 0.731276349609375 0.450646521484375 0.788335724609375 0.399581349609375 0.787556712890625 0.3986529609375 0.693216634765625 0.337688703125 0.636387439453125 0.382854984375
0 0.70368656640625 0.4628361328125 0.8051987734375 0.493967751953125 0.837498669921875 0.452314 0.85223802734375 0.43046200390625 0.73980257421875 0.397724921875 0.69849890234375 0.458783083984375 0.70368656640625 0.4628361328125
0 0.8372994765625 0.57714018359375 0.8986456796875 0.47394120703125 0.844291783203125 0.41423127734375 0.8442544765625 0.4142648671875 0.78370989453125 0.519470763671875 0.83168850390625 0.57275641015625 0.8372994765625 0.57714018359375
0 0.57120248828125 0.35303071484375 0.677170818359375 0.404751552734375 0.726888443359375 0.343837205078125 0.72592023828125 0.34299555859375 0.62026355859375 0.29542303515625 0.580227333984375 0.34147944140625 0.57120248828125 0.35303071484375
0 0.603092837890625 0.361507296875 0.662571658203125 0.30468081640625 0.56259718359375 0.23870898828125 0.5030784140625 0.29476532421875 0.50395858984375 0.295742859375 0.603092837890625 0.361507296875
0 0.335999947265625 0.18709883203125 0.372909966796875 0.05510189453125 0.300737416015625 0.0190474765625 0.29974737109375 0.02031467578125 0.26055382421875 0.1525436171875 0.33473143359375 0.188722455078125 0.335999947265625 0.18709883203125
0 0.384100001953125 0.06916829296875 0.382296283203125 0.071395701171875 0.31526031640625 0.19247419140625 0.359595826171875 0.22969412109375 0.38241902734375 0.24752555859375 0.383489365234375 0.246203798828125 0.449604212890625 0.12302687890625 0.390261369140625 0.074157669921875 0.384100001953125 0.06916829296875
0 0.423425904296875 0.27758080078125 0.56526342578125 0.31142616015625 0.58765637109375 0.26747753125 0.599976228515625 0.24140637890625 0.45862045703125 0.20587619921875 0.42295762109375 0.2772149375 0.423425904296875 0.27758080078125
0 0.465152755859375 0.2933482890625 0.4659310234375 0.291944259765625 0.509474529296875 0.16443006640625 0.436494970703125 0.12608026171875 0.39898312890625 0.262461109375 0.46106455078125 0.298580951171875 0.465152755859375 0.2933482890625
0 0.86703574609375 0.776364353515625 0.914921013671875 0.63020234765625 0.8513863203125 0.584315787109375 0.79776733984375 0.730658501953125 0.820065763671875 0.74807994140625 0.86353930078125 0.780839599609375 0.86703574609375 0.776364353515625
0 0.81401729296875 0.70568037890625 0.822099478515625 0.711994873046875 0.934557029296875 0.753389068359375 0.963976998046875 0.7157332265625 0.867595392578125 0.642472375 0.81401729296875 0.70568037890625
0 0.654650755859375 0.52672140234375 0.684698806640625 0.455932630859375 0.684397142578125 0.4556969453125 0.536334125 0.431430998046875 0.506677279296875 0.509182544921875 0.507435490234375 0.509774923828125 0.510990990234375 0.51128414453125 0.654650755859375 0.52672140234375
0 0.82342446875 0.699477583984375 0.88289626171875 0.6417629921875 0.745766970703125 0.571733900390625 0.694749115234375 0.62951912890625 0.69906086328125 0.63398407421875 0.82342446875 0.699477583984375
0 0.751564345703125 0.52007076171875 0.613137591796875 0.479568705078125 0.56426948046875 0.54624713671875 0.5685880859375 0.549621203125 0.711911966796875 0.58542169140625 0.75235954296875 0.5206920390625 0.751564345703125 0.52007076171875
0 0.629132599609375 0.604855126953125 0.63096561328125 0.60591341796875 0.77531202734375 0.637659703125 0.81605196484375 0.5670960625 0.664403130859375 0.5384102421875 0.628141271484375 0.604080615234375 0.629132599609375 0.604855126953125
0 0.61597753515625 0.45459952734375 0.60155694140625 0.441610220703125 0.49641569921875 0.358393294921875 0.43554614453125 0.4114640078125 0.438031671875 0.41464533984375 0.55559923046875 0.5052704140625 0.59543840234375 0.474144640625 0.617259078125 0.456239826171875 0.61597753515625 0.45459952734375
0 0.117667466796875 0.19930624609375 0.12184739453125 0.202571962890625 0.234648615234375 0.240044904296875 0.2664557421875 0.168604931640625 0.270266056640625 0.159764380859375 0.15723921875 0.126579171875 0.140519818359375 0.14797902734375 0.117667466796875 0.19930624609375
0 0.272882103515625 0.308492720703125 0.30879883203125 0.1870403203125 0.23441807421875 0.14714533984375 0.19289499609375 0.276769154296875 0.210485458984375 0.285348595703125 0.26975112890625 0.312500181640625 0.272882103515625 0.308492720703125
0 0.3095785859375 0.359157849609375 0.3120058359375 0.36044844140625 0.43179547265625 0.39622367578125 0.471345908203125 0.3191621953125 0.343458880859375 0.28519496484375 0.3049065546875 0.355507658203125 0.3095785859375 0.359157849609375
0 0.34039748046875 0.36927637890625 0.37507639453125 0.23895259375 0.300870646484375 0.20217120703125 0.26333121484375 0.332399654296875 0.2913596953125 0.346925376953125 0.33951138671875 0.37041052734375 0.34039748046875 0.36927637890625
0 0.495465208984375 0.44125728125 0.52480308203125 0.407343404296875 0.537783515625 0.39072920703125 0.424154220703125 0.329792478515625 0.36877709765625 0.391598666015625 0.37111141796875 0.393627861328125 0.48679190625 0.45123477734375 0.495465208984375 0.44125728125
0 0.66919556640625 0.84460015234375 0.66452342578125 0.84812086328125 0.60401756640625 0.895448501953125 0.605696912109375 0.8976770703125 0.7426426953125 0.99272581640625 0.75943701171875 0.980070390625 0.7902279765625 0.94065975390625 0.66919556640625 0.84460015234375
0 0.11337380078125 0.57863997265625 0.118045595703125 0.57266034765625 0.206877734375 0.41709808203125 0.1323231015625 0.357575853515625 0.04450299609375 0.52269938671875 0.08050398828125 0.55295926171875 0.11337380078125 0.57863997265625
0 0.5736072890625 0.82004715234375 0.53448796484375 0.881873482421875 0.53561312890625 0.88275255859375 0.53768126171875 0.883995216796875 0.717061779296875 0.94082223828125 0.71736359375 0.940319935546875 0.75534891015625 0.87129795703125 0.5736072890625 0.82004715234375
0 0.25900430859375 0.47644199609375 0.20289230859375 0.65539136328125 0.2835996796875 0.698304236328125 0.286657841796875 0.69438996875 0.33867978515625 0.51381446484375 0.25900430859375 0.47644199609375
0 0 0.441537990234375 0.10346427734375 0.4936161796875 0.108577537109375 0.4860354609375 0.153712478515625 0.411148390625 0 0.339099732421875 0 0.441537990234375
0 0.485571419921875 0.8662238359375 0.532034279296875 0.92159611328125 0.534918525390625 0.92384953515625 0.538870033203125 0.920533826171875 0.64590219921875 0.768246673828125 0.591144685546875 0.704536927734375 0.47970667578125 0.85906831640625 0.485571419921875 0.8662238359375
0 0.28176010546875 0.70989371484375 0.322572484375 0.75177195703125 0.325071115234375 0.749441947265625 0.42460061328125 0.602127783203125 0.37099676171875 0.5398252109375 0.367173587890625 0.535725361328125 0.2598940078125 0.686445197265625 0.28176010546875 0.70989371484375
0 0.13358203515625 0.59841026953125 0.171562740234375 0.63599919921875 0.176950939453125 0.640208921875 0.1807220703125 0.636437791015625 0.27911505859375 0.48869162890625 0.21844607421875 0.41906757421875 0.1085598359375 0.5733880703125 0.13358203515625 0.59841026953125
0 0.3811977421875 0.77400708203125 0.555500494140625 0.82862740625 0.573998927734375 0.799023720703125 0.6042815234375 0.746349748046875 0.42220698046875 0.692029923828125 0.376273208984375 0.77015961328125 0.3811977421875 0.77400708203125
0 0.39535968359375 0.593326763671875 0.35884130859375 0.7485797265625 0.3545734921875 0.768275087890625 0.43674717578125 0.81444862890625 0.437461328125 0.813534552734375 0.4377320703125 0.812979451171875 0.47232444921875 0.62971384375 0.39551273828125 0.59313086328125 0.39535968359375 0.593326763671875
0 0.4871185625 0 0.472618599609375 0.018588203125 0.47684380859375 0.021889296875 0.563387552734375 0.06417863671875 0.596899173828125 0.02247898828125 0.61194005078125 0.0025190703125 0.611555216796875 0.002218404296875 0.60652592578125 0 0.4871185625 0
0 0.65083912109375 0.08546312109375 0.667456326171875 0.0724803359375 0.670112494140625 0.06908059765625 0.58970930078125 0.006244482421875 0.5311604609375 0.048601837890625 0.534763212890625 0.0532131484375 0.61036703125 0.11536356640625 0.65083912109375 0.08546312109375
0 0.66233832421875 0.17672769921875 0.663354548828125 0.1756753671875 0.71131676171875 0.09426994921875 0.65791361328125 0.0347078828125 0.60592905078125 0.124454462890625 0.65040488671875 0.16740427734375 0.66233832421875 0.17672769921875
0 0.536565796875 1 0.549933689453125 0.921916572265625 0.465227671875 0.881595822265625 0.44895514453125 1 0.536565796875 1
0 0.478743572265625 1 0.482578298828125 0.99629684765625 0.526445150390625 0.94913546484375 0.52517723828125 0.94782250390625 0.369686916015625 0.85461530859375 0.30354152734375 0.92056168359375 0.439511546875 1 0.478743572265625 1
0 0.62338026953125 1 0.62834415234375 0.97832495703125 0.56276946484375 0.940584412109375 0.548577767578125 0.932717828125 0.547779501953125 0.933739564453125 0.53369808984375 1 0.62338026953125 1
0 0.323478326171875 0.992629580078125 0.42501933984375 0.838167369140625 0.358551326171875 0.76612160546875 0.26304332421875 0.92879797265625 0.30339491015625 0.97357037890625 0.316643236328125 0.987289421875 0.323478326171875 0.992629580078125
0 0 0.682047533203125 0.09884310546875 0.71497719140625 0.14380634765625 0.626731857421875 0 0.586532494140625 0 0.682047533203125
0 0.04178331640625 0.7751683125 0.1270491328125 0.814928416015625 0.128635984375 0.81289733984375 0.17308493359375 0.627787875 0.123129912109375 0.60449346484375 0.084985576171875 0.5870581171875 0.0835444921875 0.58890262109375 0.04178331640625 0.7751683125
0 0.195521990234375 0.872406646484375 0.203877326171875 0.876481818359375 0.206620947265625 0.87297014453125 0.208067005859375 0.870005283203125 0.25248562109375 0.68983836328125 0.162527490234375 0.645962849609375 0.119835638671875 0.83368323828125 0.195521990234375 0.872406646484375
0 0.375620462890625 0.852080521484375 0.217146474609375 0.73439213671875 0.14678991015625 0.795665609375 0.14789406640625 0.796981490234375 0.30183622265625 0.91598931640625 0.37109170703125 0.85787706640625 0.375620462890625 0.852080521484375
0 0 0.652641373046875 0.01615663671875 0.65916814453125 0.028469716796875 0.637841263671875 0.063433541015625 0.573590216796875 0 0.54610750390625 0 0.652641373046875
0 0.823939837890625 0.29901895703125 0.833240306640625 0.30628528125 0.923036365234375 0.34430208984375 0.96803087109375 0.286711748046875 0.863299052734375 0.245393388671875 0.823939837890625 0.29901895703125
0 0.700349001953125 0.09382765234375 0.678980751953125 0.187239013671875 0.67983299609375 0.187731634765625 0.73704105078125 0.219442576171875 0.73930330078125 0.21654702734375 0.740004265625 0.215282455078125 0.765146435546875 0.12823407421875 0.70047997265625 0.093660017578125 0.700349001953125 0.09382765234375
0 1 0.33503003515625 0.926730521484375 0.29414695703125 0.87825279296875 0.330262359375 0.880858298828125 0.333479888671875 0.96965480078125 0.3964283359375 1 0.37185527734375 1 0.33503003515625
0 0.762419005859375 0.244716341796875 0.76365830078125 0.246092716796875 0.85260780078125 0.300184474609375 0.869078724609375 0.285353990234375 0.9053454609375 0.249334357421875 0.90465047265625 0.24856249609375 0.819143373046875 0.196134314453125 0.762419005859375 0.244716341796875
0 0.79199744140625 0.26584595703125 0.82010145703125 0.176162146484375 0.76223296484375 0.133822076171875 0.72993814453125 0.22702606640625 0.75914994140625 0.248938572265625 0.788920560546875 0.26978418359375 0.79199744140625 0.26584595703125
0 1 0.323989330078125 0.978770736328125 0.314720171875 0.97501260546875 0.40702525390625 0.974402763671875 0.43279459375 0.9842676640625 0.43760602734375 1 0.444902240234375 1 0.323989330078125