0 0.5809885 0 0.560683205078125 0.069811638671875 0.612932626953125 0.10774537890625 0.618109380859375 0.101575962890625 0.650511833984375 0 0.5809885 0
0 0.556742146484375 0.16935797265625 0.607987173828125 0.062229912109375 0.55928336328125 0.015363927734375 0.507611423828125 0.12209045703125 0.556742146484375 0.16935797265625
0 0.40233991796875 0.2079644765625 0.346914568359375 0.31081181640625 0.402733005859375 0.363179546875 0.403670837890625 0.36224171484375 0.45612542578125 0.263052005859375 0.40993357421875 0.214336310546875 0.40233991796875 0.2079644765625
0 0.47188185546875 0.29285887109375 0.504127703125 0.193908234375 0.46304400390625 0.160886296875 0.441452576171875 0.145767814453125 0.4067582109375 0.2576148046875 0.466345072265625 0.2994573515625 0.47188185546875 0.29285887109375
0 0.588998693359375 0.155715275390625 0.480865322265625 0.103606330078125 0.426119861328125 0.16295745703125 0.42615657421875 0.1629916953125 0.53623894140625 0.214136587890625 0.57355785546875 0.174116951171875 0.588998693359375 0.155715275390625
0 0.37721509765625 0.401946896484375 0.431738994140625 0.352853361328125 0.43326755078125 0.35103169921875 0.43312560546875 0.35087405078125 0.334055810546875 0.286498044921875 0.27711368359375 0.341063630859375 0.277439669921875 0.34142567578125 0.37721509765625 0.401946896484375
0 0.36453328515625 0.389967328125 0.3077068046875 0.3304885078125 0.2417349765625 0.43046298046875 0.297791314453125 0.489981751953125 0.29876884765625 0.48910157421875 0.36453328515625 0.389967328125
0 0.01263583984375 0.65815942578125 0.128563716796875 0.73524728125 0.180323783203125 0.6816481640625 0.184555064453125 0.676605521484375 0.070071833984375 0.597893431640625 0.01263583984375 0.65815942578125
0 0.0682026640625 0.61823572265625 0.0667189296875 0.62102621875 0.067806580078125 0.621604533203125 0.20273164453125 0.663434169921875 0.238842904296875 0.596847017578125 0.2425302734375 0.58991208203125 0.23911505859375 0.587046375 0.23907871484375 0.58702705078125 0.10892625 0.544809720703125 0.0682026640625 0.61823572265625
0 0.264875923828125 0.39041452734375 0.197822625 0.51965758984375 0.25771627734375 0.568667689453125 0.2589833359375 0.56721010546875 0.3257559765625 0.44220424609375 0.30239199609375 0.421894248046875 0.264875923828125 0.39041452734375
0 0.21775501171875 0.6248852734375 0.273801328125 0.498134892578125 0.24576452734375 0.47922383203125 0.204750765625 0.452871888671875 0.15549529296875 0.58546439453125 0.21539090234375 0.62770270703125 0.21775501171875 0.6248852734375
0 0.725711685546875 0.06923937890625 0.708138744140625 0.050501283203125 0.707254314453125 0.049759158203125 0.62635955859375 0.18374097265625 0.68205441015625 0.246525671875 0.6840426796875 0.244735427734375 0.7604024921875 0.107767423828125 0.725711685546875 0.06923937890625
0 0.66593599609375 0.07385680078125 0.6453515859375 0.104603099609375 0.66572906640625 0.11543799609375 0.787152283203125 0.17794534375 0.80724626171875 0.14353958203125 0.8213769453125 0.1169636328125 0.7984398984375 0.0977171640625 0.66593599609375 0.07385680078125
0 0.43532173046875 0.461536181640625 0.50219459765625 0.497384580078125 0.50330729296875 0.496058521484375 0.503556201171875 0.495609478515625 0.542334365234375 0.35393249609375 0.501138484375 0.33109724609375 0.46707641796875 0.31383271875 0.43532173046875 0.461536181640625
0 0.629796236328125 0.122543556640625 0.59240936328125 0.271911349609375 0.6590589375 0.30801012109375 0.663872103515625 0.302274013671875 0.69940984765625 0.167508130859375 0.629796236328125 0.122543556640625
0 0.62815254296875 0.3260543046875 0.494037994140625 0.289342419921875 0.445345177734375 0.3582733125 0.44640741796875 0.35916463671875 0.595181873046875 0.393579689453125 0.63320690234375 0.3302954140625 0.62815254296875 0.3260543046875
0 0.686180294921875 0.29756551171875 0.685238212890625 0.296359701171875 0.56258205078125 0.21236376171875 0.4988986953125 0.26291636328125 0.62797344921875 0.345817416015625 0.6794179375 0.305624576171875 0.686180294921875 0.29756551171875
0 0.361016892578125 0.4910681796875 0.48807083984375 0.53078908203125 0.497201759765625 0.515592681640625 0.526224625 0.46081410546875 0.525427806640625 0.46014549609375 0.519196287109375 0.45640122265625 0.379919326171875 0.4148114453125 0.3409343515625 0.4833548515625 0.361016892578125 0.4910681796875
0 0.208030814453125 0.865331986328125 0.25047237109375 0.796466783203125 0.24533569921875 0.792156603515625 0.242268537109375 0.79038577734375 0.118916912109375 0.734491578125 0.08134083203125 0.801406892578125 0.108940548828125 0.824565802734375 0.208030814453125 0.865331986328125
0 0.24377808203125 0.8150766640625 0.279651654296875 0.69377019921875 0.23107873828125 0.667717556640625 0.204923193359375 0.654960642578125 0.163602376953125 0.783953060546875 0.240379322265625 0.819127150390625 0.24377808203125 0.8150766640625
0 0.419707134765625 0.61027422265625 0.308880162109375 0.539320314453125 0.249789673828125 0.602314974609375 0.250553572265625 0.6030526640625 0.362780818359375 0.67015153515625 0.413764451171875 0.617356435546875 0.419707134765625 0.61027422265625
0 0.36248780859375 0.6558935234375 0.23574383984375 0.61495389453125 0.195129234375 0.687132955078125 0.323214544921875 0.731436568359375 0.3391872578125 0.704206720703125 0.364862966796875 0.657886517578125 0.36248780859375 0.6558935234375
0 0.44669838671875 0.51101857421875 0.40759779296875 0.46121962109375 0.405488748046875 0.459449923828125 0.323674728515625 0.559750892578125 0.37377891015625 0.625903759765625 0.37621623046875 0.623999513671875 0.45483762109375 0.5214363203125 0.44669838671875 0.51101857421875
0 0.92106272265625 0.41458692578125 0.924861216796875 0.41036826953125 0.9990552421875 0.267465052734375 0.976028701171875 0.24673186328125 0.9369568359375 0.21394667578125 0.870564326171875 0.3647422265625 0.92106272265625 0.41458692578125
0 0.472005935546875 0.9830634453125 0.52511719921875 0.80634881640625 0.454511681640625 0.77251601953125 0.439036486328125 0.76529981640625 0.390659244140625 0.945769935546875 0.46951487890625 0.986032171875 0.472005935546875 0.9830634453125
0 0.9570599140625 0.30833641796875 0.95663920703125 0.307970703125 0.956598705078125 0.30793671875 0.895240353515625 0.258558189453125 0.813209064453125 0.428639140625 0.8674318046875 0.478017376953125 0.869947123046875 0.475123833984375 0.9570599140625 0.30833641796875
0 0.6583973984375 0.77919612109375 0.688296173828125 0.72326961328125 0.68308897265625 0.71890025390625 0.681921927734375 0.7181990234375 0.513301244140625 0.65545764453125 0.464756328125 0.73527551953125 0.64694243359375 0.79826038671875 0.6583973984375 0.77919612109375
0 0.473332916015625 1 0.50004106640625 0.9693597578125 0.493631509765625 0.96317012109375 0.349504310546875 0.861824740234375 0.287557763671875 0.9292331484375 0.38243602734375 1 0.473332916015625 1
0 0.831741591796875 0.55677800390625 0.87758940234375 0.374260275390625 0.84641395703125 0.356979443359375 0.803743419921875 0.3339831015625 0.755086169921875 0.51818639453125 0.828866525390625 0.560204373046875 0.831741591796875 0.55677800390625
0 0.691836140625 0.73809573828125 0.708398267578125 0.718357763671875 0.712420625 0.71339056640625 0.748055068359375 0.667348939453125 0.744828041015625 0.664641140625 0.585823908203125 0.586938291015625 0.531587873046875 0.64869131640625 0.52806000390625 0.65304787109375 0.691836140625 0.73809573828125
0 0.62867814453125 0.79154668359375 0.452837853515625 0.72943947265625 0.406375779296875 0.814293759765625 0.40666432421875 0.814453703125 0.581439947265625 0.870104076171875 0.631039447265625 0.79352805078125 0.62867814453125 0.79154668359375
0 0.690485548828125 0.58730476953125 0.77231156640625 0.6324655859375 0.775114267578125 0.629125458984375 0.775204158203125 0.628975853515625 0.824857294921875 0.4512803359375 0.796300865234375 0.43412190234375 0.74422181640625 0.4047145703125 0.690485548828125 0.58730476953125
0 0.589557072265625 0.5725875 0.58972088671875 0.57275713671875 0.7231268046875 0.66017667578125 0.7401747109375 0.6709233203125 0.811851939453125 0.6093401640625 0.81062498046875 0.60806961328125 0.65024293359375 0.51288287890625 0.589557072265625 0.5725875
0 0 0.50466245703125 0.0049369921875 0.510749671875 0.007005748046875 0.509013779296875 0.069392802734375 0.43208839453125 0.036300390625 0.390055294921875 0.025564330078125 0.377260552734375 0.019279876953125 0.371987271484375 0 0.397757224609375 0 0.50466245703125
0 0.0744026171875 0.32262987109375 0.0728179453125 0.32104519921875 0.0640191171875 0.31366210546875 0.00913894140625 0.400065908203125 0.061009732421875 0.454809146484375 0.06275693359375 0.453061947265625 0.114927126953125 0.366263884765625 0.0744026171875 0.32262987109375
0 0.04123437890625 0.337207828125 0.136647326171875 0.377867546875 0.182410197265625 0.31713816796875 0.1782675703125 0.31366208984375 0.093844271484375 0.27694394921875 0.04123437890625 0.337207828125
0 1 0.480626478515625 0.9255696796875 0.4624618671875 0.879438357421875 0.54414891015625 1 0.569391015625 1 0.480626478515625
0 1 0.592710658203125 0.891639224609375 0.516001353515625 0.88996483203125 0.51735725 0.824413662109375 0.57653070703125 0.97240948046875 0.683820060546875 0.9892087265625 0.67021630078125 1 0.661189017578125 1 0.592710658203125
0 0.882096361328125 0.557495759765625 0.801398431640625 0.72731224609375 0.865083912109375 0.786643669921875 0.86913207421875 0.78198679296875 0.954859103515625 0.622909380859375 0.89349084765625 0.5670568671875 0.882096361328125 0.557495759765625
0 0.729074431640625 1 0.7356891953125 0.99211683203125 0.73294424609375 0.98955712109375 0.57147284375 0.890150455078125 0.510082607421875 0.95523215234375 0.575401931640625 1 0.729074431640625 1
0 0.69138132421875 1 0.76884864453125 0.844640693359375 0.707170818359375 0.7964526953125 0.69164377734375 0.784510537109375 0.69098290625 0.785298134765625 0.607761076171875 0.958709048828125 0.655572080078125 0.99606309765625 0.660652857421875 1 0.69138132421875 1
0 0.7696672578125 0.70996010546875 0.66632934375 0.870232794921875 0.73129682421875 0.940135486328125 0.736315001953125 0.93528948828125 0.83965446484375 0.781211478515625 0.77589082421875 0.715182296875 0.7696672578125 0.70996010546875
0 0.86617023046875 0.837526203125 0.891461103515625 0.811336736328125 0.9304884140625 0.764825798828125 0.76217580859375 0.665290421875 0.698355419921875 0.733855451171875 0.86617023046875 0.837526203125
0 0.320974994140625 0.040578115234375 0.295337515625 0.02438498046875 0.29523018359375 0.024512892578125 0.258965658203125 0.13015450390625 0.3174637265625 0.168173283203125 0.322352201171875 0.16234742578125 0.3538184375 0.062731296875 0.320974994140625 0.040578115234375
0 0.203045162109375 0.2430399609375 0.174437080078125 0.20642328515625 0.170779408203125 0.203354134765625 0.110797421875 0.277134859375 0.156409619140625 0.33372586328125 0.15843123828125 0.33214640234375 0.21316841796875 0.256488140625 0.203045162109375 0.2430399609375
0 0.32025781640625 0 0.27984630078125 0.032719580078125 0.382663181640625 0.087758849609375 0.423920421875 0.055888044921875 0.42900289453125 0.04983098828125 0.42623781640625 0.046535693359375 0.35810359375 0 0.32025781640625 0
0 0.24165911328125 0.10489891015625 0.18714951171875 0.156769001953125 0.281506666015625 0.20758469921875 0.329390298828125 0.15476873828125 0.324557314453125 0.1499357578125 0.24165911328125 0.10489891015625
0 0.170580150390625 0.2453757421875 0.234509626953125 0.27918822265625 0.236699265625 0.2765787109375 0.237946333984375 0.274021841796875 0.251676533203125 0.181033390625 0.22669512890625 0.168199408203125 0.187731501953125 0.14919557421875 0.170580150390625 0.2453757421875
0 0.366589310546875 0 0.361577765625 0.0314253046875 0.427969546875 0.063216578125 0.428254140625 0.062877412109375 0.43301664453125 0 0.366589310546875 0