0 0 0.611288513671875 0.00504734765625 0.64585531640625 0.075024341796875 0.658717130859375 0.055084251953125 0.54306559765625 0 0.533372458984375 0 0.611288513671875
0 0.035410109375 0.647838388671875 0.15390255078125 0.64335693359375 0.17257180859375 0.57778632421875 0.053925263671875 0.58283323046875 0.035410109375 0.647838388671875
0 0.39164839453125 0.738429771484375 0.373628591796875 0.626288455078125 0.30203734765625 0.614278271484375 0.29833190234375 0.61375750390625 0.297712611328125 0.61591723046875 0.31515149609375 0.7301558671875 0.39164839453125 0.738429771484375
0 0.31737285546875 0.7137996640625 0.290119248046875 0.604086435546875 0.237366349609375 0.59780410546875 0.213858994140625 0.59657213671875 0.2126210546875 0.60088934375 0.24130457421875 0.709710642578125 0.31737285546875 0.7137996640625
0 0.26200485546875 0.60270359375 0.2573252734375 0.60052146875 0.141177318359375 0.58642519140625 0.10953652734375 0.65427908984375 0.1084150390625 0.65819018359375 0.22897533984375 0.674553123046875 0.26200485546875 0.60270359375
0 0.353534490234375 0.739102880859375 0.354793806640625 0.73934766796875 0.4700814375 0.72771833984375 0.48425880078125 0.654782134765625 0.479998357421875 0.65356047265625 0.366134044921875 0.6614906953125 0.353534490234375 0.739102880859375
0 0.573108462890625 0.692772533203125 0.45640894140625 0.667071150390625 0.450819021484375 0.678041984375 0.420509130859375 0.740976388671875 0.5379449921875 0.76713992578125 0.573108462890625 0.692772533203125
0 0.73336471484375 0.81989654296875 0.869106607421875 0.852510787109375 0.90078125390625 0.776502076171875 0.896214349609375 0.774563541015625 0.76450348046875 0.7450684296875 0.736725494140625 0.80881701953125 0.736159107421875 0.81015134375 0.73336471484375 0.81989654296875
0 0.65370133984375 0.802944384765625 0.791474607421875 0.82469508203125 0.81748008984375 0.75329857421875 0.820299458984375 0.74346626953125 0.815191185546875 0.7417073515625 0.68055898828125 0.722247671875 0.65832483984375 0.786820328125 0.65370133984375 0.802944384765625
0 0.53684314453125 0.78937864453125 0.61191657421875 0.809906498046875 0.62229644140625 0.665424337890625 0.60549569140625 0.66028783203125 0.546496802734375 0.643370173828125 0.54534636328125 0.647133087890625 0.53684314453125 0.78937864453125
0 0.7391600390625 0.729964841796875 0.60100287890625 0.699642033203125 0.58177444140625 0.73707026953125 0.569430849609375 0.762378380859375 0.5683535078125 0.76613551953125 0.70468224609375 0.804851458984375 0.7391600390625 0.729964841796875
0 0.014865556640625 0.458675953125 0.001494458984375 0.481987447265625 0.1534117265625 0.520209837890625 0.197169431640625 0.44859211328125 0.19487609765625 0.447214142578125 0.04156749609375 0.414236458984375 0.014865556640625 0.458675953125
0 0 0.464238953125 0.0908236796875 0.515079576171875 0.13566827734375 0.44410456640625 0.13579722265625 0.4436548828125 0.13115208203125 0.440973009765625 0.00780966015625 0.41428736328125 0.00109122265625 0.425924033203125 0 0.42972958203125 0 0.464238953125
0 0.498512404296875 0.506075310546875 0.493702552734375 0.504696107421875 0.35043083984375 0.5219493984375 0.337044080078125 0.597869498046875 0.48715069921875 0.58818206640625 0.498512404296875 0.506075310546875
0 0.220785673828125 0.5677068125 0.221178330078125 0.56668390625 0.2281777890625 0.422153037109375 0.1602333203125 0.3960716015625 0.15072544140625 0.39334526171875 0.14527530078125 0.545424345703125 0.220785673828125 0.5677068125
0 0.294582462890625 0.58086594140625 0.370891353515625 0.61847646484375 0.381714009765625 0.464661009765625 0.3245323671875 0.441558126953125 0.31174694140625 0.43789196484375 0.309877869140625 0.442518080078125 0.294582462890625 0.58086594140625
0 0.351437298828125 0.46904784765625 0.348280861328125 0.467899 0.20061470703125 0.461700501953125 0.177175078125 0.5261003515625 0.173683146484375 0.538278166015625 0.32707313671875 0.540183013671875 0.351437298828125 0.46904784765625
0 0.58769658984375 0.54833384375 0.441800205078125 0.5209608671875 0.420434046875 0.56678073828125 0.411796640625 0.586523146484375 0.40993376953125 0.593019751953125 0.411006841796875 0.5935201328125 0.429752708984375 0.598546876953125 0.56121393359375 0.624960576171875 0.591355505859375 0.550040025390625 0.58769658984375 0.54833384375
0 0.885276990234375 0.601892890625 0.8792530234375 0.622900958984375 0.859107298828125 0.744899841796875 0.94373314453125 0.76649626171875 0.94446773828125 0.763934423828125 0.962425052734375 0.62495843359375 0.885276990234375 0.601892890625
0 0.871744486328125 0.72934994140625 0.872834421875 0.59770484765625 0.820370126953125 0.58635457421875 0.792012765625 0.58135440625 0.790085697265625 0.58807489453125 0.786138462890625 0.716381697265625 0.871744486328125 0.72934994140625
0 0.71675520703125 0.65353496875 0.74418125390625 0.5770878828125 0.73604877734375 0.574287646484375 0.61213746875 0.55769209375 0.58512903515625 0.63999187109375 0.71675520703125 0.65353496875
0 0.82814599609375 0.60006704296875 0.823771591796875 0.598645712890625 0.69210885546875 0.58271044140625 0.68135092578125 0.61581994140625 0.668214521484375 0.66163201953125 0.799889806640625 0.680325451171875 0.82814599609375 0.60006704296875
0 0.521035443359375 0.565316892578125 0.513133451171875 0.63097962890625 0.642485259765625 0.617848802734375 0.65357226953125 0.53753426953125 0.64727051953125 0.53572726953125 0.522646595703125 0.552195123046875 0.521035443359375 0.565316892578125
0 0.08436770703125 0.14117310546875 0.061639537109375 0.220435650390625 0.226813548828125 0.21398351171875 0.249411388671875 0.146938931640625 0.24320851953125 0.14516028515625 0.08436770703125 0.14117310546875
0 0.972616046875 0.38016696875 0.7957873671875 0.31925908984375 0.764331609375 0.371511009765625 0.754389802734375 0.38944650390625 0.75208252734375 0.3974929296875 0.925489548828125 0.4631150390625 0.972616046875 0.38016696875
0 0.140422916015625 0.158048099609375 0.11761814453125 0.233459373046875 0.30604391796875 0.245804015625 0.33151442578125 0.17703215234375 0.32788932421875 0.1757839296875 0.14061369921875 0.1574940234375 0.140422916015625 0.158048099609375
0 0.71659140234375 0.43883354296875 0.730959279296875 0.252511208984375 0.69495578125 0.24218737109375 0.642941703125 0.2282502421875 0.64037755078125 0.237192509765625 0.630551029296875 0.420342009765625 0.71659140234375 0.43883354296875
0 1 0.33322140625 0.94731619140625 0.30628766015625 0.942861025390625 0.314004234375 0.8793935625 0.47836790625 0.959785875 0.522166806640625 1 0.426117337890625 1 0.33322140625
0 0.226671046875 0.29158675390625 0.41332743359375 0.25799086328125 0.42024385546875 0.17316780078125 0.41649905078125 0.17209399609375 0.23111396484375 0.20779103515625 0.22862752734375 0.243348779296875 0.22584180859375 0.291348974609375 0.226671046875 0.29158675390625
0 0.545779697265625 0.21563626171875 0.548664705078125 0.388534494140625 0.62830969921875 0.408823865234375 0.63379303515625 0.40998938671875 0.635221974609375 0.224993884765625 0.60386080078125 0.218327859375 0.54804328515625 0.20774219140625 0.545779697265625 0.21563626171875
0 0.8295169765625 0.454225900390625 0.804636359375 0.26642080078125 0.76927118359375 0.2651858203125 0.71087093359375 0.263449517578125 0.70895838671875 0.270119357421875 0.73766299609375 0.44468223828125 0.8295169765625 0.454225900390625
0 0.371831388671875 0.15261528515625 0.36340039453125 0.337435876953125 0.45248644921875 0.363743197265625 0.4637005 0.17494182421875 0.4333878671875 0.16509265234375 0.373333716796875 0.147991599609375 0.371831388671875 0.15261528515625
0 0.414790201171875 0.25051430859375 0.393450447265625 0.293377078125 0.391777859375 0.299210083984375 0.54551719140625 0.33821610546875 0.565135068359375 0.342827001953125 0.6125007890625 0.261873173828125 0.608667337890625 0.25991993359375 0.428943689453125 0.222736521484375 0.414790201171875 0.25051430859375
0 0.83516190625 1 0.83795330859375 0.97564056640625 0.78767310546875 0.96122294921875 0.7635135 0.95474940234375 0.76300355078125 0.95461820703125 0.761645181640625 0.959355404296875 0.75826194140625 1 0.83516190625 1
0 0.75688580078125 1 0.7689001015625 0.96455730859375 0.70594398046875 0.92966016015625 0.70014634765625 0.92799771484375 0.69878244140625 0.93045826171875 0.67661701953125 1 0.75688580078125 1
0 0.124137591796875 0 0.11155509375 0.08952912890625 0.11237866015625 0.08976528125 0.20167149609375 0.09649551171875 0.18785153515625 0 0.124137591796875 0
0 0.685606654296875 1 0.6774940703125 0.92226177734375 0.600968041015625 0.913154416015625 0.59983544140625 0.917104255859375 0.611777765625 1 0.685606654296875 1
0 0.596617138671875 1 0.617354 0.91310411328125 0.56135797265625 0.88390059765625 0.558491072265625 0.88250231640625 0.549978353515625 0.88006133203125 0.54910593359375 0.88185005859375 0.528334171875 0.97950581640625 0.56669055859375 1 0.596617138671875 1
0 0.450467150390625 0.95494091796875 0.51768773046875 0.99375073828125 0.545449982421875 0.90006068359375 0.48263850390625 0.857501005859375 0.47984687109375 0.85670051953125 0.477731115234375 0.860365115234375 0.450467150390625 0.95494091796875
0 0.272982111328125 0 0.286654193359375 0.12413539453125 0.379192748046875 0.139546046875 0.359146638671875 0 0.272982111328125 0
0 0.517131806640625 0.0219601015625 0.51497290234375 0.02130005859375 0.335766970703125 0.015229373046875 0.32411248828125 0.0533494609375 0.309317669921875 0.10494512890625 0.495509529296875 0.109153921875 0.517131806640625 0.0219601015625
0 0.135282021484375 0 0.12300106640625 0.05976684375 0.32136220703125 0.05249009375 0.33535026953125 0 0.135282021484375 0
0 0.606675828125 0.036446568359375 0.599250708984375 0.034317451171875 0.420492984375 0.045813638671875 0.402965189453125 0.14220573828125 0.403086533203125 0.142240533203125 0.59035340234375 0.12063058203125 0.606675828125 0.036446568359375
0 0.83319528515625 0.091944404296875 0.83126222265625 0.098685796875 0.845600146484375 0.285779603515625 0.93433662109375 0.29719128515625 0.92901849609375 0.103710015625 0.83319528515625 0.091944404296875
0 0.68956691796875 0.17335372265625 0.68048045703125 0.205527283203125 0.68109280078125 0.205702869140625 0.87264739453125 0.220786517578125 0.89408991796875 0.146007548828125 0.89941490234375 0.12689001953125 0.89730290625 0.1262844140625 0.706540607421875 0.114159427734375 0.68956691796875 0.17335372265625
0 0.80662745703125 0.10249324609375 0.802389654296875 0.101116302734375 0.6149209609375 0.085333162109375 0.59078649609375 0.155046458984375 0.584471822265625 0.177068349609375 0.77602022265625 0.196692634765625 0.80662745703125 0.10249324609375
0 0.504362017578125 0.095708064453125 0.49089515234375 0.154284666015625 0.68835573046875 0.16016750390625 0.711694642578125 0.06656023046875 0.70635174609375 0.0650281796875 0.51251654296875 0.063002041015625 0.504362017578125 0.095708064453125
0 1 0.172392841796875 0.89261292578125 0.164888958984375 0.887492859375 0.18897698046875 0.874094953125 0.2608877734375 1 0.272844232421875 1 0.172392841796875
0 0.2764335078125 0.808529916015625 0.27049350390625 0.806599892578125 0.16584745703125 0.8012140390625 0.15805284765625 0.825203375 0.14497687109375 0.870804728515625 0.25737324609375 0.873806859375 0.2764335078125 0.808529916015625
0 0.379611958984375 0.8905997734375 0.36592984765625 0.92792475 0.461622462890625 0.936103193359375 0.486637876953125 0.87427802734375 0.4796370625 0.87159066796875 0.391718234375 0.85906184765625 0.379611958984375 0.8905997734375
0 0.201180078125 0.7751686328125 0.196627484375 0.77386319921875 0.08935520703125 0.78830390234375 0.07909937109375 0.86127796484375 0.19050376953125 0.83383348046875 0.201180078125 0.7751686328125
0 0.32173457421875 0.818539611328125 0.254008767578125 0.796277921875 0.25155937109375 0.80265882421875 0.2441338984375 0.896708236328125 0.31369063671875 0.925407767578125 0.32173457421875 0.818539611328125
0 0.40254525390625 0.83290916796875 0.4018121015625 0.83285790234375 0.3104512890625 0.8549615703125 0.30791002734375 0.882931619140625 0.30488601171875 0.92617702734375 0.400487716796875 0.906049759765625 0.407856451171875 0.83443212890625 0.40254525390625 0.83290916796875
0 0 0.81178509765625 0.0572983828125 0.798685029296875 0.06898852734375 0.732386912109375 0.06292430859375 0.730648025390625 0 0.74544384765625 0 0.81178509765625
0 0.021110298828125 0.78008835546875 0.0133584921875 0.84322175 0.01372926953125 0.843328068359375 0.015083361328125 0.843494330078125 0.127004052734375 0.819829236328125 0.132912169921875 0.74619126953125 0.13288166796875 0.7461875234375 0.04441353125 0.77267628515625 0.021110298828125 0.78008835546875