0 0.59849675390625 0 0.53480648046875 0.013180974609375 0.530361689453125 0.01564476171875 0.5316672265625 0.02051708984375 0.562094505859375 0.0732609375 0.6775913125 0.052443337890625 0.646804828125 0 0.59849675390625 0
0 0.6544730546875 0.153104126953125 0.648613787109375 0.03474525 0.64795842578125 0.034920853515625 0.585466068359375 0.058782271484375 0.590779095703125 0.17741719921875 0.6544730546875 0.153104126953125
0 0.626618939453125 0.37219337109375 0.73676299609375 0.39991836328125 0.735187720703125 0.322991439453125 0.62278259375 0.29563288671875 0.6207033984375 0.29619000390625 0.620894048828125 0.299827798828125 0.626618939453125 0.37219337109375
0 0.68606596484375 0.19779520703125 0.66510005078125 0.205843267578125 0.617247984375 0.227945265625 0.62486178515625 0.335488236328125 0.62656063671875 0.33991389453125 0.628982193359375 0.339265041015625 0.696313173828125 0.313315291015625 0.68973110546875 0.196813134765625 0.68606596484375 0.19779520703125
0 0.70494071875 0.23317820703125 0.70503164453125 0.233153841796875 0.688677603515625 0.15410279296875 0.570018857421875 0.143156126953125 0.567997955078125 0.143697625 0.584285857421875 0.2203261953125 0.70494071875 0.23317820703125
0 0.7464150390625 0.38309955859375 0.628829701171875 0.38313238671875 0.64847556640625 0.456451751953125 0.76398159765625 0.46000110546875 0.76445217578125 0.459875013671875 0.7464150390625 0.38309955859375
0 0.75882308984375 0.45242086328125 0.642120626953125 0.474176408203125 0.6407063984375 0.474835873046875 0.66976668359375 0.54098694921875 0.673780609375 0.5495948359375 0.791369755859375 0.527970138671875 0.75882308984375 0.45242086328125
0 0.8487780859375 0.7736735859375 0.713105509765625 0.79424656640625 0.71998772265625 0.8199313359375 0.73836991015625 0.873317083984375 0.875968283203125 0.85026588671875 0.8487780859375 0.7736735859375
0 0.84864002734375 0.768809068359375 0.82813269140625 0.69471978515625 0.688713646484375 0.70501813671875 0.686145939453125 0.70570615234375 0.687028826171875 0.70900113671875 0.710046830078125 0.78920227734375 0.84792351953125 0.77720893359375 0.85069199609375 0.77646712109375 0.84864002734375 0.768809068359375
0 0.776022 0.508016078125 0.696086873046875 0.5136056875 0.67418347265625 0.65362458203125 0.67431594140625 0.6555189609375 0.674324509765625 0.65555094140625 0.751646404296875 0.652454890625 0.776022 0.508016078125
0 0.70482596484375 0.599051498046875 0.71562591796875 0.7400842421875 0.79458212109375 0.7163641875 0.775312119140625 0.57666891015625 0.75004070703125 0.58344036328125 0.74456603515625 0.58521919140625 0.70482596484375 0.599051498046875
0 0.430079837890625 0.18636836328125 0.43081730078125 0.18894019921875 0.51132003515625 0.165209533203125 0.5137061328125 0.009424123046875 0.43861821484375 0.02954387109375 0.43790502734375 0.029748375 0.430079837890625 0.18636836328125
0 0.44090060546875 0 0.416400357421875 0.004762365234375 0.3662344921875 0.01820426953125 0.367937439453125 0.026965177734375 0.37459759765625 0.04902190234375 0.53994734765625 0.06871519140625 0.540689501953125 0.06851633203125 0.524510365234375 0 0.44090060546875 0
0 0.52108544140625 0.50244553515625 0.52279941796875 0.506910595703125 0.60177440234375 0.479904673828125 0.58283591796875 0.332218470703125 0.56915895703125 0.33588319921875 0.51067123828125 0.358334533203125 0.52108544140625 0.50244553515625
0 0.4530494921875 0.26379487890625 0.455374677734375 0.2695499140625 0.528914943359375 0.246446154296875 0.52074675390625 0.093271404296875 0.516280802734375 0.09446805078125 0.443801431640625 0.123544462890625 0.4530494921875 0.26379487890625
0 0.5694092421875 0.400096302734375 0.571146455078125 0.256087318359375 0.496994521484375 0.27595626953125 0.489569603515625 0.4188139765625 0.49181019140625 0.42717596484375 0.5694092421875 0.400096302734375
0 0.59880519140625 0.293599166015625 0.56893008984375 0.217977650390625 0.42070876953125 0.2293921875 0.41807073046875 0.230458021484375 0.41992324609375 0.23737169921875 0.445572650390625 0.300856205078125 0.59880519140625 0.293599166015625
0 0.50289676953125 0.538898513671875 0.50446349609375 0.54402304296875 0.657964349609375 0.536982115234375 0.63886672265625 0.459902203125 0.63816637890625 0.457611484375 0.504439330078125 0.46546457421875 0.495991794921875 0.466503423828125 0.48369509375 0.47026290234375 0.50289676953125 0.538898513671875
0 0.7512353046875 0.95031979296875 0.74431206640625 0.880283697265625 0.606909515625 0.87154873828125 0.603661619140625 0.871775853515625 0.60184501953125 0.872262611328125 0.603028265625 0.892683021484375 0.6076543984375 0.958839814453125 0.70874598046875 0.9617047734375 0.7512353046875 0.95031979296875
0 0.603840150390625 0.888463484375 0.731311140625 0.85555809765625 0.69801813671875 0.77563223828125 0.56905073828125 0.812034193359375 0.57132134765625 0.820508224609375 0.580134765625 0.840303482421875 0.603840150390625 0.888463484375
0 0.561518248046875 0.608235658203125 0.562836771484375 0.72847298828125 0.566273291015625 0.74129825390625 0.64389703125 0.723753900390625 0.64649607421875 0.591458361328125 0.561518248046875 0.608235658203125
0 0.54171782421875 0.734174509765625 0.54205117578125 0.735418591796875 0.581534658203125 0.80664868359375 0.711638576171875 0.76462375390625 0.71159964453125 0.764478451171875 0.668167568359375 0.690436623046875 0.54171782421875 0.734174509765625
0 0.63184712890625 0.516129203125 0.62922348046875 0.5163587421875 0.548501298828125 0.52464320703125 0.531596888671875 0.64810637890625 0.53298255859375 0.65327776171875 0.609927236328125 0.646732546875 0.63184712890625 0.516129203125
0 0.102974435546875 0.151034642578125 0.28434976171875 0.19705426171875 0.28478760546875 0.196936943359375 0.28072898828125 0.1186444140625 0.280383837890625 0.11370853515625 0.1208345703125 0.08395898046875 0.09595623828125 0.090625109375 0.102974435546875 0.151034642578125
0 0.299035263671875 0.913514962890625 0.486756548828125 0.89798891796875 0.463365076171875 0.810982513671875 0.281816892578125 0.82051626953125 0.277475947265625 0.821679423828125 0.291250568359375 0.88134385546875 0.299035263671875 0.913514962890625
0 0.25969426171875 0.11821806640625 0.234840873046875 0.12126967578125 0.18628590234375 0.128372755859375 0.159801888671875 0.3109928828125 0.160903060546875 0.315102515625 0.238268697265625 0.308571134765625 0.25969426171875 0.11821806640625
0 0.42447583984375 0.73593971875 0.4258131171875 0.64794486328125 0.23924898046875 0.615287384765625 0.238708158203125 0.61530626953125 0.23583187109375 0.616076970703125 0.239039330078125 0.707926609375 0.42447583984375 0.73593971875
0 0.464802544921875 1 0.42975733203125 0.844721525390625 0.39478826171875 0.856477818359375 0.3432446015625 0.87523817578125 0.36775263671875 1 0.464802544921875 1
0 0.3198094765625 0.277869794921875 0.14160083984375 0.274126578125 0.130261107421875 0.27716505078125 0.148457298828125 0.35598141015625 0.340342115234375 0.362344384765625 0.3198094765625 0.277869794921875
0 0.215877826171875 0.58311663671875 0.2164373828125 0.615173556640625 0.398306650390625 0.64906967578125 0.398208814453125 0.64346469140625 0.3934891953125 0.56141160546875 0.22042711328125 0.524765138671875 0.216138912109375 0.52591416015625 0.215877826171875 0.58311663671875
0 0.34302625390625 0.875327986328125 0.34517882421875 0.879056349609375 0.428517681640625 0.83151498828125 0.362644388671875 0.654890513671875 0.35939223046875 0.655761927734375 0.285630087890625 0.70538741796875 0.34302625390625 0.875327986328125
0 0.287306798828125 0.49970401953125 0.322321650390625 0.31261920703125 0.262568224609375 0.3151779375 0.229334494140625 0.317501865234375 0.192903685546875 0.498371783203125 0.19314648828125 0.501844025390625 0.19340548828125 0.50281062109375 0.287306798828125 0.49970401953125
0 0.345877232421875 0.43658346875 0.32611038671875 0.440506904296875 0.171205810546875 0.474101533203125 0.17011387109375 0.474610712890625 0.205282056640625 0.551898265625 0.38994116015625 0.52036997265625 0.39082838671875 0.519956251953125 0.345877232421875 0.43658346875
0 1 0.75211088671875 0.956375318359375 0.77475048046875 0.98841040234375 0.86502875390625 0.990032748046875 0.868079943359375 1 0.86282930859375 1 0.75211088671875
0 1 0.68519472265625 0.927704115234375 0.70413277734375 0.925429265625 0.705242298828125 0.927652478515625 0.71353943359375 0.95808675390625 0.775938951171875 1 0.764137509765625 1 0.68519472265625
0 0 0.25211865234375 0.0557434921875 0.255713283203125 0.058813892578125 0.25571328515625 0.05881389453125 0.11521164453125 0.05878083984375 0.11508828515625 0.007559810546875 0.11508828515625 0 0.14119365234375 0 0.25211865234375
0 1 0.596597916015625 0.976695939453125 0.599873087890625 0.933980283203125 0.60660531640625 0.925114248046875 0.7040666328125 0.92663144921875 0.709728904296875 1 0.697073298828125 1 0.596597916015625
0 0.97266471484375 0.628337470703125 0.993414205078125 0.527055982421875 0.97950955078125 0.527298689453125 0.920047923828125 0.53053568359375 0.89728101953125 0.6292134453125 0.897302740234375 0.630457859375 0.89762766796875 0.631670501953125 0.97266471484375 0.628337470703125
0 0.96548875390625 0.472942814453125 0.874906447265625 0.46263126171875 0.86878967578125 0.46427024609375 0.877958419921875 0.53894368359375 0.980918318359375 0.55143780859375 0.96548875390625 0.472942814453125
0 0 0.420978154296875 0.082685998046875 0.39674224609375 0.08648975390625 0.2112478359375 0.0058685546875 0.232850220703125 0 0.234533001953125 0 0.420978154296875
0 0.1191405078125 0.3065156171875 0.118790826171875 0.30657154296875 0.026773970703125 0.32279659765625 0.011182296875 0.498892494140625 0.012416984375 0.50350041015625 0.10053069921875 0.49279498046875 0.1191405078125 0.3065156171875
0 0 0.3314043359375 0.06382148046875 0.3099116796875 0.0497013359375 0.1078719296875 0.044304060546875 0.109318126953125 0 0.12632486328125 0 0.3314043359375
0 0.05640372265625 0.408723390625 0.02306589453125 0.58550193359375 0.0248990546875 0.592343384765625 0.109962212890625 0.58643558984375 0.1542640078125 0.40307056640625 0.05640372265625 0.408723390625
0 0.161491615234375 0.99040600390625 0.161604826171875 0.99070092578125 0.2449003046875 0.958178263671875 0.21265219140625 0.76787366015625 0.19629605859375 0.772256271484375 0.119888685546875 0.801586314453125 0.161491615234375 0.99040600390625
0 0.177190400390625 0.669380064453125 0.177011255859375 0.66904314453125 0.176004955078125 0.66931278125 0.15942687890625 0.6779665546875 0.090318318359375 0.7147122265625 0.144402263671875 0.897268828125 0.145391560546875 0.899129423828125 0.146442283203125 0.8988478828125 0.175579734375 0.883504455078125 0.229150841796875 0.85502019140625 0.177190400390625 0.669380064453125
0 0.047992021484375 0.7289529296875 0.239991810546875 0.743010640625 0.2243346640625 0.64415529296875 0.04176644921875 0.63410664453125 0.031749052734375 0.636790796875 0.03308919140625 0.645252083984375 0.047992021484375 0.7289529296875
0 0 0.55110028515625 0.015141140625 0.62233375390625 0.020055111328125 0.640672939453125 0.2162903046875 0.64167824609375 0.198501478515625 0.54971215234375 0.006040033203125 0.54500474609375 0 0.54662316796875 0 0.55110028515625
0 0.29230274609375 1 0.32609273828125 0.989022818359375 0.314820853515625 0.96591202734375 0.27780387109375 0.8976595859375 0.111223515625 0.95640276171875 0.105413904296875 0.959236298828125 0.116336505859375 1 0.29230274609375 1
0 0.8331404921875 0.161344056640625 0.799649212890625 0.17840871484375 0.82133900390625 0.28092386328125 0.824174486328125 0.2864888125 0.88566608203125 0.25745165234375 0.865060583984375 0.14659850390625 0.86125983203125 0.147616912109375 0.8331404921875 0.161344056640625
0 0.86640977734375 0.47894153515625 0.869281626953125 0.48965941796875 0.93270869921875 0.47262975390625 0.9362532109375 0.37665371484375 0.89753901953125 0.38568507421875 0.881781275390625 0.389613919921875 0.864766900390625 0.394172908203125 0.86640977734375 0.47894153515625
0 0.803293822265625 0.214856203125 0.805301025390625 0.21847729296875 0.85694671875 0.187058595703125 0.84285616015625 0.07490244921875 0.83656575390625 0.07658795703125 0.778192794921875 0.1089446171875 0.803293822265625 0.214856203125
0 0.806948615234375 0.256879333984375 0.800525935546875 0.25921699609375 0.8216022578125 0.327321009765625 0.928594521484375 0.32114340234375 0.901113294921875 0.251096380859375 0.806948615234375 0.256879333984375
0 0.824991208984375 0.322332201171875 0.82699930859375 0.332662966796875 0.83983529296875 0.3920746953125 0.93860825390625 0.4035043203125 0.9394156015625 0.4032879921875 0.938166966796875 0.39686432421875 0.92297451953125 0.330394630859375 0.825892951171875 0.32209058203125 0.824991208984375 0.322332201171875
0 0.754904580078125 0 0.73541142578125 0.06853050390625 0.73613933984375 0.071247109375 0.80498755859375 0.05934076953125 0.822263568359375 0 0.754904580078125 0
0 0.83295167578125 0.099391701171875 0.827583171875 0.007166267578125 0.791777568359375 0.02354962109375 0.7606101796875 0.03943019921875 0.776419591796875 0.1510584453125 0.77734580859375 0.15287624609375 0.834020771484375 0.125380142578125 0.83295167578125 0.099391701171875