0 0.823540142578125 0.946666837890625 0.82441499609375 0.94669738671875 0.82765468359375 0.946242080078125 0.797273662109375 0.835244552734375 0.72791466796875 0.8311059375 0.727745109375 0.83596150390625 0.760136642578125 0.943366056640625 0.823540142578125 0.946666837890625
0 0.809755130859375 0.753850978515625 0.7062121328125 0.81163842578125 0.71921231640625 0.877856314453125 0.72099905078125 0.877605205078125 0.822769732421875 0.820176705078125 0.809755130859375 0.753850978515625
0 0.69587237890625 0.63814676953125 0.783998703125 0.573816240234375 0.762198111328125 0.50457546875 0.76066104296875 0.50011150390625 0.66490411328125 0.568867583984375 0.6914921875 0.63876236328125 0.69587237890625 0.63814676953125
0 0.66979784765625 0.619152951171875 0.727658470703125 0.708419775390625 0.77917614453125 0.697273123046875 0.80451333984375 0.690007798828125 0.7394257734375 0.59265762109375 0.668901845703125 0.61277756640625 0.66979784765625 0.619152951171875
0 0.69814893359375 0.79842736328125 0.8079385234375 0.74892278515625 0.797662626953125 0.668835158203125 0.79761280078125 0.668841275390625 0.68767395703125 0.72029395703125 0.69117266015625 0.748788609375 0.69814893359375 0.79842736328125
0 0.651296294921875 0.496308423828125 0.67822778125 0.566467341796875 0.679693560546875 0.56626133984375 0.77454398828125 0.49738892578125 0.744012123046875 0.424682087890625 0.743975009765625 0.424687302734375 0.74355403515625 0.424848900390625 0.651296294921875 0.496308423828125
0 0.63849494140625 0.4032363046875 0.64640353515625 0.4750549609375 0.6479580234375 0.474918958984375 0.75990309375 0.43540858203125 0.7503146953125 0.35370765625 0.637667158203125 0.3937746953125 0.63849494140625 0.4032363046875
0 0.70654316015625 0.02977699609375 0.57297343359375 0.069031783203125 0.58062581640625 0.141839359375 0.58172598828125 0.149667470703125 0.715790443359375 0.11251375390625 0.70654316015625 0.02977699609375
0 0.618641962890625 0.2400370390625 0.69503240234375 0.245378779296875 0.7034455078125 0.24419639453125 0.688891484375 0.106385435546875 0.60343548046875 0.09888847265625 0.60301330859375 0.098947806640625 0.60259319140625 0.10495578515625 0.618641962890625 0.2400370390625
0 0.72810808203125 0.263699201171875 0.60007976953125 0.331460455078125 0.62000423828125 0.40581958203125 0.628664759765625 0.404602423828125 0.750482333984375 0.33824318359375 0.72810808203125 0.263699201171875
0 0.617445265625 0.183612255859375 0.62768095703125 0.32481751953125 0.661314189453125 0.328352513671875 0.709898677734375 0.33236510546875 0.691140267578125 0.192168830078125 0.617522240234375 0.182879875 0.617445265625 0.183612255859375
0 0.67300135546875 0.95389501953125 0.6945347578125 0.95232801953125 0.699681607421875 0.95160467578125 0.64654122265625 0.8046257265625 0.56269844140625 0.80839706640625 0.56283846484375 0.81106887890625 0.62122780859375 0.95660835546875 0.67300135546875 0.95389501953125
0 0.586591158203125 0.86198369140625 0.58687874609375 0.867471201171875 0.631675376953125 0.985448904296875 0.642557943359375 0.98487857421875 0.678807224609375 0.9797840703125 0.6709941640625 0.86093211328125 0.586591158203125 0.86198369140625
0 0.62937583203125 0.473245669921875 0.50285137109375 0.5544497890625 0.50794652734375 0.56924719140625 0.532462701171875 0.632711099609375 0.53410941015625 0.632479669921875 0.535813302734375 0.63189297265625 0.655147400390625 0.545615154296875 0.64880520703125 0.52719608984375 0.62937583203125 0.473245669921875
0 0.601038935546875 0.868439048828125 0.67960344921875 0.859405626953125 0.628805375 0.72154398046875 0.54773270703125 0.72457476171875 0.547910076171875 0.72965395703125 0.601038935546875 0.868439048828125
0 0.581460701171875 0.708190537109375 0.63496548828125 0.703509474609375 0.65744791796875 0.700349775390625 0.606554751953125 0.565601896484375 0.531307779296875 0.56660348046875 0.52321137890625 0.56774135546875 0.523548400390625 0.571593521484375 0.581460701171875 0.708190537109375
0 0.535291498046875 0.784793140625 0.53669111328125 0.78467069140625 0.67486473828125 0.72231623828125 0.6667707265625 0.646496041015625 0.52690340234375 0.704706703125 0.5316319140625 0.758753845703125 0.535291498046875 0.784793140625
0 0.5756390625 0.392207236328125 0.4987929921875 0.40351426953125 0.49961335546875 0.41019562109375 0.50391043359375 0.42426024609375 0.550442375 0.547799908203125 0.5693553984375 0.5454776796875 0.59701038671875 0.541591025390625 0.6314871484375 0.53545946484375 0.631388341796875 0.534654763671875 0.5756390625 0.392207236328125
0 0.51551509375 0 0.42606999609375 0.02672851953125 0.436377517578125 0.1065883828125 0.45801951171875 0.10354680078125 0.57766504296875 0.07232941796875 0.565322658203125 0 0.51551509375 0
0 0.569759150390625 0.193559142578125 0.53192971875 0.063670203125 0.4485051484375 0.07745995703125 0.45019191796875 0.0894619609375 0.486150123046875 0.203329115234375 0.536808970703125 0.19818998828125 0.569759150390625 0.193559142578125
0 0.585606021484375 0.37090352734375 0.58807598046875 0.370860416015625 0.588946837890625 0.3707380234375 0.56030970703125 0.24018165234375 0.475495689453125 0.242893927734375 0.475627912109375 0.250468931640625 0.50602823828125 0.37127036328125 0.585606021484375 0.37090352734375
0 0.4469124296875 0.178397439453125 0.447153498046875 0.1790975546875 0.51366363671875 0.2938381796875 0.59188971484375 0.26690278125 0.526758255859375 0.149014302734375 0.44636787890625 0.174522751953125 0.4469124296875 0.178397439453125
0 0.46878959375 0.35651559765625 0.53981430859375 0.458720537109375 0.615499365234375 0.429454947265625 0.617941263671875 0.42846835546875 0.539117818359375 0.32205134765625 0.46801153515625 0.35097942578125 0.46878959375 0.35651559765625
0 0.31387254296875 1 0.44318025 0.96477821875 0.44994876953125 0.89607773046875 0.449493748046875 0.89284008203125 0.266175296875 0.930343533203125 0.262950849609375 0.991869646484375 0.262671548828125 1 0.31387254296875 1
0 0.172008962890625 0.267989642578125 0.18724442578125 0.305698736328125 0.18979291796875 0.305340568359375 0.193032982421875 0.304031498046875 0.349158859375 0.21290143359375 0.314353767578125 0.1240763515625 0.15573755859375 0.223167474609375 0.172008962890625 0.267989642578125
0 0.25087089453125 0.862298380859375 0.245879322265625 0.921424646484375 0.25115937109375 0.922072955078125 0.432633279296875 0.89575516796875 0.44338192578125 0.822279955078125 0.253155560546875 0.8436912578125 0.25087089453125 0.862298380859375
0 0.190738751953125 0.34281057421875 0.1920596640625 0.34687592578125 0.2775059921875 0.503657576171875 0.36624688671875 0.474823912109375 0.26989082421875 0.30745069140625 0.1900476328125 0.337893015625 0.190738751953125 0.34281057421875
0 0.145332244140625 0.16467400390625 0.145504478515625 0.16690333984375 0.147999359375 0.1846553359375 0.158378708984375 0.184111376953125 0.331071107421875 0.1527843671875 0.32111072265625 0.056765990234375 0.141656595703125 0.094538447265625 0.145332244140625 0.16467400390625
0 0.23479772265625 0.784287630859375 0.25413016796875 0.856437291015625 0.261169794921875 0.85544793359375 0.4215136953125 0.7632488828125 0.39899639453125 0.683025677734375 0.397174419921875 0.683281740234375 0.23250651171875 0.775323982421875 0.23479772265625 0.784287630859375
0 0.35964841015625 0.41278191796875 0.19724534375 0.49183671484375 0.21140908203125 0.566738677734375 0.21366998828125 0.57653173828125 0.218643966796875 0.57583269140625 0.382265408203125 0.50106789453125 0.377498603515625 0.480420591796875 0.360269646484375 0.41263849609375 0.35964841015625 0.41278191796875
0 0.31976122265625 0.40699173828125 0.319790275390625 0.4065762734375 0.29660091015625 0.226502236328125 0.20513595703125 0.21375873046875 0.223411259765625 0.4019485625 0.311711203125 0.408123095703125 0.31976122265625 0.40699173828125
0 0.2195398359375 0.680484626953125 0.21685608203125 0.743157681640625 0.22136176171875 0.743472748046875 0.403890892578125 0.709310541015625 0.407043982421875 0.61400399609375 0.221576369140625 0.65136087109375 0.2195398359375 0.680484626953125
0 0.24126189453125 0.495224986328125 0.270955384765625 0.67633680859375 0.30196033984375 0.679595560546875 0.354168466796875 0.684592265625 0.35575648828125 0.684369083984375 0.336988658203125 0.526121890625 0.334262880859375 0.506154625 0.241711615234375 0.490946173828125 0.24126189453125 0.495224986328125
0 0.79910644921875 0 0.83232255859375 0.077343498046875 0.90597214453125 0.060340150390625 0.8822486953125 0 0.79910644921875 0
0 0.909848048828125 0.05236933984375 0.8129070234375 0.068280650390625 0.810468544921875 0.13810956640625 0.81142826953125 0.14493835546875 0.907890646484375 0.130909923828125 0.909848048828125 0.05236933984375
0 0.240577259765625 1 0.271466994140625 0.9880494140625 0.26955254296875 0.95973496484375 0.26834170703125 0.95111942578125 0.081782306640625 0.967441259765625 0.08065902734375 0.967599126953125 0.08272416015625 0.9912036953125 0.08406855078125 1 0.240577259765625 1
0 0.925694376953125 0.134007287109375 0.822606205078125 0.14702646875 0.813881728515625 0.21853075390625 0.81420556640625 0.220834986328125 0.915016609375 0.21209016796875 0.925694376953125 0.134007287109375
0 0.823407462890625 0.284028369140625 0.822595150390625 0.29175700390625 0.8231889296875 0.295981966796875 0.82567103125 0.29624284765625 0.92454178515625 0.282361681640625 0.93492988671875 0.209517046875 0.831698021484375 0.221421125 0.823407462890625 0.284028369140625
0 0.8413402265625 0.38022704296875 0.842802248046875 0.38017598828125 0.93385233203125 0.354935181640625 0.936812611328125 0.274992875 0.837074833984375 0.30343965234375 0.839232623046875 0.365230673828125 0.8413402265625 0.38022704296875
0 0.233251412109375 0.76880116015625 0.0614222578125 0.84235759375 0.06866597265625 0.91127693359375 0.07113730859375 0.9288613984375 0.242383708984375 0.862146384765625 0.23347744140625 0.770409439453125 0.233251412109375 0.76880116015625
0 0.142230560546875 0.66179992578125 0.052056626953125 0.68082503515625 0.05257860546875 0.684539109375 0.134330580078125 0.847048974609375 0.159743943359375 0.8421091171875 0.2222197109375 0.82644785546875 0.22187144140625 0.82465615625 0.142230560546875 0.66179992578125
0 0.140253193359375 1 0.26004923828125 0.9537723515625 0.25466866796875 0.878304228515625 0.2542006171875 0.872954400390625 0.25264393359375 0.861878021484375 0.252313611328125 0.861906921875 0.06383843359375 0.93806431640625 0.064414083984375 0.9446440234375 0.07159219921875 1 0.140253193359375 1
0 0.20846166796875 0.73840738671875 0.13034715234375 0.568415728515625 0.037154044921875 0.586014685546875 0.038418794921875 0.595013845703125 0.12137205078125 0.753806083984375 0.20846166796875 0.73840738671875
0 0 0.339747546875 0.162237041015625 0.292053064453125 0.154949998046875 0.202883072265625 0 0.24029633203125 0 0.339747546875
0 0 0.336321666015625 0.08405255078125 0.468955861328125 0.141918626953125 0.44789433203125 0.173288470703125 0.436334287109375 0.17307059765625 0.43573568359375 0.07268055859375 0.27189881640625 0 0.298352376953125 0 0.336321666015625
0 0.17386862109375 0.55214619921875 0.107246837890625 0.37058875390625 0.01036926171875 0.384204009765625 0.011712498046875 0.39376164453125 0.07777887890625 0.56420058984375 0.15233447265625 0.555172626953125 0.17386862109375 0.55214619921875
0 0.0287047890625 0.47817036328125 0.083601205078125 0.664678982421875 0.11726228515625 0.662914880859375 0.17721669921875 0.65866716796875 0.12511059765625 0.468114703125 0.028443298828125 0.4731808203125 0.0287047890625 0.47817036328125
0 0 0.23287794921875 0.1476591171875 0.204168322265625 0.1400857265625 0.10676717578125 0 0.130398603515625 0 0.23287794921875
0 0.92617692578125 0.568345576171875 0.86340408984375 0.593354716796875 0.863692732421875 0.59540852734375 0.86513947265625 0.599383412109375 0.925321904296875 0.685161486328125 0.96064320703125 0.67230558203125 0.993660818359375 0.659644826171875 0.92617692578125 0.568345576171875
0 0.842545078125 0.377572986328125 0.880809380859375 0.45641126171875 0.91372525 0.448812033203125 0.95231999609375 0.43928315625 0.905589603515625 0.3553770546875 0.8413401796875 0.3689996875 0.842545078125 0.377572986328125
0 0.903352412109375 0.7651950546875 0.989348884765625 0.69086201953125 0.97165437109375 0.63182970703125 0.878171021484375 0.69648080859375 0.87949726953125 0.700563626953125 0.901825544921875 0.765409640625 0.903352412109375 0.7651950546875
0 0.86077735546875 0.54647644140625 0.8847951328125 0.61317326171875 0.887332029296875 0.612816724609375 0.89146729296875 0.61155244921875 0.970150818359375 0.55950119921875 0.95000612890625 0.487247142578125 0.94949550390625 0.487318904296875 0.86077735546875 0.54647644140625
0 0.8660730234375 0.533755994140625 0.86796183203125 0.5334905390625 0.95451489453125 0.492019978515625 0.9460142421875 0.420821783203125 0.855824146484375 0.46076781640625 0.8558530390625 0.46103701953125 0.8660730234375 0.533755994140625
0 1 0.866076724609375 0.967257916015625 0.784538328125 0.897945990234375 0.783328484375 0.8978910625 0.786475326171875 0.939886412109375 0.889217826171875 0.977350595703125 0.8917137265625 0.99957084765625 0.89210158203125 1 0.892041267578125 1 0.866076724609375
0 1 0.808038203125 0.95686992578125 0.73530791796875 0.943223693359375 0.713164693359375 0.880862392578125 0.722061625 0.88111102734375 0.724086587890625 0.93042615234375 0.825471107421875 0.96483980078125 0.82124564453125 0.965360390625 0.82117248046875 1 0.81542993359375 1 0.808038203125
0 1 0.9149962890625 0.9474340703125 0.847733580078125 0.90674801953125 0.856854701171875 0.906807271484375 0.85727630859375 0.93174265234375 0.944236314453125 0.97025671875 0.938823513671875 1 0.930294765625 1 0.9149962890625