0 0.57097948046875 1 0.58911931640625 0.94216792578125 0.47189974609375 0.947865009765625 0.45598025390625 1 0.57097948046875 1
0 0.5194902109375 0.83901367578125 0.51872820703125 0.840647798828125 0.51702955859375 0.957326798828125 0.58153323046875 0.979402173828125 0.58270272265625 0.86065409375 0.5194902109375 0.83901367578125
0 0.719182564453125 0.64550584375 0.6056158203125 0.64377875 0.58135641015625 0.71219681640625 0.579934505859375 0.716572984375 0.580193486328125 0.716693748046875 0.6977508125 0.719403837890625 0.719182564453125 0.64550584375
0 0.650118232421875 0.801065765625 0.690917166015625 0.732601439453125 0.575463654296875 0.713832513671875 0.563101357421875 0.738094890625 0.54280036328125 0.781630513671875 0.544053134765625 0.78226883203125 0.650118232421875 0.801065765625
0 0.5048989921875 0.83702993359375 0.500641451171875 0.84616026171875 0.615223806640625 0.883213197265625 0.661281234375 0.819100923828125 0.54625902734375 0.780102728515625 0.5048989921875 0.83702993359375
0 0.65143624609375 0.541265728515625 0.64919073828125 0.546081234375 0.63898783203125 0.65733328515625 0.70933268359375 0.68575444921875 0.723832787109375 0.56793252734375 0.65143624609375 0.541265728515625
0 0.63600815234375 0.552834330078125 0.7485470859375 0.59061999609375 0.7912914375 0.520335580078125 0.67785623828125 0.4825560859375 0.672683390625 0.49052157421875 0.634699466796875 0.5519844609375 0.63600815234375 0.552834330078125
0 0.9224070234375 0.195279482421875 0.9202373125 0.19426773046875 0.78313358203125 0.190653169921875 0.767233923828125 0.272449818359375 0.90633496484375 0.27396109765625 0.9224070234375 0.195279482421875
0 0.768953353515625 0.243347951171875 0.721119498046875 0.30679414453125 0.7179370390625 0.31361894921875 0.71886821484375 0.31429548828125 0.8453365078125 0.37387314453125 0.891032978515625 0.31205401171875 0.895693056640625 0.30563996484375 0.89337430078125 0.3039552890625 0.768953353515625 0.243347951171875
0 0.71919680859375 0.36850815234375 0.718939048828125 0.369014037109375 0.68509018359375 0.510866248046875 0.71539064453125 0.526305103515625 0.75527926953125 0.54490547265625 0.79064014453125 0.40422327734375 0.71919680859375 0.36850815234375
0 0.722529138671875 0.3262042421875 0.683441458984375 0.39753626171875 0.68740323046875 0.39982358984375 0.818616908203125 0.43838969140625 0.8571144609375 0.374801255859375 0.722529138671875 0.3262042421875
0 0.49847083203125 0.86382502734375 0.340017771484375 0.8467801875 0.312496857421875 0.905798974609375 0.30750296875 0.917101392578125 0.311501716796875 0.9189660390625 0.46204554296875 0.9404518984375 0.49847083203125 0.86382502734375
0 0.35650895703125 0.855781001953125 0.35347521875 0.86228687890625 0.36170809765625 0.986501759765625 0.407706046875 0.9979703359375 0.43571402734375 0.8789214609375 0.35650895703125 0.855781001953125
0 0.534678234375 0.66339236328125 0.57102170703125 0.67511585546875 0.57927952734375 0.52426333984375 0.508754544921875 0.499711767578125 0.50609925390625 0.505406056640625 0.49041732421875 0.647282708984375 0.534678234375 0.66339236328125
0 0.427144302734375 0.71763321484375 0.423238107421875 0.72245696484375 0.373388890625 0.853875232421875 0.436851830078125 0.905008580078125 0.4380342734375 0.905559962890625 0.490716322265625 0.76122854296875 0.427144302734375 0.71763321484375
0 0.51432136328125 0.75493819140625 0.553828375 0.607750607421875 0.491184474609375 0.565980982421875 0.487998416015625 0.5708870859375 0.446009091796875 0.70562587890625 0.50498633984375 0.750452759765625 0.50570966796875 0.750922494140625 0.51432136328125 0.75493819140625
0 0.55270847265625 0.693533107421875 0.5523484765625 0.69336523828125 0.40141308203125 0.70020951171875 0.380796439453125 0.77715187109375 0.3839954921875 0.77864361328125 0.534428443359375 0.767362818359375 0.55270847265625 0.693533107421875
0 0.504287744140625 0.47007590625 0.48192958203125 0.536398353515625 0.49418474609375 0.54211303125 0.501984953125 0.54348994140625 0.63511773828125 0.558331 0.635937005859375 0.55608007421875 0.65904251171875 0.4801052890625 0.50612051953125 0.46504039453125 0.504287744140625 0.47007590625
0 0.689517251953125 0.062701853515625 0.6690237578125 0.125774341796875 0.66302557421875 0.14501307421875 0.66781021484375 0.147244189453125 0.803111158203125 0.171985 0.82830733984375 0.101403267578125 0.794906400390625 0.08582815234375 0.689517251953125 0.062701853515625
0 0.79185876953125 0.192065185546875 0.669421880859375 0.13297678515625 0.65847781640625 0.14920202734375 0.62269242578125 0.2051277578125 0.62606093359375 0.207399845703125 0.74214678515625 0.26024048828125 0.791510826171875 0.1928113515625 0.79185876953125 0.192065185546875
0 0.65503651171875 0.43581777734375 0.65813378125 0.43713248828125 0.6850965546875 0.306108458984375 0.608427919921875 0.274869953125 0.602367353515625 0.2878668828125 0.582189384765625 0.403785693359375 0.65503651171875 0.43581777734375
0 0.640697482421875 0.19457608203125 0.638201033203125 0.19992973828125 0.617886095703125 0.32964341015625 0.695558037109375 0.35791368359375 0.695682154296875 0.357647513671875 0.71920314453125 0.225334828125 0.640697482421875 0.19457608203125
0 0.564771791015625 0.48790289453125 0.62735672265625 0.509284259765625 0.64140658984375 0.380029044921875 0.56383644921875 0.35201072265625 0.56230808203125 0.355288314453125 0.552271740234375 0.48359878125 0.564771791015625 0.48790289453125
0 0.02363066015625 0.82738098046875 0.023477916015625 0.82775903515625 0.024354986328125 0.82816801953125 0.028645775390625 0.829901611328125 0.210205388671875 0.853604287109375 0.212058916015625 0.84901664453125 0.240195548828125 0.77559378515625 0.053013421875 0.763282529296875 0.02363066015625 0.82738098046875
0 0.33632590625 0.137442560546875 0.33921709765625 0.13891569921875 0.513419828125 0.1921949296875 0.5571652265625 0.113431896484375 0.378776158203125 0.05295315234375 0.3634398046875 0.082285349609375 0.34700884765625 0.11453291796875 0.33632590625 0.137442560546875
0 0.27000302734375 0.68585434375 0.078634412109375 0.69060484765625 0.07473672265625 0.708942044921875 0.06485098828125 0.766022298828125 0.07015375390625 0.76849501953125 0.25289149609375 0.758113154296875 0.27000302734375 0.68585434375
0 0.261781701171875 0.3134181328125 0.43248930859375 0.37023651171875 0.478219048828125 0.28877306640625 0.29394578515625 0.23218477734375 0.283163130859375 0.25163719921875 0.254765482421875 0.30952898046875 0.261781701171875 0.3134181328125
0 0.450224240234375 0 0.403629625 0.09673801171875 0.4112984296875 0.10171819140625 0.48696180859375 0.145539298828125 0.55210612109375 0 0.450224240234375 0
0 0.29374377734375 0.670436068359375 0.3113157890625 0.58529636328125 0.119769927734375 0.598352142578125 0.1043730859375 0.67756201953125 0.1104585 0.6803996953125 0.111633720703125 0.680628134765625 0.29374377734375 0.670436068359375
0 0.30874443359375 0.271169796875 0.259650154296875 0.4488897734375 0.296300580078125 0.46756409765625 0.34123159375 0.48922512109375 0.34191549609375 0.487882888671875 0.385531431640625 0.313520009765625 0.316417451171875 0.27474778515625 0.30874443359375 0.271169796875
0 0.47837273046875 0.159846392578125 0.408604373046875 0.09934340234375 0.3214358046875 0.26712612109375 0.3921274765625 0.320396115234375 0.39949497265625 0.32383163671875 0.399745615234375 0.32349901953125 0.47837273046875 0.159846392578125
0 0.13510138671875 0.56606037890625 0.31413320703125 0.615371091796875 0.35874682421875 0.531092361328125 0.175673462890625 0.48336484765625 0.161076025390625 0.50864834765625 0.13118982421875 0.563802037109375 0.13510138671875 0.56606037890625
0 0.17981298046875 0.49551269140625 0.36128898046875 0.513591625 0.39105678515625 0.43383391015625 0.390836626953125 0.433749400390625 0.232984708984375 0.41090016796875 0.21299233203125 0.40836515625 0.17467005078125 0.49311450390625 0.17981298046875 0.49551269140625
0 1 0.30975338671875 0.95513558203125 0.363220720703125 0.95350516796875 0.36671715234375 0.9559346953125 0.36875576953125 1 0.39285976171875 1 0.30975338671875
0 0 0.818535130859375 0.019005009765625 0.8273973125 0.05592758203125 0.755892927734375 0 0.74106441796875 0 0.818535130859375
0 1 0.38212644140625 0.964681083984375 0.36493346484375 0.96072526171875 0.373416751953125 0.938344705078125 0.4628987265625 0.941999193359375 0.464743689453125 1 0.49178991015625 1 0.38212644140625
0 1 0.46667556640625 0.9122282421875 0.462063236328125 0.8896609375 0.52717486328125 0.88936966796875 0.52812756640625 0.898510474609375 0.53238999609375 0.99173819921875 0.53959956640625 1 0.514969546875 1 0.46667556640625
0 0.873943970703125 0.600239732421875 0.944303751953125 0.633049037109375 0.96343441015625 0.539066046875 0.89449389453125 0.50066161328125 0.892687470703125 0.5045355078125 0.873943970703125 0.600239732421875
0 0 0.692681087890625 0.041753978515625 0.71215128515625 0.075932298828125 0.531524462890625 0.021640634765625 0.504509060546875 0 0.4944178671875 0 0.692681087890625
0 0 0.586342833984375 0.056608578125 0.625980587890625 0.0624629609375 0.62871053125 0.12393873046875 0.453113458984375 0.04769412890625 0.405605080078125 0.04639925390625 0.40745435546875 0 0.53535057421875 0 0.586342833984375
0 0 0.74540323046875 0.041005482421875 0.761060951171875 0.087504970703125 0.7013768984375 0.095622509765625 0.6906045625 0.09694104296875 0.687776958984375 0.09672676171875 0.68761548828125 0 0.6524140625 0 0.74540323046875
0 0 0.48231641015625 0.17725270703125 0.47402028515625 0.19647003515625 0.377899091796875 0.008723892578125 0.396250265625 0 0.437388552734375 0 0.48231641015625
0 0.1485774453125 0.105109220703125 0.1522364296875 0.106815431640625 0.3395375234375 0.134558951171875 0.3670099140625 0.03960659375 0.174396 0.02066053515625 0.1485774453125 0.105109220703125
0 0.111241701171875 0.2049331796875 0.300191369140625 0.213190734375 0.31352592578125 0.1597087421875 0.32353144140625 0.1182388359375 0.322178478515625 0.11790150390625 0.1304651953125 0.1124230078125 0.107799966796875 0.2033282734375 0.111241701171875 0.2049331796875
0 0.16469908984375 0.13454658203125 0.161002326171875 0.140462638671875 0.09800733203125 0.31496394921875 0.169752373046875 0.3597952265625 0.183483142578125 0.36619798828125 0.244647748046875 0.1866558046875 0.16469908984375 0.13454658203125
0 0.124244169921875 0.222526736328125 0.12330861328125 0.22396737109375 0.05450919140625 0.4059775078125 0.13023170703125 0.45515228515625 0.137030541015625 0.4583226328125 0.203410552734375 0.271894421875 0.124244169921875 0.222526736328125
0 0.193147669921875 0 0.189944650390625 0.012337244140625 0.200171388671875 0.01710605078125 0.20318560546875 0.01797036328125 0.377435875 0.04689472265625 0.39310239453125 0 0.193147669921875 0
0 0.78370373828125 0.89705487890625 0.81117930859375 0.91002921484375 0.834334251953125 0.800589142578125 0.76999001953125 0.76917793359375 0.768166998046875 0.7727558125 0.7484053125 0.87906943359375 0.78370373828125 0.89705487890625
0 0.90296878125 0.69825159765625 0.9242020234375 0.60543041796875 0.866460009765625 0.57205405078125 0.862824478515625 0.5786127265625 0.838181650390625 0.66393226171875 0.867727783203125 0.68030994921875 0.88979980078125 0.69211080078125 0.90296878125 0.69825159765625
0 0.78447207421875 0.96889504296875 0.794540546875 0.971592880859375 0.79322273046875 0.858381732421875 0.72325251953125 0.838312412109375 0.7221547578125 0.84066656640625 0.735711044921875 0.953694345703125 0.78447207421875 0.96889504296875
0 0.785876263671875 0.707712548828125 0.785323705078125 0.81167593359375 0.8065190625 0.81815600390625 0.856072666015625 0.83069118359375 0.856376333984375 0.829697923828125 0.85727664453125 0.729401525390625 0.78672076171875 0.705901517578125 0.785876263671875 0.707712548828125
0 0.79333360546875 0.72261475 0.7899996796875 0.731774638671875 0.792704943359375 0.733036125 0.887772357421875 0.739868990234375 0.913175912109375 0.676594271484375 0.915458671875 0.670322439453125 0.91488886328125 0.670115044921875 0.8153056015625 0.665942470703125 0.79333360546875 0.72261475
0 0.754661755859375 1 0.773885845703125 0.9983387109375 0.775123892578125 0.99337317578125 0.78895069140625 0.925937328125 0.69788133984375 0.941452626953125 0.672548330078125 0.946213861328125 0.66989306640625 0.95686354296875 0.6600289140625 1 0.754661755859375 1