0 0.21875 0.5322265625 0.173828125 0.158203125
0 0.3134765625 0.400390625 0.138671875 0.138671875
0 0.271484375 0.462890625 0.1533203125 0.1533203125
0 0.365234375 0.3330078125 0.1591796875 0.150390625
0 0.505859375 0.1357421875 0.162109375 0.162109375
0 0.087890625 0.7333984375 0.1513671875 0.1513671875
0 0.177734375 0.607421875 0.171875 0.154296875
0 0.4111328125 0.27734375 0.1640625 0.1640625
0 0.134765625 0.671875 0.166015625 0.150390625
0 0.462890625 0.2119140625 0.1533203125 0.1533203125
0 0.5673828125 0.0732421875 0.1591796875 0.146484375
0 0.40234375 0.5126953125 0.1640625 0.1640625
0 0.45703125 0.439453125 0.158203125 0.158203125
0 0.5546875 0.302734375 0.146484375 0.146484375
0 0.3583984375 0.5849609375 0.166015625 0.166015625
0 0.263671875 0.72265625 0.1767578125 0.1767578125
0 0.6064453125 0.2353515625 0.1640625 0.1533203125
0 0.509765625 0.373046875 0.154296875 0.154296875
0 0.2138671875 0.796875 0.1875 0.1875
0 0.318359375 0.654296875 0.177734375 0.1689453125
0 0.708984375 0.099609375 0.15625 0.1455078125
0 0.662109375 0.1708984375 0.166015625 0.15625
0 0.3447265625 0.0166015625 0.1513671875 0.033203125
0 0.169921875 0.22265625 0.1513671875 0.1533203125
0 0.21484375 0.16015625 0.15625 0.140625
0 0.482421875 0.8974609375 0.177734375 0.177734375
0 0.435546875 0.943359375 0.173828125 0.1123046875
0 0.544921875 0.822265625 0.1875 0.171875
0 0.3037109375 0.0576171875 0.173828125 0.115234375
0 0.1298828125 0.28515625 0.1611328125 0.142578125
0 0.041015625 0.4677734375 0.08203125 0.142578125
0 0.26171875 0.0986328125 0.1689453125 0.1689453125
0 0.6015625 0.75 0.181640625 0.181640625
0 0.912109375 0.296875 0.1748046875 0.1875
0 0.66015625 0.685546875 0.1826171875 0.171875
0 0.8212890625 0.4580078125 0.1904296875 0.1748046875
0 0.8798828125 0.380859375 0.1904296875 0.1767578125
0 0.7734375 0.5341796875 0.1845703125 0.1845703125
0 0.720703125 0.619140625 0.189453125 0.189453125
0 0.08984375 0.3486328125 0.166015625 0.166015625
0 0.064453125 0.41015625 0.1279296875 0.1455078125
0 0.0234375 0.525390625 0.046875 0.154296875
0 0.662109375 0.94140625 0.201171875 0.1171875
0 0.830078125 0.74609375 0.201171875 0.201171875
0 0.716796875 0.904296875 0.2080078125 0.1904296875
0 0.9228515625 0.5791015625 0.154296875 0.201171875
0 0.88671875 0.6669921875 0.2001953125 0.1982421875
0 0.7724609375 0.830078125 0.2109375 0.197265625
0 0.9501953125 0.5 0.099609375 0.1904296875