0 1 0.27418673828125 0.99876264453125 0.27325432421875 0.95017519921875 0.2404571484375 0.859668498046875 0.306740529296875 0.85688176171875 0.3107203984375 0.914764998046875 0.349156439453125 1 0.28329706640625 1 0.27418673828125
0 0.827726794921875 0.33797447265625 0.908344736328125 0.424930146484375 0.941218134765625 0.365872365234375 0.86089105859375 0.27840788671875 0.827726794921875 0.33797447265625
0 0.66012087890625 0.572935072265625 0.72452409765625 0.606428 0.8054983515625 0.52858289453125 0.806085908203125 0.52752291796875 0.7403311796875 0.4882833984375 0.65602236328125 0.570616197265625 0.656258404296875 0.57079406640625 0.66012087890625 0.572935072265625
0 0.70664134765625 0.498842560546875 0.704621123046875 0.5023416953125 0.77493699609375 0.536954572265625 0.854917734375 0.46224162890625 0.845745826171875 0.4553301015625 0.790015576171875 0.423154224609375 0.70664134765625 0.498842560546875
0 0.912057091796875 0.40753649609375 0.90129740234375 0.398407880859375 0.850784703125 0.35602269140625 0.75274658203125 0.4190326015625 0.74934786328125 0.423542857421875 0.78659241796875 0.45513638671875 0.808121623046875 0.47320153515625 0.910749158203125 0.40927218359375 0.912057091796875 0.40753649609375
0 0.70586710546875 0.680805677734375 0.706297259765625 0.68103439453125 0.745466466796875 0.61258308203125 0.659467611328125 0.532432728515625 0.655183423828125 0.538118037109375 0.62300576171875 0.5986354140625 0.70586710546875 0.680805677734375
0 0.69701549609375 0.670272130859375 0.600828970703125 0.59889055078125 0.5677725 0.67421816015625 0.6645632265625 0.7456833046875 0.69701549609375 0.670272130859375
0 0.408833162109375 1 0.510892708984375 0.90644630078125 0.501658453125 0.89923170703125 0.44645734765625 0.85694296875 0.35105047265625 0.941716095703125 0.34370955859375 0.951457818359375 0.405004330078125 1 0.408833162109375 1
0 0.561504255859375 0.8395147109375 0.51788212109375 0.805433365234375 0.492467470703125 0.78629155078125 0.398837060546875 0.870512212890625 0.389698494140625 0.882639501953125 0.455020888671875 0.93281446875 0.561504255859375 0.8395147109375
0 0.64286001171875 0.7581674921875 0.561801732421875 0.64830696875 0.55315583984375 0.6417918203125 0.503682490234375 0.70075186328125 0.59107840625 0.81627151953125 0.64286001171875 0.7581674921875
0 0.441735564453125 0.81533694140625 0.4413027109375 0.81593271484375 0.50222708984375 0.85828975 0.60989865625 0.766722001953125 0.55554827734375 0.725766052734375 0.54382692578125 0.71724999609375 0.441735564453125 0.81533694140625
0 0.7534673984375 0.158675205078125 0.727126978515625 0.204298150390625 0.832148458984375 0.32451821484375 0.874024828125 0.25072899609375 0.769529853515625 0.1391510625 0.76710483203125 0.1377509765625 0.76212196484375 0.144363466796875 0.7534673984375 0.158675205078125
0 0.797305947265625 0.09796826953125 0.7914506953125 0.10470396484375 0.778170162109375 0.123531716796875 0.864451107421875 0.26595349609375 0.865064728515625 0.26641589453125 0.91878522265625 0.19939487109375 0.892229294921875 0.1756835703125 0.838783501953125 0.1292238515625 0.797305947265625 0.09796826953125
0 0.51247793359375 0.522498125 0.510232580078125 0.52672101953125 0.582426458984375 0.568606720703125 0.681822162109375 0.457018326171875 0.67695278515625 0.45334898828125 0.614407556640625 0.420093099609375 0.51247793359375 0.522498125
0 0.684747353515625 0.251851109375 0.676878546875 0.261228787109375 0.75487397265625 0.390766171875 0.75621049609375 0.39177331640625 0.809209982421875 0.328925556640625 0.733170884765625 0.206155994140625 0.73120406640625 0.20467388671875 0.684747353515625 0.251851109375
0 0.68034396875 0.361338181640625 0.55592554296875 0.43616955078125 0.551214236328125 0.4424216640625 0.61683398046875 0.4914447265625 0.738241677734375 0.41166789453125 0.68034396875 0.361338181640625
0 0.60184942578125 0.38305614453125 0.600019978515625 0.38587324609375 0.662288275390625 0.42802159765625 0.7836446015625 0.33418791796875 0.773527029296875 0.326563779296875 0.71605051171875 0.28923809375 0.60184942578125 0.38305614453125
0 0.53566127734375 0.46622237890625 0.53399333203125 0.464965494140625 0.48020584765625 0.51111521484375 0.476223572265625 0.51470087109375 0.5474770859375 0.650844267578125 0.609264205078125 0.600960560546875 0.61104432421875 0.599357734375 0.547411513671875 0.4814787265625 0.5428999140625 0.47426169921875 0.53566127734375 0.46622237890625
0 0.282458666015625 0.96213867578125 0.304129359375 0.97846871484375 0.35390158984375 0.917776833984375 0.26291986328125 0.81444201171875 0.2623470546875 0.81394407421875 0.25887066015625 0.811324423828125 0.2452312109375 0.826641748046875 0.20715972265625 0.870437982421875 0.20212518359375 0.877119044921875 0.282458666015625 0.96213867578125
0 0.261427806640625 0.80120773046875 0.339688625 0.907070201171875 0.4013228125 0.846260712890625 0.321266841796875 0.742912064453125 0.317552224609375 0.740112900390625 0.2972007890625 0.761187427734375 0.261427806640625 0.80120773046875
0 0.434624005859375 0.76963895703125 0.43594965625 0.770637904296875 0.49640273046875 0.71478327734375 0.433331001953125 0.60040887890625 0.43209911328125 0.59948058203125 0.3680328125 0.65716613671875 0.434624005859375 0.76963895703125
0 0.31146573046875 0.734615548828125 0.40063138671875 0.837547568359375 0.4519087421875 0.76851415625 0.36475090234375 0.67198716796875 0.36155402734375 0.66957815234375 0.3311524296875 0.70849041796875 0.31146573046875 0.734615548828125
0 0.504503544921875 0.555413396484375 0.492830705078125 0.549206837890625 0.40547813671875 0.644443705078125 0.40402605859375 0.64717466796875 0.4778744140625 0.685030328125 0.56186999609375 0.587708087890625 0.554486927734375 0.582144546875 0.504503544921875 0.555413396484375
0 0.53266952734375 0 0.62323519140625 0.14072983984375 0.673811359375 0.08052487890625 0.6769251953125 0.07667961328125 0.620313736328125 0 0.53266952734375 0
0 0.222196716796875 0.56075220703125 0.150341392578125 0.529661859375 0.04978401953125 0.68890048046875 0.049771673828125 0.68892820703125 0.133331296875 0.72260705078125 0.23743942578125 0.568225244140625 0.235212734375 0.566547310546875 0.222196716796875 0.56075220703125
0 0.636316490234375 0.039996732421875 0.565611359375 0.005244720703125 0.56507601953125 0.00500637109375 0.4507307421875 0.15444478125 0.449171322265625 0.157947294921875 0.51683872265625 0.18622164453125 0.636316490234375 0.039996732421875
0 0.355603125 0.492940578125 0.214977197265625 0.380718638671875 0.207894171875 0.37695252734375 0.1748085078125 0.432298923828125 0.16436698828125 0.451936568359375 0.31218833203125 0.5756609375 0.355603125 0.492940578125
0 0 0.749290802734375 0.03492362109375 0.775607638671875 0.064448111328125 0.79478106640625 0.18391856640625 0.661565505859375 0.113110923828125 0.610267220703125 0.10544212109375 0.605287041015625 0 0.729700005859375 0 0.749290802734375
0 0.525135287109375 0.284145794921875 0.569046322265625 0.209116689453125 0.440531998046875 0.079687095703125 0.43418106640625 0.075871068359375 0.43243618359375 0.078186607421875 0.391524994140625 0.146274259765625 0.525135287109375 0.284145794921875
0 0.414132251953125 0.36094845703125 0.373384322265625 0.3331921953125 0.338886669921875 0.310789158203125 0.209085509765625 0.44261114453125 0.20965372265625 0.442980146484375 0.284593654296875 0.487490421875 0.413788369140625 0.362536474609375 0.41459378515625 0.36129624609375 0.414132251953125 0.36094845703125
0 0.099675314453125 0.5921967109375 0.097457998046875 0.59588694140625 0.17944208984375 0.64572823828125 0.301514912109375 0.50303479296875 0.29319832421875 0.49676779296875 0.22048246875 0.459608072265625 0.099675314453125 0.5921967109375
0 0.535978052734375 0.228649046875 0.491217591796875 0.188981427734375 0.46569691015625 0.167567033203125 0.313847978515625 0.272366998046875 0.3109837109375 0.275780498046875 0.3808304453125 0.33890323828125 0.535978052734375 0.228649046875
0 0.31952969140625 0.22542226953125 0.279081837890625 0.3059548828125 0.2936335234375 0.319896546875 0.410730140625 0.428191037109375 0.410934369140625 0.42830894921875 0.45418426953125 0.35498186328125 0.32302505859375 0.222391599609375 0.32218078125 0.22190415625 0.31952969140625 0.22542226953125
0 0.68412644140625 1 0.7306623359375 0.934025978515625 0.72600846484375 0.93051903515625 0.708268513671875 0.923351630859375 0.65806654296875 0.90486781640625 0.604184814453125 0.98797268359375 0.6031731640625 0.990476607421875 0.627926212890625 1 0.68412644140625 1
0 0.65723398046875 0.884111966796875 0.71447108984375 0.97084395703125 0.763595974609375 0.916062583984375 0.7124264765625 0.834199947265625 0.70701028125 0.83011855078125 0.699864841796875 0.837517869140625 0.65723398046875 0.884111966796875
0 0.766433751953125 0.78656287109375 0.690090861328125 0.83710389453125 0.686466130859375 0.84191407421875 0.74172181640625 0.89344083203125 0.828709095703125 0.83677559375 0.766433751953125 0.78656287109375
0 0.295319099609375 0 0.38068785546875 0.13814363671875 0.38142565234375 0.138699607421875 0.44035244140625 0.074760087890625 0.3974931640625 0 0.295319099609375 0
0 0.26569391796875 0 0.23035419921875 0.0506325390625 0.21826635546875 0.06855350390625 0.338046126953125 0.20663526953125 0.391281248046875 0.13617623828125 0.392486052734375 0.1343900390625 0.27853546484375 0 0.26569391796875 0
0 0.392816302734375 0 0.42108563671875 0.06692587109375 0.42124572265625 0.0671235625 0.491656806640625 0.0148096015625 0.48567400390625 0 0.392816302734375 0
0 0.143882857421875 0.20928337890625 0.140522205078125 0.214458328125 0.215109328125 0.25932278515625 0.355904185546875 0.135119498046875 0.348533056640625 0.129564953125 0.27316830859375 0.08302958984375 0.143882857421875 0.20928337890625
0 0 0.541932892578125 0.12342000390625 0.471770111328125 0.0584438828125 0.397023634765625 0 0.434149798828125 0 0.541932892578125
0 0 0.4044921171875 0.106489283203125 0.51617289453125 0.10764528125 0.516952625 0.1317684296875 0.48176829296875 0.162590734375 0.43607234765625 0.02840171484375 0.299531912109375 0.02744065625 0.298883671875 0.023955595703125 0.30350850390625 0 0.339024134765625 0 0.4044921171875
0 0.244724763671875 0.32459782421875 0.231039701171875 0.3076981796875 0.18267024609375 0.250248751953125 0.01455210546875 0.33156523046875 0.0109547109375 0.33633913671875 0.072178796875 0.4119445859375 0.244724763671875 0.32459782421875
0 0.092594099609375 0.21101210546875 0.222869611328125 0.363013138671875 0.28046690625 0.28373726171875 0.14903517578125 0.136255099609375 0.092594099609375 0.21101210546875
0 1 0.56592403515625 0.97043262890625 0.552772435546875 0.9358325625 0.538085576171875 0.871243330078125 0.620596390625 0.8688029453125 0.62634557421875 0.930572736328125 0.654786142578125 1 0.57047417578125 1 0.56592403515625
0 0.812222177734375 0.841433931640625 0.8504521171875 0.784693751953125 0.791186609375 0.711205734375 0.790954033203125 0.7110428828125 0.763305060546875 0.74773430859375 0.74768778125 0.770038095703125 0.812222177734375 0.841433931640625
0 1 0.48674775 0.9866118515625 0.47901809765625 0.90875588671875 0.55508237890625 0.90668579296875 0.55866788671875 0.960216373046875 0.586755060546875 1 0.55549254296875 1 0.48674775
0 0.883959951171875 0.591876048828125 0.87836115234375 0.587955728515625 0.8346624921875 0.644283294921875 0.901091130859375 0.7283828984375 0.94270770703125 0.6656942734375 0.883959951171875 0.591876048828125
0 0.794294197265625 0.698946771484375 0.84077173046875 0.7859512421875 0.8913043203125 0.735079822265625 0.848730232421875 0.64931228515625 0.846057951171875 0.647298576171875 0.819718478515625 0.672734314453125 0.794294197265625 0.698946771484375
0 1 0.45468738671875 0.9459525078125 0.50567523828125 0.9459405 0.505703525390625 1 0.53138775 1 0.45468738671875