0 0.491912638671875 1 0.53477806640625 0.985892044921875 0.537372650390625 0.98393688671875 0.53529605078125 0.97904472265625 0.517034912109375 0.954811376953125 0.496044677734375 0.92834230078125 0.387655943359375 0.967135166015625 0.388560984375 0.96926730859375 0.412554830078125 1 0.491912638671875 1
0 0.474392806640625 0.9509470234375 0.45823018359375 0.833476552734375 0.397427720703125 0.862998447265625 0.41306024609375 0.98071887109375 0.474392806640625 0.9509470234375
0 0.40521956640625 0.721857783203125 0.3957566875 0.646667638671875 0.279408109375 0.63097933984375 0.2789690546875 0.63116570703125 0.2796678671875 0.635577833984375 0.29292566015625 0.70694856640625 0.402426509765625 0.722588865234375 0.40413457421875 0.722318333984375 0.40521956640625 0.721857783203125
0 0.378533419921875 0.81422858984375 0.422338833984375 0.784912990234375 0.397995341796875 0.67988511328125 0.395492384765625 0.675549859375 0.33089225390625 0.712962533203125 0.35543677734375 0.8261637890625 0.36459229296875 0.82227750390625 0.378533419921875 0.81422858984375
0 0.454062201171875 0.78766976953125 0.333223794921875 0.795545861328125 0.361118376953125 0.8693941015625 0.4797952421875 0.86334097265625 0.48296080078125 0.861997271484375 0.457897625 0.796705462890625 0.454062201171875 0.78766976953125
0 0.280132578125 0.6732929921875 0.28052901171875 0.67451308984375 0.3560271875 0.65254890234375 0.35002173046875 0.5385668671875 0.34828995703125 0.53448706640625 0.277625193359375 0.557447439453125 0.280132578125 0.6732929921875
0 0.3391389765625 0.49337705859375 0.21995969921875 0.483830603515625 0.2318437734375 0.565229296875 0.348907728515625 0.574319494140625 0.351588845703125 0.57318142578125 0.340788244140625 0.50273051953125 0.3391389765625 0.49337705859375
0 0.10167273046875 0.263207720703125 0.23537747265625 0.264350791015625 0.24069934765625 0.262091787109375 0.22836940625 0.184243599609375 0.0891910703125 0.180896775390625 0.10167273046875 0.263207720703125
0 0.167903505859375 0.381018791015625 0.2208419375 0.36483388671875 0.251099240234375 0.354994716796875 0.23504648046875 0.223714099609375 0.231526259765625 0.21542098046875 0.15255316796875 0.240278181640625 0.167903505859375 0.381018791015625
0 0.328867486328125 0.41675014453125 0.32322046484375 0.40344659375 0.17758590234375 0.425006533203125 0.191459962890625 0.46011848046875 0.20731678515625 0.499365494140625 0.33947170703125 0.478175998046875 0.3499382109375 0.47373323046875 0.328867486328125 0.41675014453125
0 0.256042416015625 0.291873046875 0.25574288671875 0.291200298828125 0.188598431640625 0.32278383984375 0.214062642578125 0.46181402734375 0.276706724609375 0.43522319140625 0.289942521484375 0.429330234375 0.256042416015625 0.291873046875
0 0.489429685546875 0.864489392578125 0.51984798046875 0.93671792578125 0.67718399609375 0.92256612890625 0.67759379296875 0.922383673828125 0.64875061328125 0.8544333984375 0.644595392578125 0.845100619140625 0.489429685546875 0.864489392578125
0 0.58719848828125 1 0.624356828125 0.990043453125 0.630353611328125 0.86707756640625 0.62706003515625 0.85931838671875 0.548484634765625 0.88377112109375 0.57797907421875 1 0.58719848828125 1
0 0.466681935546875 0.49849194140625 0.46380362109375 0.494672287109375 0.39533183203125 0.5424005 0.454184703125 0.67900662109375 0.460375080078125 0.6763789609375 0.516415087890625 0.634149787109375 0.466681935546875 0.49849194140625
0 0.59697509375 0.8726160703125 0.586756302734375 0.728378521484375 0.583288154296875 0.720208078125 0.509729615234375 0.751218533203125 0.52195377734375 0.89763180859375 0.59697509375 0.8726160703125
0 0.5619276015625 0.634409958984375 0.40958393359375 0.613066619140625 0.409269875 0.6131999296875 0.430146361328125 0.695477111328125 0.56865108203125 0.709280083984375 0.572350611328125 0.7086277578125 0.57482872265625 0.707575861328125 0.5619276015625 0.634409958984375
0 0.5440453046875 0.645121619140625 0.54231528515625 0.642242384765625 0.4771359765625 0.67973213671875 0.508130220703125 0.82924679296875 0.51839771484375 0.824888498046875 0.57830594921875 0.788892001953125 0.5440453046875 0.645121619140625
0 0.39027317578125 0.5934041953125 0.39052685546875 0.594001822265625 0.4179710546875 0.58785241015625 0.46702594140625 0.575621654296875 0.4679942265625 0.427182787109375 0.467017546875 0.4232655390625 0.387722212890625 0.43855780859375 0.388566634765625 0.5726436953125 0.389924142578125 0.592004294921875 0.39027317578125 0.5934041953125
0 0.180091234375 0.11024330859375 0.225831734375 0.176435453125 0.350241505859375 0.117461142578125 0.35365524609375 0.11524423046875 0.351175994140625 0.1094034765625 0.34339001953125 0.09709501171875 0.307270462890625 0.041475775390625 0.179078666015625 0.10785784765625 0.180091234375 0.11024330859375
0 0.355961572265625 0.136832576171875 0.2227075078125 0.1645788046875 0.25460903515625 0.242722259765625 0.374568658203125 0.22054458203125 0.38339439453125 0.21679827734375 0.362655310546875 0.155223470703125 0.355961572265625 0.136832576171875
0 0.29936159765625 0.30728175390625 0.298288126953125 0.30749041796875 0.31511582421875 0.388492802734375 0.443548744140625 0.39325940234375 0.446889904296875 0.391841166015625 0.430618748046875 0.30813332421875 0.29936159765625 0.30728175390625
0 0.37879216796875 0.19845658984375 0.376426001953125 0.19288225 0.295294603515625 0.213706294921875 0.30243970703125 0.346492376953125 0.303106419921875 0.348063048828125 0.383144431640625 0.32958481640625 0.37879216796875 0.19845658984375
0 0.373870013671875 0.50554728515625 0.37637478515625 0.504733435546875 0.45316446484375 0.47850276171875 0.44193634765625 0.35521278125 0.439556896484375 0.34960714453125 0.365848744140625 0.37336039453125 0.373870013671875 0.50554728515625
0 0.93333645703125 0.77047357421875 0.7474690859375 0.795812005859375 0.7806588984375 0.867093296875 0.7828279296875 0.87154046875 0.962291857421875 0.835230572265625 0.96719081640625 0.832841189453125 0.966535486328125 0.831297328125 0.93333645703125 0.77047357421875
0 0.6496043125 0.0843724609375 0.634267958984375 0.055040263671875 0.455878890625 0.11551901171875 0.4996242890625 0.194282041015625 0.67382701953125 0.141002810546875 0.67636812890625 0.13970805078125 0.66922586328125 0.12288192578125 0.6496043125 0.0843724609375
0 0.90738288671875 0.690312466796875 0.717215517578125 0.712241556640625 0.74421700390625 0.78141568359375 0.9239028359375 0.766490138671875 0.93157795703125 0.763232244140625 0.91379469140625 0.70792875390625 0.90738288671875 0.690312466796875
0 0.55932187890625 0.355110333984375 0.74353594921875 0.3355173515625 0.75046683203125 0.332575365234375 0.72232715625 0.24597034375 0.53635268359375 0.270155646484375 0.55932187890625 0.355110333984375
0 0.49273869921875 0 0.4280663359375 0.01153573046875 0.45480034375 0.104293646484375 0.62665325390625 0.068647833984375 0.636133232421875 0.065383615234375 0.637508451171875 0.06479987109375 0.631468357421875 0.045738521484375 0.6157193203125 0 0.49273869921875 0
0 0.810617173828125 0.53547035546875 0.808655953125 0.53126450390625 0.73317107421875 0.56538128515625 0.766673796875 0.75345031640625 0.807946984375 0.73593088671875 0.845412486328125 0.717930912109375 0.810617173828125 0.53547035546875
0 0.787792423828125 0.37821375390625 0.78309767578125 0.372204751953125 0.733801447265625 0.314060125 0.57016076953125 0.390520216796875 0.569658353515625 0.390912748046875 0.61149240234375 0.4469588203125 0.624538521484375 0.46365708984375 0.78928276171875 0.3817247734375 0.787792423828125 0.37821375390625
0 0.613219248046875 0.10295573828125 0.537508806640625 0.1558345078125 0.5985988359375 0.3268093984375 0.5989029140625 0.327315470703125 0.608931353515625 0.323058650390625 0.682372228515625 0.278930921875 0.613219248046875 0.10295573828125
0 0.71857005078125 0.6671201171875 0.77605444140625 0.647444568359375 0.80864389453125 0.634934650390625 0.788581759765625 0.45605266796875 0.7851431953125 0.447951919921875 0.699989693359375 0.478026087890625 0.71857005078125 0.6671201171875
0 0.609228443359375 0.441753208984375 0.648252767578125 0.528055125 0.6682451484375 0.52552011328125 0.825115826171875 0.502812916015625 0.826240626953125 0.502381146484375 0.796549416015625 0.42282865234375 0.610140826171875 0.441398978515625 0.60932692578125 0.44171140625 0.609228443359375 0.441753208984375
0 0 0.387646234375 0.02602333984375 0.38115788671875 0.0197144765625 0.284269412109375 0.01891844921875 0.282394087890625 0 0.28711713671875 0 0.387646234375
0 0 0.481385828125 0.005255009765625 0.479155208984375 0.027106583984375 0.4665391953125 0.064189916015625 0.444295615234375 0.03540969140625 0.348983681640625 0.03331021484375 0.345347279296875 0 0.36598990625 0 0.481385828125
0 0 0.4661830546875 0.0393913203125 0.552931986328125 0.0429788828125 0.551409154296875 0.050897181640625 0.5454422890625 0.09709998828125 0.50787283984375 0.057517470703125 0.414658802734375 0.056030435546875 0.41268544140625 0 0.45732326953125 0 0.4661830546875
0 0.12081371484375 0.498450814453125 0.11958396484375 0.495553703125 0.044395798828125 0.50746233984375 0.035603427734375 0.6096232109375 0.03608513671875 0.610758044921875 0.113402595703125 0.59273625390625 0.12081371484375 0.498450814453125
0 1 0.51695839453125 0.93431525390625 0.54000755859375 0.940220541015625 0.725315154296875 0.940840396484375 0.72677544140625 1 0.706405158203125 1 0.51695839453125
0 0.902217705078125 0.637901212890625 0.90255796484375 0.63780308984375 0.991911603515625 0.610484939453125 0.98590054296875 0.433039138671875 0.984326900390625 0.42933187109375 0.8979870546875 0.450742380859375 0.902217705078125 0.637901212890625
0 1 0.66282907421875 0.90499491015625 0.670972353515625 0.90451773046875 0.671174904296875 0.93248330859375 0.75421743359375 1 0.749498830078125 1 0.66282907421875
0 1 0.42931992578125 0.98535603515625 0.394775521484375 0.797557751953125 0.4125851640625 0.834762791015625 0.5032735 1 0.479108244140625 1 0.42931992578125
0 0.707641728515625 0 0.68183365234375 0.018292162109375 0.759657509765625 0.196273984375 0.762133453125 0.1952230078125 0.8410149140625 0.139989615234375 0.77144568359375 0 0.707641728515625 0
0 0.865625806640625 0.242127345703125 0.81473615234375 0.05865465234375 0.813670310546875 0.056562826171875 0.78332320703125 0.07187280859375 0.729263138671875 0.0994177890625 0.77781494921875 0.285320580078125 0.7960233046875 0.27759158984375 0.865625806640625 0.242127345703125
0 0.717356482421875 0.2602640390625 0.71753401171875 0.260682267578125 0.775721556640625 0.337632142578125 0.944182001953125 0.26677488671875 0.92894455859375 0.230877716796875 0.89366544140625 0.1823201796875 0.717356482421875 0.2602640390625
0 0.782570568359375 0.391838025390625 0.979107189453125 0.4069645390625 0.981670283203125 0.4058765703125 0.968839025390625 0.32486319140625 0.9626031796875 0.310172462890625 0.76961925390625 0.299066970703125 0.782570568359375 0.391838025390625
0 0.666699134765625 0 0.729331876953125 0.10250920703125 0.78809161328125 0.0589436328125 0.80749729296875 0.04378225390625 0.782222494140625 0 0.666699134765625 0
0 0.256107599609375 0.82064130859375 0.237950693359375 0.786493134765625 0.12788726171875 0.808945849609375 0.16095335546875 0.87378450390625 0.263614708984375 0.850184662109375 0.268918765625 0.8473644453125 0.26657116796875 0.8418338515625 0.256107599609375 0.82064130859375
0 0.13375326171875 0.664029689453125 0.16073251953125 0.643699359375 0.12445533203125 0.56263976953125 0.11994238671875 0.556650890625 0.067407408203125 0.59773857421875 0.10118441796875 0.68626155078125 0.10624044140625 0.684115396484375 0.13375326171875 0.664029689453125
0 0.2705385390625 0.85517930859375 0.1577918984375 0.8676925625 0.183166361328125 0.92385345703125 0.29398114453125 0.92354255859375 0.29781391015625 0.92191564453125 0.2770180078125 0.870443978515625 0.2705385390625 0.85517930859375
0 0.183996830078125 0.8075297890625 0.2003716796875 0.80481268359375 0.21497216796875 0.70695144921875 0.21464402734375 0.7046166171875 0.142344017578125 0.711191166015625 0.1263901171875 0.815505421875 0.12643837109375 0.815619103515625 0.183996830078125 0.8075297890625
0 0.17220920703125 0.725601935546875 0.18542188671875 0.71706261328125 0.160799521484375 0.62587769140625 0.158736412109375 0.62244409765625 0.09902629296875 0.660033119140625 0.12142426171875 0.754054962890625 0.133112537109375 0.74909358203125 0.17220920703125 0.725601935546875
0 0.22176871484375 1 0.327625435546875 0.98500798046875 0.3325864609375 0.9824802109375 0.31036451171875 0.93667633203125 0.305381642578125 0.926896904296875 0.27962687109375 0.92795638671875 0.187401439453125 0.933324892578125 0.216043623046875 0.995922009765625 0.21812146484375 1 0.22176871484375 1