0 0.373046875 0.7529296875 0.150390625 0.150390625
0 0.5302734375 0.708984375 0.1044921875 0.1376953125
0 0.45703125 0.7275390625 0.1142578125 0.1484375
0 0.611328125 0.68359375 0.1455078125 0.146484375
0 0.84375 0.619140625 0.138671875 0.166015625
0 0.1396484375 0.806640625 0.1142578125 0.162109375
0 0.2890625 0.7666015625 0.146484375 0.146484375
0 0.6787109375 0.66015625 0.1220703125 0.1591796875
0 0.2138671875 0.783203125 0.111328125 0.1591796875
0 0.7578125 0.6328125 0.1201171875 0.1640625
0 0.9248046875 0.5830078125 0.1201171875 0.146484375
0 0.455078125 0.587890625 0.1484375 0.1484375
0 0.5419921875 0.5615234375 0.138671875 0.138671875
0 0.7041015625 0.515625 0.1171875 0.1435546875
0 0.3720703125 0.603515625 0.146484375 0.146484375
0 0.2099609375 0.646484375 0.126953125 0.171875
0 0.78515625 0.490234375 0.1455078125 0.1455078125
0 0.623046875 0.5341796875 0.1220703125 0.150390625
0 0.123046875 0.6669921875 0.1357421875 0.1845703125
0 0.29296875 0.619140625 0.126953125 0.15625
0 0.9404296875 0.44140625 0.119140625 0.1357421875
0 0.8642578125 0.4609375 0.1455078125 0.1455078125
0 0.9404296875 0.830078125 0.119140625 0.134765625
0 0.9794921875 0.806640625 0.041015625 0.1279296875
0 0.2314453125 0.974609375 0.1376953125 0.0498046875
0 0.6474609375 0.904296875 0.1171875 0.1591796875
0 0.7216796875 0.884765625 0.134765625 0.134765625
0 0.1201171875 0.380859375 0.166015625 0.166015625
0 0.0517578125 0.3984375 0.103515625 0.181640625
0 0.212890625 0.34765625 0.1279296875 0.1767578125
0 0.8701171875 0.841796875 0.1279296875 0.166015625
0 0.5751953125 0.921875 0.1328125 0.1328125
0 0.3583984375 0.9541015625 0.138671875 0.091796875
0 0.7958984375 0.861328125 0.146484375 0.1455078125
0 0.298828125 0.3193359375 0.1513671875 0.1923828125
0 0.8359375 0.1669921875 0.1484375 0.197265625
0 0.380859375 0.2861328125 0.1669921875 0.1669921875
0 0.6494140625 0.212890625 0.169921875 0.171875
0 0.7412109375 0.18359375 0.1533203125 0.1875
0 0.5615234375 0.2314453125 0.140625 0.1826171875
0 0.4638671875 0.251953125 0.154296875 0.154296875
0 0.501953125 0.9345703125 0.1328125 0.130859375
0 0.4296875 0.9423828125 0.140625 0.115234375
0 0.29296875 0.9580078125 0.109375 0.083984375
0 0.1005859375 0.181640625 0.1796875 0.1796875
0 0.044921875 0.2080078125 0.08984375 0.208984375
0 0.3828125 0.107421875 0.146484375 0.2001953125
0 0.193359375 0.158203125 0.146484375 0.2001953125
0 0.576171875 0.072265625 0.1875 0.14453125
0 0.4755859375 0.0859375 0.185546875 0.171875
0 0.283203125 0.12890625 0.166015625 0.166015625
0 0.669921875 0.052734375 0.162109375 0.1044921875
0 0.767578125 0.041015625 0.171875 0.08203125