0 0.223593974609375 0.186787451171875 0.137285291015625 0.11635187109375 0.082875634765625 0.149070189453125 0.07925087890625 0.1513351875 0.16695808203125 0.226755419921875 0.22545171484375 0.19218271875 0.223593974609375 0.186787451171875
0 0.2196117734375 0.17403599609375 0.121668248046875 0.24118910546875 0.1404139921875 0.30612814453125 0.238526470703125 0.2395362265625 0.2196117734375 0.17403599609375
0 0.3257754140625 0.4743605625 0.297749912109375 0.40438705859375 0.293160302734375 0.40596738671875 0.206612595703125 0.47149114453125 0.229618287109375 0.54034090234375 0.23118227734375 0.544637927734375 0.23162480859375 0.54448555078125 0.3257754140625 0.4743605625
0 0.25233991015625 0.320871037109375 0.18005741015625 0.409392029296875 0.221461134765625 0.47333602734375 0.294201732421875 0.386799580078125 0.268276869140625 0.34042892578125 0.2549844765625 0.31996044140625 0.25233991015625 0.320871037109375
0 0.18495637109375 0.39460159375 0.273389388671875 0.31135155859375 0.23845285546875 0.239721052734375 0.2359373125 0.240587224609375 0.14997124609375 0.32383641015625 0.18495637109375 0.39460159375
0 0.27325105859375 0.490491708984375 0.221577705078125 0.509299271484375 0.28964028125 0.606560486328125 0.361546037109375 0.5778307265625 0.359918623046875 0.573104376953125 0.29310058203125 0.483656970703125 0.27325105859375 0.490491708984375
0 0.343089296875 0.54741855859375 0.25663394921875 0.6264744296875 0.29738321484375 0.69793404296875 0.38542037890625 0.6170372421875 0.380961455078125 0.60865122265625 0.346050005859375 0.54639910546875 0.343089296875 0.54741855859375
0 0.44860916015625 1 0.510526177734375 0.976905359375 0.507499353515625 0.9681148203125 0.44076177734375 0.85477086328125 0.363237580078125 0.88511690234375 0.433300689453125 1 0.44860916015625 1
0 0.3310851328125 0.81358891015625 0.41561849609375 0.925652119140625 0.491679978515625 0.888576900390625 0.488953431640625 0.880658435546875 0.406998423828125 0.77490915625 0.3310851328125 0.81358891015625
0 0.440084212890625 0.729133310546875 0.3451036484375 0.622075189453125 0.301552525390625 0.64523173046875 0.276506890625 0.65952158984375 0.371919484375 0.76970455078125 0.441144779296875 0.73221342578125 0.440084212890625 0.729133310546875
0 0.31351158984375 0.76941223046875 0.33376195703125 0.840934767578125 0.46109053515625 0.77564837890625 0.43557933203125 0.698413138671875 0.431204560546875 0.699750640625 0.31351158984375 0.76941223046875
0 0.34934806640625 0.06727431640625 0.34892144140625 0.06741293359375 0.22252859375 0.16217444140625 0.248253716796875 0.236204513671875 0.376537931640625 0.14678705859375 0.373381013671875 0.13707106640625 0.34934806640625 0.06727431640625
0 0.344119474609375 0.16314660546875 0.3429769921875 0.15777164453125 0.280276103515625 0.0482541796875 0.2695945859375 0.05052460546875 0.234893951171875 0.0624729921875 0.260920111328125 0.177388775390625 0.344119474609375 0.16314660546875
0 0.483361263671875 0.52138896875 0.4219988515625 0.38793198046875 0.37576276171875 0.396919369140625 0.338572279296875 0.40558864453125 0.409188734375 0.53914758203125 0.483782572265625 0.5235564140625 0.483361263671875 0.52138896875
0 0.41670502734375 0.258093837890625 0.416191529296875 0.2570860390625 0.31641047265625 0.15809388671875 0.24266319921875 0.1958987578125 0.353326068359375 0.302960634765625 0.4183927421875 0.26299531640625 0.41670502734375 0.258093837890625
0 0.308338533203125 0.33133474609375 0.39159640234375 0.45966205859375 0.464554232421875 0.44105790234375 0.463040177734375 0.435407375 0.39100608203125 0.314045376953125 0.318553623046875 0.32781741015625 0.308338533203125 0.33133474609375
0 0.2808918515625 0.25650625 0.369180763671875 0.381254154296875 0.44105121484375 0.359152974609375 0.44012534765625 0.355924087890625 0.35834405078125 0.232816275390625 0.30661012109375 0.24765073828125 0.2808918515625 0.25650625
0 0.370187123046875 0.483240083984375 0.438139380859375 0.6202866875 0.513707556640625 0.602325103515625 0.512307994140625 0.5957406796875 0.50680145703125 0.582104087890625 0.449679392578125 0.46309005859375 0.412575732421875 0.47097668359375 0.370018560546875 0.482447056640625 0.370187123046875 0.483240083984375
0 0.5836713046875 1 0.6056127734375 0.992444947265625 0.65327240625 0.9691997890625 0.58563055859375 0.8675351015625 0.50995877734375 0.90178893359375 0.570433794921875 1 0.5836713046875 1
0 0.63111387109375 0.91095279296875 0.575272876953125 0.78692048046875 0.55867228515625 0.791680623046875 0.49247308203125 0.8124083046875 0.549202865234375 0.93120792578125 0.629625859375 0.91146515625 0.63111387109375 0.91095279296875
0 0.5232485 0.62622790234375 0.438470587890625 0.64398780078125 0.492555005859375 0.764750958984375 0.57247314453125 0.750279068359375 0.570831982421875 0.74183601953125 0.5232485 0.62622790234375
0 0.4955299296875 0.71841673046875 0.490347453125 0.71980537109375 0.46608495703125 0.728159619140625 0.525491767578125 0.84942936328125 0.60511372265625 0.82863912109375 0.60433058203125 0.825716404296875 0.54852013671875 0.7055925390625 0.4955299296875 0.71841673046875
0 0.44391331640625 0.69361917578125 0.54754666015625 0.611104318359375 0.516663205078125 0.5421858359375 0.5051123359375 0.546163119140625 0.41098503515625 0.61657006640625 0.44391331640625 0.69361917578125
0 0.53413641796875 0 0.474829857421875 0.064128251953125 0.50701285546875 0.129036541015625 0.6426942734375 0 0.53413641796875 0
0 0.89990560546875 0.77353927734375 0.77175969140625 0.64081226171875 0.72001053125 0.67308844921875 0.69602105859375 0.68926955078125 0.822015947265625 0.82787241015625 0.900741830078125 0.7759678515625 0.89990560546875 0.77353927734375
0 0.657852548828125 0.18276883984375 0.58608099609375 0.008827685546875 0.585502208984375 0.008919357421875 0.50821181640625 0.024187388671875 0.58577268359375 0.1963529296875 0.65845231640625 0.18655562109375 0.657852548828125 0.18276883984375
0 0.826203310546875 0.607485298828125 0.824991748046875 0.604329072265625 0.731457205078125 0.45223419921875 0.644346962890625 0.485672689453125 0.749330611328125 0.64777364453125 0.82807681640625 0.61292634765625 0.826203310546875 0.607485298828125
0 0.92609977734375 0.811512736328125 0.89802608203125 0.738080947265625 0.889551853515625 0.740834392578125 0.73240557421875 0.82051237890625 0.76284151953125 0.90685426171875 0.9312358359375 0.8273198984375 0.92609977734375 0.811512736328125
0 0.57946528125 0.11443323828125 0.542814669921875 0.123353150390625 0.532827921875 0.12679186328125 0.619464013671875 0.29534356640625 0.70342230078125 0.27697867578125 0.702587255859375 0.27336170703125 0.61419628515625 0.106414955078125 0.57946528125 0.11443323828125
0 0.73059186328125 0.552081337890625 0.80709339453125 0.5135916484375 0.805194794921875 0.508077716796875 0.68875716015625 0.37202321875 0.65278078515625 0.391965248046875 0.60969787890625 0.417102056640625 0.610428208984375 0.418419603515625 0.73059186328125 0.552081337890625
0 0.8690722265625 0.68879194921875 0.7526526640625 0.54267689453125 0.6682806796875 0.58944505078125 0.66930198828125 0.59128754296875 0.786825576171875 0.729680505859375 0.86978901953125 0.69087366796875 0.8690722265625 0.68879194921875
0 0.682511625 0.3775920703125 0.75738676171875 0.326039392578125 0.756142919921875 0.322427009765625 0.75592105078125 0.322085361328125 0.619435267578125 0.1974604375 0.59015893359375 0.2164727109375 0.540452599609375 0.251413564453125 0.682511625 0.3775920703125
0 0.602776029296875 0.4553128125 0.7509044140625 0.396174869140625 0.769485828125 0.388374064453125 0.7603390390625 0.29621900390625 0.759714822265625 0.294406146484375 0.75840769921875 0.29461317578125 0.588443927734375 0.37139358984375 0.602543109375 0.455349703125 0.602776029296875 0.4553128125
0 0.263812689453125 1 0.284529869140625 0.992466744140625 0.28340585546875 0.989202369140625 0.23529145703125 0.9067801328125 0.22503483203125 0.910311771484375 0.161247791015625 0.93352835546875 0.201696673828125 1 0.263812689453125 1
0 0.143919533203125 0.871076025390625 0.161933380859375 0.94779924609375 0.25350882421875 0.89870129296875 0.23545272265625 0.82651594140625 0.143919533203125 0.871076025390625
0 0.11958420703125 0.805226123046875 0.14047291796875 0.87165172265625 0.14254257421875 0.877662439453125 0.229483826171875 0.82121955078125 0.209469505859375 0.75527841015625 0.2089907578125 0.7538880234375 0.19560880078125 0.75849580078125 0.11958420703125 0.805226123046875
0 0.08086513671875 0.727173216796875 0.15544198046875 0.799395310546875 0.219203845703125 0.759552474609375 0.21747726171875 0.754538107421875 0.15157734765625 0.68976573828125 0.08086513671875 0.727173216796875
0 0.69409567578125 0.17102454296875 0.8656863359375 0.097570205078125 0.857075521484375 0.015643779296875 0.855555216796875 0.011228494140625 0.68472488671875 0.077781412109375 0.693652396484375 0.1697371640625 0.69409567578125 0.17102454296875
0 0.900491966796875 0.1831337734375 0.89974131640625 0.17887662109375 0.880644697265625 0.096636734375 0.874186896484375 0.09777541796875 0.71455598046875 0.172415541015625 0.71705578125 0.186592611328125 0.732025521484375 0.264229568359375 0.900491966796875 0.1831337734375
0 0.69220212890625 0 0.76075311328125 0.097534869140625 0.845951232421875 0.069723939453125 0.842833275390625 0.06066873046875 0.798751275390625 0 0.69220212890625 0
0 0.75471346484375 0.34511100390625 0.932957796875 0.28829551171875 0.928901412109375 0.225466626953125 0.92706895703125 0.20452156640625 0.9227375078125 0.191942126953125 0.750043103515625 0.25679390625 0.75471346484375 0.34511100390625
0 1 0.585609158203125 0.97665625 0.53683121484375 0.907913810546875 0.557847888671875 0.88240040234375 0.566632861328125 0.974553380859375 0.7371921953125 1 0.72957145703125 1 0.585609158203125
0 1 0.56545732421875 0.95116379296875 0.447542494140625 0.874331556640625 0.46247716796875 0.85931483984375 0.46551472265625 0.855118482421875 0.46695964453125 0.855123052734375 0.46698316015625 0.9315693203125 0.643952400390625 0.99112762109375 0.6323754375 1 0.630613951171875 1 0.56545732421875
0 0.99147776171875 0.5297352265625 0.9174022265625 0.356800458984375 0.843207119140625 0.36842487890625 0.824600716796875 0.3717056875 0.82196019921875 0.372614888671875 0.894709171875 0.55132276953125 0.990122142578125 0.53449888671875 0.99219205078125 0.53378616015625 0.99147776171875 0.5297352265625
0 0.841437376953125 0.26823509765625 0.8021037734375 0.28030006640625 0.784284609375 0.286435697265625 0.87761071875 0.459808046875 0.9706608125 0.433126361328125 0.96928362109375 0.428323521484375 0.87383888671875 0.25894411328125 0.841437376953125 0.26823509765625
0 1 0.67770807421875 0.90278803125 0.748344072265625 0.95081535546875 0.8334188359375 1 0.799520001953125 1 0.67770807421875
0 0 0.439589759765625 0.053745404296875 0.516193130859375 0.12004462109375 0.490770388671875 0.118187494140625 0.48537689453125 0.055293466796875 0.400287294921875 0.02544291015625 0.410565666015625 0.017724755859375 0.41337484375 0 0.42043651171875 0 0.439589759765625
0 0.185126427734375 0.68938028125 0.131290400390625 0.618235126953125 0.11547008984375 0.623984177734375 0.06751690234375 0.642391681640625 0.12110457421875 0.722169513671875 0.187272259765625 0.6956122265625 0.185126427734375 0.68938028125
0 0 0.3983382265625 0.05501855078125 0.435673720703125 0.105266318359375 0.40465735546875 0.1037013671875 0.40011241015625 0.02117201953125 0.33004045703125 0 0.3443211640625 0 0.3983382265625
0 0.02827687109375 0.517949255859375 0.04466369921875 0.59138817578125 0.136818779296875 0.536680328125 0.116208560546875 0.468433814453125 0.10957671484375 0.4700873203125 0.02827687109375 0.517949255859375
0 0.09092788671875 0.66729533984375 0.1575983203125 0.594280138671875 0.128308162109375 0.541020373046875 0.12323393359375 0.532231552734375 0.121814583984375 0.532720275390625 0.0543865859375 0.602273841796875 0.086528744140625 0.662406298828125 0.089612857421875 0.667748142578125 0.09092788671875 0.66729533984375
0 0 0.302066919921875 0.006989869140625 0.307168107421875 0.064713140625 0.272484466796875 0.06298539453125 0.26746673046875 0 0.22209365234375 0 0.302066919921875
0 0 0.358361220703125 0.01700131640625 0.37866641796875 0.08458756640625 0.349401205078125 0.08442112109375 0.34891780859375 0.019861 0.28360634765625 0.00237632421875 0.2665105703125 0 0.267422755859375 0 0.358361220703125