0 0.4638671875 0.736328125 0.1435546875 0.1435546875
0 0.330078125 0.6416015625 0.150390625 0.15625
0 0.404296875 0.6904296875 0.1484375 0.1484375
0 0.732421875 0.9189453125 0.138671875 0.150390625
0 0.673828125 0.8720703125 0.146484375 0.1591796875
0 0.6083984375 0.8251953125 0.166015625 0.166015625
0 0.541015625 0.7744140625 0.15625 0.15625
0 0.07421875 0.435546875 0.1484375 0.158203125
0 0.1435546875 0.4814453125 0.1484375 0.1484375
0 0.2802734375 0.576171875 0.1484375 0.150390625
0 0.21484375 0.529296875 0.1513671875 0.1513671875
0 0.5791015625 0.642578125 0.158203125 0.158203125
0 0.509765625 0.59375 0.15625 0.15625
0 0.439453125 0.5439453125 0.15625 0.1689453125
0 0.7919921875 0.7900390625 0.166015625 0.177734375
0 0.1640625 0.349609375 0.169921875 0.169921875
0 0.71484375 0.73046875 0.166015625 0.173828125
0 0.09765625 0.298828125 0.15625 0.158203125
0 0.3798828125 0.4921875 0.1455078125 0.1533203125
0 0.6513671875 0.681640625 0.1376953125 0.146484375
0 0.310546875 0.4423828125 0.1455078125 0.158203125
0 0.2392578125 0.3896484375 0.1611328125 0.169921875
0 0.0224609375 0.65234375 0.044921875 0.1611328125
0 0.0947265625 0.740234375 0.140625 0.1533203125
0 0.462890625 0.9580078125 0.1484375 0.083984375
0 0.40625 0.9384765625 0.1591796875 0.123046875
0 0.8173828125 0.4638671875 0.173828125 0.173828125
0 0.896484375 0.5185546875 0.1689453125 0.1875
0 0.744140625 0.40625 0.1767578125 0.1767578125
0 0.9423828125 0.5634765625 0.115234375 0.169921875
0 0.521484375 0.248046875 0.201171875 0.201171875
0 0.6015625 0.302734375 0.1875 0.1875
0 0.162109375 0.7841796875 0.1484375 0.1484375
0 0.3505859375 0.9150390625 0.1484375 0.1484375
0 0.2265625 0.828125 0.1484375 0.1611328125
0 0.3642578125 0.1279296875 0.1669921875 0.1845703125
0 0.4501953125 0.181640625 0.1796875 0.1796875
0 0.6796875 0.3408203125 0.1796875 0.193359375
0 0.302734375 0.0771484375 0.1826171875 0.154296875
0 0.2900390625 0.869140625 0.1455078125 0.1435546875
0 0.0537109375 0.6884765625 0.107421875 0.1455078125
0 0.9736328125 0.3916015625 0.052734375 0.212890625
0 0.419921875 0.01953125 0.1953125 0.0390625
0 0.826171875 0.2255859375 0.2060546875 0.2060546875
0 0.900390625 0.283203125 0.1982421875 0.208984375
0 0.9453125 0.333984375 0.109375 0.181640625
0 0.7451171875 0.1689453125 0.2080078125 0.2060546875
0 0.58203125 0.0771484375 0.185546875 0.154296875
0 0.666015625 0.109375 0.1767578125 0.193359375
0 0.50390625 0.04296875 0.1923828125 0.0859375
0 0.5419921875 0.97265625 0.1435546875 0.0546875