0 0.58004575 0 0.54398258984375 0.02922409375 0.64139750390625 0.09174544921875 0.667804009765625 0.07067655078125 0.68539440234375 0.055916455078125 0.69386613671875 0.046507642578125 0.692084033203125 0.04438381640625 0.61884816796875 0 0.58004575 0
0 0.495233390625 0.09150805078125 0.6010418671875 0.14503475390625 0.649159630859375 0.0967364453125 0.54294223828125 0.04362958203125 0.495233390625 0.09150805078125
0 0.404859375 0.35975444921875 0.40586033984375 0.35888432421875 0.46510627734375 0.263595283203125 0.42150049609375 0.21065341015625 0.415223783203125 0.20500183203125 0.352829896484375 0.3036205859375 0.404859375 0.35975444921875
0 0.469501330078125 0.144540896484375 0.4094393046875 0.243583873046875 0.45833955078125 0.29998999609375 0.46211756640625 0.29670581640625 0.519328521484375 0.20532547265625 0.487453916015625 0.163345380859375 0.4768927890625 0.151196197265625 0.469501330078125 0.144540896484375
0 0.43973265625 0.14661213671875 0.536618732421875 0.21890560546875 0.597178130859375 0.17490662890625 0.60098243359375 0.170681521484375 0.60083855078125 0.17048348046875 0.502892216796875 0.09953043359375 0.441527177734375 0.1446191171875 0.43973265625 0.14661213671875
0 0.283939736328125 0.32535262890625 0.284212162109375 0.32575651953125 0.374593658203125 0.3995748046875 0.4316260234375 0.36110598828125 0.43620041015625 0.3560256171875 0.347921767578125 0.2792428828125 0.283939736328125 0.32535262890625
0 0.24763022265625 0.429705701171875 0.310729927734375 0.48136398828125 0.31246199609375 0.479440333984375 0.364091810546875 0.375525166015625 0.344261421875 0.357669802734375 0.30142689453125 0.32208772265625 0.24763022265625 0.429705701171875
0 0.075206009765625 0.739430912109375 0.078723556640625 0.736373154296875 0.16540012109375 0.631264119140625 0.114164599609375 0.57310247265625 0.109955296875 0.569312400390625 0.022976576171875 0.678181158203125 0.075206009765625 0.739430912109375
0 0.175390880859375 0.66468700390625 0.22929086328125 0.6161785078125 0.23891908984375 0.60548527734375 0.238093244140625 0.60459966796875 0.125316482421875 0.52198533203125 0.0686639375 0.573949376953125 0.06286562109375 0.57935639453125 0.06482032421875 0.581452556640625 0.175390880859375 0.66468700390625
0 0.198479830078125 0.431644994140625 0.17475898046875 0.45490593359375 0.171764833984375 0.458231271484375 0.296106029296875 0.537204482421875 0.30397962109375 0.529601044921875 0.349637580078125 0.482802095703125 0.3448255703125 0.477819115234375 0.22892895703125 0.40224061328125 0.198479830078125 0.431644994140625
0 0.17994872265625 0.45956487109375 0.12296862890625 0.519146685546875 0.243726650390625 0.5927970390625 0.29227900390625 0.546223087890625 0.29602002734375 0.54206826171875 0.29052101171875 0.536569248046875 0.17994872265625 0.45956487109375
0 0.80175307421875 0.17323287109375 0.67827209375 0.08311471484375 0.610136333984375 0.133671587890625 0.7422591953125 0.22325911328125 0.784331986328125 0.1915549921875 0.803945193359375 0.17614191015625 0.80175307421875 0.17323287109375
0 0.713391708984375 0.181302712890625 0.740611091796875 0.20241775390625 0.745215708984375 0.19730380859375 0.8049288515625 0.101742806640625 0.78108861328125 0.0802769609375 0.7447235 0.057553513671875 0.713391708984375 0.181302712890625
0 0.54133580078125 0.458112501953125 0.57662400390625 0.433581380859375 0.578993978515625 0.430949255859375 0.468308353515625 0.330206873046875 0.45874134765625 0.33665990234375 0.39951034765625 0.379886103515625 0.39974970703125 0.380240970703125 0.5162516171875 0.475031994140625 0.54133580078125 0.458112501953125
0 0.56208183203125 0.21297168359375 0.56277136328125 0.213823185546875 0.6844390390625 0.292150328125 0.74101641015625 0.246334875 0.747522876953125 0.23910871484375 0.61913419921875 0.158719015625 0.56208183203125 0.21297168359375
0 0.524347400390625 0.277407564453125 0.45201431640625 0.322190630859375 0.5767220859375 0.41287853515625 0.63642222265625 0.369503849609375 0.63717933984375 0.368662982421875 0.633567712890625 0.363691998046875 0.524347400390625 0.277407564453125
0 0.6958086171875 0.27682215234375 0.691666376953125 0.27309246484375 0.55242684375 0.22676375390625 0.50514466015625 0.292911544921875 0.65206990234375 0.337023328125 0.6958086171875 0.27682215234375
0 0.362540576171875 0.50405711328125 0.41972805859375 0.561076369140625 0.422728259765625 0.558374974609375 0.5049314765625 0.43477212109375 0.471102484375 0.39720121875 0.45171915234375 0.376682673828125 0.450172244140625 0.378075515625 0.438220509765625 0.3933670703125 0.362540576171875 0.50405711328125
0 0.1291900625 0.71307183984375 0.06680609765625 0.77477091015625 0.178787337890625 0.86340683203125 0.22745386328125 0.81903898828125 0.23831751171875 0.80697368359375 0.232356724609375 0.800801107421875 0.1291900625 0.71307183984375
0 0.22784294140625 0.658640978515625 0.202640986328125 0.64409062109375 0.15242276953125 0.769886427734375 0.2267775 0.8104496875 0.23017725390625 0.806673876953125 0.274480193359375 0.6880184375 0.22784294140625 0.658640978515625
0 0.39171876171875 0.560799314453125 0.317603900390625 0.51596968359375 0.27479846484375 0.64117575 0.342250603515625 0.68453893359375 0.34621780859375 0.680132904296875 0.34767457421875 0.677801595703125 0.39171876171875 0.560799314453125
0 0.35511846875 0.68659355859375 0.35777719921875 0.68364073828125 0.258754453125 0.59422937890625 0.19137344921875 0.64427934375 0.1900284921875 0.645773068359375 0.29309280078125 0.735053322265625 0.35511846875 0.68659355859375
0 0.371081251953125 0.621644669921875 0.374049630859375 0.619407833984375 0.455517109375 0.523016435546875 0.410694484375 0.461639974609375 0.405102642578125 0.45660505859375 0.323685072265625 0.559061783203125 0.371081251953125 0.621644669921875
0 1 0.308342314453125 0.879224033203125 0.255166875 0.82832980078125 0.3067285703125 0.9939705625 0.392727716796875 1 0.38603134765625 1 0.308342314453125
0 0.54841572265625 0.865284037109375 0.54758249609375 0.86480297265625 0.379650337890625 0.797879375 0.331083373046875 0.879992341796875 0.506822130859375 0.943977033203125 0.5321248046875 0.903559708984375 0.55223686328125 0.86872460546875 0.54841572265625 0.865284037109375
0 0.88290725390625 0.490389703125 0.883794291015625 0.48916880078125 0.956039109375 0.31542368359375 0.955565021484375 0.31507923828125 0.89011633203125 0.2712228046875 0.823220728515625 0.44780604296875 0.88134683203125 0.492122724609375 0.88290725390625 0.490389703125
0 0.575276392578125 0.83474487890625 0.64906490234375 0.67215085546875 0.57263170703125 0.6186317578125 0.4969500390625 0.796312849609375 0.57004436328125 0.84221699609375 0.575276392578125 0.83474487890625
0 0.409245294921875 1 0.453129984375 0.88016754296875 0.40515567578125 0.85357494921875 0.372456224609375 0.836493029296875 0.307523986328125 0.99951018359375 0.30806798046875 1 0.409245294921875 1
0 0.926489685546875 0.49102401953125 0.9232689375 0.486901650390625 0.774809923828125 0.37461994140625 0.709227978515625 0.427120658203125 0.859776099609375 0.543883853515625 0.8671319375 0.538272404296875 0.9238387421875 0.49396819140625 0.926489685546875 0.49102401953125
0 0.726068048828125 0.71300037109375 0.732463357421875 0.70884720703125 0.735015580078125 0.706012677734375 0.605921392578125 0.574908673828125 0.58814962109375 0.586449796875 0.530347931640625 0.625822564453125 0.530695181640625 0.62635728125 0.660527509765625 0.751927912109375 0.726068048828125 0.71300037109375
0 0.48268340625 0.91344226171875 0.48588275390625 0.910561556640625 0.5929842734375 0.76667486328125 0.54263244140625 0.702385412109375 0.53489370703125 0.695417423828125 0.41811453515625 0.8424746171875 0.48268340625 0.91344226171875
0 0.86824798046875 0.53902418359375 0.707399220703125 0.4476053203125 0.64351500390625 0.515038302734375 0.806647185546875 0.610744123046875 0.8291845078125 0.58820680078125 0.871685673828125 0.542461876953125 0.86824798046875 0.53902418359375
0 0.700452328125 0.702366904296875 0.762568009765625 0.56438786328125 0.77051546484375 0.54586869921875 0.702784736328125 0.48836438671875 0.69796570703125 0.48473298828125 0.628489193359375 0.659416240234375 0.694918892578125 0.708512408203125 0.700452328125 0.702366904296875
0 0 0.47368937109375 0.027650171875 0.492190359375 0.032271802734375 0.48705751953125 0.06348028515625 0.39539433984375 0.027195833984375 0.37187012109375 0.000854328125 0.35541012109375 0 0.3576308203125 0 0.47368937109375
0 0 0.3870687578125 0.098001533203125 0.41595316015625 0.1300956328125 0.361562267578125 0.13520064453125 0.35235258203125 0.131609806640625 0.349119376953125 0.036349767578125 0.3235801328125 0 0.3837997734375 0 0.3870687578125
0 0.109998998046875 0.26089569921875 0.04685680859375 0.31001391796875 0.13275851171875 0.36813225390625 0.1787061796875 0.326760787109375 0.18883932421875 0.3155067890625 0.187860443359375 0.3144196328125 0.109998998046875 0.26089569921875
0 1 0.501885146484375 0.92550150390625 0.4807687265625 0.877525576171875 0.5537044296875 1 0.592826009765625 1 0.501885146484375
0 1 0.610390986328125 0.887905126953125 0.5310382890625 0.88623073046875 0.532394185546875 0.8206795625 0.591567642578125 0.9686753828125 0.69885699609375 0.98547462890625 0.685253236328125 1 0.67310224609375 1 0.610390986328125
0 0.756068009765625 0.6577145859375 0.909801275390625 0.76703733203125 0.95792018359375 0.73074146484375 0.9765015546875 0.71569456640625 0.97913323828125 0.71277178515625 0.833632689453125 0.597778703125 0.756068009765625 0.6577145859375
0 0.64729635546875 1 0.681304419921875 0.914182931640625 0.606271681640625 0.8654561015625 0.545167544921875 1 0.64729635546875 1
0 0.693783791015625 1 0.742381125 0.83736580078125 0.688522224609375 0.80751132421875 0.65988611328125 0.791787521484375 0.658473650390625 0.79335622265625 0.601120984375 0.97522940234375 0.64580832421875 1 0.693783791015625 1
0 0.62146588671875 0.82842030078125 0.7947714375 0.91224586328125 0.84952808984375 0.84721022265625 0.854898857421875 0.84057787890625 0.845622333984375 0.832225259765625 0.68445305078125 0.75063763671875 0.62146588671875 0.82842030078125
0 0.80130561328125 0.8775776953125 0.805936451171875 0.87243462890625 0.88804809765625 0.70186858984375 0.810849701171875 0.64155458984375 0.72802723828125 0.82246383984375 0.80130561328125 0.8775776953125
0 0.3900579921875 0.07721489453125 0.38887069140625 0.07641405078125 0.289238583984375 0.042212458984375 0.24957614453125 0.1032395703125 0.356689689453125 0.13707405078125 0.3783165859375 0.105010857421875 0.393764896484375 0.080552607421875 0.3900579921875 0.07721489453125
0 0.192894404296875 0.318008525390625 0.194757748046875 0.3145040859375 0.217907791015625 0.228767470703125 0.188080326171875 0.21290792578125 0.15270099609375 0.19477902734375 0.132921517578125 0.2887616640625 0.190471009765625 0.320699978515625 0.192894404296875 0.318008525390625
0 0.298418837890625 0.056512341796875 0.409016537109375 0.082723978515625 0.41116323046875 0.0790064453125 0.444448501953125 0.01895822265625 0.44345004296875 0.018059205078125 0.330448453125 0.0038624296875 0.298418837890625 0.056512341796875
0 0.25876510546875 0.09508746875 0.202463349609375 0.14200321875 0.283933763671875 0.202319634765625 0.33854480859375 0.16325272265625 0.3427920234375 0.15853571484375 0.339898244140625 0.1546955390625 0.25876510546875 0.09508746875
0 0.206272533203125 0.1373571171875 0.178712421875 0.231002498046875 0.23530239453125 0.270909681640625 0.23918443359375 0.26659823828125 0.2679743046875 0.178572755859375 0.255226646484375 0.16935363671875 0.2068458515625 0.136720380859375 0.206272533203125 0.1373571171875
0 0.353298291015625 0 0.347562869140625 0.011314654296875 0.462269423828125 0.02960746484375 0.46510100390625 0.024282041015625 0.47672830078125 0 0.353298291015625 0