0 0.94732375390625 0.2479229140625 0.88152065234375 0.15990602734375 0.816702376953125 0.179747552734375 0.883603001953125 0.274208615234375 0.915979234375 0.264565921875 0.94829662109375 0.25406536328125 0.94732375390625 0.2479229140625
0 0.86554901171875 0.175202322265625 0.754269021484375 0.216666013671875 0.75674776171875 0.28421108984375 0.868055923828125 0.243332794921875 0.86554901171875 0.175202322265625
0 0.51822765234375 0.335415041015625 0.62519965234375 0.2862600625 0.61213079296875 0.21081055078125 0.61093066015625 0.21097921875 0.509237412109375 0.2586780078125 0.517243486328125 0.329201255859375 0.51822765234375 0.335415041015625
0 0.702320142578125 0.316085869140625 0.702352015625 0.314259822265625 0.66930678515625 0.20457615625 0.596028998046875 0.20319863671875 0.593282001953125 0.20363371875 0.62420808203125 0.311839626953125 0.677148095703125 0.316277080078125 0.69873397265625 0.31665386328125 0.702320142578125 0.316085869140625
0 0.79354686328125 0.300054998046875 0.793460400390625 0.29906669140625 0.74604752734375 0.187801970703125 0.66744498828125 0.19510342578125 0.713474033203125 0.30749690234375 0.78739078515625 0.301030025390625 0.79354686328125 0.300054998046875
0 0.555033111328125 0.32807855859375 0.50338596484375 0.226645333984375 0.42678984375 0.245429455078125 0.426891134765625 0.24590598828125 0.48303858203125 0.348206615234375 0.55577244921875 0.332746556640625 0.555033111328125 0.32807855859375
0 0.47540149609375 0.34469116015625 0.425468423828125 0.23972246875 0.34521732421875 0.257798412109375 0.396839744140625 0.36564070703125 0.40616299609375 0.363828451171875 0.476023263671875 0.348616845703125 0.47540149609375 0.34469116015625
0 0.039115615234375 0.28982307421875 0.050020181640625 0.4286941171875 0.12803398828125 0.43551944140625 0.132916755859375 0.434746087890625 0.1199936875 0.29745958984375 0.039957259765625 0.289689771484375 0.039115615234375 0.28982307421875
0 0.1379145078125 0.420918447265625 0.2135242421875 0.425505416015625 0.21931017578125 0.42580864453125 0.22232666015625 0.42533087890625 0.22252380859375 0.421569037109375 0.205780896484375 0.28576902734375 0.12202380859375 0.279892095703125 0.12185096484375 0.279883037109375 0.118834474609375 0.28036080078125 0.11880323828125 0.280956841796875 0.1379145078125 0.420918447265625
0 0.400294740234375 0.27001409375 0.260597693359375 0.3089630703125 0.265601349609375 0.3861913203125 0.267531490234375 0.38612391796875 0.4044938203125 0.349704546875 0.40211153515625 0.281484888671875 0.400294740234375 0.27001409375
0 0.32093144140625 0.38820284375 0.258339126953125 0.268581458984375 0.185943892578125 0.2850406171875 0.18599753515625 0.2853793046875 0.244387841796875 0.415631779296875 0.32192122265625 0.39445208203125 0.32093144140625 0.38820284375
0 0.794381818359375 0.310287646484375 0.881546787109375 0.44011287109375 0.961248447265625 0.41574562890625 0.960831287109375 0.41311179296875 0.86884958203125 0.28585844140625 0.794381818359375 0.310287646484375
0 0.9644462421875 0.29805367578125 0.85008838671875 0.341405294921875 0.875194990234375 0.42000925390625 0.88228505078125 0.418886298828125 0.980660087890625 0.3426008515625 0.9644462421875 0.29805367578125
0 0.527839369140625 0.49248784375 0.54348941015625 0.49248784375 0.611794693359375 0.489957416015625 0.611794693359375 0.486534759765625 0.569068794921875 0.34561284375 0.54958841015625 0.34561284375 0.492251703125 0.346419140625 0.527839369140625 0.49248784375
0 0.866865787109375 0.31924737890625 0.720548796875 0.36664058203125 0.725334052734375 0.44357598046875 0.73154011328125 0.44368430859375 0.865789365234375 0.40205686328125 0.8670167890625 0.32020076953125 0.866865787109375 0.31924737890625
0 0.68011348828125 0.324743591796875 0.56212676953125 0.409497982421875 0.58434808203125 0.488222552734375 0.590526861328125 0.487243931640625 0.706351640625 0.39683231640625 0.68011348828125 0.324743591796875
0 0.77578388671875 0.4673939609375 0.77580058203125 0.46643752734375 0.728230791015625 0.32250301953125 0.651979888671875 0.3226273203125 0.69525155078125 0.467813109375 0.765405982421875 0.46903766015625 0.77578388671875 0.4673939609375
0 0.40714672265625 0.364904189453125 0.41198209765625 0.385866607421875 0.450099640625 0.513410751953125 0.467803974609375 0.512482908203125 0.529608888671875 0.505894890625 0.529175103515625 0.49761775390625 0.48577190234375 0.358895212890625 0.40714672265625 0.364904189453125
0 0 0.52983548046875 0.012547638671875 0.570876962890625 0.017138375 0.570149861328125 0.127359671875 0.52421647265625 0.104495974609375 0.4494326875 0.101571734375 0.44026084765625 0 0.486844484375 0 0.52983548046875
0 0.18454442578125 0.565783021484375 0.169967369140625 0.432420755859375 0.083389625 0.4314927734375 0.10063175390625 0.56200839453125 0.15416512109375 0.56594658984375 0.1782102109375 0.566786263671875 0.18454442578125 0.565783021484375
0 0.369800357421875 0.52694950390625 0.36865880078125 0.519741998046875 0.32521733203125 0.40275469921875 0.2401144375 0.41750292578125 0.2402805625 0.418551796875 0.28952200390625 0.53966434765625 0.369800357421875 0.52694950390625
0 0.290372861328125 0.50846750390625 0.28453634375 0.45805948828125 0.2790680078125 0.423533775390625 0.150414625 0.468081486328125 0.160997251953125 0.54703847265625 0.16140848828125 0.549634921875 0.164342796875 0.54922253125 0.290372861328125 0.50846750390625
0 0.321249216796875 0.46044275390625 0.348060013671875 0.533556791015625 0.35132158203125 0.53304020703125 0.35176960546875 0.532877140625 0.457859458984375 0.464516373046875 0.43125306640625 0.38785606640625 0.430352296875 0.38538122265625 0.321249216796875 0.46044275390625
0 1 0.595275841796875 0.870325958984375 0.623400001953125 0.859694625 0.693475181640625 0.859707201171875 0.69355458984375 0.865328626953125 0.694145423828125 1 0.673869455078125 1 0.595275841796875
0 0.215361732421875 0.847357177734375 0.272041490234375 0.84933648046875 0.27681134375 0.848581009765625 0.276923216796875 0.84537738671875 0.25158934375 0.6649793203125 0.16171819140625 0.658619220703125 0.182296310546875 0.845854044921875 0.215361732421875 0.847357177734375
0 0.886100203125 0.743018923828125 0.9338572265625 0.7413512109375 0.939020341796875 0.740533453125 0.938823599609375 0.73489947265625 0.88978626953125 0.5571373125 0.8106316640625 0.562914513671875 0.866632705078125 0.74324905078125 0.886100203125 0.743018923828125
0 0.500939447265625 0.78560126171875 0.5007367265625 0.78509951171875 0.395020166015625 0.6279476875 0.31517678515625 0.66496008203125 0.416191857421875 0.822970806640625 0.50140526953125 0.7885423515625 0.500939447265625 0.78560126171875
0 0.054560201171875 0.848978642578125 0.06077021484375 0.84799507421875 0.22514951171875 0.78396625390625 0.22293737890625 0.7750938671875 0.197486611328125 0.69144283984375 0.034955802734375 0.760053107421875 0.039426806640625 0.78828191015625 0.054560201171875 0.848978642578125
0 0.67967033203125 0.66959394921875 0.698000951171875 0.753395546875 0.700271833984375 0.753035875 0.70165219140625 0.752717193359375 0.8685989453125 0.66432622265625 0.86058066015625 0.62959521484375 0.84911811328125 0.582497271484375 0.67967033203125 0.66959394921875
0 0.41167880078125 0.6463217890625 0.501869689453125 0.80281466796875 0.57560118359375 0.78346053125 0.585545595703125 0.780420220703125 0.5850360703125 0.777203208984375 0.49817203515625 0.6176013671875 0.477907546875 0.62379684375 0.411492392578125 0.6457120703125 0.41167880078125 0.6463217890625
0 0.402071095703125 0.67076967578125 0.401817236328125 0.670787427734375 0.22672300390625 0.71881257421875 0.2268329765625 0.811160955078125 0.410647927734375 0.766872541015625 0.405395478515625 0.69175900390625 0.402071095703125 0.67076967578125
0 0.709783119140625 0.773290935546875 0.77026458984375 0.758093275390625 0.770025970703125 0.75658669140625 0.769331275390625 0.753318416015625 0.6842224375 0.58904358984375 0.59391798828125 0.61080380859375 0.6786070234375 0.779917619140625 0.709783119140625 0.773290935546875
0 0.67494340234375 0.733289640625 0.686126681640625 0.646372177734375 0.68503521484375 0.63948092578125 0.50236137109375 0.676018810546875 0.49726908984375 0.760071806640625 0.50158463671875 0.760373580078125 0.655083427734375 0.73671060546875 0.67494340234375 0.733289640625
0 0 0.206777751953125 0.05134993359375 0.21036848828125 0.058790755859375 0.209189978515625 0.058831919921875 0.20860129296875 0.048287419921875 0.1121909765625 0 0.109000865234375 0 0.206777751953125
0 0.038964943359375 0.105097888671875 0.069845275390625 0.19835633203125 0.102791978515625 0.194310986328125 0.145694412109375 0.187515908203125 0.116844765625 0.09474473828125 0.038964943359375 0.105097888671875
0 0.1425742421875 0.194338001953125 0.2266062734375 0.1497369375 0.2125681875 0.098115029296875 0.205225109375 0.07409690234375 0.116119634765625 0.125953107421875 0.13608069140625 0.195366478515625 0.1425742421875 0.194338001953125
0 0.29137253515625 0.07172855078125 0.19434528515625 0.104340263671875 0.20020542578125 0.17952709765625 0.202662802734375 0.17926881640625 0.297830447265625 0.144645818359375 0.29401084765625 0.08838620703125 0.29137253515625 0.07172855078125
0 0.363669818359375 0.0587498515625 0.27398801953125 0.09227047265625 0.277954388671875 0.171131669921875 0.282019828125 0.17063249609375 0.37463256640625 0.135231970703125 0.370663341796875 0.102905224609375 0.363669818359375 0.0587498515625
0 0.90714334765625 0.742531423828125 0.76418989453125 0.859475560546875 0.80115091796875 0.94429715234375 0.803428169921875 0.94393647265625 0.942613037109375 0.822197658203125 0.90714334765625 0.742531423828125
0 0.67038418359375 0.87483089453125 0.708285447265625 0.95584164453125 0.7100227734375 0.95556648046875 0.71054652734375 0.955354869140625 0.853636103515625 0.84729473046875 0.818634224609375 0.76066204296875 0.81849634765625 0.760335861328125 0.67038418359375 0.87483089453125
0 1 0.84061821484375 0.95162187890625 0.73197048828125 0.86507871484375 0.74627965234375 0.86510971875 0.746532140625 0.94288677734375 0.92886982421875 0.96952979296875 0.926032828125 1 0.922291556640625 1 0.84061821484375
0 0.73222784765625 0.7789754453125 0.574761974609375 0.8799880234375 0.60489832421875 0.969052603515625 0.61334296484375 0.967715103515625 0.759597216796875 0.863074431640625 0.73222784765625 0.7789754453125
0 0.355149205078125 1 0.28940056640625 0.8403418203125 0.201480759765625 0.85690974609375 0.252361060546875 1 0.355149205078125 1
0 0.45987117578125 1 0.469594240234375 0.99721195703125 0.4694955234375 0.99658867578125 0.46928574609375 0.9958571015625 0.378012572265625 0.82679096484375 0.361054833984375 0.83165351953125 0.287006529296875 0.853207544921875 0.28705661328125 0.853523751953125 0.2873779609375 0.85464443359375 0.36303763671875 1 0.45987117578125 1
0 0.56187509765625 0.83073474609375 0.381662748046875 0.89344749609375 0.3898214296875 0.98852954296875 0.39675930078125 0.98780034375 0.573051802734375 0.93000733984375 0.564083 0.84467488671875 0.56187509765625 0.83073474609375
0 0.513472044921875 0.993024962890625 0.672785310546875 0.88393633984375 0.660705705078125 0.85246788671875 0.63813895703125 0.79676046875 0.473014462890625 0.905200263671875 0.50711377734375 0.994032013671875 0.513472044921875 0.993024962890625
0 0.209616611328125 1 0.28429988671875 0.97858090625 0.281022107421875 0.95525830078125 0.280477322265625 0.9518186640625 0.26886755859375 0.882038009765625 0.08408841796875 0.9300840625 0.09085336328125 1 0.209616611328125 1
0 0.56034544921875 0.0708782265625 0.5894103984375 0.136221919921875 0.58976050390625 0.13616646875 0.593141583984375 0.13473128515625 0.676616994140625 0.06599289453125 0.66113765234375 0.0295258515625 0.64842988671875 0.001925978515625 0.56034544921875 0.0708782265625
0 0.358871685546875 0.15264961328125 0.44508198046875 0.13133116015625 0.44449241015625 0.09755461328125 0.443345072265625 0.062389193359375 0.442648421875 0.05799072265625 0.35140771484375 0.086086251953125 0.351374880859375 0.15092220703125 0.351668388671875 0.152775345703125 0.358871685546875 0.15264961328125
0 0.624857201171875 0.022484916015625 0.69956927734375 0.112032318359375 0.7556183515625 0.096292701171875 0.75440257421875 0.08861658984375 0.695891666015625 0.000773328125 0.624857201171875 0.022484916015625
0 0.60174248046875 0.11359130078125 0.55356088671875 0.029104484375 0.48304431640625 0.049064166015625 0.53293834765625 0.13730295703125 0.600780671875 0.123403255859375 0.60320779296875 0.12284291015625 0.60174248046875 0.11359130078125
0 0.51818842578125 0.092938294921875 0.521424326171875 0.055951798828125 0.520487484375 0.05003680859375 0.42602830078125 0.06820797265625 0.41727321484375 0.14082720703125 0.423426744140625 0.141365568359375 0.51515940625 0.12085973046875 0.51818842578125 0.092938294921875
0 0.839595171875 0 0.77947505078125 0.0296244609375 0.779707716796875 0.1003323359375 0.781475265625 0.100239703125 0.8845186015625 0.05025313671875 0.881884947265625 0 0.839595171875 0
0 0.78731033203125 0 0.72683815234375 0.04028196484375 0.7054394609375 0.055068380859375 0.717405333984375 0.115949513671875 0.72193390234375 0.115232259765625 0.81821166796875 0.06199840234375 0.81772662109375 0.058935939453125 0.81218752734375 0.027522166015625 0.80612990234375 0 0.78731033203125 0
0 0.8529014453125 0 0.82436484765625 0.01095417578125 0.824798326171875 0.013691052734375 0.85310158203125 0.08812943359375 0.85746051171875 0.087439044921875 0.92972943359375 0.02002905078125 0.922041001953125 0 0.8529014453125 0