0 0.22826651171875 0.10249962109375 0.157256580078125 0.09805041796875 0.1158722734375 0.198918376953125 0.115429349609375 0.203981005859375 0.120198740234375 0.205623240234375 0.18094008984375 0.209891865234375 0.22826651171875 0.10249962109375
0 0.182948025390625 0.190430263671875 0.291964236328125 0.23707795703125 0.297974615234375 0.169755173828125 0.189017173828125 0.122524361328125 0.182948025390625 0.190430263671875
0 0.486262416015625 0.32303762109375 0.53805383984375 0.22195331640625 0.462744185546875 0.206183423828125 0.40981429296875 0.311517248046875 0.41446374609375 0.31233707421875 0.486262416015625 0.32303762109375
0 0.326422642578125 0.269811994140625 0.325849390625 0.27147683984375 0.39738826953125 0.29610965234375 0.466560943359375 0.20353141015625 0.389653330078125 0.182623615234375 0.326422642578125 0.269811994140625
0 0.35770974609375 0.2791844140625 0.36277823046875 0.28016962890625 0.378288880859375 0.202627875 0.271779474609375 0.14534844140625 0.268657578125 0.154415083984375 0.255458494140625 0.22231848828125 0.35770974609375 0.2791844140625
0 0.51709266015625 0.221121990234375 0.515911755859375 0.220620728515625 0.482957076171875 0.2920097265625 0.57120558984375 0.3609173515625 0.57738246484375 0.363044220703125 0.606167400390625 0.295231166015625 0.51709266015625 0.221121990234375
0 0.6026336328125 0.244168203125 0.55820030859375 0.313397234375 0.64167217578125 0.398161658203125 0.6426059453125 0.39872272265625 0.642825486328125 0.39879831640625 0.68646940234375 0.329717845703125 0.6026336328125 0.244168203125
0 0.911231376953125 0.36413766015625 0.86717728515625 0.495879224609375 0.869781935546875 0.496776078125 0.947179291015625 0.509034615234375 0.99337078125 0.37770237890625 0.911231376953125 0.36413766015625
0 0.78546309765625 0.47270037109375 0.79293219921875 0.475272189453125 0.793949083984375 0.475415103515625 0.869044888671875 0.48533942578125 0.91451096484375 0.351595912109375 0.91468240234375 0.350376060546875 0.9115527265625 0.34993621484375 0.82821312109375 0.33972356640625 0.785865958984375 0.46983384765625 0.78546309765625 0.47270037109375
0 0.715516396484375 0.28695291796875 0.612501744140625 0.38444051171875 0.61060380859375 0.389952513671875 0.67549020703125 0.432090234375 0.779497916015625 0.331267451171875 0.715516396484375 0.28695291796875
0 0.829069650390625 0.3226020390625 0.74729175 0.312157005859375 0.7098213671875 0.441586044921875 0.709139599609375 0.448072615234375 0.715552673828125 0.450280814453125 0.7815727109375 0.45583459765625 0.829069650390625 0.3226020390625
0 0.168760322265625 0.223707736328125 0.06412034375 0.3404936484375 0.0631939765625 0.34318401171875 0.140008693359375 0.375789923828125 0.240266595703125 0.2557871171875 0.168760322265625 0.223707736328125
0 0.0318538828125 0.342854650390625 0.053612892578125 0.3504310859375 0.167290728515625 0.22763571484375 0.087778474609375 0.19435249609375 0.07230551171875 0.22641541015625 0.04587788671875 0.283089638671875 0.026205984375 0.3402209921875 0.0318538828125 0.342854650390625
0 0.475220734375 0.4875695859375 0.533220435546875 0.348866369140625 0.47671576953125 0.3391005625 0.45747522265625 0.33605316015625 0.393230306640625 0.468556287109375 0.3926948828125 0.47193680859375 0.45976337109375 0.485121380859375 0.475220734375 0.4875695859375
0 0.19991407421875 0.39797682421875 0.210722841796875 0.40372394921875 0.32227116015625 0.29951234765625 0.322412326171875 0.29924685546875 0.249427021484375 0.260209322265625 0.14485082421875 0.360398333984375 0.144167904296875 0.36238167578125 0.19991407421875 0.39797682421875
0 0.41662440234375 0.47129148046875 0.421787431640625 0.47306925390625 0.454989775390625 0.397656173828125 0.35100424609375 0.29831620703125 0.349656458984375 0.297852126953125 0.313931212890625 0.365041546875 0.41662440234375 0.47129148046875
0 0.381777974609375 0.367844505859375 0.25948675 0.27703515234375 0.23449582421875 0.34961406640625 0.35212208984375 0.442471423828125 0.355075763671875 0.443488455078125 0.381777974609375 0.367844505859375
0 0.590713001953125 0.521319796875 0.61990312109375 0.450395166015625 0.495173865234375 0.36184069921875 0.49441697265625 0.36155015625 0.47643041015625 0.401789017578125 0.46283658984375 0.43720212890625 0.57144949609375 0.5122388203125 0.581001798828125 0.517975962890625 0.590713001953125 0.521319796875
0 1 0.51847830078125 0.99933343359375 0.51824878515625 0.917527548828125 0.514885158203125 0.889754861328125 0.649734845703125 0.8894613203125 0.65393267578125 0.892862673828125 0.65510385546875 0.91014330078125 0.656519646484375 0.97339338671875 0.660942525390625 0.979187966796875 0.6441138359375 1 0.52136983203125 1 0.51847830078125
0 0.848956791015625 0.62841812109375 0.869072732421875 0.635344595703125 0.931063568359375 0.519915611328125 0.932560705078125 0.515567609375 0.852908197265625 0.490005333984375 0.79189907421875 0.597726087890625 0.78936630859375 0.605081779296875 0.848956791015625 0.62841812109375
0 0.774494931640625 0.4754965078125 0.775361533203125 0.47297971484375 0.701782630859375 0.43667207421875 0.618215740234375 0.5358214453125 0.61741591015625 0.53814431640625 0.693996064453125 0.577163853515625 0.774494931640625 0.4754965078125
0 0.78858121484375 0.6067138125 0.847823822265625 0.48481643359375 0.768066654296875 0.462496994140625 0.70656203125 0.58269273828125 0.72917644140625 0.59047950390625 0.758032390625 0.598753814453125 0.78858121484375 0.6067138125
0 0.551498064453125 0.484254962890625 0.55034583984375 0.497424966796875 0.672143205078125 0.54062141796875 0.67522444140625 0.5408909921875 0.681215908203125 0.458121837890625 0.55929368359375 0.4189853828125 0.5566857265625 0.426559439453125 0.551498064453125 0.484254962890625
0 0 0.64161413671875 0.005139447265625 0.643586986328125 0.012214302734375 0.6460230546875 0.1198023359375 0.495535353515625 0.120629931640625 0.493131845703125 0.052594138671875 0.470534615234375 0 0.53493647265625 0 0.64161413671875
0 0.68926955078125 0.69602105859375 0.67308844921875 0.72001053125 0.64081226171875 0.77175969140625 0.77353927734375 0.89990560546875 0.7759678515625 0.900741830078125 0.82787241015625 0.822015947265625 0.68926955078125 0.69602105859375
0 0.00950914453125 0.57111550390625 0.170081251953125 0.669213818359375 0.17372758203125 0.67039858203125 0.194773873046875 0.600146396484375 0.03686116796875 0.4966078046875 0.0096986171875 0.570535353515625 0.009681404296875 0.570585345703125 0.00950914453125 0.57111550390625
0 0.458577875 0.797872771484375 0.5170407890625 0.824973984375 0.53766229296875 0.83330561328125 0.6451827109375 0.67347227734375 0.6452253046875 0.67334858203125 0.55845205859375 0.638830998046875 0.46154429296875 0.790416951171875 0.45884276953125 0.79710345703125 0.458577875 0.797872771484375
0 0.81021361328125 0.733130763671875 0.7473983671875 0.897744798828125 0.745545806640625 0.90646041796875 0.821509830078125 0.926704611328125 0.83776726171875 0.930160234375 0.8992639296875 0.754374794921875 0.81021361328125 0.733130763671875
0 0.1835414140625 0.711132201171875 0.2987391953125 0.55938289453125 0.22180371484375 0.52564494921875 0.10920689453125 0.67028582421875 0.1063801640625 0.6784952421875 0.174983873046875 0.707615787109375 0.1835414140625 0.711132201171875
0 0.38450551171875 0.633849646484375 0.3765783828125 0.6824624921875 0.37085367578125 0.723195916015625 0.54518130859375 0.78512533984375 0.545275599609375 0.784454416015625 0.553944626953125 0.69772491796875 0.38609784765625 0.6334425625 0.384712712890625 0.63324789453125 0.38450551171875 0.633849646484375
0 0.73192928515625 0.704700775390625 0.73210415234375 0.704192923828125 0.641417052734375 0.67065208203125 0.54824201953125 0.835025927734375 0.548024375 0.83565801953125 0.63664410546875 0.8611835703125 0.73192928515625 0.704700775390625
0 0.22067547265625 0.55625765625 0.20264301953125 0.61328264453125 0.19346019140625 0.645306966796875 0.350962248046875 0.741401884765625 0.355245638671875 0.742630126953125 0.38450190625 0.65314762890625 0.22067547265625 0.55625765625
0 0.463667240234375 0.70639060546875 0.32464606640625 0.57984283984375 0.32190665234375 0.585219240234375 0.28623890625 0.666594970703125 0.301500302734375 0.67975594921875 0.41961790234375 0.778040703125 0.425296724609375 0.779996078125 0.463667240234375 0.70639060546875
0 1 0.189970427734375 0.96455153515625 0.165541400390625 0.897039087890625 0.2347856953125 0.896380859375 0.23669732421875 0.959389708984375 0.279197328125 1 0.23903964453125 1 0.189970427734375
0 0.944123095703125 0.199562291015625 0.870005396484375 0.130548669921875 0.8535453984375 0.15689017578125 0.83124548828125 0.19393966015625 0.901403162109375 0.264583607421875 0.901967359375 0.26493616015625 0.90537187109375 0.26610842578125 0.944123095703125 0.199562291015625
0 0.753054890625 0.2052191953125 0.8174392734375 0.22978458203125 0.879809384765625 0.14699237109375 0.8739576796875 0.144508470703125 0.80915101171875 0.119037029296875 0.7559472578125 0.19341169921875 0.752031228515625 0.20478467578125 0.753054890625 0.2052191953125
0 0.775141376953125 0.21328971875 0.777110853515625 0.21385445703125 0.798370201171875 0.139714296875 0.70943296484375 0.08853390234375 0.7064270546875 0.09726369921875 0.69192225390625 0.166217380859375 0.775141376953125 0.21328971875
0 0 0.788841771484375 0.172945947265625 0.85621890625 0.18156157421875 0.76934498828125 0.01100175390625 0.6963319296875 0.00888949609375 0.702466376953125 0 0.787044283203125 0 0.788841771484375
0 0.142601212890625 0.890410421875 0.162192494140625 0.89954598828125 0.2798365625 0.75964015625 0.201917189453125 0.71808266796875 0.199964509765625 0.717172119140625 0.08233934375 0.85389950390625 0.080206193359375 0.86009462109375 0.142601212890625 0.890410421875
0 0 0.7959084765625 0.072507265625 0.8394790546875 0.0778229921875 0.840804412109375 0.098387599609375 0.752279708984375 0 0.69524430859375 0 0.7959084765625
0 0.17736638671875 0.8326715703125 0.33144041015625 0.931140181640625 0.33617529296875 0.932587779296875 0.339501779296875 0.922926955078125 0.362833509765625 0.839888455078125 0.20145849609375 0.747917484375 0.195380015625 0.765570673828125 0.17736638671875 0.8326715703125
0 0.73258866015625 1 0.739354287109375 0.98821678125 0.585992203125 0.87022092578125 0.54261808984375 0.948469900390625 0.60320367578125 1 0.73258866015625 1
0 0.56553664453125 1 0.638199080078125 0.8708507109375 0.63848154296875 0.8699268203125 0.62365105859375 0.864820275390625 0.597906888671875 0.85673507421875 0.5451960703125 0.840619759765625 0.45866819921875 1 0.56553664453125 1
0 0.366023111328125 0.831505509765625 0.36415596875 0.849270193359375 0.35773545703125 0.92409544140625 0.5354162109375 0.98592721484375 0.539114537109375 0.98631592578125 0.54018146484375 0.98321734375 0.55020093359375 0.887888478515625 0.367259185546875 0.827915689453125 0.366023111328125 0.831505509765625
0 0.454681779296875 0.90879135546875 0.3181830625 0.7659859375 0.283663255859375 0.81518916796875 0.26481438671875 0.84313376171875 0.396409732421875 0.98624821484375 0.397266857421875 0.986826353515625 0.40114565234375 0.9881619296875 0.454681779296875 0.90879135546875
0 0.821885958984375 1 0.67263546484375 0.90826941796875 0.640058513671875 0.973762994140625 0.629651048828125 0.996081875 0.63568377734375 1 0.821885958984375 1
0 0.421289513671875 0 0.4122569453125 0.0223793828125 0.40607784375 0.038476490234375 0.39938701953125 0.05790805859375 0.479331845703125 0.116106015625 0.490001912109375 0.119780013671875 0.51559959765625 0.058654767578125 0.439076234375 0 0.421289513671875 0
0 0.63046425390625 0.077910572265625 0.62403319140625 0.114878044921875 0.6187485703125 0.148243828125 0.701152919921875 0.18135296484375 0.70847176953125 0.182512158203125 0.70862287890625 0.1820733046875 0.717808080078125 0.1164761796875 0.63116903515625 0.075863744140625 0.63046425390625 0.077910572265625
0 0.344241134765625 0 0.3298363046875 0.0221814921875 0.401721671875 0.103911654296875 0.40284867578125 0.1046435390625 0.405546474609375 0.105572466796875 0.43604418359375 0.054179314453125 0.397880443359375 0 0.344241134765625 0
0 0.47761856640625 0.082720828125 0.47600496484375 0.099240958984375 0.566752775390625 0.138672296875 0.56909298046875 0.138959638671875 0.58145507421875 0.06742157421875 0.48504447265625 0.0251093515625 0.48449722265625 0.026698685546875 0.47761856640625 0.082720828125
0 0.54751124609375 0.1128389453125 0.62238262890625 0.1670148828125 0.62800822265625 0.168951931640625 0.6505430546875 0.1027886796875 0.572497837890625 0.042684275390625 0.5546522265625 0.091714689453125 0.55006851953125 0.10502673828125 0.54751124609375 0.1128389453125
0 0.207628400390625 0 0.18790903515625 0.02898135546875 0.19402513671875 0.031087296875 0.256721236328125 0.04327418359375 0.285776314453125 0 0.207628400390625 0
0 0.2835923984375 0 0.249461974609375 0.03302958984375 0.248994037109375 0.033947966796875 0.24749825390625 0.038292037109375 0.291834986328125 0.061984998046875 0.3016144140625 0.0669678671875 0.321827712890625 0.050972451171875 0.384034146484375 0 0.2835923984375 0
0 0.14335346484375 0 0.14164537890625 0.0049606484375 0.210143048828125 0.036637138671875 0.213934982421875 0.037942806640625 0.23162800390625 0 0.14335346484375 0