0 0.43029280078125 1 0.465091251953125 0.966878970703125 0.359806705078125 0.915032576171875 0.32683270703125 0.94689730859375 0.31372637109375 0.96197442578125 0.317015486328125 0.96526354296875 0.383199623046875 1 0.43029280078125 1
0 0.452283693359375 0.981649193359375 0.47660126953125 0.86559232421875 0.41834183203125 0.832101521484375 0.41710386328125 0.833525640625 0.393688685546875 0.94795784765625 0.452283693359375 0.981649193359375
0 0.52424315234375 0.7384591953125 0.63061008984375 0.762764353515625 0.668564287109375 0.700885203125 0.67092487890625 0.696796541015625 0.55621180859375 0.6696359140625 0.52090489453125 0.735557291015625 0.52424315234375 0.7384591953125
0 0.4644678203125 0.78380293359375 0.46886208203125 0.787622806640625 0.569713892578125 0.83091801953125 0.619768396484375 0.7734928515625 0.516534197265625 0.72742277734375 0.4919613359375 0.75217526171875 0.4644678203125 0.78380293359375
0 0.49986715625 0.760746455078125 0.498791919921875 0.759811765625 0.49655938671875 0.76143379296875 0.42526013671875 0.85698744140625 0.46401848828125 0.910333734375 0.4711594140625 0.920050814453125 0.473231986328125 0.92185247265625 0.545129564453125 0.82260226953125 0.52861022265625 0.79986534765625 0.49986715625 0.760746455078125
0 0.63704483203125 0.735069892578125 0.70089088671875 0.636815654296875 0.6465830625 0.580142515625 0.645293546875 0.581303599609375 0.58544203515625 0.679974943359375 0.627863201171875 0.727088423828125 0.63704483203125 0.735069892578125
0 0.774529154296875 0.609886693359375 0.68450176953125 0.530069517578125 0.617693078125 0.57806511328125 0.7075131015625 0.65730866796875 0.774529154296875 0.609886693359375
0 0.878633056640625 0.4212851328125 0.976451068359375 0.32216948828125 0.93091009765625 0.255795802734375 0.9270921953125 0.258469126953125 0.82990356640625 0.353942193359375 0.876251779296875 0.41921512109375 0.878633056640625 0.4212851328125
0 0.884935068359375 0.466339646484375 0.93170347265625 0.405327443359375 0.936425232421875 0.39906145703125 0.93553444921875 0.398287109375 0.934185783203125 0.39727081640625 0.81084152734375 0.334501263671875 0.75945573046875 0.400239771484375 0.757452359375 0.402898337890625 0.758343140625 0.403672681640625 0.759525810546875 0.40456388671875 0.884935068359375 0.466339646484375
0 0.757800955078125 0.61270466796875 0.789308029296875 0.469652078125 0.719426890625 0.43810987109375 0.7178317265625 0.4399448984375 0.68578030078125 0.577577849609375 0.757800955078125 0.61270466796875
0 0.82436866015625 0.528017853515625 0.87801233984375 0.476560041015625 0.760590732421875 0.394785685546875 0.704372849609375 0.45357048828125 0.707607623046875 0.45680526171875 0.82436866015625 0.528017853515625
0 0.31990101171875 0.75344988671875 0.22964244921875 0.881685791015625 0.26011594140625 0.923628951171875 0.27634978125 0.94504563671875 0.37089248046875 0.82013973046875 0.32206551953125 0.75187727734375 0.31990101171875 0.75344988671875
0 0.225267953125 0.80789490234375 0.21425259765625 0.819188201171875 0.16925219921875 0.87095523828125 0.1704058984375 0.871994033203125 0.31770230078125 0.938216443359375 0.34511346875 0.91336326171875 0.32796248828125 0.89792044921875 0.225267953125 0.80789490234375
0 0.5092166015625 0.506069029296875 0.448205857421875 0.635094994140625 0.459148904296875 0.64460763671875 0.4845879375 0.66520776171875 0.515134572265625 0.688124818359375 0.57205526953125 0.548179447265625 0.51299986328125 0.50171688671875 0.5092166015625 0.506069029296875
0 0.256391103515625 0.768331751953125 0.38907058984375 0.84203608203125 0.44320540234375 0.784871876953125 0.44247225 0.78405762890625 0.316871990234375 0.712205423828125 0.263068423828125 0.760650373046875 0.256391103515625 0.768331751953125
0 0.509218421875 0.60226123046875 0.4471068828125 0.5608465703125 0.44409086328125 0.56431610546875 0.443388462890625 0.56539770703125 0.401399140625 0.700136501953125 0.46037638671875 0.74496337890625 0.469351 0.7507915625 0.509218421875 0.60226123046875
0 0.310853599609375 0.724800109375 0.453007896484375 0.7729484375 0.4986966640625 0.712111306640625 0.4983510390625 0.711810859375 0.3568055 0.659160251953125 0.30767845703125 0.722039998046875 0.310853599609375 0.724800109375
0 0.638559873046875 0.49605932421875 0.582376224609375 0.4380506953125 0.5793293359375 0.44069931640625 0.494981470703125 0.562848701171875 0.528149607421875 0.601004279296875 0.54669121484375 0.62133103515625 0.547234646484375 0.621803431640625 0.54874287109375 0.6204923515625 0.56095966015625 0.6054117109375 0.638559873046875 0.49605932421875
0 0.923404265625 0.20555321484375 0.810612916015625 0.128390841796875 0.795414380859375 0.145874755859375 0.767649 0.17896424609375 0.755323447265625 0.194014421875 0.76551391796875 0.20287286328125 0.87466185546875 0.272040048828125 0.929259697265625 0.210643263671875 0.923404265625 0.20555321484375
0 0.745910435546875 0.208254341796875 0.7003716328125 0.25282728515625 0.69860910546875 0.25485483984375 0.701232736328125 0.257668341796875 0.80245675390625 0.33526831640625 0.866357609375 0.28012498046875 0.760223892578125 0.194906828125 0.745910435546875 0.208254341796875
0 0.582415904296875 0.395664765625 0.58792328515625 0.400452255859375 0.6963993671875 0.46214608984375 0.75211198828125 0.396145205078125 0.75131052734375 0.395448505859375 0.635739748046875 0.33432269921875 0.582415904296875 0.395664765625
0 0.68285664453125 0.389660259765625 0.69675553515625 0.408104708984375 0.70284359375 0.41339698046875 0.793105541015625 0.31280193359375 0.74400225390625 0.24676590234375 0.7415857265625 0.24858688671875 0.65111577734375 0.345332625 0.68285664453125 0.389660259765625
0 0.5269485234375 0.454709396484375 0.53177860546875 0.45937375390625 0.636801310546875 0.522986826171875 0.69590484765625 0.46359315234375 0.580576669921875 0.398416595703125 0.5314194296875 0.44956620703125 0.5269485234375 0.454709396484375
0 0 0.72343905078125 0.00721386328125 0.73413404296875 0.042817802734375 0.765084076171875 0.136993865234375 0.643511052734375 0.100094482421875 0.58299666015625 0.100033806640625 0.582943916015625 0.095347763671875 0.58610469140625 0 0.694111310546875 0 0.72343905078125
0 0.4461246484375 0.13433562109375 0.613812064453125 0.20116168359375 0.66237902734375 0.119048716796875 0.48664026953125 0.05506402734375 0.46133759765625 0.09548134765625 0.441317630859375 0.130156943359375 0.4461246484375 0.13433562109375
0 0.04957558203125 0.56124787109375 0.00924040625 0.604766884765625 0.01300200390625 0.60852848046875 0.1722082421875 0.69951627734375 0.225914150390625 0.648234548828125 0.06283161328125 0.54799183984375 0.04957558203125 0.56124787109375
0 0.392251998046875 0.377351431640625 0.51388026953125 0.22753378515625 0.45627039453125 0.16326036328125 0.44918144921875 0.169000876953125 0.33343439453125 0.304957416015625 0.391596447265625 0.3767815703125 0.392251998046875 0.377351431640625
0 0.53534439453125 0 0.51255982421875 0.044717234375 0.5040341328125 0.062525931640625 0.505142501953125 0.063489421875 0.51413970703125 0.0680737265625 0.67935921875 0.12728994140625 0.7187424609375 0.03915539453125 0.59904255078125 0 0.53534439453125 0
0 0.0769052265625 0.54627588671875 0.24502019140625 0.61798558203125 0.295952998046875 0.55117865234375 0.121629224609375 0.474304708984375 0.115849421875 0.48152901171875 0.06997223828125 0.54024912890625 0.0769052265625 0.54627588671875
0 0.42819236328125 0.270608130859375 0.364010509765625 0.227741833984375 0.360181021484375 0.232147154296875 0.29436497265625 0.394687767578125 0.351053591796875 0.437860375 0.36452044921875 0.44728997265625 0.438119298828125 0.277559044921875 0.42819236328125 0.270608130859375
0 0.4942929765625 0.0897772265625 0.401859474609375 0.24699078515625 0.41451853515625 0.257995138671875 0.47560707421875 0.3092545078125 0.47696118359375 0.3076407421875 0.56404545703125 0.148327419921875 0.49838457421875 0.085070380859375 0.4942929765625 0.0897772265625
0 0.25599946484375 0.36602091015625 0.159290283203125 0.523146544921875 0.18201098046875 0.547511509765625 0.22396681640625 0.5901345859375 0.32595011328125 0.42942934375 0.259258380859375 0.362981921875 0.25599946484375 0.36602091015625
0 0.374946732421875 0.3552939140625 0.30591142578125 0.29457718359375 0.2998675 0.30152992578125 0.23107611328125 0.466068728515625 0.2556429296875 0.485262431640625 0.29857214453125 0.518163884765625 0.366677283203125 0.373671556640625 0.374946732421875 0.3552939140625
0 1 0.531614771484375 0.96963428125 0.51260897265625 0.917397787109375 0.565235580078125 0.9145438125 0.568518703125 0.91529289453125 0.569217232421875 1 0.61773362109375 1 0.531614771484375
0 0.916620955078125 0.558984287109375 0.889269197265625 0.654320478515625 0.939706181640625 0.68597918359375 0.951749798828125 0.6929325703125 0.98270412890625 0.594290234375 0.91960168359375 0.5555553515625 0.916620955078125 0.558984287109375
0 0.905101005859375 0.749760193359375 0.932112302734375 0.649519853515625 0.86575393359375 0.61273680859375 0.863162369140625 0.61571806640625 0.838101728515625 0.706049408203125 0.905101005859375 0.749760193359375
0 0 0.55466400390625 0.08663040625 0.42036996484375 0.030908447265625 0.35316601953125 0 0.3977787578125 0 0.55466400390625
0 0 0.45043853125 0.032955216796875 0.47908606640625 0.0655549296875 0.50448914453125 0.066752388671875 0.503111623046875 0.14605303125 0.340089447265625 0.0756383671875 0.280823517578125 0.07243540234375 0.28450810546875 0 0.43778150390625 0 0.45043853125
0 0.0170319296875 0.326531865234375 0.185950642578125 0.395880357421875 0.243990029296875 0.31688656640625 0.06607869921875 0.2541734296875 0.02982833203125 0.302326625 0.01445075390625 0.32428808203125 0.0170319296875 0.326531865234375
0 0.34511766796875 0 0.3103381875 0.087763689453125 0.385366978515625 0.136487955078125 0.38537768359375 0.13647563671875 0.4473591328125 0 0.34511766796875 0
0 0.25161104296875 0.02557948828125 0.20476694140625 0.106715853515625 0.2076329765625 0.109207259765625 0.38698696484375 0.169226515625 0.41454659765625 0.121491826171875 0.435595173828125 0.0843862890625 0.4343876015625 0.08368909765625 0.25161104296875 0.02557948828125
0 0.146851259765625 0.193012482421875 0.32586396875 0.24047546875 0.371302783203125 0.151296771484375 0.1843560625 0.105335251953125 0.144317642578125 0.1803342578125 0.140618431640625 0.187594369140625 0.146851259765625 0.193012482421875
0 0.072946986328125 0.26541044140625 0.264428125 0.31211144921875 0.30738427734375 0.224038287109375 0.11480060546875 0.180994669921875 0.10818444140625 0.188605697265625 0.072597072265625 0.26510626953125 0.072946986328125 0.26541044140625
0 0.633295416015625 0.884836931640625 0.61338312890625 0.91325303515625 0.61796256640625 0.91723387890625 0.71906116015625 0.953094390625 0.75793580078125 0.89605779296875 0.75655420703125 0.894856791015625 0.65442023828125 0.85576110546875 0.633295416015625 0.884836931640625
0 0.80183809375 0.7731465078125 0.81976746875 0.79246194921875 0.829648962890625 0.80105180078125 0.87961392578125 0.720732732421875 0.8358840625 0.67037580078125 0.830311302734375 0.67539353515625 0.779233728515625 0.748041818359375 0.80183809375 0.7731465078125
0 0.676256203125 1 0.711294615234375 0.946054439453125 0.5965018828125 0.92548114453125 0.563683033203125 0.97356604296875 0.56954848046875 0.978664798828125 0.642353080078125 1 0.676256203125 1
0 0.726297462890625 0.90582099609375 0.74141950390625 0.917719099609375 0.742100916015625 0.9169352265625 0.783717611328125 0.825676095703125 0.728584744140625 0.775295203125 0.72736966015625 0.77669299609375 0.685191333984375 0.870087984375 0.726297462890625 0.90582099609375
0 0.714689541015625 0.7984247421875 0.71612905078125 0.79967608984375 0.80421119921875 0.83779137890625 0.85236823046875 0.78466563671875 0.76305055078125 0.742805263671875 0.762866333984375 0.743003681640625 0.714689541015625 0.7984247421875
0 0.63415365234375 1 0.641129625 0.987946880859375 0.590359251953125 0.934282876953125 0.59033605859375 0.934303037109375 0.559237095703125 1 0.63415365234375 1