0 0.2490234375 0.369140625 0.1669921875 0.119140625
0 0.2900390625 0.5263671875 0.142578125 0.109375
0 0.2734375 0.453125 0.1279296875 0.126953125
0 0.314453125 0.6083984375 0.158203125 0.1328125
0 0.375 0.841796875 0.15625 0.125
0 0.19921875 0.134765625 0.1328125 0.1328125
0 0.2373046875 0.2841796875 0.166015625 0.115234375
0 0.3369140625 0.67578125 0.1435546875 0.1435546875
0 0.220703125 0.208984375 0.146484375 0.146484375
0 0.3623046875 0.755859375 0.1455078125 0.1455078125
0 0.41015625 0.923828125 0.142578125 0.1171875
0 0.4130859375 0.453125 0.146484375 0.146484375
0 0.4375 0.541015625 0.162109375 0.130859375
0 0.48046875 0.7041015625 0.125 0.126953125
0 0.3984375 0.3701171875 0.1435546875 0.1435546875
0 0.3583984375 0.2080078125 0.1435546875 0.1435546875
0 0.5048828125 0.7861328125 0.154296875 0.1220703125
0 0.4638671875 0.623046875 0.134765625 0.134765625
0 0.3388671875 0.1201171875 0.1513671875 0.1513671875
0 0.384765625 0.291015625 0.146484375 0.146484375
0 0.55078125 0.9462890625 0.14453125 0.107421875
0 0.533203125 0.865234375 0.1435546875 0.1435546875
0 0.162109375 0.943359375 0.1455078125 0.1015625
0 0.1845703125 0.98046875 0.1533203125 0.0390625
0 0.0322265625 0.22265625 0.064453125 0.1171875
0 0.091796875 0.640625 0.138671875 0.138671875
0 0.111328125 0.7158203125 0.158203125 0.115234375
0 0.6259765625 0.123046875 0.1591796875 0.1591796875
0 0.609375 0.046875 0.1689453125 0.09375
0 0.658203125 0.21484375 0.1796875 0.1328125
0 0.150390625 0.86328125 0.1640625 0.119140625
0 0.0791015625 0.568359375 0.158203125 0.1142578125
0 0.046875 0.3515625 0.09375 0.140625
0 0.134765625 0.7900390625 0.166015625 0.1171875
0 0.6845703125 0.302734375 0.1845703125 0.1376953125
0 0.826171875 0.841796875 0.1796875 0.177734375
0 0.716796875 0.384765625 0.1513671875 0.1513671875
0 0.78515625 0.654296875 0.1689453125 0.1669921875
0 0.8115234375 0.7470703125 0.1640625 0.1640625
0 0.767578125 0.56640625 0.1669921875 0.1689453125
0 0.7490234375 0.46875 0.181640625 0.123046875
0 0.0712890625 0.494140625 0.142578125 0.1171875
0 0.060546875 0.4208984375 0.12109375 0.107421875
0 0.041015625 0.28515625 0.0810546875 0.1357421875
0 0.8251953125 0.107421875 0.166015625 0.166015625
0 0.8017578125 0.052734375 0.181640625 0.10546875
0 0.896484375 0.388671875 0.177734375 0.177734375
0 0.849609375 0.197265625 0.1748046875 0.1748046875
0 0.9208984375 0.5869140625 0.158203125 0.158203125
0 0.908203125 0.484375 0.1826171875 0.15625
0 0.873046875 0.291015625 0.197265625 0.1533203125
0 0.9384765625 0.6787109375 0.123046875 0.1357421875
0 0.947265625 0.7783203125 0.1044921875 0.162109375