0 0.427552677734375 0.0200593671875 0.42458477734375 0.01873797265625 0.313453259765625 0.00858996484375 0.285854982421875 0.067828306640625 0.285452765625 0.070109392578125 0.399790001953125 0.08352583984375 0.41428801171875 0.05301338671875 0.426629798828125 0.02529327734375 0.427552677734375 0.0200593671875
0 0.4159351015625 0.084935533203125 0.29718469921875 0.085838658203125 0.27641217578125 0.15015805078125 0.39498883203125 0.149814650390625 0.4159351015625 0.084935533203125
0 0.379223154296875 0.33915366796875 0.3810678671875 0.33480780078125 0.26389980078125 0.321829630859375 0.23610896875 0.393578521484375 0.34909303125 0.40519703515625 0.379223154296875 0.33915366796875
0 0.385748220703125 0.239148076171875 0.384858328125 0.23895892578125 0.270884533203125 0.250468390625 0.25494615234375 0.32496048046875 0.367572033203125 0.31520533984375 0.38022822265625 0.27045354296875 0.385748220703125 0.239148076171875
0 0.301744623046875 0.12709555859375 0.2980733046875 0.24870580859375 0.37298176171875 0.27404406640625 0.37466278125 0.26916202734375 0.3765410703125 0.15217687890625 0.30575151953125 0.12780208203125 0.301744623046875 0.12709555859375
0 0.3548506484375 0.3887296328125 0.353859830078125 0.38864294921875 0.24168357421875 0.411996216796875 0.235071125 0.487576873046875 0.35198420703125 0.46699559765625 0.356373546875 0.38899816015625 0.3548506484375 0.3887296328125
0 0.334048921875 0.5773397578125 0.31481051953125 0.46335000390625 0.302544517578125 0.462276865234375 0.23283846875 0.45774966796875 0.25257230859375 0.57643533203125 0.3333851796875 0.581104033203125 0.334048921875 0.5773397578125
0 0.199921916015625 0.91207257421875 0.28154262890625 0.920108146484375 0.282361939453125 0.9154616015625 0.282388775390625 0.915206267578125 0.27208655859375 0.780627001953125 0.20300198046875 0.772701064453125 0.191347736328125 0.77147615234375 0.199921916015625 0.91207257421875
0 0.2735877109375 0.696481412109375 0.207986322265625 0.68726173828125 0.21295518359375 0.827544890625 0.297097134765625 0.84089223046875 0.29876975390625 0.831406333984375 0.29238948828125 0.699796673828125 0.2735877109375 0.696481412109375
0 0.353977634765625 0.61188355078125 0.352088349609375 0.548489576171875 0.34330819921875 0.546941400390625 0.210227634765625 0.577398490234375 0.210227634765625 0.619727755859375 0.21051699609375 0.65748030078125 0.353977634765625 0.62282912890625 0.353977634765625 0.61188355078125
0 0.353620453125 0.655303748046875 0.34628073046875 0.652486291015625 0.21394741015625 0.62711309375 0.186127615234375 0.704719681640625 0.32640185546875 0.7228859140625 0.35335442578125 0.656812455078125 0.353620453125 0.655303748046875
0 0.559543974609375 0.028171568359375 0.41673105078125 0.0826422890625 0.422022216796875 0.167320990234375 0.56911590625 0.10530630078125 0.565441076171875 0.052753787109375 0.563279818359375 0.028830298828125 0.559543974609375 0.028171568359375
0 0.43259324609375 0 0.4218590546875 0.07370458203125 0.422615716796875 0.073838001953125 0.585619876953125 0.039808470703125 0.590332322265625 0.01725520703125 0.591265224609375 0.00837921484375 0.54374433203125 0 0.43259324609375 0
0 0.465975361328125 0.51389112109375 0.492257998046875 0.3693735234375 0.449228658203125 0.350215626953125 0.41379150390625 0.335985498046875 0.395030859375 0.485894509765625 0.465077279296875 0.515908240234375 0.465975361328125 0.51389112109375
0 0.426712642578125 0.11138300390625 0.45782971875 0.25497271484375 0.537012349609375 0.26309829296875 0.538392736328125 0.25526973828125 0.505769779296875 0.113371560546875 0.426712642578125 0.11138300390625
0 0.4394257265625 0.257208552734375 0.43525977734375 0.255353751953125 0.429493576171875 0.254337015625 0.413508552734375 0.4057943828125 0.481915412109375 0.43725008984375 0.48429476171875 0.431905978515625 0.5046893359375 0.29225746484375 0.4394257265625 0.257208552734375
0 0.41761418359375 0.18447173828125 0.45046266796875 0.33527366796875 0.52452149609375 0.342935525390625 0.52537194921875 0.338112373046875 0.498486720703125 0.19440163671875 0.41761418359375 0.18447173828125
0 0.340347943359375 0.539218322265625 0.36159532421875 0.54258769921875 0.494131279296875 0.55502460546875 0.49990315625 0.53826185546875 0.5169473828125 0.478489421875 0.50911045703125 0.475790953125 0.364230029296875 0.464067318359375 0.340347943359375 0.539218322265625
0 0.288723013671875 0.97045947265625 0.425145630859375 0.9785086953125 0.429168435546875 0.955694232421875 0.4359256640625 0.913030775390625 0.438739314453125 0.89378212890625 0.425441939453125 0.89143744140625 0.2962601640625 0.888364935546875 0.281082361328125 0.969112220703125 0.288723013671875 0.97045947265625
0 0.46079762109375 0.821306609375 0.32962568359375 0.789179697265625 0.299142333984375 0.870218775390625 0.4276840546875 0.898655443359375 0.44969423828125 0.849697474609375 0.4605132109375 0.82291958203125 0.46079762109375 0.821306609375
0 0.36870815234375 0.59901821875 0.36724573046875 0.732377728515625 0.45049609765625 0.74881396875 0.45207126953125 0.74140337109375 0.44962451171875 0.616859486328125 0.377709384765625 0.60060537890625 0.36870815234375 0.59901821875
0 0.3648766328125 0.68084603125 0.34623277734375 0.81217211328125 0.42649118359375 0.84042830078125 0.427912513671875 0.836053896484375 0.44384778515625 0.70439116015625 0.37910448046875 0.68335478515625 0.3648766328125 0.68084603125
0 0.48041101953125 0.533037828125 0.47986701171875 0.533075869140625 0.360167419921875 0.57319062890625 0.365893 0.652332396484375 0.49036276953125 0.61476133203125 0.485932564453125 0.53401142578125 0.48041101953125 0.533037828125
0 0.68499925 0.10258596484375 0.689158923828125 0.18110528125 0.865165744140625 0.116218345703125 0.86581584375 0.056789896484375 0.838428970703125 0.051960853515625 0.68482656640625 0.097641044921875 0.68499925 0.10258596484375
0 0.61036865234375 0.74475875 0.600658419921875 0.92966745703125 0.68766053515625 0.9530577734375 0.68766736328125 0.95302819921875 0.703190869140625 0.765337642578125 0.639035939453125 0.74981356640625 0.61036865234375 0.74475875
0 0.795505462890625 0.29804943359375 0.810524171875 0.11048312890625 0.809966849609375 0.11030204296875 0.734169064453125 0.08881685546875 0.72511478515625 0.27742937109375 0.7943206953125 0.301695765625 0.795505462890625 0.29804943359375
0 0.77677423046875 0.662592234375 0.774704078125 0.599209072265625 0.768009828125 0.598028693359375 0.7666485234375 0.59800493359375 0.589248037109375 0.6279796484375 0.587115845703125 0.7213764140625 0.776386072265625 0.68482985546875 0.77677423046875 0.662592234375
0 0.583429962890625 1 0.7286212109375 0.96678301171875 0.723722087890625 0.896722287109375 0.721857875 0.87706619921875 0.720411583984375 0.876811177734375 0.71033837890625 0.87751556640625 0.538219013671875 0.911851703125 0.548921015625 1 0.583429962890625 1
0 0.837943138671875 0.23909446875 0.656837896484375 0.270699962890625 0.65050771484375 0.35446896484375 0.83857648046875 0.32399734375 0.839489193359375 0.31479062890625 0.845987650390625 0.24051293359375 0.837943138671875 0.23909446875
0 0.59520065234375 0.60015851953125 0.77445965234375 0.62230863671875 0.80337547265625 0.5517764375 0.806561517578125 0.54302285546875 0.80693530859375 0.540902986328125 0.624316431640625 0.513797568359375 0.617068884765625 0.5337100390625 0.594601525390625 0.599940455078125 0.59520065234375 0.60015851953125
0 0.62406318359375 0.6503906171875 0.619292458984375 0.838428890625 0.71356884765625 0.856247654296875 0.71439030859375 0.85202160546875 0.71333221484375 0.672653279296875 0.641141908203125 0.65340205859375 0.62406318359375 0.6503906171875
0 0.7894080625 0.487337595703125 0.789907546875 0.48450487890625 0.790155005859375 0.4829424765625 0.76967768359375 0.30004121484375 0.744738921875 0.29564383984375 0.73672195703125 0.294374076171875 0.677418921875 0.2866172265625 0.695995017578125 0.47604187109375 0.7894080625 0.487337595703125
0 0.80965904296875 0.49601451953125 0.8088743515625 0.411668513671875 0.806796337890625 0.41130210546875 0.65307536328125 0.446123921875 0.63350240234375 0.45092191015625 0.627997677734375 0.545480490234375 0.628976626953125 0.545480490234375 0.80965904296875 0.49601451953125
0 0 0.8874742109375 0.06710120703125 0.881056994140625 0.0711402109375 0.80398821875 0.071157439453125 0.803581861328125 0.067572916015625 0.8029498125 0 0.811536216796875 0 0.8874742109375
0 0 0.802466927734375 0.06849585546875 0.8142065625 0.09326323828125 0.746158744140625 0.094222958984375 0.74071588671875 0.091206267578125 0.73961790234375 0 0.72569570703125 0 0.802466927734375
0 1 0.08045018359375 0.96916455859375 0.075013064453125 0.93298406640625 0.07121033984375 0.958552189453125 0.214021208984375 0.993895169921875 0.218443388671875 0.994530271484375 0.214841546875 1 0.16280055859375 1 0.08045018359375
0 0 0.72374550390625 0.085910884765625 0.735884189453125 0.111912716796875 0.66738651953125 0.11283225390625 0.662171564453125 0.11252955859375 0.662067337890625 0.01050509765625 0.65170025 0 0.680631154296875 0 0.72374550390625
0 0.025450388671875 0.559118466796875 0.0307770234375 0.6610315859375 0.10115601953125 0.67743002734375 0.102272603515625 0.67168570703125 0.09957755078125 0.573852439453125 0.063543837890625 0.56583537109375 0.025450388671875 0.559118466796875
0 0.125362830078125 0.49105910546875 0.1207306328125 0.491220865234375 0.02607810546875 0.518217251953125 0.02878698828125 0.59578960546875 0.122952416015625 0.56968516796875 0.125860701171875 0.49114689453125 0.125362830078125 0.49105910546875
0 0.983295505859375 0.382124583984375 0.98561363671875 0.196337212890625 0.90457597265625 0.17310003515625 0.895705130859375 0.1715358671875 0.89951994140625 0.357569314453125 0.983295505859375 0.382124583984375
0 1 0.31618470703125 0.83809062109375 0.33521921875 0.837753576171875 0.337347236328125 0.82863433203125 0.4251839765625 1 0.406991806640625 1 0.31618470703125
0 1 0.131385408203125 0.86528836328125 0.150559912109375 0.853554396484375 0.225304158203125 0.85128565234375 0.24144711328125 0.85278663671875 0.24171177734375 1 0.21838963671875 1 0.131385408203125
0 1 0.41081279296875 0.825847166015625 0.42783529296875 0.80750023828125 0.514351837890625 0.994375978515625 0.50560531640625 1 0.47747509375 1 0.41081279296875
0 0.928726083984375 0.90069541796875 0.95036813671875 0.82522061328125 0.95225119140625 0.814541283203125 0.761621912109375 0.78969646484375 0.7358108515625 0.885113822265625 0.928726083984375 0.90069541796875
0 0.9348178671875 0.84142594921875 0.88432748828125 0.65765999609375 0.82283208984375 0.66088283203125 0.790214943359375 0.66272312109375 0.789848390625 0.6648019453125 0.837588673828125 0.84943143359375 0.91527458203125 0.845360087890625 0.934325830078125 0.84421642578125 0.9348178671875 0.84142594921875
0 0.85666546484375 0.55261849609375 0.847552171875 0.55017659765625 0.835606896484375 0.548070322265625 0.8260461875 0.74014598828125 0.921718333984375 0.76578126171875 0.922871603515625 0.761477205078125 0.928821759765625 0.573439404296875 0.85666546484375 0.55261849609375
0 0.8692613046875 0.4445288203125 0.83974766015625 0.639704396484375 0.92687933203125 0.67305940234375 0.92752281640625 0.67146672265625 0.9603290234375 0.47967307421875 0.87650547265625 0.445806162109375 0.8692613046875 0.4445288203125
0 0.912435314453125 1 0.92505918359375 0.968754826171875 0.9328376640625 0.924640865234375 0.927553779296875 0.9225060390625 0.757281490234375 0.875526015625 0.72511573046875 0.946194373046875 0.7154834296875 0.970035154296875 0.83569126171875 1 0.912435314453125 1
0 0.19031780859375 0.2434554140625 0.19762329296875 0.21474737109375 0.1915184609375 0.21299683984375 0.086193822265625 0.211257205078125 0.067331013671875 0.281553806640625 0.17965748046875 0.28063240234375 0.19031780859375 0.2434554140625
0 0.142125458984375 0.50503962890625 0.1178863203125 0.41988939453125 0.084150923828125 0.42165739453125 0.044487845703125 0.42433959765625 0.07593816015625 0.515085625 0.14074734765625 0.512855296875 0.142125458984375 0.50503962890625
0 0.195309021484375 0.124194130859375 0.19472639453125 0.124194130859375 0.091345896484375 0.153188669921875 0.090043984375 0.227455708984375 0.1982959296875 0.18407197265625 0.20067755859375 0.125140748046875 0.195309021484375 0.124194130859375
0 0.080001115234375 0.28557434375 0.05622352734375 0.356963625 0.16339247265625 0.35753322265625 0.18087562109375 0.28841949609375 0.17433940234375 0.286421171875 0.080001115234375 0.28557434375
0 0.155522041015625 0.43806191796875 0.132089107421875 0.3499263828125 0.1163769296875 0.349137453125 0.057639685546875 0.348112189453125 0.085783078125 0.44251316796875 0.15427501953125 0.445134125 0.155522041015625 0.43806191796875
0 0.13722503515625 0 0.14470399609375 0.081674859375 0.210798869140625 0.10679708203125 0.211345822265625 0.10511373828125 0.2023748046875 0 0.13722503515625 0
0 0.10909890625 0.09172369921875 0.09411723046875 0.144385138671875 0.210206736328125 0.140454818359375 0.21197015234375 0.134686943359375 0.2287738046875 0.07011725390625 0.22607251953125 0.069291388671875 0.1373236875 0.0796675703125 0.1117348203125 0.0831020078125 0.10909890625 0.09172369921875