0 0.40769210546875 0 0.31026343359375 0.019322341796875 0.30941644140625 0.01981135546875 0.3067144140625 0.02224426953125 0.32408655078125 0.05233369140625 0.34169455859375 0.08116353515625 0.453791904296875 0.055916642578125 0.454400779296875 0.05536841015625 0.421158220703125 0 0.40769210546875 0
0 0.467102275390625 0.05083269140625 0.353690080078125 0.08086964453125 0.35279226953125 0.08167803515625 0.38918894140625 0.13794232421875 0.50412676953125 0.1080798125 0.467102275390625 0.05083269140625
0 0.60581784765625 0.22518663671875 0.516184865234375 0.290001630859375 0.514461302734375 0.292288876953125 0.573722048828125 0.33998154296875 0.668703486328125 0.270158087890625 0.664932982421875 0.26731680859375 0.60581784765625 0.22518663671875
0 0.5546164765625 0.16786289453125 0.459551146484375 0.21851576171875 0.458106412109375 0.21996049609375 0.47139409765625 0.234717966796875 0.510572314453125 0.273896181640625 0.614225072265625 0.220548982421875 0.61215271484375 0.2182473984375 0.5546164765625 0.16786289453125
0 0.50819401171875 0.103948841796875 0.398508748046875 0.154909240234375 0.39792314453125 0.15545532421875 0.42192980859375 0.18211742578125 0.452309291015625 0.21469543359375 0.56155344140625 0.162051208984375 0.551683958984375 0.151090041015625 0.50819401171875 0.103948841796875
0 0.564226271484375 0.34658773046875 0.562633509765625 0.34855462890625 0.621891369140625 0.39966684375 0.717910951171875 0.32986356640625 0.6589493828125 0.2821174296875 0.564226271484375 0.34658773046875
0 0.69104259765625 0.4823145 0.691939703125 0.483276525390625 0.75297012890625 0.428869875 0.695962693359375 0.32352601171875 0.63416853515625 0.377825740234375 0.69104259765625 0.4823145
0 0.951614810546875 0.592631267578125 0.82594615625 0.639642296875 0.822032107421875 0.6431665234375 0.86163148046875 0.71175465234375 0.992765046875 0.665002126953125 0.951614810546875 0.592631267578125
0 0.852739896484375 0.50437890234375 0.807954916015625 0.536917095703125 0.78254939453125 0.55607102734375 0.840468365234375 0.674973021484375 0.846496775390625 0.68166825 0.9130745859375 0.632454181640625 0.852739896484375 0.50437890234375
0 0.69537897265625 0.4089445234375 0.667796953125 0.44983655078125 0.76617315234375 0.557493037109375 0.766643853515625 0.557810529296875 0.81181456640625 0.491936958984375 0.71281359765625 0.38617616796875 0.7097819140625 0.388905908203125 0.69537897265625 0.4089445234375
0 0.723257982421875 0.50444126953125 0.81299784375 0.61377393359375 0.86406971484375 0.549056181640625 0.76815798046875 0.44567651953125 0.762829359375 0.45047443359375 0.7478772578125 0.47031654296875 0.723257982421875 0.50444126953125
0 0.347074763671875 0.210088828125 0.31150951953125 0.057527626953125 0.287968216796875 0.07048984375 0.243069478515625 0.09641214453125 0.27336653515625 0.250272935546875 0.27394619140625 0.2512769296875 0.27498173828125 0.252427021484375 0.347074763671875 0.210088828125
0 0.22202037109375 0.07782268359375 0.25904258203125 0.19736287890625 0.26339383203125 0.20219543359375 0.329664189453125 0.151736189453125 0.260853185546875 0.05063165234375 0.22202037109375 0.07782268359375
0 0.456924248046875 0.454494650390625 0.468667669921875 0.467087927734375 0.603506986328125 0.400933619140625 0.6038200390625 0.40064169140625 0.555830904296875 0.345199298828125 0.54796071484375 0.336759552734375 0.41719943359375 0.41016163671875 0.417094625 0.410259373046875 0.456924248046875 0.454494650390625
0 0.28507513671875 0.179888529296875 0.336812978515625 0.30942197265625 0.3416815 0.314829013671875 0.40400160546875 0.270473462890625 0.348690056640625 0.12677534765625 0.28507513671875 0.179888529296875
0 0.40177824609375 0.292675138671875 0.442224724609375 0.4334989375 0.44664942578125 0.43841306640625 0.51101392578125 0.38769512890625 0.465378044921875 0.249776533203125 0.40177824609375 0.292675138671875
0 0.49485353125 0.27641799609375 0.441023896484375 0.222412572265625 0.30560990625 0.29055271875 0.304260654296875 0.29194991015625 0.31230693359375 0.300886208984375 0.36159398828125 0.348482166015625 0.49485353125 0.27641799609375
0 0.54802039453125 0.56033741015625 0.548276111328125 0.560621412109375 0.62143253125 0.526639115234375 0.58817487890625 0.3967404375 0.58217394140625 0.378283341796875 0.581196705078125 0.376445423828125 0.55596457421875 0.38909705859375 0.51132571484375 0.412831962890625 0.5462968046875 0.55709580859375 0.54802039453125 0.56033741015625
0 0.77096194921875 0.78586765234375 0.760078162109375 0.79566745703125 0.810251529296875 0.858416314453125 0.914007626953125 0.80004222265625 0.931625294921875 0.784179203125 0.882755755859375 0.71769091796875 0.77096194921875 0.78586765234375
0 0.79291312109375 0.643567712890625 0.76850720703125 0.65941709765625 0.72347137109375 0.69119509765625 0.773242982421875 0.8058021953125 0.77775600390625 0.810814412109375 0.849646158203125 0.766562900390625 0.79291312109375 0.643567712890625
0 0.752893255859375 0.60601494140625 0.753730080078125 0.60536114453125 0.70154802734375 0.5365349375 0.58726812109375 0.593832623046875 0.58404533984375 0.596734427734375 0.634267060546875 0.661015296875 0.752893255859375 0.60601494140625
0 0.64013477734375 0.671981275390625 0.6473860078125 0.68003458203125 0.69729657421875 0.73171848828125 0.812082078125 0.657457572265625 0.811520791015625 0.65683419921875 0.750899646484375 0.597044009765625 0.64013477734375 0.671981275390625
0 0.532871796875 0.54698527734375 0.528337005859375 0.552389630859375 0.587774296875 0.602507716796875 0.695657890625 0.52563312890625 0.630669798828125 0.472742818359375 0.532871796875 0.54698527734375
0 0 0.28214709765625 0.079062166015625 0.426180822265625 0.081102986328125 0.428083916015625 0.134495943359375 0.3728566015625 0.13848573828125 0.368578068359375 0.05121868359375 0.2312681484375 0.008314599609375 0.269899158203125 0 0.278815474609375 0 0.28214709765625
0 0.50630199609375 0.954208083984375 0.6682600625 0.86067875 0.606172173828125 0.788246830078125 0.45293171484375 0.8829937578125 0.448027111328125 0.887409884765625 0.47436533203125 0.918798556640625 0.50630199609375 0.954208083984375
0 0.0688700390625 0.2910885859375 0.036885177734375 0.3283042734375 0.137888353515625 0.485341208984375 0.1394207265625 0.48672096484375 0.19433786328125 0.43019793359375 0.08621949609375 0.2733425625 0.07897667578125 0.279864029296875 0.0688700390625 0.2910885859375
0 0.4392452578125 0.6189666640625 0.35763650390625 0.664203134765625 0.41402508984375 0.833619451171875 0.418196880859375 0.841145560546875 0.41855591015625 0.8415443046875 0.49593960546875 0.8035852890625 0.4392452578125 0.6189666640625
0 0.69193201953125 1 0.692476013671875 0.99951018359375 0.627543775390625 0.836493029296875 0.59484432421875 0.85357494921875 0.546870015625 0.88016754296875 0.590754705078125 1 0.69193201953125 1
0 0.172275119140625 0.34451655859375 0.16187291796875 0.353245041015625 0.10626029296875 0.4010145546875 0.1869711328125 0.567997513671875 0.190263763671875 0.571654349609375 0.254159919921875 0.51931596484375 0.172275119140625 0.34451655859375
0 0.436570287109375 0.725920865234375 0.44585363671875 0.7181312109375 0.357741830078125 0.5554607265625 0.34514805859375 0.56602815234375 0.292437896484375 0.61397721484375 0.37081205078125 0.76750330078125 0.37665271484375 0.773990013671875 0.436570287109375 0.725920865234375
0 0.60097006640625 0.7759105859375 0.60118650390625 0.775661599609375 0.5285045625 0.711815619140625 0.382560107421875 0.83192346875 0.38468584765625 0.834284341796875 0.45576825390625 0.887981615234375 0.60097006640625 0.7759105859375
0 0.1575166484375 0.566285076171875 0.17167060546875 0.59181948828125 0.355549044921875 0.5472943125 0.31241308984375 0.462249802734375 0.132547943359375 0.50842847265625 0.128600966796875 0.51061631640625 0.12859798046875 0.51061900390625 0.1575166484375 0.566285076171875
0 0.19555425390625 0.62890266796875 0.27172043359375 0.6815802890625 0.28755162109375 0.6691105234375 0.411088896484375 0.568225162109375 0.411234083984375 0.56803933203125 0.34463983203125 0.515005177734375 0.19508609765625 0.62643495703125 0.1942713203125 0.62747782421875 0.19555425390625 0.62890266796875
0 1 0.378848822265625 0.9857256015625 0.3549053125 0.9585619609375 0.379363564453125 0.929489626953125 0.409245576171875 0.98349402734375 0.49227077734375 0.985370001953125 0.49421340625 1 0.479605623046875 1 0.378848822265625
0 1 0.355213349609375 0.94245508984375 0.31509337109375 0.86487335546875 0.377935931640625 0.86313800390625 0.3802388203125 0.865397798828125 0.38274857421875 0.87226270703125 0.387921654296875 0.92370489453125 0.424556361328125 1 0.35957349609375 1 0.355213349609375
0 0.89758301953125 0.243412595703125 0.83175543359375 0.284546236328125 0.86252714453125 0.378798125 0.86408366796875 0.3812890859375 0.864861064453125 0.382152470703125 0.928480451171875 0.335725193359375 0.89758301953125 0.243412595703125
0 0 0.594832736328125 0.12222317578125 0.5275698046875 0.054224591796875 0.46293958984375 0 0.49515482421875 0 0.594832736328125
0 0 0.67126937109375 0.00743783984375 0.678948294921875 0.022723076171875 0.69423353125 0.18112294921875 0.603001693359375 0.122116189453125 0.53730043359375 0.120592697265625 0.53577694140625 0 0.60343637109375 0 0.67126937109375
0 0.15988977734375 0.79155468359375 0.164817693359375 0.795268134765625 0.214775798828125 0.723992291015625 0.1001544375 0.574167982421875 0.04296203515625 0.65377714453125 0.15988977734375 0.79155468359375
0 0.46755823046875 1 0.506731154296875 0.983833658203125 0.50776614453125 0.982901748046875 0.461494240234375 0.906881927734375 0.28358614453125 0.970294109375 0.27925434375 0.97419448046875 0.29475986328125 1 0.46755823046875 1
0 0.259928654296875 0.9786832421875 0.44166322265625 0.91739258984375 0.44285844140625 0.9166744296875 0.4211654921875 0.879941892578125 0.392776970703125 0.83269545703125 0.214497779296875 0.89583573046875 0.211675662109375 0.898376775390625 0.259928654296875 0.9786832421875
0 0.19733685546875 0.905959248046875 0.37845517578125 0.8407082578125 0.32394356640625 0.756767740234375 0.151032798828125 0.82262168359375 0.14487757421875 0.828163873046875 0.14967823828125 0.835556251953125 0.19733685546875 0.905959248046875
0 0.18940264453125 0.64314518359375 0.141367724609375 0.67927302734375 0.11480603125 0.700025296875 0.195574337890625 0.8764476484375 0.19917890234375 0.88045092578125 0.27509133984375 0.821141630859375 0.18940264453125 0.64314518359375
0 0.6262141953125 0.117424087890625 0.6544994453125 0.14380051171875 0.75125657421875 0.08673790234375 0.698882568359375 0.03619701953125 0.609497708984375 0.091934373046875 0.605400798828125 0.0963277734375 0.60942108203125 0.10079275 0.6262141953125 0.117424087890625
0 0.82584373046875 0.19190868359375 0.798294107421875 0.220568275390625 0.77525505078125 0.245274640625 0.82505695703125 0.31880328515625 0.830541294921875 0.323917515625 0.87514334765625 0.27433144140625 0.82584373046875 0.19190868359375
0 0.58744566796875 0 0.576426310546875 0.008923298828125 0.61828756640625 0.10596973828125 0.62306423828125 0.111274771484375 0.66754813671875 0.07217507421875 0.645260392578125 0 0.58744566796875 0
0 0.71918044140625 0.09029137890625 0.678704203125 0.12673634765625 0.722506072265625 0.21938099609375 0.723745365234375 0.22075737109375 0.777990568359375 0.169421951171875 0.73478751953125 0.07890303125 0.73409253125 0.07813116796875 0.71918044140625 0.09029137890625
0 0.73795920703125 0.233676904296875 0.76745494140625 0.2552056875 0.84714426953125 0.1970717890625 0.789735150390625 0.15411091015625 0.7097681640625 0.20886403515625 0.709332984375 0.209421041015625 0.715073810546875 0.215796873046875 0.73795920703125 0.233676904296875
0 0.5510048359375 0 0.57610317578125 0.06426959765625 0.576124904296875 0.064291326171875 0.630515015625 0.01429960546875 0.623521794921875 0 0.5510048359375 0