0 0.615048314453125 1 0.587190982421875 0.907102740234375 0.58111806640625 0.898744087890625 0.528524482421875 0.93554332421875 0.54605812890625 1 0.615048314453125 1
0 0.48366084765625 0.874256177734375 0.51997645703125 0.9871353984375 0.57472876953125 0.947503771484375 0.538891802734375 0.83428634375 0.48366084765625 0.874256177734375
0 0.388949548828125 0.630394904296875 0.388011716796875 0.62945707421875 0.332193279296875 0.681824806640625 0.38752959765625 0.78450693359375 0.39330790234375 0.78030875 0.44140413671875 0.72958461328125 0.388949548828125 0.630394904296875
0 0.41546525390625 0.826527078125 0.511400119140625 0.777541046875 0.51310655859375 0.775893158203125 0.510106962890625 0.77176456640625 0.46135324609375 0.7212786171875 0.35646995703125 0.7729640703125 0.356583125 0.773119833984375 0.41546525390625 0.826527078125
0 0.45891429296875 0.919283169921875 0.472235763671875 0.912586537109375 0.530988421875 0.882650564453125 0.511360421875 0.76817323828125 0.507778458984375 0.76324308984375 0.46483570703125 0.78483444921875 0.43979451953125 0.797593572265625 0.4588881484375 0.919247185546875 0.45891429296875 0.919283169921875
0 0.30236435546875 0.688851287109375 0.413908115234375 0.67070536328125 0.41725308984375 0.66827509765625 0.385628853515625 0.59797673046875 0.26910541796875 0.620660357421875 0.30236435546875 0.688851287109375
0 0.35432636328125 0.606403208984375 0.304923419921875 0.497597470703125 0.23949203125 0.54745438671875 0.28947114453125 0.65682087890625 0.29130518359375 0.65548837109375 0.3447574765625 0.61415194140625 0.35432636328125 0.606403208984375
0 0.08895370703125 0.376662298828125 0.195755646484375 0.28858970703125 0.1932682890625 0.28516615234375 0.135251833984375 0.23473321875 0.02648374609375 0.32163151171875 0.08895370703125 0.376662298828125
0 0.245286826171875 0.35410524609375 0.189505515625 0.300263552734375 0.076097474609375 0.379588439453125 0.074070806640625 0.38161510546875 0.079676890625 0.387221189453125 0.134481404296875 0.44113072265625 0.250072666015625 0.36250256640625 0.25083440234375 0.361740828125 0.245286826171875 0.35410524609375
0 0.295536017578125 0.43829131640625 0.1695919453125 0.515231228515625 0.19608241796875 0.54213091796875 0.22601373046875 0.572062228515625 0.343211720703125 0.4985179140625 0.3481099609375 0.493619671875 0.303275708984375 0.4460310078125 0.295536017578125 0.43829131640625
0 0.296925333984375 0.4374223359375 0.300377873046875 0.43442108984375 0.2483975546875 0.371857919921875 0.12555769140625 0.44524216015625 0.1754811796875 0.500316619140625 0.296925333984375 0.4374223359375
0 0.57158339453125 0.859234126953125 0.618571798828125 0.921958314453125 0.76781062890625 0.870163857421875 0.768530921875 0.86960110546875 0.75467266796875 0.85052685546875 0.7174494453125 0.802883302734375 0.57158339453125 0.859234126953125
0 0.77184974609375 0.903410197265625 0.68028601953125 0.823815064453125 0.659737107421875 0.8529471640625 0.722428482421875 0.956430236328125 0.74524343359375 0.93985420703125 0.774159806640625 0.90658972265625 0.77184974609375 0.903410197265625
0 0.514373509765625 0.524997302734375 0.38592305859375 0.603119193359375 0.42589609765625 0.644232505859375 0.43967080859375 0.65800721875 0.569529423828125 0.588572150390625 0.57194960546875 0.58615196484375 0.525439759765625 0.536063552734375 0.514373509765625 0.524997302734375
0 0.628296236328125 0.69860031640625 0.625029400390625 0.694707052734375 0.5627526796875 0.74670294921875 0.617249802734375 0.88314466015625 0.68167915234375 0.8372878828125 0.628296236328125 0.69860031640625
0 0.548981513671875 0.745555615234375 0.594347111328125 0.68699173828125 0.51891557421875 0.567711693359375 0.514568283203125 0.563797376953125 0.4648696953125 0.620357169921875 0.541041763671875 0.752159419921875 0.546806810546875 0.747970869140625 0.548981513671875 0.745555615234375
0 0.630798744140625 0.7772278828125 0.59727358984375 0.63654389453125 0.5934900859375 0.63133634765625 0.52962876953125 0.66806801953125 0.560956859375 0.81919312109375 0.630798744140625 0.7772278828125
0 0.4704676875 0.58905394921875 0.494974830078125 0.56990687109375 0.435483875 0.433907380859375 0.432998345703125 0.43072605078125 0.36677837890625 0.47694855078125 0.422087439453125 0.59909864453125 0.431202251953125 0.61623328515625 0.43187441015625 0.61709360546875 0.4704676875 0.58905394921875
0 0.193500564453125 0.26109073828125 0.203857814453125 0.253565755859375 0.25462568359375 0.2051432578125 0.188431771484375 0.108333580078125 0.15134423828125 0.13527925 0.120969830078125 0.16262848828125 0.193500564453125 0.26109073828125
0 0.22012025390625 0.311979232421875 0.319974548828125 0.23262447265625 0.322693330078125 0.229604958984375 0.274441259765625 0.18399773046875 0.259897037109375 0.170902056640625 0.15526674609375 0.257959515625 0.22012025390625 0.311979232421875
0 0.363225212890625 0.306429087890625 0.357911275390625 0.299115080078125 0.288412490234375 0.33881419140625 0.32453580078125 0.4658403828125 0.3246856015625 0.46604656640625 0.400965974609375 0.425199611328125 0.363225212890625 0.306429087890625
0 0.26637409765625 0.37979437109375 0.377469783203125 0.3074270703125 0.37020162109375 0.2974233046875 0.3223193984375 0.24607590625 0.206212146484375 0.318349119140625 0.26637409765625 0.37979437109375
0 0.449352537109375 0.48237894140625 0.45767234765625 0.472104828125 0.380852904296875 0.368185125 0.3784491875 0.366238630859375 0.32719811328125 0.431506986328125 0.40694998828125 0.53284037890625 0.410223796875 0.53046181640625 0.449352537109375 0.48237894140625
0 0.983335107421875 0.76443721875 0.914173529296875 0.61903172265625 0.9107141171875 0.61490895703125 0.908649083984375 0.616409291015625 0.858317388671875 0.66273503515625 0.91865209375 0.8138654375 0.961717109375 0.78257687109375 0.983335107421875 0.76443721875
0 0.54864332421875 0.054299775390625 0.370778587890625 0.11211229296875 0.416450263671875 0.195870201171875 0.58389501953125 0.135823775390625 0.591126732421875 0.13056962890625 0.5725200390625 0.09557552734375 0.54864332421875 0.054299775390625
0 0.94087625390625 0.59500165234375 0.75942380859375 0.65598955859375 0.800217359375 0.718038142578125 0.97342655078125 0.66591351953125 0.97972595703125 0.66133673046875 0.95081057421875 0.61089989453125 0.94087625390625 0.59500165234375
0 0.6223979609375 0.38393530078125 0.67004741015625 0.33260571484375 0.6817046640625 0.318713140625 0.566087484375 0.17110805859375 0.561985630859375 0.167666197265625 0.50304431640625 0.23868102734375 0.6223979609375 0.38393530078125
0 0.406477037109375 0 0.318260458984375 0.058873533203125 0.3765942265625 0.12943158984375 0.52582791015625 0.03576813671875 0.532552623046875 0.02992243359375 0.509109279296875 0 0.406477037109375 0
0 0.700623451171875 0.59694555859375 0.76488337109375 0.6554964609375 0.918204248046875 0.55670041015625 0.922324763671875 0.55228169921875 0.917178953125 0.54519909765625 0.863261302734375 0.494920076171875 0.700623451171875 0.59694555859375
0 0.728395349609375 0.3046787265625 0.71093323828125 0.277789435546875 0.538737146484375 0.34541992578125 0.5417903046875 0.350121376953125 0.589274279296875 0.417205322265625 0.7509866015625 0.358206041015625 0.75824312890625 0.352933865234375 0.728395349609375 0.3046787265625
0 0.54228537890625 0.311833396484375 0.54368276171875 0.3108549375 0.614174453125 0.25391075390625 0.542832361328125 0.0910957421875 0.53937103515625 0.08633163671875 0.46083784765625 0.140716611328125 0.54228537890625 0.311833396484375
0 0.821165064453125 0.426338734375 0.64446757421875 0.492048951171875 0.695671630859375 0.5695508515625 0.869807037109375 0.5075033984375 0.873864197265625 0.50455569921875 0.8403740546875 0.45277764453125 0.821165064453125 0.426338734375
0 0.78048587109375 0.473923759765625 0.772216419921875 0.4555461171875 0.705998482421875 0.31505768359375 0.703335078125 0.311648681640625 0.636499552734375 0.362872212890625 0.70812784375 0.534196466796875 0.73013594921875 0.518206642578125 0.78048587109375 0.473923759765625
0 0 0.5633682421875 0.075271849609375 0.5517126875 0.07643637109375 0.55086661328125 0.04492438671875 0.4793749375 0 0.48814178515625 0 0.5633682421875
0 0 0.60104913671875 0.038806248046875 0.637089923828125 0.124378958984375 0.58565623046875 0.126289591796875 0.583745599609375 0.1231864140625 0.57947444140625 0.11845126171875 0.574739291015625 0.072608271484375 0.5313017421875 0 0.57741955859375 0 0.60104913671875
0 0.08271533203125 0.69559878515625 0.16935909375 0.65791490234375 0.171357314453125 0.656409134765625 0.15304170703125 0.63119986328125 0.125518390625 0.5946751875 0.03041270703125 0.63520396875 0.032504142578125 0.63808258203125 0.08271533203125 0.69559878515625
0 1 0.461390771484375 0.88107109375 0.4860519375 0.921160345703125 0.56360294140625 1 0.549949177734375 1 0.461390771484375
0 1 0.44196734375 0.925717287109375 0.32281351171875 0.92406622265625 0.3212738671875 0.859365296875 0.38359621875 0.95634391796875 0.543129841796875 0.95844737890625 0.541601587890625 1 0.49704185546875 1 0.44196734375
0 0.937816701171875 0.27537469140625 0.770131099609375 0.35832396484375 0.828121736328125 0.4250982734375 0.99990407421875 0.350699541015625 0.9933062890625 0.341618466796875 0.97854339453125 0.32338780859375 0.937816701171875 0.27537469140625
0 0.60954019921875 0 0.542025978515625 0.022492416015625 0.58309911328125 0.10197440234375 0.763813642578125 0.05145779296875 0.76948733203125 0.047335615234375 0.745368630859375 0 0.60954019921875 0
0 0.694360353515625 0 0.681673458984375 0.01249552734375 0.62666584375 0.06750314453125 0.73272580859375 0.22772787109375 0.73317625 0.2281783125 0.75691067578125 0.204633064453125 0.8004541640625 0.161089576171875 0.697366013671875 0.000123421875 0.697242591796875 0 0.694360353515625 0
0 0.816895068359375 0.10750302734375 0.6574483359375 0.21429341015625 0.65927473046875 0.2168072265625 0.730141810546875 0.28289184765625 0.882423912109375 0.17685744921875 0.8828922734375 0.176355193359375 0.862793544921875 0.14869166796875 0.816895068359375 0.10750302734375
0 0.758734189453125 0.340555044921875 0.945345654296875 0.288456103515625 0.950220087890625 0.28491462109375 0.91306341015625 0.217882201171875 0.90139052734375 0.201815857421875 0.71483436328125 0.2578083828125 0.758734189453125 0.340555044921875
0 0.565044498046875 0 0.596743986328125 0.06668453515625 0.65973567578125 0.029499681640625 0.680619841796875 0.0164498046875 0.67329689453125 0 0.565044498046875 0
0 0.31313098046875 0.8409107109375 0.20746475390625 0.878391400390625 0.24923284765625 0.93799713671875 0.34222934375 0.90239916796875 0.351905353515625 0.895369134765625 0.33990150390625 0.877757173828125 0.31313098046875 0.8409107109375
0 0.180553546875 0.66450744140625 0.08611769921875 0.683052642578125 0.115063650390625 0.74504544921875 0.20679201953125 0.73234162890625 0.20954432421875 0.730341962890625 0.20195467578125 0.712575162109375 0.180553546875 0.66450744140625
0 0.351278064453125 0.894467154296875 0.24854689453125 0.943100560546875 0.290823119140625 0.98794061328125 0.39855221875 0.95050810546875 0.390707798828125 0.9397111875 0.35415076171875 0.89765712890625 0.351278064453125 0.894467154296875
0 0.262828462890625 0.869846064453125 0.277942115234375 0.86298341796875 0.26671675 0.76467783984375 0.2657954921875 0.76250749609375 0.197660666015625 0.787570638671875 0.209186923828125 0.891898703125 0.20958498046875 0.89244658203125 0.262828462890625 0.869846064453125
0 0.22928105859375 0.796219083984375 0.240995224609375 0.785717974609375 0.202411541015625 0.699507478515625 0.19983669921875 0.69643890234375 0.146741927734375 0.742905859375 0.18357038671875 0.83226144921875 0.20412389453125 0.817328453125 0.22928105859375 0.796219083984375
0 0.427176888671875 1 0.41444999609375 0.967834423828125 0.411996796875 0.962324447265625 0.29629362109375 0.97257117578125 0.30786903515625 1 0.427176888671875 1