0 0.3271484375 0.275390625 0.1044921875 0.1611328125
0 0.490234375 0.2880859375 0.107421875 0.107421875
0 0.4150390625 0.28515625 0.095703125 0.138671875
0 0.57421875 0.298828125 0.1015625 0.1376953125
0 0.814453125 0.318359375 0.1298828125 0.1298828125
0 0.087890625 0.267578125 0.123046875 0.123046875
0 0.2421875 0.279296875 0.1015625 0.1591796875
0 0.6455078125 0.30859375 0.09375 0.1455078125
0 0.1650390625 0.275390625 0.123046875 0.123046875
0 0.728515625 0.3203125 0.091796875 0.150390625
0 0.9013671875 0.337890625 0.111328125 0.111328125
0 0.439453125 0.4228515625 0.0966796875 0.158203125
0 0.529296875 0.431640625 0.119140625 0.1171875
0 0.697265625 0.4453125 0.1171875 0.115234375
0 0.353515625 0.4228515625 0.134765625 0.134765625
0 0.1875 0.412109375 0.091796875 0.1533203125
0 0.7822265625 0.455078125 0.0966796875 0.140625
0 0.6142578125 0.443359375 0.099609375 0.1376953125
0 0.0986328125 0.408203125 0.0986328125 0.1669921875
0 0.2744140625 0.423828125 0.1123046875 0.146484375
0 0.9501953125 0.470703125 0.099609375 0.13671875
0 0.865234375 0.46875 0.1064453125 0.140625
0 0.87890625 0.091796875 0.0859375 0.1357421875
0 0.955078125 0.0986328125 0.0810546875 0.140625
0 0.138671875 0.056640625 0.091796875 0.1123046875
0 0.5673828125 0.07421875 0.1171875 0.115234375
0 0.6455078125 0.080078125 0.0908203125 0.146484375
0 0.150390625 0.689453125 0.1357421875 0.1357421875
0 0.060546875 0.689453125 0.1044921875 0.1611328125
0 0.2470703125 0.705078125 0.1044921875 0.166015625
0 0.796875 0.091796875 0.1201171875 0.1201171875
0 0.4931640625 0.072265625 0.115234375 0.115234375
0 0.271484375 0.06640625 0.083984375 0.1328125
0 0.7216796875 0.08984375 0.0966796875 0.15625
0 0.337890625 0.7158203125 0.1142578125 0.169921875
0 0.8935546875 0.7626953125 0.1533203125 0.15625
0 0.423828125 0.732421875 0.1376953125 0.1376953125
0 0.701171875 0.75390625 0.115234375 0.171875
0 0.796875 0.763671875 0.142578125 0.142578125
0 0.611328125 0.751953125 0.154296875 0.154296875
0 0.5126953125 0.7509765625 0.1435546875 0.1435546875
0 0.4189453125 0.0703125 0.119140625 0.119140625
0 0.34375 0.06640625 0.1201171875 0.123046875
0 0.2041015625 0.05859375 0.1123046875 0.1123046875
0 0.169921875 0.88671875 0.1142578125 0.189453125
0 0.076171875 0.8798828125 0.15234375 0.158203125
0 0.458984375 0.9072265625 0.1171875 0.185546875
0 0.263671875 0.89453125 0.119140625 0.185546875
0 0.662109375 0.916015625 0.1171875 0.1669921875
0 0.556640625 0.9169921875 0.1484375 0.1484375
0 0.357421875 0.9052734375 0.1171875 0.177734375
0 0.7587890625 0.919921875 0.123046875 0.1591796875
0 0.859375 0.931640625 0.1533203125 0.1357421875