0 0.22719089453125 0.957662490234375 0.256486341796875 0.991363044921875 0.31495950390625 0.8909666875 0.27309674609375 0.84111173046875 0.268091048828125 0.84436246875 0.210557052734375 0.937545078125 0.22719089453125 0.957662490234375
0 0.2544035859375 0.844214458984375 0.335523818359375 0.93070173828125 0.397258720703125 0.90177341796875 0.31561063671875 0.81554080078125 0.2544035859375 0.844214458984375
0 0.608952947265625 0.731450849609375 0.50763694140625 0.6801141640625 0.45584022265625 0.7309732890625 0.452735462890625 0.73418836328125 0.45300067578125 0.73459675390625 0.55729546875 0.788474865234375 0.608952947265625 0.731450849609375
0 0.387394517578125 0.768409140625 0.47164683203125 0.83435193359375 0.539519228515625 0.793232955078125 0.5390061484375 0.792442880859375 0.44704765234375 0.72255748828125 0.436603173828125 0.729340212890625 0.38533536328125 0.765238322265625 0.387394517578125 0.768409140625
0 0.414609302734375 0.744735177734375 0.410093337890625 0.74723841796875 0.33041915625 0.832918505859375 0.362265052734375 0.890370025390625 0.36942406640625 0.90139394140625 0.453322529296875 0.81368871484375 0.414609302734375 0.744735177734375
0 0.6197608515625 0.74584339453125 0.672464138671875 0.69126754296875 0.56865339453125 0.63368641015625 0.516257357421875 0.69142874609375 0.51694559765625 0.69248854296875 0.51788683984375 0.69339748828125 0.6197608515625 0.74584339453125
0 0.5838120078125 0.634796919921875 0.58503273828125 0.636676681640625 0.6795839765625 0.706437564453125 0.742211916015625 0.65335521484375 0.645570587890625 0.58168816796875 0.5838120078125 0.634796919921875
0 1 0.43910737890625 0.980250205078125 0.383196732421875 0.97587048828125 0.384790818359375 0.857283234375 0.451856453125 0.886045904296875 0.52929066015625 0.88639403125 0.52982673046875 1 0.46323438671875 1 0.43910737890625
0 0.77734853515625 0.474159703125 0.774976734375 0.475882916015625 0.777190927734375 0.479292474609375 0.878019291015625 0.57405793359375 0.94058237890625 0.52938543359375 0.946608494140625 0.525007203125 0.94426192578125 0.5213938046875 0.84570909765625 0.426317408203125 0.77734853515625 0.474159703125
0 0.764601505859375 0.510696212890625 0.76282371875 0.51145083984375 0.64800990625 0.59453416015625 0.677868146484375 0.66487576953125 0.6798382265625 0.66790942578125 0.796948951171875 0.58100184765625 0.764601505859375 0.510696212890625
0 0.797358033203125 0.622051541015625 0.868553787109375 0.5804836640625 0.772774517578125 0.47640098046875 0.7206294453125 0.503903908203125 0.7089376796875 0.51149662890625 0.71229441015625 0.51755232421875 0.797358033203125 0.622051541015625
0 0.17016403125 0.86997216015625 0.2866965625 0.76549605078125 0.251791779296875 0.689171146484375 0.24936697265625 0.690301853515625 0.13629815234375 0.79895955859375 0.158208625 0.845946720703125 0.16953522265625 0.869003880859375 0.17016403125 0.86997216015625
0 0.20621197265625 0.7311927890625 0.114386537109375 0.7820924609375 0.09743469140625 0.793101119140625 0.116519568359375 0.8275311484375 0.134513892578125 0.8552399765625 0.2202549375 0.763960642578125 0.20621197265625 0.7311927890625
0 0.39976409765625 0.580897796875 0.517228462890625 0.663555173828125 0.53257921484375 0.651561853515625 0.57726475 0.615626478515625 0.4592924140625 0.522432724609375 0.446960013671875 0.532067853515625 0.3959628203125 0.575044345703125 0.39976409765625 0.580897796875
0 0.35364846875 0.71036584765625 0.316638859375 0.638169919921875 0.31211050390625 0.64047723046875 0.208781720703125 0.747281443359375 0.250171580078125 0.814667384765625 0.35364846875 0.71036584765625
0 0.418871056640625 0.708706212890625 0.50033016015625 0.68417026953125 0.403343462890625 0.564295736328125 0.33445136328125 0.59074093359375 0.33350241015625 0.59135719140625 0.335704390625 0.59709355078125 0.418871056640625 0.708706212890625
0 0.28020736328125 0.715495021484375 0.33366297265625 0.776988662109375 0.410157978515625 0.6429410625 0.35987112890625 0.587274619140625 0.358816068359375 0.587959783203125 0.3572186640625 0.5893483828125 0.28020736328125 0.715495021484375
0 0.542869876953125 0.46697045703125 0.52680228125 0.474462900390625 0.47196567578125 0.503723732421875 0.475468546875 0.51123566015625 0.567677673828125 0.623597837890625 0.638326669921875 0.5885728984375 0.6259907265625 0.57094824609375 0.542869876953125 0.46697045703125
0 0.902988896484375 0.22898061328125 0.8299028125 0.27644326953125 0.832560193359375 0.280535279296875 0.92165171484375 0.38434251171875 0.9925849609375 0.34112193359375 0.902988896484375 0.22898061328125
0 0.91842733984375 0.35979303515625 0.809898095703125 0.285274435546875 0.77115062890625 0.322422314453125 0.750611599609375 0.3436911015625 0.752047767578125 0.34590260546875 0.85980589453125 0.42351189453125 0.91842733984375 0.35979303515625
0 0.7735848046875 0.462264041015625 0.77278095703125 0.46102622265625 0.67198112890625 0.377553515625 0.60483731640625 0.43192550390625 0.6055806328125 0.433070109375 0.70880742578125 0.51335629296875 0.7735848046875 0.462264041015625
0 0.77043040625 0.471377404296875 0.83880044921875 0.43088889453125 0.8416014296875 0.42906991796875 0.752919892578125 0.326765095703125 0.72547219140625 0.34236048046875 0.68787338671875 0.364952123046875 0.679315986328125 0.37050936328125 0.67936294140625 0.3705875078125 0.77043040625 0.471377404296875
0 0.65600990625 0.415866900390625 0.652563736328125 0.417259244140625 0.548924265625 0.48928084765625 0.57633419921875 0.56016690625 0.58043237109375 0.5664775390625 0.68559345703125 0.488584359375 0.65600990625 0.415866900390625
0 0 0.64626340234375 0.00310441015625 0.65086587890625 0.1142176640625 0.525000658203125 0.110946298828125 0.52015066015625 0.06768322265625 0.458439095703125 0.06193155859375 0.46217426953125 0 0.542122470703125 0 0.64626340234375
0 0.565715080078125 0.08657366796875 0.56659083984375 0.089117064453125 0.65489093359375 0.2484543203125 0.741072138671875 0.22218504296875 0.654761849609375 0.054760814453125 0.623353943359375 0.06520710546875 0.570697080078125 0.083338318359375 0.565715080078125 0.08657366796875
0 0 0.501840228515625 0.152383359375 0.588928685546875 0.205950005859375 0.5377799296875 0.2057137578125 0.537416140625 0.043006732421875 0.43740424609375 0.02975069921875 0.45066027734375 0 0.4827593359375 0 0.501840228515625
0 0.40418223828125 0.303009923828125 0.47016074609375 0.3689884296875 0.575546638671875 0.20714869921875 0.511827453125 0.14951471484375 0.51023309375 0.15055010546875 0.505083890625 0.15569930859375 0.40418223828125 0.303009923828125
0 0.63355443359375 0.10456651171875 0.65321149609375 0.15577491015625 0.66691160546875 0.18898455859375 0.66743773046875 0.18979472265625 0.82738183203125 0.103739052734375 0.8108083515625 0.060563662109375 0.7834426953125 0.01842424609375 0.63355443359375 0.10456651171875
0 0.21287116015625 0.349248404296875 0.21112092578125 0.350615837890625 0.097171423828125 0.501280009765625 0.1191164140625 0.52936831640625 0.149409462890625 0.56720926953125 0.266172658203125 0.41666114453125 0.21412515234375 0.348434052734375 0.21287116015625 0.349248404296875
0 0.336102861328125 0.35281581640625 0.355555033203125 0.398066904296875 0.355901654296875 0.398600654296875 0.35719855078125 0.39807667578125 0.50450825390625 0.295097970703125 0.475114970703125 0.2130419375 0.47486116796875 0.21241375390625 0.32069389453125 0.314677279296875 0.336102861328125 0.35281581640625
0 0.54800531640625 0.31548660546875 0.549520693359375 0.31402322265625 0.652780689453125 0.164685419921875 0.593720212890625 0.094469869140625 0.5923333828125 0.095370486328125 0.480993671875 0.246094013671875 0.54800531640625 0.31548660546875
0 0.18454719921875 0.46282272265625 0.21773204296875 0.513718193359375 0.34879147265625 0.376149275390625 0.299385857421875 0.298741193359375 0.29588052734375 0.30084741015625 0.16656823828125 0.432900703125 0.18454719921875 0.46282272265625
0 0.43799730859375 0.398982279296875 0.304817310546875 0.267239703125 0.231678900390625 0.31037831640625 0.232281310546875 0.31142172265625 0.339902625 0.4277904453125 0.3538442890625 0.442342134765625 0.43848678125 0.399830072265625 0.43799730859375 0.398982279296875
0 1 0.610835302734375 0.960214904296875 0.67043297265625 1 0.7088529921875 1 0.610835302734375
0 1 0.6925836328125 0.975529328125 0.635525453125 0.9741367421875 0.63338105859375 0.97072530078125 0.634971841796875 0.892481240234375 0.69653915234375 0.910099732421875 0.736030150390625 0.918867544921875 0.75483278515625 0.924390384765625 0.7633372109375 1 0.708488865234375 1 0.6925836328125
0 0.89004624609375 0.793062798828125 0.953194599609375 0.755293255859375 0.878977474609375 0.6825585078125 0.825137705078125 0.71549559765625 0.815437548828125 0.721794951171875 0.81819571875 0.72604216015625 0.89004624609375 0.793062798828125
0 0.886096466796875 0.806323248046875 0.825511876953125 0.722687259765625 0.75725082421875 0.750266513671875 0.754459126953125 0.75207946484375 0.75536219921875 0.754314642578125 0.81022176171875 0.83124087109375 0.884746974609375 0.807199619140625 0.886096466796875 0.806323248046875
0 0 0.425403669921875 0.0158628984375 0.44365184765625 0.015982501953125 0.443574177734375 0.11454594921875 0.284763951171875 0.057924759765625 0.21885138671875 0.057093357421875 0.2193913046875 0 0.30495109765625 0 0.425403669921875
0 0.142077595703125 0.171654166015625 0.031581857421875 0.3167271953125 0.0471622578125 0.337403083984375 0.08862608203125 0.386690486328125 0.09008377734375 0.385592033203125 0.201545724609375 0.242619814453125 0.144863935546875 0.1698446953125 0.142077595703125 0.171654166015625
0 0.205097662109375 0.31601704296875 0.2887520703125 0.288792359375 0.289131427734375 0.28854600390625 0.1881840703125 0.13118180078125 0.128545896484375 0.151361279296875 0.106412107421875 0.1594173203125 0.097292412109375 0.16533971875 0.205097662109375 0.31601704296875
0 0.45295839453125 0 0.53521047265625 0.11085569921875 0.62177784375 0.06314015625 0.56994660546875 0 0.45295839453125 0
0 0.353905482421875 0 0.34280286328125 0.0059033671875 0.3343349609375 0.01140248828125 0.33457317578125 0.011850501953125 0.459002638671875 0.158245376953125 0.474578828125 0.149963369140625 0.542562041015625 0.11346638671875 0.54186560546875 0.11215658203125 0.449418646484375 0 0.353905482421875 0
0 0.4056604609375 0.01057972265625 0.39950094140625 0.01385480078125 0.257695021484375 0.13347987109375 0.29725739453125 0.207885873046875 0.305722103515625 0.220920380859375 0.44884341796875 0.09568196484375 0.4056604609375 0.01057972265625
0 0.193515349609375 0.22614877734375 0.22541275 0.277091203125 0.369198259765625 0.14162528515625 0.31934259375 0.0586515234375 0.3150598515625 0.06122485546875 0.1761548203125 0.19725600390625 0.193515349609375 0.22614877734375
0 0.556425134765625 1 0.62453766015625 0.93410092578125 0.58875880078125 0.872079013671875 0.58524672265625 0.8740257890625 0.50941371875 0.95111318359375 0.528620107421875 0.985762423828125 0.537081388671875 1 0.556425134765625 1
0 0.770352291015625 0.75469102734375 0.76392448828125 0.758553240234375 0.699923408203125 0.820120708984375 0.716631302734375 0.84792731640625 0.738894806640625 0.88221010546875 0.803670158203125 0.812466814453125 0.770352291015625 0.75469102734375
0 0.53601821484375 1 0.56259084765625 0.977964884765625 0.533738681640625 0.909979251953125 0.532779328125 0.910406384765625 0.452325759765625 0.99325208203125 0.455009134765625 1 0.53601821484375 1
0 0.58356021484375 0.92201581640625 0.616937693359375 0.969683796875 0.68242497265625 0.886775970703125 0.638030841796875 0.82955194140625 0.63581647265625 0.83098997265625 0.5743797578125 0.9081869453125 0.58356021484375 0.92201581640625
0 0.66164208203125 0.89513935546875 0.69120740234375 0.92684427734375 0.741687455078125 0.843198849609375 0.69449936328125 0.789154720703125 0.68873049609375 0.79290106640625 0.64291922265625 0.874205265625 0.66164208203125 0.89513935546875
0 0.476819611328125 1 0.43669263671875 0.9568772265625 0.43118266015625 0.95933042578125 0.371427107421875 0.989010076171875 0.372576021484375 0.991590580078125 0.3818076640625 1 0.476819611328125 1