0 0.001108271484375 0.26473819921875 0.02070661328125 0.32512697265625 0.1328349921875 0.328616447265625 0.13748122265625 0.32719594921875 0.11553219921875 0.2612714609375 0.000717841796875 0.26065533984375 0.000828458984375 0.26382297265625 0.001108271484375 0.26473819921875
0 0.16023362109375 0.350212244140625 0.193247875 0.236323697265625 0.12569442578125 0.238562701171875 0.092094236328125 0.35246398046875 0.16023362109375 0.350212244140625
0 0.443492318359375 0.262105654296875 0.333280416015625 0.240425546875 0.332075126953125 0.240552228515625 0.337647357421875 0.3169222109375 0.45349018359375 0.33876775390625 0.452996685546875 0.3340724375 0.443492318359375 0.262105654296875
0 0.28238011328125 0.24370648828125 0.256411404296875 0.348247177734375 0.256534359375 0.350593314453125 0.298514740234375 0.349127326171875 0.331706900390625 0.347387798828125 0.361499375 0.23435928125 0.360607267578125 0.23439043359375 0.28238011328125 0.24370648828125
0 0.275409078125 0.230758029296875 0.27540122265625 0.230708447265625 0.195583634765625 0.24290576171875 0.178396755859375 0.361139201171875 0.1930755625 0.36062660546875 0.2562528359375 0.35062030859375 0.275409078125 0.230758029296875
0 0.420579193359375 0.349818224609375 0.420931431640625 0.35232451953125 0.498726302734375 0.34384451171875 0.51316061328125 0.226014513671875 0.438029607421875 0.23657348828125 0.420579193359375 0.349818224609375
0 0.5165244765625 0.23374720703125 0.5027994765625 0.35273797265625 0.584563333984375 0.34370191015625 0.5980586015625 0.224146109375 0.5165244765625 0.23374720703125
0 0.833132732421875 0.2273761796875 0.8440702421875 0.366035513671875 0.84552649609375 0.36598466015625 0.922838712890625 0.346708560546875 0.914042611328125 0.20776814453125 0.833132732421875 0.2273761796875
0 0.72460308203125 0.31840930859375 0.853717138671875 0.35006411328125 0.862879638671875 0.34974415234375 0.86581973046875 0.264971447265625 0.729062078125 0.23332658984375 0.72460308203125 0.31840930859375
0 0.55677718359375 0.3081047109375 0.6835993671875 0.366948923828125 0.687551677734375 0.36681090625 0.705561888671875 0.29296948828125 0.57343721484375 0.229725431640625 0.55677718359375 0.3081047109375
0 0.639748087890625 0.302820591796875 0.64503846484375 0.336222724609375 0.786585908203125 0.3390542734375 0.787313255859375 0.33893907421875 0.774184162109375 0.2659080859375 0.63370298828125 0.254553482421875 0.633876154296875 0.25951233203125 0.639748087890625 0.302820591796875
0 0.12352349609375 0.511583396484375 0.16616291796875 0.36167320703125 0.087790828125 0.36145145703125 0.040618953125 0.50784526171875 0.04081715234375 0.513520970703125 0.095243626953125 0.512570951171875 0.12352349609375 0.511583396484375
0 0 0.4424519609375 0.113282072265625 0.490052701171875 0.119780953125 0.489825755859375 0.123724693359375 0.406625138671875 0.002043265625 0.39434868359375 0 0.417703322265625 0 0.4424519609375
0 0.36694809375 0.49546253515625 0.41172234375 0.501600357421875 0.441753802734375 0.5052877578125 0.502523541015625 0.367937576171875 0.50257570703125 0.36751271875 0.430176212890625 0.355888203125 0.4187223359375 0.354481841796875 0.36682309375 0.491883025390625 0.36694809375 0.49546253515625
0 0.1157791875 0.44804282421875 0.248981646484375 0.50720230078125 0.25682533984375 0.50692839453125 0.263926123046875 0.42800233203125 0.128911978515625 0.37005875390625 0.1157791875 0.44804282421875
0 0.28266178125 0.499475017578125 0.2836650234375 0.499616013671875 0.3646670078125 0.504943048828125 0.42356629296875 0.37071032421875 0.42354455859375 0.370087900390625 0.347506716796875 0.360339830078125 0.28283227734375 0.493087728515625 0.282517056640625 0.495330638671875 0.28266178125 0.499475017578125
0 0.25698956640625 0.36452841796875 0.202977970703125 0.500971609375 0.203172498046875 0.5065421484375 0.2774039765625 0.51173291796875 0.3380541171875 0.37082714453125 0.25698956640625 0.36452841796875
0 0.4636830859375 0.4897622734375 0.46426380078125 0.5063917578125 0.52886297265625 0.506809345703125 0.54001815234375 0.506419796875 0.57484488671875 0.35993471484375 0.57475046875 0.35723094921875 0.496123390625 0.354369265625 0.493728369140625 0.354411068359375 0.46441707421875 0.485122365234375 0.4636830859375 0.4897622734375
0 0.87595680859375 0.36938271875 0.8755060546875 0.378998884765625 0.87277688671875 0.457152033203125 0.984685548828125 0.472130240234375 0.99578010546875 0.471742810546875 0.99754905859375 0.421086662109375 0.996458080078125 0.389845146484375 0.87595680859375 0.36938271875
0 0.82179390234375 0.363287009765625 0.809535125 0.49700805859375 0.85006108984375 0.495592859375 0.893380572265625 0.491644837890625 0.90834226171875 0.3608481796875 0.82179390234375 0.363287009765625
0 0.75547193359375 0.47233971484375 0.76373981640625 0.469968935546875 0.740352291015625 0.39219125 0.609034068359375 0.39878501171875 0.609159412109375 0.40237437890625 0.6308618984375 0.4824275078125 0.75547193359375 0.47233971484375
0 0.712373947265625 0.475990744140625 0.84492451953125 0.4715912734375 0.849186921875 0.470607220703125 0.8491503515625 0.46955999609375 0.828252470703125 0.38814091796875 0.69490282421875 0.39531634765625 0.69510848828125 0.401205826171875 0.712373947265625 0.475990744140625
0 0.667693859375 0.386069751953125 0.589584123046875 0.37210297265625 0.5371771015625 0.486953701171875 0.53708542578125 0.4874736171875 0.53728025390625 0.49305272265625 0.61731798046875 0.50593041796875 0.667693859375 0.386069751953125
0 0.033689421875 0.81061876953125 0.095290587890625 0.811694021484375 0.145050962890625 0.633015904296875 0.1449694765625 0.63068244140625 0.0732870234375 0.632718201171875 0.013445171875 0.8042040546875 0.013644337890625 0.8099073984375 0.033689421875 0.81061876953125
0 0.840979640625 0.79325287109375 0.90003638671875 0.61438801171875 0.810806794921875 0.60192386328125 0.7487257421875 0.772546203125 0.748894169921875 0.77736934375 0.8083242578125 0.787848470703125 0.840979640625 0.79325287109375
0 0.160836087890625 0.811852994140625 0.170783228515625 0.811679365234375 0.17961419921875 0.81137098046875 0.220758169921875 0.62457962109375 0.146561923828125 0.62758913671875 0.102458025390625 0.80122774609375 0.10278751171875 0.810662994140625 0.160836087890625 0.811852994140625
0 0.609285392578125 0.60729587109375 0.56396326953125 0.78140882421875 0.563403681640625 0.789411306640625 0.62742228125 0.79712515625 0.649609111328125 0.798676611328125 0.70251258984375 0.61331185546875 0.609285392578125 0.60729587109375
0 1 0.656753603515625 0.826700076171875 0.63460917578125 0.82578725390625 0.671490240234375 0.825787251953125 0.726341859375 1 0.753580505859375 1 0.656753603515625
0 0.35818876171875 0.718896234375 0.184547486328125 0.634583357421875 0.181956470703125 0.64791298046875 0.168799671875 0.720035025390625 0.33686553515625 0.79913265234375 0.33901634765625 0.7995507265625 0.34153571484375 0.799462748046875 0.35818876171875 0.718896234375
0 0.44014403125 0.66634893359375 0.450164703125 0.71457376171875 0.45941778125 0.7546532421875 0.64436016796875 0.74999590234375 0.644207759765625 0.749335751953125 0.621219919921875 0.66526008984375 0.441484716796875 0.66539824609375 0.4401218203125 0.66571289453125 0.44014403125 0.66634893359375
0 0.825309015625 0.749694302734375 0.829548755859375 0.74894672265625 0.813378056640625 0.6543737109375 0.624265486328125 0.655870056640625 0.624349763671875 0.65828348828125 0.645986474609375 0.745505958984375 0.825309015625 0.749694302734375
0 0.3353613203125 0.80620105078125 0.364272072265625 0.81026419140625 0.439373494140625 0.636616421875 0.345494060546875 0.619885265625 0.274128439453125 0.79132297265625 0.274099177734375 0.79153117578125 0.27425251953125 0.795922302734375 0.3353613203125 0.80620105078125
0 0.502062892578125 0.61526126171875 0.4176530625 0.6263245390625 0.39392018359375 0.81131012109375 0.394166 0.813059208984375 0.48682309765625 0.79449116015625 0.48885036328125 0.7744409296875 0.502095712890625 0.615494791015625 0.502062892578125 0.61526126171875
0 0.94774995703125 0.120079814453125 0.957039953125 0.11975540234375 0.9589826015625 0.069648349609375 0.959797974609375 0.04629914453125 0.862853013671875 0.025265048828125 0.859608748046875 0.097477998046875 0.859831052734375 0.103843947265625 0.94774995703125 0.120079814453125
0 0.875623142578125 0.124120310546875 0.8768166953125 0.124120310546875 0.880292234375 0.12399894140625 0.8810665234375 0.0464919140625 0.783969708984375 0.02889113671875 0.783969708984375 0.080487419921875 0.784858849609375 0.105949103515625 0.875623142578125 0.124120310546875
0 0.06559444921875 1 0.076930267578125 0.996749505859375 0.077432951171875 0.8052521640625 0.01086217578125 0.819779576171875 0.01406656640625 0.911541271484375 0.039431697265625 1 0.06559444921875 1
0 0.7091258671875 0.02545966015625 0.705340443359375 0.05628946484375 0.700787650390625 0.09929205078125 0.793211896484375 0.1332936640625 0.79849277734375 0.13310925390625 0.80546573046875 0.056683748046875 0.7091258671875 0.02545966015625
0 0.621627251953125 0.075971611328125 0.636794818359375 0.123950474609375 0.73449069140625 0.118108541015625 0.74011583984375 0.116495556640625 0.71764586328125 0.047813591796875 0.615664169921875 0.051389265625 0.61581473828125 0.055700966796875 0.621627251953125 0.075971611328125
0 0.581178583984375 0.0342391875 0.54633013671875 0.12540761328125 0.54653709765625 0.131334169921875 0.624007498046875 0.13523058984375 0.658219658203125 0.043698640625 0.581178583984375 0.0342391875
0 0.127313810546875 0.91336292578125 0.296672560546875 0.982389884765625 0.300861208984375 0.98224361328125 0.308152705078125 0.890520982421875 0.134914275390625 0.826489220703125 0.127313810546875 0.91336292578125
0 0.34013047265625 0.99026254296875 0.37164910546875 0.805969173828125 0.292893453125 0.812978978515625 0.2785765390625 0.81448374609375 0.25082809375 0.988504439453125 0.251513529296875 0.995025939453125 0.33583132421875 0.99071440234375 0.34013047265625 0.99026254296875
0 0.219223873046875 0.970605169921875 0.22406949609375 0.970010203125 0.21712314453125 0.88389280078125 0.01812929296875 0.84879687890625 0.01854219921875 0.860621001953125 0.028291119140625 0.940019564453125 0.219223873046875 0.970605169921875
0 0.31552309765625 0.915386916015625 0.48586621875 0.97265619140625 0.4944221875 0.97235741015625 0.497226974609375 0.87752087109375 0.317108392578125 0.826960625 0.31552309765625 0.915386916015625
0 0.879722078125 0.8087161953125 0.7921048125 0.7906163828125 0.7168525078125 0.96466174609375 0.716419408203125 0.96669931640625 0.71652398828125 0.9696941328125 0.80966162890625 0.989491150390625 0.81189444140625 0.989413177734375 0.879722078125 0.8087161953125
0 0.59515939453125 0.852123275390625 0.6009459140625 0.879892611328125 0.613749072265625 0.940126736328125 0.80489248046875 0.94133819140625 0.80704157421875 0.94088138671875 0.80306313671875 0.92143897265625 0.78688916015625 0.84534641015625 0.594981501953125 0.8470291015625 0.59515939453125 0.852123275390625
0 0.49797154296875 0.87656991796875 0.52004858203125 0.948351845703125 0.7079538984375 0.9391208828125 0.712237173828125 0.937892673828125 0.68493609375 0.84268249609375 0.493654779296875 0.85555367578125 0.49389184375 0.8623423125 0.49797154296875 0.87656991796875
0 0.49221597265625 1 0.52522899609375 0.999423755859375 0.532275615234375 0.99917768359375 0.570880388671875 0.805865923828125 0.47720969921875 0.8057799609375 0.43593374609375 0.993496349609375 0.436160859375 1 0.49221597265625 1
0 0.845800380859375 0.98822915625 0.872255935546875 0.98730530859375 0.87655321484375 0.987038416015625 0.94182385546875 0.98132797265625 0.95207239453125 0.785959599609375 0.95008803125 0.78602889453125 0.926462626953125 0.788095849609375 0.84947778515625 0.798194693359375 0.844622203125 0.974762521484375 0.845800380859375 0.98822915625
0 0.35573890234375 0.080477099609375 0.246722759765625 0.05234453515625 0.249273326171875 0.12538320703125 0.34426558203125 0.14740776171875 0.356060859375 0.14699586328125 0.35573890234375 0.080477099609375
0 0.532879509765625 0.142784173828125 0.533842478515625 0.142988349609375 0.58057287109375 0.05908224609375 0.50929090625 0.041483037109375 0.4697284453125 0.122995986328125 0.46964880078125 0.12334096484375 0.469819375 0.128225595703125 0.532879509765625 0.142784173828125
0 0.237824064453125 0.162251466796875 0.29060051171875 0.06158594140625 0.229851798828125 0.051217548828125 0.16708951171875 0.14483193359375 0.167176109375 0.147311703125 0.23361005078125 0.161432673828125 0.237824064453125 0.162251466796875
0 0.32718400390625 0.110776369140625 0.32904039453125 0.12727098046875 0.426003380859375 0.146973119140625 0.4283521875 0.146767625 0.425570541015625 0.07422261328125 0.3233570390625 0.05306362890625 0.324168974609375 0.076314439453125 0.32718400390625 0.110776369140625
0 0.490004759765625 0.038036001953125 0.489888865234375 0.03757117578125 0.48927684765625 0.037592546875 0.483381974609375 0.0390623046875 0.417798486328125 0.057712685546875 0.41457880859375 0.155334287109375 0.414717783203125 0.15589168359375 0.41532980078125 0.1558703125 0.425086669921875 0.153437650390625 0.48374519140625 0.13750988671875 0.490004759765625 0.038036001953125
0 0.0360014609375 0.167553298828125 0.06366673828125 0.166587205078125 0.1056534140625 0.162174228515625 0.139269541015625 0.0513785234375 0.136508447265625 0.05147494140625 0.06874678515625 0.061978888671875 0.0360014609375 0.167553298828125
0 0.098743146484375 0.15759052734375 0.163929349609375 0.16723135546875 0.169927728515625 0.16786180859375 0.218905390625 0.0625365546875 0.164576470703125 0.055750794921875 0.15561023046875 0.05480840625 0.1424504453125 0.077021140625 0.098616650390625 0.153968126953125 0.098743146484375 0.15759052734375
0 0 0.16661616015625 0.05775284765625 0.171484080078125 0.06642450390625 0.171181259765625 0.071331162109375 0.11509790234375 0.07533752734375 0.065577462890625 0.032947599609375 0.06436687890625 0 0.129008736328125 0 0.16661616015625