0 0.94361075390625 0.183911083984375 0.908423177734375 0.156419537109375 0.8874627890625 0.14086135546875 0.79743205859375 0.203184248046875 0.79504026953125 0.20881894921875 0.846412234375 0.247558451171875 0.94361075390625 0.183911083984375
0 0.85421721875 0.20745121484375 0.76349854296875 0.283126603515625 0.76333341796875 0.28351561328125 0.82041787890625 0.319326953125 0.911966482421875 0.2436875 0.85421721875 0.20745121484375
0 0.67687576171875 0.47718719140625 0.7526939296875 0.5665236953125 0.7533315234375 0.566794337890625 0.7557260390625 0.56310710546875 0.793629919921875 0.50119712109375 0.72272606640625 0.41631060546875 0.720025873046875 0.415164443359375 0.67687576171875 0.47718719140625
0 0.82178072265625 0.397640451171875 0.72411580078125 0.352201556640625 0.722398353515625 0.35196018359375 0.72036312109375 0.35675489453125 0.7105923359375 0.426277640625 0.815365056640625 0.476850921875 0.816074916015625 0.47517859765625 0.82178072265625 0.397640451171875
0 0.8811694609375 0.32582437109375 0.870017384765625 0.31732520703125 0.817355640625 0.27764173828125 0.72118448828125 0.34682204296875 0.719654609375 0.35042621484375 0.7584385390625 0.3799791640625 0.7808836953125 0.396892802734375 0.880532173828125 0.32732573046875 0.8811694609375 0.32582437109375
0 0.661686158203125 0.496165490234375 0.65919368359375 0.495726 0.64321871484375 0.57233378515625 0.75082125390625 0.62247310546875 0.763995830078125 0.5477563671875 0.661686158203125 0.496165490234375
0 0.61218730859375 0.6136362265625 0.606739619140625 0.621416330078125 0.684261728515625 0.712439171875 0.73341598828125 0.64647829296875 0.65622390234375 0.556288767578125 0.6556426015625 0.555881736328125 0.6548381171875 0.55554025390625 0.61218730859375 0.6136362265625
0 0.538542296875 1 0.606567232421875 0.88845891015625 0.52904303515625 0.85811287109375 0.45991798046875 0.975511609375 0.45832569140625 0.979659666015625 0.46283725390625 0.9815747109375 0.51223568359375 1 0.538542296875 1
0 0.561730921875 0.78007665234375 0.488090658203125 0.8944515625 0.485958982421875 0.89972764453125 0.497175513671875 0.904488779296875 0.566281767578125 0.930997283203125 0.640400166015625 0.812514609375 0.608441080078125 0.798948783203125 0.561730921875 0.78007665234375
0 0.69910430078125 0.724875076171875 0.603282099609375 0.623620240234375 0.59579358984375 0.62044155859375 0.55396698046875 0.68484888671875 0.654789763671875 0.788856595703125 0.69910430078125 0.724875076171875
0 0.681118076171875 0.752616861328125 0.65545912890625 0.733281458984375 0.621334400390625 0.70866218359375 0.51280597265625 0.797741927734375 0.512394279296875 0.79871181640625 0.57671948828125 0.84947391796875 0.681118076171875 0.752616861328125
0 0.809054673828125 0.113698798828125 0.783519576171875 0.105321990234375 0.73394033984375 0.09016409765625 0.64207622265625 0.21725476953125 0.64129398828125 0.21981334375 0.72173391015625 0.2437560625 0.809054673828125 0.113698798828125
0 0.672872705078125 0.16471787109375 0.705722287109375 0.17615601953125 0.79244258203125 0.08248032421875 0.755963986328125 0.065470076171875 0.724441318359375 0.052089498046875 0.682521 0.1419879140625 0.672872705078125 0.16471787109375
0 0.527813009765625 0.40248534765625 0.520493703125 0.44483462109375 0.515760466796875 0.47471909765625 0.65090614453125 0.54024526953125 0.651328921875 0.540312228515625 0.665473064453125 0.468362529296875 0.66727830078125 0.456964708984375 0.5291969296875 0.39922503515625 0.527813009765625 0.40248534765625
0 0.70058485546875 0.17017183984375 0.6051966484375 0.26816787890625 0.60130276953125 0.27734128515625 0.66620315234375 0.3156607890625 0.774980677734375 0.206683884765625 0.70058485546875 0.17017183984375
0 0.535670658203125 0.415965197265625 0.532763396484375 0.422814275390625 0.60403618359375 0.46193625390625 0.71294865234375 0.366224458984375 0.713055900390625 0.365971798828125 0.648820763671875 0.32425701171875 0.535670658203125 0.415965197265625
0 0.579764443359375 0.30408891796875 0.693048892578125 0.40465462109375 0.725386572265625 0.335600365234375 0.617844521484375 0.234298546875 0.611937833984375 0.231791306640625 0.5800830859375 0.30333824609375 0.579764443359375 0.30408891796875
0 0.59054296875 0.479022876953125 0.563537341796875 0.46755966796875 0.48324087890625 0.57167939453125 0.4784224375 0.5788259453125 0.473437103515625 0.590570658203125 0.542463916015625 0.62330326171875 0.637424841796875 0.503379525390625 0.637754603515625 0.502638873046875 0.598512232421875 0.482571021484375 0.59054296875 0.479022876953125
0 0.43103293359375 1 0.46446459765625 0.9388946796875 0.355429388671875 0.86638781640625 0.341948060546875 0.86066533203125 0.30628246484375 0.932656658203125 0.400216658203125 1 0.43103293359375 1
0 0.341205716796875 0.85753603515625 0.450953927734375 0.930247439453125 0.488073048828125 0.852025078125 0.378013296875 0.78261501953125 0.3732077265625 0.78057517578125 0.36113357421875 0.807694169921875 0.341205716796875 0.85753603515625
0 0.411451322265625 0.688613044921875 0.409438669921875 0.6933545546875 0.512059091796875 0.774608056640625 0.51303346484375 0.7751045234375 0.54964310546875 0.700913607421875 0.452475373046875 0.619016916015625 0.44790155078125 0.617075443359375 0.411451322265625 0.688613044921875
0 0.528244212890625 0.748821400390625 0.50228335546875 0.73131058203125 0.45635528125 0.70193314453125 0.36594598046875 0.79581691015625 0.36391464453125 0.800602439453125 0.43130033984375 0.845430837890625 0.528244212890625 0.748821400390625
0 0.58018186328125 0.62728198046875 0.493781943359375 0.54149398046875 0.486267517578125 0.538304296875 0.4457099296875 0.602863716796875 0.536850875 0.69899851953125 0.58018186328125 0.62728198046875
0 0.444476453125 0 0.38783447265625 0.082223599609375 0.3861901328125 0.08674138671875 0.394340341796875 0.090200947265625 0.45361072265625 0.108744779296875 0.539298158203125 0 0.444476453125 0
0 0.11377363671875 0.64859965625 0.092161072265625 0.691104740234375 0.23751880859375 0.80878770703125 0.282889521484375 0.724866388671875 0.13903334765625 0.615388634765625 0.13583949609375 0.61361825390625 0.133673728515625 0.61269894140625 0.11377363671875 0.64859965625
0 0.531200623046875 0.032040466796875 0.45725025 0.00486952734375 0.45669292578125 0.004688443359375 0.358594611328125 0.16526055078125 0.35740984765625 0.1689068828125 0.427662033203125 0.189953169921875 0.531200623046875 0.032040466796875
0 0.20616666796875 0.44487011328125 0.19737904296875 0.441139986328125 0.1617122421875 0.52516569921875 0.317804947265625 0.62883605078125 0.356205162109375 0.54965078515625 0.20616666796875 0.44487011328125
0 0.203049830078125 0.891644265625 0.24520604296875 0.81037851953125 0.100678134765625 0.709605416015625 0.09266958203125 0.705699384765625 0.054649365234375 0.7745094375 0.05098932421875 0.782013638671875 0.047731158203125 0.78968939453125 0.203049830078125 0.891644265625
0 0.440160927734375 0.106294392578125 0.4052952734375 0.098883470703125 0.31983138671875 0.2673474296875 0.31905959765625 0.270978419921875 0.403325607421875 0.2878752421875 0.48708166015625 0.117685234375 0.48289504296875 0.11590812109375 0.440160927734375 0.106294392578125
0 0.259226873046875 0.345177291015625 0.253118103515625 0.353283900390625 0.20971351171875 0.415949337890625 0.32592161328125 0.554224765625 0.326430802734375 0.55460846875 0.369739701171875 0.499694087890625 0.38249241015625 0.482770673828125 0.2620721484375 0.3463850390625 0.259226873046875 0.345177291015625
0 0.274502380859375 0.72000542578125 0.27500687109375 0.72021956640625 0.319335568359375 0.634323376953125 0.1676157890625 0.521865330078125 0.166919140625 0.52156962109375 0.13080594921875 0.60636605859375 0.274502380859375 0.72000542578125
0 0.2855781015625 0.230333275390625 0.271606080078125 0.25898016796875 0.41520835546875 0.382065908203125 0.458168828125 0.299708162109375 0.319363357421875 0.177385744140625 0.316360224609375 0.175921017578125 0.314956119140625 0.175325009765625 0.2855781015625 0.230333275390625
0 0.4168536328125 0.348929404296875 0.398272216796875 0.341128599609375 0.251064626953125 0.28235826953125 0.24987463671875 0.28216979296875 0.235811734375 0.36590987890625 0.406531466796875 0.443031798828125 0.40749836328125 0.44318494140625 0.4168536328125 0.348929404296875
0 0.78967765234375 1 0.80165056640625 0.976484037109375 0.730785546875 0.920475888671875 0.72250668359375 0.916961720703125 0.6884139921875 0.983872390625 0.68794844921875 0.98496914453125 0.70769751953125 1 0.78967765234375 1
0 0.74560398828125 0.84206516015625 0.7176773515625 0.911035083984375 0.80152847265625 0.972400056640625 0.8300448203125 0.89893054296875 0.74560398828125 0.84206516015625
0 0.867412443359375 0.809443513671875 0.84408616796875 0.799057986328125 0.79758269921875 0.779836796875 0.740902658203125 0.8562179296875 0.737575373046875 0.86405651953125 0.80393688671875 0.89071213671875 0.867412443359375 0.809443513671875
0 0.85736469140625 0.832884326171875 0.88769309765625 0.761435072265625 0.809444435546875 0.70264376953125 0.805164701171875 0.70082712890625 0.79965802734375 0.713800037109375 0.778808685546875 0.77476786328125 0.85736469140625 0.832884326171875
0 0.19103800390625 0 0.16728431640625 0.046619240234375 0.30139273046875 0.176919013671875 0.34331805078125 0.09299559765625 0.241063951171875 0 0.19103800390625 0
0 0.11855751953125 0.21038049609375 0.117711828125 0.212473658203125 0.199081494140625 0.250542841796875 0.312984982421875 0.103195912109375 0.26357693359375 0.08222344140625 0.22661766015625 0.06729092578125 0.11855751953125 0.21038049609375
0 0.228444373046875 0 0.197928173828125 0.0548247265625 0.1968299609375 0.05958161328125 0.280129640625 0.08250806640625 0.32776994921875 0 0.228444373046875 0
0 0.08539794140625 0.21916021875 0.21610508984375 0.353005966796875 0.261691138671875 0.27721919921875 0.138776080078125 0.137884658203125 0.13696669921875 0.13711662109375 0.118475892578125 0.16558996484375 0.08539794140625 0.21916021875
0 0 0.64545451171875 0.075975421875 0.70563366796875 0.122172888671875 0.618246732421875 0 0.530861865234375 0 0.64545451171875
0 0 0.59472115234375 0.050874966796875 0.613238125 0.15406414453125 0.4504065 0.15421975390625 0.44997896484375 0.15106716796875 0.448640771484375 0.135797021484375 0.442951115234375 0.06224701171875 0.4161811015625 0 0.5177684296875 0 0.59472115234375
0 0.13749189453125 0.53284262890625 0.139170341796875 0.533555087890625 0.188612146484375 0.45095808984375 0.057457021484375 0.31894140234375 0.052308166015625 0.31675584375 0.000426845703125 0.39978330859375 0.13749189453125 0.53284262890625
0 0.158207890625 0.234749453125 0.02992451953125 0.375763064453125 0.027719927734375 0.38095675390625 0.106338791015625 0.428293982421875 0.243049083984375 0.283732537109375 0.158207890625 0.234749453125
0 0 0.77286896875 0.03583380859375 0.79665456640625 0.08236905859375 0.71075456640625 0 0.65307304296875 0 0.77286896875
0 1 0.45801973828125 0.9869045703125 0.44984330078125 0.954685244140625 0.4304839765625 0.879241302734375 0.50320271484375 0.87796507421875 0.50532671484375 0.8764721171875 0.50884390625 0.93323502734375 0.54531679296875 1 0.484073583984375 1 0.45801973828125
0 0.880786373046875 0.65300769921875 0.849041966796875 0.641453677734375 0.800817646484375 0.716026505859375 0.798252875 0.72307315625 0.8613245078125 0.744754740234375 0.917905431640625 0.667205703125 0.916822361328125 0.66674596484375 0.880786373046875 0.65300769921875
0 1 0.39552514453125 0.96481360546875 0.35102430078125 0.95859841015625 0.34838610546875 0.926306416015625 0.39683205078125 0.988383755859375 0.495559126953125 1 0.47896676171875 1 0.39552514453125
0 0.85078816015625 0.591658986328125 0.922729548828125 0.61171650390625 0.978068193359375 0.528063572265625 0.97837186328125 0.5270703125 0.930280482421875 0.50975242578125 0.909085123046875 0.503272353515625 0.85132966015625 0.58988781640625 0.85078816015625 0.591658986328125
0 0.86946707421875 0.56007549609375 0.86479066015625 0.567858359375 0.83457544921875 0.620598828125 0.90048792578125 0.69536366796875 0.9010076953125 0.6956759765625 0.904445236328125 0.68995494921875 0.937631955078125 0.63039260546875 0.873346669921875 0.5617222890625 0.86946707421875 0.56007549609375
0 1 0.270410828125 0.95499164453125 0.307867833984375 0.95247337109375 0.313800517578125 1 0.338016544921875 1 0.270410828125
0 1 0.3061881484375 0.981078365234375 0.286635880859375 0.97243866015625 0.28296854296875 0.94936064453125 0.32615451953125 0.94437777734375 0.335933947265625 0.960373193359375 0.356147244140625 1 0.404507529296875 1 0.3061881484375