0 0.10819293359375 0.70772755078125 0.062854861328125 0.762560615234375 0.12013366796875 0.855329921875 0.12026967578125 0.85544815234375 0.126017818359375 0.85825170703125 0.167257310546875 0.809139005859375 0.10819293359375 0.70772755078125
0 0.0933039609375 0.708635505859375 0.179791240234375 0.789755740234375 0.208464896484375 0.728548689453125 0.12223228125 0.646900603515625 0.0933039609375 0.708635505859375
0 0.338558583984375 0.48620317578125 0.28172938671875 0.44103689453125 0.187389310546875 0.50200115234375 0.186610296875 0.50292954296875 0.243669671875 0.55399471484375 0.341675345703125 0.48956650390625 0.3419342421875 0.489035689453125 0.338558583984375 0.48620317578125
0 0.16312968359375 0.61037097265625 0.18547944140625 0.616779662109375 0.236997115234375 0.6279263125 0.295637439453125 0.537456578125 0.29689761328125 0.533061828125 0.294667908203125 0.531974328125 0.225229810546875 0.51216416015625 0.1604449765625 0.609061552734375 0.16312968359375 0.61037097265625
0 0.129531826171875 0.6494497734375 0.22816993359375 0.7187227578125 0.2332670859375 0.708272044921875 0.253383548828125 0.642474064453125 0.15301611328125 0.5740829453125 0.129531826171875 0.6494497734375
0 0.22415722265625 0.4438430390625 0.223439845703125 0.444906599609375 0.28722917578125 0.49087747265625 0.374640626953125 0.414849001953125 0.375864234375 0.412340232421875 0.31390106640625 0.37054555078125 0.22415722265625 0.4438430390625
0 0.32948215625 0.416994041015625 0.34105245703125 0.42120528515625 0.40887278125 0.322819599609375 0.33243740625 0.2924121640625 0.264393744140625 0.39163802734375 0.32948215625 0.416994041015625
0 0.499993423828125 0 0.40631943359375 0.088924923828125 0.415678193359375 0.0959772578125 0.47160893359375 0.137296162109375 0.56967453515625 0.047049208984375 0.572642125 0.04096474609375 0.5190185234375 0 0.499993423828125 0
0 0.393739103515625 0.196099220703125 0.43660175390625 0.20838988671875 0.467336458984375 0.216617375 0.52574324609375 0.097017171875 0.527916962890625 0.089436521484375 0.526659716796875 0.08882332421875 0.44716787109375 0.066735953125 0.384231294921875 0.191461953125 0.393739103515625 0.196099220703125
0 0.4051641796875 0.37551565625 0.446394634765625 0.325865744140625 0.453133404296875 0.31724051171875 0.361418271484375 0.20161182421875 0.337947462890625 0.23118308984375 0.31188696484375 0.264539005859375 0.39916593359375 0.371900623046875 0.401514720703125 0.3737356953125 0.4051641796875 0.37551565625
0 0.350242958984375 0.27334134765625 0.397269833984375 0.286187619140625 0.4300837734375 0.294369052734375 0.48799721875 0.165180322265625 0.488175375 0.164465779296875 0.41582005078125 0.148015693359375 0.350242958984375 0.27334134765625
0 0.16003033984375 0.838819130859375 0.180568060546875 0.8561515859375 0.2208588828125 0.88877844921875 0.352437572265625 0.80611214453125 0.354242646484375 0.80241119140625 0.289713048828125 0.750943068359375 0.16003033984375 0.838819130859375
0 0.210144451171875 0.91492897265625 0.299814396484375 0.938955962890625 0.30372452734375 0.930939005859375 0.30470594921875 0.927276291015625 0.308388869140625 0.904532216796875 0.16781042578125 0.813963439453125 0.167615767578125 0.814362544921875 0.15139175 0.886273365234375 0.210144451171875 0.91492897265625
0 0.35301386328125 0.577800548828125 0.39420974609375 0.600635796875 0.4923958046875 0.494204923828125 0.4942585859375 0.49038565625 0.428754791015625 0.452862669921875 0.3205386796875 0.557853412109375 0.320410517578125 0.55811618359375 0.35301386328125 0.577800548828125
0 0.251350271484375 0.669476609375 0.25027853515625 0.6692488046875 0.227840291015625 0.744713033203125 0.358174859375 0.82286361328125 0.36009273046875 0.818931392578125 0.37637623828125 0.742323521484375 0.251350271484375 0.669476609375
0 0.332241541015625 0.51243941796875 0.300572263671875 0.58256119140625 0.408610736328125 0.68322139453125 0.41309415625 0.685312048828125 0.42042340625 0.670284857421875 0.4438741953125 0.60842861328125 0.332241541015625 0.51243941796875
0 0.30447671484375 0.74081799609375 0.4305000703125 0.663881958984375 0.432095529296875 0.66061078515625 0.377030673828125 0.6108673828125 0.24298307421875 0.687362392578125 0.30447671484375 0.74081799609375
0 0.52524058203125 0.456672712890625 0.52662751171875 0.451496625 0.39272028125 0.376124611328125 0.36806985546875 0.45161228515625 0.367449884765625 0.45392605078125 0.485018359375 0.51813079296875 0.49273278125 0.52172630859375 0.505153193359375 0.52505434765625 0.52524058203125 0.456672712890625
0 0.628601298828125 0.14555092578125 0.707433017578125 0.056877630859375 0.708952390625 0.053762455078125 0.665314357421875 0.02432823046875 0.634457021484375 0.009278099609375 0.55843316015625 0.10109897265625 0.628601298828125 0.14555092578125
0 0.533339224609375 0.1559797109375 0.64320785546875 0.220763525390625 0.64700113671875 0.22221962890625 0.672287154296875 0.1608282734375 0.67930083984375 0.142557 0.560689466796875 0.07616432421875 0.56005976171875 0.077455412109375 0.533339224609375 0.1559797109375
0 0.59965712890625 0.268981107421875 0.60199829296875 0.261775755859375 0.521683236328125 0.2343847734375 0.45652692578125 0.350152166015625 0.462139970703125 0.352889830078125 0.535266232421875 0.375615896484375 0.59965712890625 0.268981107421875
0 0.547886259765625 0.2938815390625 0.56345575 0.301475287109375 0.64255193359375 0.20059655859375 0.6463333046875 0.1928436015625 0.570454060546875 0.156480853515625 0.490435349609375 0.26297858203125 0.48979848828125 0.264284341796875 0.547886259765625 0.2938815390625
0 0.53488012109375 0.449890541015625 0.54169461328125 0.45171648046875 0.561997740234375 0.3766671796875 0.446732125 0.31138004296875 0.42626237890625 0.39263166796875 0.53488012109375 0.449890541015625
0 0.52054437109375 1 0.59093089453125 0.930193349609375 0.59393727734375 0.92402935546875 0.5274132578125 0.888609501953125 0.522200732421875 0.8859535859375 0.42108048828125 1 0.52054437109375 1
0 0.91120953125 0.34174673828125 0.923821279296875 0.3111440390625 0.76282558984375 0.213365072265625 0.730608607421875 0.297503892578125 0.88339822265625 0.396703697265625 0.885470892578125 0.397583490234375 0.901179310546875 0.3653764609375 0.91120953125 0.34174673828125
0 0.620782494140625 0.93728097265625 0.62604333984375 0.918536375 0.466347689453125 0.81776951171875 0.44028062109375 0.89273173828125 0.59929388671875 0.98610639453125 0.604592720703125 0.98772641015625 0.606648291015625 0.98351186328125 0.620782494140625 0.93728097265625
0 0.652356037109375 0.43856473828125 0.77407792578125 0.5832619609375 0.77752432421875 0.584942880859375 0.83398858203125 0.512671927734375 0.709942451171875 0.3720163515625 0.652356037109375 0.43856473828125
0 0.863604681640625 0.12586395703125 0.780343048828125 0.28730589453125 0.7820830859375 0.28815456640625 0.81461644140625 0.30091591796875 0.8661601015625 0.319676275390625 0.9519722578125 0.16414062890625 0.902575126953125 0.140048037109375 0.863604681640625 0.12586395703125
0 0.671968287109375 0.8366655546875 0.53083658203125 0.7086803125 0.49052165234375 0.78238257421875 0.6240304375 0.906443353515625 0.632731337890625 0.910687064453125 0.66771941796875 0.844884056640625 0.671968287109375 0.8366655546875
0 0.77793264453125 0.612605048828125 0.79444569140625 0.58512271875 0.658174013671875 0.460001150390625 0.65528679296875 0.46480629296875 0.61580774609375 0.53689226953125 0.7408415390625 0.657450400390625 0.747557169921875 0.66072583203125 0.77793264453125 0.612605048828125
0 0.872474509765625 0.427823501953125 0.88399530078125 0.394364685546875 0.71758055078125 0.30383330078125 0.693572806640625 0.39300651953125 0.8467754921875 0.4826672421875 0.851818119140625 0.48440355859375 0.854815578125 0.47825785546875 0.872474509765625 0.427823501953125
0 0.68975497265625 0.79271420703125 0.70812790234375 0.77002552734375 0.597962802734375 0.61621583203125 0.535269919921875 0.68806902734375 0.64546470703125 0.83753825390625 0.648971802734375 0.84037824609375 0.6489754140625 0.840380005859375 0.68975497265625 0.79271420703125
0 0.57912241796875 0.715911515625 0.580561376953125 0.716324130859375 0.667247732421875 0.73580933984375 0.677254896484375 0.71831710546875 0.7519905 0.582168640625 0.753182931640625 0.578010138671875 0.672457287109375 0.554047498046875 0.57517225390625 0.713984892578125 0.57912241796875 0.715911515625
0 0.231381482421875 0 0.22447621484375 0.01510165625 0.304758904296875 0.069814375 0.32380052734375 0.03077326171875 0.337301796875 0.00044891796875 0.33666826171875 0 0.231381482421875 0
0 0.2150071953125 0.121150544921875 0.2561234921875 0.13454458984375 0.309174796875 0.050293623046875 0.31054184375 0.04632343359375 0.236210076171875 0.02329521484375 0.1859937265625 0.11042099609375 0.191149845703125 0.11293580078125 0.2150071953125 0.121150544921875
0 0.16679518359375 0.1859577109375 0.224071119140625 0.202255884765625 0.277723986328125 0.11636640625 0.278487541015625 0.114016427734375 0.206162111328125 0.092652125 0.153629525390625 0.1815579453125 0.15437874609375 0.181923365234375 0.16679518359375 0.1859577109375
0 0.24912230078125 0.196387919921875 0.25085333203125 0.192675708984375 0.17707755078125 0.164534021484375 0.1169387734375 0.240154052734375 0.1533953203125 0.257935099609375 0.18683548828125 0.273528505859375 0.24912230078125 0.196387919921875
0 0.794539099609375 1 0.811689578125 0.9595960078125 0.66881858984375 0.838968568359375 0.632849599609375 0.92561211328125 0.727091248046875 1 0.794539099609375 1
0 0.769320220703125 0.7614518359375 0.67578854296875 0.91674719140625 0.67528544140625 0.918501716796875 0.736158498046875 0.93954850390625 0.76104462109375 0.946684486328125 0.858683076171875 0.78862565234375 0.769320220703125 0.7614518359375
0 0.768185298828125 1 0.785007486328125 0.981383115234375 0.789233728515625 0.97271803515625 0.71442144921875 0.932286716796875 0.65127289453125 1 0.768185298828125 1
0 0.768448974609375 0.85304029296875 0.9162524765625 0.747934318359375 0.91936928515625 0.741543916015625 0.844617560546875 0.6837816640625 0.697842416015625 0.79978209375 0.768448974609375 0.85304029296875
0 1 0.321970927734375 0.99099736328125 0.31798839453125 0.890339732421875 0.481768544921875 0.91178151171875 0.492226400390625 0.97203275 0.517801533203125 1 0.4769293046875 1 0.321970927734375
0 1 0.426729080078125 0.94133806640625 0.408794326171875 0.84966016796875 0.577660669921875 0.849473923828125 0.57826985546875 0.88140578125 0.58817228515625 0.940294828125 0.606176474609375 1 0.50005726171875 1 0.426729080078125
0 0.827256412109375 0.503334693359375 0.799668533203125 0.5995450625 0.963280501953125 0.687090798828125 0.96483349609375 0.68753611328125 0.97903944921875 0.65840958984375 0.99532626953125 0.597217923828125 0.827256412109375 0.503334693359375
0 0.817222205078125 0.57301290234375 0.761029416015625 0.6532645234375 0.895015044921875 0.798430423828125 0.94268860546875 0.732939865234375 0.948555220703125 0.72091152734375 0.817270916015625 0.57303666015625 0.817222205078125 0.57301290234375
0 1 0.289951822265625 0.92933814453125 0.387199375 0.961147275390625 0.40411258984375 1 0.4226665625 1 0.289951822265625
0 0 0.4825698984375 0.0745918046875 0.553280638671875 0.07989311328125 0.55586626171875 0.0963912421875 0.52481106640625 0.104772484375 0.508361951171875 0.11247183203125 0.492575947265625 0.030857541015625 0.41895137890625 0.02998530859375 0.41852596484375 0 0.473243802734375 0 0.4825698984375
0 0.127595251953125 0.327100150390625 0.14138853515625 0.336747904296875 0.21446845703125 0.27988754296875 0.215952876953125 0.27684403515625 0.15844998046875 0.233718708984375 0.086343291015625 0.29664420703125 0.08616876171875 0.29700204296875 0.127595251953125 0.327100150390625
0 0 0.572189162109375 0.061559279296875 0.618307197265625 0.06157694140625 0.618311927734375 0.06415371875 0.613028751953125 0.080525669921875 0.55192779296875 0.081563884765625 0.54776240625 0 0.499397001953125 0 0.572189162109375
0 0.098576244140625 0.48896863671875 0.141760736328125 0.434831013671875 0.085790814453125 0.35031553515625 0.03599275390625 0.404084751953125 0.091272953125 0.48822634375 0.09177309765625 0.48864601171875 0.096792666015625 0.491094220703125 0.098576244140625 0.48896863671875
0 0.10302081640625 0.39745736328125 0.13029437109375 0.40416070703125 0.18093797265625 0.324973611328125 0.18253670703125 0.31900705078125 0.11130253515625 0.30239690234375 0.061697640625 0.385316765625 0.06655735546875 0.3876870078125 0.10302081640625 0.39745736328125
0 0 0.653948396484375 0.069106494140625 0.59930972265625 0.06933061328125 0.59885021484375 0.005814671875 0.561566447265625 0 0.5670002890625 0 0.653948396484375