0 0.366768453125 0.026834998046875 0.36325340234375 0.0260878515625 0.25244048828125 0.03926714453125 0.237562716796875 0.103811998046875 0.23748488671875 0.10529707421875 0.35247060546875 0.094615072265625 0.36030790625 0.0617550859375 0.366453662109375 0.03284157421875 0.366768453125 0.026834998046875
0 0.34561730859375 0.20171852734375 0.32265472265625 0.08538598046875 0.255229216796875 0.077235302734375 0.25497449609375 0.077221953125 0.278516060546875 0.193600373046875 0.34561730859375 0.20171852734375
0 0.3437353984375 0.41939119140625 0.355862091796875 0.344295453125 0.35305076953125 0.34374898828125 0.24307078515625 0.355558232421875 0.227330267578125 0.42642280078125 0.226429421875 0.43105723828125 0.3437353984375 0.41939119140625
0 0.23374289453125 0.25950363671875 0.28227689453125 0.35923235546875 0.35910314453125 0.352228931640625 0.35935355859375 0.347450767578125 0.308982224609375 0.2475868984375 0.23374289453125 0.25950363671875
0 0.237563318359375 0.17151883984375 0.28784796484375 0.28303843359375 0.364811439453125 0.273163392578125 0.36514667578125 0.26676671484375 0.31605882421875 0.161880802734375 0.237563318359375 0.17151883984375
0 0.2555195859375 0.39330866796875 0.25136205859375 0.511419251953125 0.327101775390625 0.532027015625 0.3276091015625 0.53036762109375 0.32809236328125 0.41496396484375 0.25762135546875 0.39341881640625 0.2555195859375 0.39330866796875
0 0.242556140625 0.47975084765625 0.251870748046875 0.599704798828125 0.333269443359375 0.61158887109375 0.32372816015625 0.49247420703125 0.31160236328125 0.490336103515625 0.242556140625 0.47975084765625
0 0.237855642578125 0.80075509765625 0.243636697265625 0.939992150390625 0.323238205078125 0.9519523359375 0.32388686328125 0.9473368984375 0.320344765625 0.811145158203125 0.245833025390625 0.80117317578125 0.237855642578125 0.80075509765625
0 0.207966763671875 0.8326591328125 0.2107802421875 0.833206017578125 0.34915768359375 0.83555235546875 0.366112244140625 0.7558808359375 0.36639733203125 0.75044103125 0.36456651171875 0.75008515625 0.22476870703125 0.749537271484375 0.20947953515625 0.82487659765625 0.207966763671875 0.8326591328125
0 0.3778756328125 0.591132375 0.374565033203125 0.59030694921875 0.232069392578125 0.58925994140625 0.2154987109375 0.665304830078125 0.36032610546875 0.668108861328125 0.377438404296875 0.599475181640625 0.3778756328125 0.591132375
0 0.2232936015625 0.758408001953125 0.361321486328125 0.7275020625 0.36407295703125 0.65559937109375 0.35300319921875 0.65501923046875 0.22289264453125 0.675966732421875 0.2232936015625 0.758408001953125
0 0.514867814453125 0.054136125 0.5117922109375 0.029660072265625 0.510029224609375 0.029567677734375 0.50813521484375 0.02976674609375 0.367291470703125 0.08919632421875 0.37553466015625 0.17363878515625 0.5203744609375 0.106528376953125 0.514867814453125 0.054136125
0 0.41728865234375 0 0.399181279296875 0.111319177734375 0.48165759765625 0.12928109765625 0.48261180078125 0.123869541015625 0.4656614453125 0 0.41728865234375 0
0 0.473731923828125 0.515143970703125 0.47195641796875 0.36826660546875 0.426062146484375 0.357671078125 0.38856083984375 0.350464125 0.3987488671875 0.501198583984375 0.473235228515625 0.517295390625 0.473731923828125 0.515143970703125
0 0.53107788671875 0.14584012109375 0.3794251953125 0.1563051875 0.36515777734375 0.233731056640625 0.36621612109375 0.234014638671875 0.51068687890625 0.225868166015625 0.5308219921875 0.150722896484375 0.53107788671875 0.14584012109375
0 0.525359482421875 0.31466414453125 0.519419650390625 0.31284815234375 0.380265162109375 0.30966876171875 0.349448515625 0.38896524609375 0.503621912109375 0.3863408203125 0.525323033203125 0.31535965625 0.525359482421875 0.31466414453125
0 0.526928162109375 0.2250215703125 0.52461600390625 0.2244450859375 0.37624856640625 0.23377005859375 0.357188689453125 0.3128134375 0.509939966796875 0.29867400390625 0.52656211328125 0.23200621484375 0.526928162109375 0.2250215703125
0 0.361851533203125 0.477160421875 0.34545558984375 0.55485987890625 0.49910866015625 0.556539416015625 0.50049558984375 0.551363328125 0.51729021875 0.482099400390625 0.5048698046875 0.478771361328125 0.496391162109375 0.47802795703125 0.36247150390625 0.47484665625 0.361851533203125 0.477160421875
0 0.49542337890625 0.915734259765625 0.487162435546875 0.91336547265625 0.353952849609375 0.88897302734375 0.3307762890625 0.97359796875 0.47207284765625 0.9943683125 0.495095462890625 0.921991248046875 0.49542337890625 0.915734259765625
0 0.50024725390625 0.82368920703125 0.366137767578125 0.8077876015625 0.34575781640625 0.89193761328125 0.47680696484375 0.9044970234375 0.492686611328125 0.85322161328125 0.50016153515625 0.82532481640625 0.50024725390625 0.82368920703125
0 0.451696650390625 0.6146466875 0.3664814921875 0.629414373046875 0.366465490234375 0.629719720703125 0.416187466796875 0.752014171875 0.4952172890625 0.74053551171875 0.495559302734375 0.73400951171875 0.49521648046875 0.73184501953125 0.451696650390625 0.6146466875
0 0.35254293359375 0.812353580078125 0.489281482421875 0.809730455078125 0.501473095703125 0.740588376953125 0.502120248046875 0.72823998828125 0.369533509765625 0.7280547109375 0.35254293359375 0.812353580078125
0 0.50808633984375 0.554689763671875 0.50164988671875 0.5537851796875 0.379293908203125 0.56405191796875 0.366388869140625 0.64684259765625 0.498001140625 0.6317833359375 0.50774353515625 0.56123090234375 0.50808633984375 0.554689763671875
0 0.718581896484375 0.1696945625 0.78770088671875 0.17528821875 0.7882793359375 0.164250728515625 0.75449823046875 0.012651513671875 0.750642296875 0.01244943359375 0.67198795703125 0.00970276171875 0.718581896484375 0.1696945625
0 0.676104869140625 0.72953482421875 0.656241841796875 0.72567384375 0.64764234375 0.7252231640625 0.638784802734375 0.911112333984375 0.72982329296875 0.9298045546875 0.732242466796875 0.929931337890625 0.73551976171875 0.743304296875 0.676104869140625 0.72953482421875
0 0.71909958203125 0.06416940234375 0.70123217578125 0.058363931640625 0.69515587109375 0.058045486328125 0.679995931640625 0.247375546875 0.755817083984375 0.268867357421875 0.75645428125 0.266906267578125 0.76540712890625 0.08040670703125 0.71909958203125 0.06416940234375
0 0.762268783203125 0.720272041015625 0.72455968359375 0.54177508203125 0.70642421484375 0.54177508203125 0.63647499609375 0.54528265625 0.6710271796875 0.730080501953125 0.76172920703125 0.73056776953125 0.762268783203125 0.720272041015625
0 0.7745673203125 0.959493041015625 0.785613951171875 0.881657751953125 0.776867328125 0.879957580078125 0.6007954375 0.8734594921875 0.58555594140625 0.9637314453125 0.771395955078125 0.975808306640625 0.7745673203125 0.959493041015625
0 0.71811477734375 0.17227694140625 0.68079146484375 0.166817779296875 0.67024374609375 0.16626499609375 0.68743075390625 0.3549978671875 0.772155130859375 0.3694215625 0.77273583203125 0.36575515625 0.75332050390625 0.177852982421875 0.71811477734375 0.17227694140625
0 0.70260223828125 0.63693609765625 0.77966801953125 0.62711635546875 0.779863748046875 0.623381630859375 0.722199484375 0.455493337890625 0.65109226171875 0.46010163671875 0.63474232421875 0.461820083984375 0.69055007421875 0.638202828125 0.70260223828125 0.63693609765625
0 0.7944428984375 0.67360197265625 0.606559958984375 0.69184747265625 0.6003119921875 0.788387294921875 0.60064109765625 0.78841030859375 0.78256046875 0.764983306640625 0.79393073828125 0.683374578125 0.7944428984375 0.67360197265625
0 0.70466984375 0.455087623046875 0.797197466796875 0.441910529296875 0.7974256640625 0.43755627734375 0.797407419921875 0.43738269921875 0.73012234765625 0.26558674609375 0.69698996484375 0.269069099609375 0.63770001171875 0.276925314453125 0.70466984375 0.455087623046875
0 0.63646802734375 0.532186294921875 0.784589890625 0.47305095703125 0.803171302734375 0.46525015234375 0.79386156640625 0.371453357421875 0.792703177734375 0.3713926484375 0.79209317578125 0.371489263671875 0.622129404296875 0.4482696796875 0.63621976953125 0.53217328515625 0.63646802734375 0.532186294921875
0 0.118101525390625 0.86065256640625 0.11619676953125 0.860485921875 0.01961711328125 0.869346224609375 0.01332442578125 0.94460269140625 0.111651599609375 0.93865271484375 0.11754249609375 0.87131945703125 0.118101525390625 0.86065256640625
0 0.0285343984375 0.77257394921875 0.035833021484375 0.870224671875 0.113117224609375 0.877567796875 0.11360515234375 0.87292548828125 0.10493684765625 0.779856125 0.042729765625 0.7733178984375 0.0285343984375 0.77257394921875
0 0.94744351171875 0.1646500703125 0.96074137109375 0.0381293828125 0.96141465234375 0.02528239453125 0.92750628125 0.02171848046875 0.886671841796875 0.019578439453125 0.91184732421875 0.160196208984375 0.94744351171875 0.1646500703125
0 0.128323060546875 0.78503478515625 0.09873634375 0.693746923828125 0.045461 0.698607689453125 0.020532650390625 0.701668505859375 0.056128041015625 0.79842500390625 0.12802020703125 0.790813595703125 0.128323060546875 0.78503478515625
0 0.130321125 0.71705428515625 0.1044880390625 0.620589501953125 0.0449496640625 0.61942966015625 0.031045009765625 0.619672365234375 0.05531653125 0.72016801171875 0.130120763671875 0.72087737890625 0.130321125 0.71705428515625
0 0.0335458046875 0.54605039453125 0.059551220703125 0.6398586328125 0.13734509375 0.642739353515625 0.137675064453125 0.63644315234375 0.111120986328125 0.543341408203125 0.0335458046875 0.54605039453125
0 1 0.17825851171875 0.828637072265625 0.17911132421875 0.8036379296875 0.26953208984375 0.99048747265625 0.26243653515625 1 0.226935296875 1 0.17825851171875
0 0.9020648046875 0.41127084375 0.989185390625 0.391040896484375 0.98927744921875 0.38928432421875 0.98917935546875 0.38872801953125 0.9132305859375 0.226298328125 0.82121373046875 0.242523384765625 0.82086601171875 0.242590431640625 0.9020648046875 0.41127084375
0 1 0.068662373046875 0.82212603515625 0.10034948828125 0.81300775390625 0.1754577109375 0.81244641015625 0.1807985546875 0.81186101953125 0.191968458984375 0.8121907890625 0.192003119140625 1 0.15548916796875 1 0.068662373046875
0 0.86301703125 0.3046686484375 0.858371818359375 0.49240721484375 0.940683666015625 0.520705947265625 0.94248772265625 0.514805142578125 0.9561006484375 0.33461237109375 0.866075318359375 0.30482892578125 0.86301703125 0.3046686484375
0 0.8066228359375 0.72043560546875 0.874476279296875 0.903060744140625 0.96148237890625 0.88979064453125 0.961696455078125 0.88570585546875 0.90444354296875 0.704942328125 0.8066228359375 0.72043560546875
0 0.7896488671875 0.76518560546875 0.79112419140625 0.76534066796875 0.981350369140625 0.747031912109375 0.990973470703125 0.655474224609375 0.99127654296875 0.64969124609375 0.99019815234375 0.64957790234375 0.799251228515625 0.670871626953125 0.797407228515625 0.68841611328125 0.7896488671875 0.76518560546875
0 0.993564447265625 0.5463250546875 0.98712174609375 0.54587453515625 0.803434380859375 0.57218202734375 0.796452623046875 0.672025810546875 0.986496583984375 0.6412877109375 0.991568595703125 0.584408158203125 0.993564447265625 0.5463250546875
0 0.954910873046875 0.6132493046875 0.943376759765625 0.419171884765625 0.91018157421875 0.41331867578125 0.852667970703125 0.40426351171875 0.850816103515625 0.404166458984375 0.858713908203125 0.60136065234375 0.95004280859375 0.61746440234375 0.954129869140625 0.617678595703125 0.954910873046875 0.6132493046875
0 0.969584244140625 0.854396978515625 0.79295451953125 0.85308747265625 0.780175095703125 0.929672974609375 0.77704145703125 0.95519442578125 0.972753408203125 0.951768548828125 0.980179751953125 0.891285841796875 0.98203291015625 0.85592548046875 0.969584244140625 0.854396978515625
0 0.08919908203125 0.23787368359375 0.07320273046875 0.236677283203125 0.05895029296875 0.23593034375 0.076501654296875 0.3460765625 0.14782894140625 0.352342541015625 0.148248681640625 0.3483489921875 0.12859841015625 0.242014720703125 0.08919908203125 0.23787368359375
0 0.088004900390625 0.47082534765625 0.037931544921875 0.479654634765625 0.03787090625 0.480811708984375 0.074801220703125 0.56828185546875 0.145083751953125 0.554787359375 0.14527637109375 0.55111194140625 0.10463151953125 0.46820058203125 0.088004900390625 0.47082534765625
0 0.16953010546875 0.177888720703125 0.16455030859375 0.17718885546875 0.058140640625 0.191513439453125 0.04651542578125 0.264876525390625 0.15975171875 0.23698075390625 0.16913550390625 0.185418138671875 0.16953010546875 0.177888720703125
0 0.142704146484375 0.32168119921875 0.05294728125 0.34487000390625 0.04845680078125 0.419980845703125 0.152007265625 0.39282362109375 0.152097681640625 0.391098392578125 0.151129552734375 0.322122755859375 0.142704146484375 0.32168119921875
0 0.10477235546875 0.3974448515625 0.066762134765625 0.38654559765625 0.063099029296875 0.38635362109375 0.06291141796875 0.483192966796875 0.1325258828125 0.505643603515625 0.13422850390625 0.49970585546875 0.13160283203125 0.4057458828125 0.10477235546875 0.3974448515625
0 0.06860449609375 0.063724533203125 0.0611548671875 0.12609284375 0.0607147265625 0.13449120703125 0.170026822265625 0.097111912109375 0.172450953125 0.06244521484375 0.174313224609375 0.026910947265625 0.174159787109375 0.026900216796875 0.06860449609375 0.063724533203125
0 0.11453935546875 0.096388138671875 0.052693734375 0.10840970703125 0.052578701171875 0.110604669921875 0.10946650390625 0.209379689453125 0.18129457421875 0.1922507734375 0.181298216796875 0.192181287109375 0.128789748046875 0.116260373046875 0.11453935546875 0.096388138671875
0 0.133277630859375 0 0.073300728515625 0.01385523828125 0.064220298828125 0.05527887109375 0.113238998046875 0.06337158984375 0.169860880859375 0.072339615234375 0.181554017578125 0 0.133277630859375 0