0 0.7275390625 0.33203125 0.140625 0.140625
0 0.568359375 0.2998046875 0.1064453125 0.140625
0 0.6416015625 0.31640625 0.109375 0.1455078125
0 0.484375 0.2861328125 0.130859375 0.1328125
0 0.248046875 0.2373046875 0.119140625 0.1533203125
0 0.947265625 0.388671875 0.1044921875 0.130859375
0 0.80859375 0.3583984375 0.1376953125 0.1376953125
0 0.4130859375 0.2763671875 0.1220703125 0.158203125
0 0.8837890625 0.376953125 0.130859375 0.130859375
0 0.330078125 0.263671875 0.119140625 0.1640625
0 0.158203125 0.2333984375 0.119140625 0.146484375
0 0.580078125 0.443359375 0.140625 0.140625
0 0.490234375 0.42578125 0.138671875 0.138671875
0 0.3251953125 0.3935546875 0.1298828125 0.1298828125
0 0.662109375 0.4658203125 0.1279296875 0.169921875
0 0.8251953125 0.5009765625 0.1220703125 0.1689453125
0 0.2412109375 0.37890625 0.1357421875 0.1357421875
0 0.4052734375 0.4130859375 0.1201171875 0.1513671875
0 0.912109375 0.521484375 0.158203125 0.1591796875
0 0.73828125 0.48828125 0.1201171875 0.1533203125
0 0.0732421875 0.349609375 0.111328125 0.146484375
0 0.158203125 0.369140625 0.1123046875 0.1435546875
0 0.2470703125 0.033203125 0.130859375 0.06640625
0 0.1728515625 0.0322265625 0.1044921875 0.064453125
0 0.9580078125 0.158203125 0.083984375 0.15234375
0 0.55078125 0.0732421875 0.0986328125 0.146484375
0 0.4755859375 0.0673828125 0.107421875 0.134765625
0 0.7841796875 0.7783203125 0.158203125 0.1591796875
0 0.87109375 0.802734375 0.150390625 0.146484375
0 0.6865234375 0.7666015625 0.1455078125 0.1455078125
0 0.326171875 0.0537109375 0.1201171875 0.107421875
0 0.6240234375 0.0908203125 0.0966796875 0.154296875
0 0.841796875 0.1376953125 0.1015625 0.1591796875
0 0.400390625 0.0615234375 0.1044921875 0.123046875
0 0.5966796875 0.751953125 0.1435546875 0.1875
0 0.068359375 0.642578125 0.13671875 0.1796875
0 0.5087890625 0.744140625 0.162109375 0.162109375
0 0.236328125 0.6884765625 0.1533203125 0.154296875
0 0.1416015625 0.671875 0.140625 0.181640625
0 0.3232421875 0.7119140625 0.134765625 0.1796875
0 0.419921875 0.7373046875 0.1220703125 0.1826171875
0 0.6962890625 0.109375 0.107421875 0.15625
0 0.76953125 0.1259765625 0.1298828125 0.130859375
0 0.90625 0.1572265625 0.1123046875 0.150390625
0 0.7099609375 0.93359375 0.123046875 0.1328125
0 0.8017578125 0.9404296875 0.1435546875 0.119140625
0 0.4267578125 0.9013671875 0.1435546875 0.197265625
0 0.6181640625 0.9248046875 0.126953125 0.150390625
0 0.228515625 0.8642578125 0.169921875 0.169921875
0 0.3310546875 0.8857421875 0.177734375 0.177734375
0 0.525390625 0.9169921875 0.134765625 0.166015625
0 0.1318359375 0.845703125 0.1279296875 0.185546875
0 0.0546875 0.822265625 0.109375 0.1953125