0 0.14745323046875 0.800020970703125 0.159881005859375 0.76860835546875 0.071610169921875 0.693729484375 0.046194861328125 0.756571806640625 0.129408158203125 0.830927328125 0.13195596484375 0.83200880859375 0.14014986328125 0.817226626953125 0.14745323046875 0.800020970703125
0 0.116203111328125 0.75351650390625 0.214030130859375 0.69038892578125 0.215036830078125 0.68857279296875 0.163384740234375 0.646593771484375 0.06330039453125 0.710512451171875 0.116203111328125 0.75351650390625
0 0.196539248046875 0.517395109375 0.264090623046875 0.54397258984375 0.33640788671875 0.458180423828125 0.336926109375 0.4569595625 0.267461638671875 0.42482290625 0.192406685546875 0.51529327734375 0.19508442578125 0.51677757421875 0.196539248046875 0.517395109375
0 0.1488940390625 0.57494880859375 0.171247119140625 0.588916560546875 0.21769665234375 0.61383160546875 0.29609641015625 0.54556035546875 0.30031494921875 0.53794991015625 0.23829356640625 0.499310375 0.1488940390625 0.57494880859375
0 0.161647212890625 0.550972021484375 0.161602888671875 0.550948455078125 0.123308673828125 0.622034142578125 0.208065232421875 0.707595716796875 0.23236708203125 0.663754021484375 0.24584497265625 0.638405794921875 0.161647212890625 0.550972021484375
0 0.22747428515625 0.42948350390625 0.2267022265625 0.4305080625 0.28799820703125 0.47975441015625 0.37926888671875 0.40840489453125 0.380622115234375 0.405963603515625 0.32093123046875 0.360983296875 0.22747428515625 0.42948350390625
0 0.413258791015625 0.307435259765625 0.413577015625 0.3061589296875 0.334708205078125 0.2846064921875 0.2774078828125 0.38979133203125 0.35660298046875 0.412042521484375 0.413258791015625 0.307435259765625
0 0.47541132421875 0 0.441645546875 0.045706552734375 0.5358454140625 0.148067529296875 0.58599322265625 0.081519142578125 0.50860691796875 0 0.47541132421875 0
0 0.40661992578125 0.18562444140625 0.4462912734375 0.203287263671875 0.47558182421875 0.215712126953125 0.550065333984375 0.105404517578125 0.552992513671875 0.09882996484375 0.544337359375 0.094032333984375 0.47646898046875 0.064482416015625 0.39631602734375 0.1799128984375 0.40661992578125 0.18562444140625
0 0.326511197265625 0.253135130859375 0.40905590234375 0.36919678125 0.41359970703125 0.371715453125 0.46466548046875 0.312970998046875 0.37929897265625 0.19594366796875 0.326511197265625 0.253135130859375
0 0.402959845703125 0.27865760546875 0.434315806640625 0.29132623828125 0.509645240234375 0.17145475390625 0.509921107421875 0.170771962890625 0.440559349609375 0.144412052734375 0.358473400390625 0.258979869140625 0.36281315234375 0.261385431640625 0.402959845703125 0.27865760546875
0 0.18796922265625 0.72533092578125 0.164843380859375 0.8002136953125 0.294466361328125 0.8905064296875 0.29582779296875 0.890896814453125 0.29651873046875 0.889650326171875 0.319295912109375 0.810216857421875 0.18796922265625 0.72533092578125
0 0.26270151953125 0.93458096875 0.274290568359375 0.91466738671875 0.17544205078125 0.779647669921875 0.12759868359375 0.85134832421875 0.156120130859375 0.87265489453125 0.20492837890625 0.9081161640625 0.259822046875 0.938544220703125 0.26270151953125 0.93458096875
0 0.45987181640625 0.594953560546875 0.47268670703125 0.555053419921875 0.48153299609375 0.526118517578125 0.3568220234375 0.442421400390625 0.356412681640625 0.442296251953125 0.332392724609375 0.5115772578125 0.329018787109375 0.5226129140625 0.457648255859375 0.598964970703125 0.45987181640625 0.594953560546875
0 0.19640462890625 0.743180875 0.251775806640625 0.79964341015625 0.380404970703125 0.725222212890625 0.38071349609375 0.72486729296875 0.38300059765625 0.72074125390625 0.3226412890625 0.668010515625 0.19640462890625 0.743180875
0 0.297660095703125 0.58683766796875 0.404767189453125 0.675731708984375 0.4101855546875 0.67814412109375 0.41268083984375 0.673642509765625 0.441060013671875 0.609901841796875 0.32649415625 0.50683594140625 0.326236513671875 0.50730073828125 0.297660095703125 0.58683766796875
0 0.309127044921875 0.571540583984375 0.2596935703125 0.63609650390625 0.345817359375 0.757268052734375 0.34718921484375 0.758301818359375 0.348955427734375 0.75928084765625 0.394268134765625 0.69914885546875 0.309127044921875 0.571540583984375
0 0.52747356640625 0.45805308203125 0.529129490234375 0.452956673828125 0.39935044140625 0.37067979296875 0.370783078125 0.44477391015625 0.37004286328125 0.447052056640625 0.484089998046875 0.517321865234375 0.491605673828125 0.5213161953125 0.503834888671875 0.525289708984375 0.52747356640625 0.45805308203125
0 0.617452142578125 0.001721591796875 0.5808105546875 0.0814456640625 0.698534177734375 0.148385439453125 0.707084810546875 0.152192427734375 0.71051378515625 0.14600639453125 0.739042505859375 0.07663426171875 0.617452142578125 0.001721591796875
0 0.695266353515625 0.149685068359375 0.58186312890625 0.082817091796875 0.54888871875 0.162874916015625 0.6664680546875 0.22868991015625 0.66869830859375 0.22466642578125 0.677974328125 0.2005015703125 0.695266353515625 0.149685068359375
0 0.61041324609375 0.272016978515625 0.61287980078125 0.26485358203125 0.533055017578125 0.23606508203125 0.465888212890625 0.350677705078125 0.4703415859375 0.353146248046875 0.54417112109375 0.37751175 0.61041324609375 0.272016978515625
0 0.5155787421875 0.279964623046875 0.5381850390625 0.28819264453125 0.5898558984375 0.305586439453125 0.655923455078125 0.19078387890625 0.656753771484375 0.1885026015625 0.653539314453125 0.186720798828125 0.579451365234375 0.160289900390625 0.509345875 0.276509689453125 0.5155787421875 0.279964623046875
0 0.45437762109375 0.31042272265625 0.43232266015625 0.38664463671875 0.541066201171875 0.45076973828125 0.54613458203125 0.452223072265625 0.547618392578125 0.44954620703125 0.568315966796875 0.37305148828125 0.45437762109375 0.31042272265625
0 0.504703345703125 1 0.570733904296875 0.939625625 0.574392181640625 0.933025919921875 0.51405625390625 0.897664888671875 0.386608646484375 1 0.504703345703125 1
0 0.7317824375 0.36662894140625 0.74593824609375 0.37617715234375 0.81130314453125 0.41927271484375 0.93396921484375 0.28433178125 0.936834779296875 0.279162166015625 0.861559400390625 0.232212568359375 0.7317824375 0.36662894140625
0 0.600265294921875 0.937003189453125 0.60519819921875 0.9181696328125 0.44376824609375 0.8202051875 0.419013421875 0.895610931640625 0.579632080078125 0.986196201171875 0.58513416796875 0.98777390234375 0.586320955078125 0.98563287890625 0.600265294921875 0.937003189453125
0 0.67354505859375 0.404176572265625 0.64508133203125 0.48745141015625 0.81242265234375 0.576162005859375 0.81471629296875 0.57681969921875 0.816993265625 0.5727119296875 0.84124913671875 0.48812165234375 0.67354505859375 0.404176572265625
0 0.96196112109375 0.302353630859375 0.980138451171875 0.23451491796875 0.81245916015625 0.160257267578125 0.78275308984375 0.25210653125 0.94515849609375 0.3186537421875 0.95462717578125 0.3211908671875 0.95843453515625 0.3143222109375 0.96196112109375 0.302353630859375
0 0.65442812890625 0.84342680078125 0.51806327734375 0.71080248046875 0.475200734375 0.783052875 0.6039396640625 0.911339861328125 0.61283094140625 0.91626837890625 0.643411828125 0.86330073046875 0.65442812890625 0.84342680078125
0 0.678415419921875 0.65995276171875 0.79723186328125 0.527789576171875 0.798919083984375 0.52474575 0.73127139453125 0.485276568359375 0.720672271484375 0.47940137890625 0.600382736328125 0.619956724609375 0.614761482421875 0.62792699609375 0.678415419921875 0.65995276171875
0 0.78476740234375 0.507539087890625 0.88366916796875 0.346440693359375 0.883489494140625 0.34634109765625 0.7958955859375 0.3177647421875 0.69611386328125 0.46944866796875 0.695552947265625 0.470836982421875 0.69992553515625 0.473260748046875 0.78476740234375 0.507539087890625
0 0.696769130859375 0.77464348046875 0.583936462890625 0.62277985546875 0.522507138671875 0.695716248046875 0.63493364453125 0.84276855078125 0.63946428515625 0.84527992578125 0.67879497265625 0.79764935546875 0.696769130859375 0.77464348046875
0 0.73737234375 0.69939212890625 0.63112181640625 0.545884650390625 0.629724345703125 0.545110017578125 0.573443556640625 0.620703763671875 0.585353228515625 0.63696049609375 0.6811264765625 0.762970701171875 0.6824027734375 0.763678166015625 0.73737234375 0.69939212890625
0 0.256157201171875 0 0.252501578125 0.01311740234375 0.341149291015625 0.05497265234375 0.34245476953125 0.052617505859375 0.356553587890625 0 0.256157201171875 0
0 0.201571224609375 0.079964205078125 0.2270151796875 0.09778025390625 0.26284680078125 0.12198862109375 0.333819751953125 0.058526748046875 0.337904736328125 0.0511572421875 0.27436928515625 0.009559974609375 0.201571224609375 0.079964205078125
0 0.28911678515625 0.127218861328125 0.20217553515625 0.07077597265625 0.20010587890625 0.07678669140625 0.17921716796875 0.1432122890625 0.261243447265625 0.19363169140625 0.266801484375 0.195545474609375 0.27028691796875 0.189257583984375 0.28911678515625 0.127218861328125
0 0.142946623046875 0.18856971484375 0.200908615234375 0.26811078125 0.205429025390625 0.270616486328125 0.2509714375 0.20765422265625 0.19283956640625 0.12910962109375 0.142946623046875 0.18856971484375
0 0.71338424609375 1 0.80302862109375 0.901048412109375 0.80385212890625 0.89928239453125 0.71906585546875 0.86056230078125 0.600876251953125 1 0.71338424609375 1
0 0.83825073046875 0.887961310546875 0.694407306640625 0.7685186875 0.661100150390625 0.840227986328125 0.655244861328125 0.853379181640625 0.792076978515625 0.96442038671875 0.79806748046875 0.96708753125 0.83649248046875 0.89191041015625 0.83825073046875 0.887961310546875
0 0.68579041796875 1 0.62425916015625 0.92095701171875 0.624053361328125 0.92080748828125 0.56958132421875 0.98956262109375 0.5774458203125 1 0.68579041796875 1
0 0.88737993359375 0.80838661328125 0.74984696875 0.68156498046875 0.708289767578125 0.759633673828125 0.83970265234375 0.893746689453125 0.83974170703125 0.893768337890625 0.85715096484375 0.863614619140625 0.88737993359375 0.80838661328125
0 1 0.396586046875 0.93955537109375 0.341426759765625 0.887374634765625 0.42537825390625 1 0.518465544921875 1 0.396586046875
0 1 0.45185116015625 0.94550656640625 0.432017171875 0.84511652734375 0.595854037109375 0.84489865234375 0.596452642578125 0.87626849609375 0.60801268359375 0.934134572265625 0.62907421484375 1 0.525139140625 1 0.45185116015625
0 0.86561685546875 0.50436426171875 0.8644201328125 0.503700908203125 0.80519118359375 0.579771923828125 0.9196378203125 0.7272495703125 0.92403953125 0.729689478515625 0.98573714453125 0.653499271484375 0.86561685546875 0.50436426171875
0 0.9478456875 0.6477330703125 0.94854436328125 0.646163818359375 0.86402403515625 0.606656873046875 0.743869361328125 0.763806326171875 0.755054041015625 0.77000609765625 0.832669990234375 0.804562943359375 0.9478456875 0.6477330703125
0 0 0.469707322265625 0.0907121640625 0.525230455078125 0.094247908203125 0.52617785546875 0.09521707421875 0.52442943359375 0.10453676171875 0.491883986328125 0.113838640625 0.457168904296875 0.01756340234375 0.40146390234375 0 0.459921658203125 0 0.469707322265625
0 0.180761166015625 0.22169294921875 0.09833840625 0.270992568359375 0.126997998046875 0.29854219140625 0.15170436328125 0.32158125 0.22523301171875 0.271779341796875 0.22793987890625 0.268876583984375 0.229695716796875 0.265708966796875 0.180761166015625 0.22169294921875
0 0 0.580367671875 0.027211802734375 0.58817053125 0.08435349609375 0.49553062109375 0.0854946875 0.491550818359375 0.02675929296875 0.477248171875 0 0.51169728515625 0 0.580367671875
0 0.038952638671875 0.39179123828125 0.098461763671875 0.461432267578125 0.1068186015625 0.466064537109375 0.14767926953125 0.409418451171875 0.0783560625 0.327688404296875 0.038952638671875 0.39179123828125
0 0.18049074609375 0.34571730859375 0.12517337890625 0.26404768359375 0.08023512109375 0.319922517578125 0.131925736328125 0.401376056640625 0.134260732421875 0.4026703671875 0.15794569140625 0.374443732421875 0.18049074609375 0.34571730859375
0 0 0.62775392578125 0.066529078125 0.59228897265625 0.06654212890625 0.592274974609375 0.067556884765625 0.590444310546875 0.022698603515625 0.54694406640625 0 0.55627921484375 0 0.62775392578125