0 0.59432226953125 1 0.695571302734375 0.97975473828125 0.704753177734375 0.90920051171875 0.590303724609375 0.935166005859375 0.58255319140625 0.998470599609375 0.59122685546875 1 0.59432226953125 1
0 0.72132412890625 0.844362751953125 0.6029259921875 0.853547287109375 0.586690765625 0.919159017578125 0.70495462109375 0.91054496484375 0.72132412890625 0.844362751953125
0 0.717620240234375 0.7075418046875 0.72024278515625 0.708601380859375 0.72203425390625 0.708917265625 0.732928966796875 0.591933669921875 0.661086123046875 0.565538919921875 0.66058928515625 0.56676863671875 0.651061087890625 0.67856888671875 0.717620240234375 0.7075418046875
0 0.72905759765625 0.776814232421875 0.704201599609375 0.668723783203125 0.627585146484375 0.65824041015625 0.62663596875 0.66362346484375 0.653065962890625 0.771500380859375 0.72905759765625 0.776814232421875
0 0.59253168359375 0.83904232421875 0.71288412890625 0.836372494140625 0.734717845703125 0.75863633203125 0.73466958984375 0.758622494140625 0.6133661875 0.76302841015625 0.59406811328125 0.83032879296875 0.59253168359375 0.83904232421875
0 0.65670723828125 0.52187077734375 0.63147287109375 0.591201634765625 0.63113015234375 0.593145283203125 0.63131844140625 0.593213814453125 0.74901458203125 0.60354400390625 0.773674505859375 0.528632740234375 0.77321670703125 0.52846611328125 0.65670723828125 0.52187077734375
0 0.7505321484375 0.5527140625 0.76009715234375 0.4327798203125 0.681559689453125 0.408308498046875 0.67234986328125 0.527449248046875 0.683991896484375 0.531457921875 0.7505321484375 0.5527140625
0 0.842717419921875 0.115534140625 0.703335451171875 0.109423787109375 0.696344505859375 0.14231359375 0.687763283203125 0.1909801328125 0.8250641484375 0.1948691875 0.842717419921875 0.115534140625
0 0.829843138671875 0.20394887109375 0.828665125 0.203588716796875 0.68823754296875 0.188272521484375 0.666599224609375 0.257019 0.664419603515625 0.269380251953125 0.66713743359375 0.27021117578125 0.80295408203125 0.286818595703125 0.8289191171875 0.20697120703125 0.829843138671875 0.20394887109375
0 0.664992005859375 0.329120537109375 0.693428302734375 0.467909384765625 0.74272295703125 0.469630791015625 0.7715580390625 0.46977823046875 0.7440197890625 0.32665069140625 0.665803314453125 0.324519384765625 0.664992005859375 0.329120537109375
0 0.79181437890625 0.35802488671875 0.81254226171875 0.28663927734375 0.66996498828125 0.27453141015625 0.65067127734375 0.353549484375 0.65509005859375 0.354733494140625 0.79181437890625 0.35802488671875
0 0.46063049609375 0.81684519140625 0.476641818359375 0.972840998046875 0.527157642578125 0.98450349609375 0.553460087890625 0.990016517578125 0.54286672265625 0.8337232421875 0.46123234765625 0.81423828515625 0.46063049609375 0.81684519140625
0 0.513031712890625 1 0.499221744140625 0.88404808984375 0.465093470703125 0.87374285546875 0.455952916015625 0.920766923828125 0.442683716796875 0.996020294921875 0.46525374609375 1 0.513031712890625 1
0 0.508066369140625 0.49924373828125 0.52764364453125 0.6441817890625 0.574487095703125 0.649105232421875 0.612587181640625 0.65168820703125 0.58410518359375 0.50331890625 0.5085587734375 0.496451181640625 0.508066369140625 0.49924373828125
0 0.42938748828125 0.855473060546875 0.581076541015625 0.850315015625 0.598037392578125 0.77343423828125 0.59698958984375 0.773113892578125 0.452322533203125 0.776213447265625 0.431154865234375 0.84544976171875 0.42938748828125 0.855473060546875
0 0.47612629296875 0.713155181640625 0.61649751171875 0.67297005859375 0.62011459765625 0.59611355078125 0.4770709921875 0.630960384765625 0.46825125390625 0.711656798828125 0.46824744140625 0.71176592578125 0.47612629296875 0.713155181640625
0 0.4410431640625 0.77137427734375 0.441942052734375 0.7717014453125 0.593522015625 0.77358381640625 0.6182293515625 0.701446703125 0.46686561328125 0.69509299609375 0.442867732421875 0.761026638671875 0.4410431640625 0.77137427734375
0 0.5962010625 0.580680453125 0.619144533203125 0.429442634765625 0.5469403671875 0.40081177734375 0.544310150390625 0.4070081796875 0.54099921484375 0.42133704296875 0.519527228515625 0.55159149609375 0.55444434765625 0.566412935546875 0.59588427734375 0.581426748046875 0.5962010625 0.580680453125
0 0.59592658203125 0.01895987109375 0.601305896484375 0.135734314453125 0.68381130078125 0.1453468984375 0.68249613671875 0.0244656875 0.64739522265625 0.01827644921875 0.596827181640625 0.01385231640625 0.59592658203125 0.01895987109375
0 0.62868151171875 0.22574328515625 0.633297720703125 0.226809021484375 0.657142671875 0.231013529296875 0.66828116015625 0.0973080078125 0.584190869140625 0.08002518359375 0.583202171875 0.084307705078125 0.575492947265625 0.21128489453125 0.62868151171875 0.22574328515625
0 0.62130916796875 0.40367567578125 0.623671560546875 0.404397931640625 0.6245376171875 0.404550640625 0.63764622265625 0.271534791015625 0.55614516015625 0.24790534765625 0.553930107421875 0.2551504609375 0.54551283984375 0.37943366796875 0.62130916796875 0.40367567578125
0 0.68054175 0.200463189453125 0.545034810546875 0.197908484375 0.53852253125 0.2275393984375 0.52893836328125 0.281893908203125 0.66421951953125 0.281660158203125 0.68054175 0.200463189453125
0 0.495106423828125 0.43777206640625 0.50065437109375 0.43979135546875 0.626321533203125 0.451830908203125 0.653280814453125 0.37720250390625 0.524290490234375 0.3608989609375 0.495200296875 0.4372396796875 0.495106423828125 0.43777206640625
0 0.24014862890625 0.80051035546875 0.17141198828125 0.78885141796875 0.169910841796875 0.797364833984375 0.190592951171875 0.95315649609375 0.204152037109375 0.955547328125 0.272621060546875 0.963954267578125 0.24014862890625 0.80051035546875
0 0.2648445703125 0.116261732421875 0.24474296875 0.166014947265625 0.24335926171875 0.1738623359375 0.24564969921875 0.174787732421875 0.423833126953125 0.212681451171875 0.46054741015625 0.130405474609375 0.277566095703125 0.085704501953125 0.2648445703125 0.116261732421875
0 0.210475013671875 0.89637128515625 0.28018512890625 0.905952111328125 0.26290150390625 0.71791504296875 0.1912109296875 0.7035602734375 0.190383541015625 0.7082526328125 0.201538138671875 0.89479547265625 0.210475013671875 0.89637128515625
0 0.22965284765625 0.40790558984375 0.230193259765625 0.407877267578125 0.41320117578125 0.35908392578125 0.40419973046875 0.271540466796875 0.221910365234375 0.315608833984375 0.2267203359375 0.4073885078125 0.22965284765625 0.40790558984375
0 0.286879486328125 0 0.283477376953125 0.010470611328125 0.263027349609375 0.086379482421875 0.271501580078125 0.08913292578125 0.445469138671875 0.117040345703125 0.47159642578125 0.0292984921875 0.31680736328125 0 0.286879486328125 0
0 0.202845912109375 0.601582689453125 0.201919615234375 0.60683598046875 0.215450490234375 0.79094612109375 0.30078989453125 0.80599376171875 0.28441603125 0.61497169140625 0.202845912109375 0.601582689453125
0 0.318976259765625 0.34153111328125 0.23264586328125 0.34259798828125 0.23203396875 0.346068208984375 0.2776447578125 0.52170540625 0.31872212109375 0.5195526328125 0.36846403125 0.51584612109375 0.36838519140625 0.514341763671875 0.318976259765625 0.34153111328125
0 0.23137223046875 0.2971464765625 0.420109951171875 0.29205040234375 0.433066021484375 0.19626258203125 0.432446673828125 0.196153375 0.249639869140625 0.206815548828125 0.2305813125 0.297007017578125 0.23137223046875 0.2971464765625
0 0.23637157421875 0.50555876171875 0.208744177734375 0.687980958984375 0.23917883984375 0.70153134375 0.294453552734375 0.724372640625 0.325537130859375 0.53659463671875 0.23818399609375 0.50148799609375 0.23637157421875 0.50555876171875
0 0.30655724609375 0.43289626171875 0.224204662109375 0.426462724609375 0.2227686640625 0.434606681640625 0.243209330078125 0.58453583984375 0.24628316796875 0.60445249609375 0.3341947265625 0.61732709765625 0.340205841796875 0.617853001953125 0.30655724609375 0.43289626171875
0 1 0.10429091015625 0.930540447265625 0.109845771484375 0.93036415234375 0.11084558984375 0.954348869140625 0.205343056640625 1 0.202150818359375 1 0.10429091015625
0 1 0.19392571875 0.926288783203125 0.19041665625 0.911013298828125 0.25658205078125 0.90928277734375 0.26639632421875 0.91283772265625 0.267217048828125 1 0.2697718828125 1 0.19392571875
0 0 0.911421216796875 0.1322592578125 0.870605564453125 0.132344587890625 0.8335365859375 0 0.835846669921875 0 0.911421216796875
0 0.90747925 0.2586284765625 0.921357123046875 0.354959513671875 0.964366576171875 0.35944694921875 0.995309712890625 0.362154123046875 0.98479812890625 0.261427666015625 0.908584986328125 0.2523575390625 0.90747925 0.2586284765625
0 0.89525036328125 0.34647141796875 0.87648615234375 0.40740483203125 0.875064548828125 0.41546715234375 0.881220826171875 0.41711672265625 0.97741786328125 0.421185658203125 0.9972450625 0.354435521484375 0.998890390625 0.34829507421875 0.89525036328125 0.34647141796875
0 0.959553369140625 0.515980890625 0.960397333984375 0.42034733203125 0.88535264453125 0.3957889296875 0.884361740234375 0.39976323046875 0.88422154296875 0.498911087890625 0.936094373046875 0.5118444375 0.959553369140625 0.515980890625
0 0 0.78002826171875 0.146924974609375 0.7560075078125 0.157471412109375 0.6627892421875 0 0.693897296875 0 0.78002826171875
0 0.11068441015625 0.73756774609375 0.124617578125 0.5520428984375 0.038674875 0.5258868828125 0.037902748046875 0.528008283203125 0.02246146875 0.706650904296875 0.10432294921875 0.736446048828125 0.11068441015625 0.73756774609375
0 0 0.8593940625 0.130312326171875 0.859389021484375 0.152440529296875 0.77450784765625 0.15219726171875 0.77443347265625 0 0.77204500390625 0 0.8593940625
0 0.043185431640625 0.620175845703125 0.135152646484375 0.64192609765625 0.13856434765625 0.642527673828125 0.12678964453125 0.45446383203125 0.044147904296875 0.433900412109375 0.042297541015625 0.43357414453125 0.041041720703125 0.43948231640625 0.043185431640625 0.620175845703125
0 0.2513094296875 0.08803781640625 0.060934810546875 0.12291728515625 0.059392248046875 0.21129062109375 0.0628920546875 0.211907732421875 0.251073689453125 0.186884298828125 0.2513094296875 0.08803781640625
0 0.04419619140625 0.216335419921875 0.040940029296875 0.30957966015625 0.046346869140625 0.31053303125 0.231164228515625 0.27961307421875 0.23308786328125 0.224527380859375 0.23425265625 0.181883427734375 0.23285912109375 0.181834763671875 0.04419619140625 0.216335419921875
0 0.185147759765625 0.44186741015625 0.15126433984375 0.25331662890625 0.05759216796875 0.2466092734375 0.05603204296875 0.2554571953125 0.085214765625 0.43663014453125 0.185147759765625 0.44186741015625
0 0.17356098046875 0.536673923828125 0.124076244140625 0.34395916796875 0.03191130078125 0.34726232421875 0.031288244140625 0.35079584765625 0.07560973046875 0.53838366796875 0.17356098046875 0.536673923828125
0 0.13071494140625 0 0.10726068359375 0.1330543046875 0.130681552734375 0.14066420703125 0.20079794921875 0.161505443359375 0.23343583984375 0 0.13071494140625 0
0 0.829623830078125 0.69405515625 0.83805149609375 0.8018609296875 0.876802134765625 0.8100976328125 0.906699501953125 0.815518677734375 0.900740283203125 0.703814744140625 0.83045870703125 0.690127359375 0.829623830078125 0.69405515625
0 0.85989012890625 0.492527474609375 0.879623341796875 0.578758404296875 0.91340503515625 0.578758404296875 0.953154130859375 0.578155681640625 0.92649619921875 0.48588803515625 0.8612674296875 0.484716421875 0.85989012890625 0.492527474609375
0 0.911726556640625 0.774508177734375 0.802026484375 0.814087548828125 0.797584623046875 0.87296622265625 0.80360782421875 0.874028275390625 0.907833556640625 0.8486845390625 0.911726556640625 0.774508177734375
0 0.943022919921875 0.641925435546875 0.8360113203125 0.64322444921875 0.819737037109375 0.7126327734375 0.82630713671875 0.714516720703125 0.920645833984375 0.71371698828125 0.94283001171875 0.643019474609375 0.943022919921875 0.641925435546875
0 0.84293058984375 0.599755626953125 0.832997646484375 0.627046166015625 0.831507828125 0.635495353515625 0.832172048828125 0.635737107421875 0.929002634765625 0.639794345703125 0.95492253125 0.572939255859375 0.856535876953125 0.56586782421875 0.84293058984375 0.599755626953125
0 0.87348719921875 1 0.84424398046875 0.909342974609375 0.776335677734375 0.903401767578125 0.775490412109375 0.90819550390625 0.805730986328125 1 0.87348719921875 1
0 0.89375226953125 0.8971756171875 0.89312337109375 0.888181947265625 0.888237798828125 0.8336493046875 0.78126741015625 0.87892133203125 0.781688138671875 0.88493805859375 0.789090578125 0.950798697265625 0.790900611328125 0.95111785546875 0.7919581171875 0.95104390625 0.871093798828125 0.909552169921875 0.89375226953125 0.8971756171875
0 0.830948859375 1 0.825127384765625 0.97007255078125 0.78467744140625 0.959713724609375 0.776846583984375 1 0.830948859375 1