0 0.64766933984375 0.93874317578125 0.645067978515625 0.9572528125 0.6444781328125 0.97414378515625 0.64721903515625 0.974528994140625 0.75684267578125 0.95365188671875 0.76742369140625 0.88669565234375 0.65319534765625 0.90541653125 0.64766933984375 0.93874317578125
0 0.69671297265625 0.91336699609375 0.758559958984375 0.913251181640625 0.721005140625 0.800591919921875 0.6536614296875 0.800711423828125 0.65363768359375 0.801391419921875 0.69030619921875 0.913143265625 0.69671297265625 0.91336699609375
0 0.65819356640625 0.5769676796875 0.646066873046875 0.65206341796875 0.648878193359375 0.652609884765625 0.7588581796875 0.64080063671875 0.774598697265625 0.569936072265625 0.775499541015625 0.5653016328125 0.65819356640625 0.5769676796875
0 0.748373359375 0.728759666015625 0.7759711796875 0.656074861328125 0.776034583984375 0.65425922265625 0.65970505859375 0.65581531640625 0.639178814453125 0.722953634765625 0.63899703125 0.728159244140625 0.64065557421875 0.728666310546875 0.748373359375 0.728759666015625
0 0.754868005859375 0.835661740234375 0.72920973828125 0.717693587890625 0.65039650390625 0.71122998046875 0.64994648828125 0.716373677734375 0.676425263671875 0.830338265625 0.72558444140625 0.83463913671875 0.754868005859375 0.835661740234375
0 0.761014568359375 0.472668453125 0.65017659765625 0.51517966015625 0.66061624609375 0.591598724609375 0.664955244140625 0.59175024609375 0.76894507421875 0.5481221953125 0.761014568359375 0.472668453125
0 0.647124125 0.4058868671875 0.696049802734375 0.5128498828125 0.708175599609375 0.51071177734375 0.77667819921875 0.497043462890625 0.726898662109375 0.38750940625 0.64718976953125 0.40400703515625 0.647124125 0.4058868671875
0 0.791302220703125 0.080772951171875 0.65183483984375 0.077096078125 0.63721846484375 0.15229079296875 0.636987521484375 0.15890416015625 0.77503622265625 0.160404005859375 0.791302220703125 0.080772951171875
0 0.64986530078125 0.14830415625 0.679167759765625 0.274938814453125 0.71096551953125 0.273836001953125 0.766246935546875 0.270938826171875 0.73253541015625 0.133435787109375 0.650257646484375 0.13706887109375 0.64986530078125 0.14830415625
0 0.623404564453125 0.413554935546875 0.627534701171875 0.414135390625 0.7693591796875 0.4002818125 0.7778902265625 0.322921396484375 0.633563111328125 0.3352713125 0.623683447265625 0.40556877734375 0.623404564453125 0.413554935546875
0 0.62338423046875 0.324594341796875 0.630353185546875 0.326331896484375 0.76479232421875 0.335388591796875 0.78294689453125 0.25497008984375 0.64150433203125 0.25403439453125 0.623537619140625 0.320201921875 0.62338423046875 0.324594341796875
0 0.631301556640625 0.82634706640625 0.48619070703125 0.884615091796875 0.49341966796875 0.96724248046875 0.49704831640625 0.967369197265625 0.639714205078125 0.9042666484375 0.631301556640625 0.82634706640625
0 0.575558751953125 1 0.608647568359375 0.99534966796875 0.59001962109375 0.874477501953125 0.506957615234375 0.8827884140625 0.506770291015625 0.888152673828125 0.50679420703125 0.88832284765625 0.56076176953125 1 0.575558751953125 1
0 0.63991759375 0.505594853515625 0.496185232421875 0.549172845703125 0.496185232421875 0.579429833984375 0.496825576171875 0.62496533984375 0.500681216796875 0.62509998046875 0.64306023046875 0.5904112578125 0.643060232421875 0.57887136328125 0.640345642578125 0.5055948515625 0.63991759375 0.505594853515625
0 0.637430935546875 0.75255749609375 0.637131392578125 0.752531291015625 0.488978623046875 0.789325876953125 0.48791169140625 0.801520982421875 0.487399783203125 0.868045888671875 0.4892626015625 0.86820886328125 0.630419921875 0.83502948828125 0.637430935546875 0.75255749609375
0 0.536760876953125 0.71654430859375 0.60850326953125 0.7304896171875 0.612019859375 0.730612419921875 0.60018558203125 0.58639616796875 0.52103572265625 0.5648361328125 0.51961590625 0.56478655078125 0.51874323828125 0.56927603515625 0.536760876953125 0.71654430859375
0 0.49445403515625 0.792171931640625 0.63503295703125 0.74297351953125 0.63357791015625 0.666736400390625 0.48945435546875 0.712444951171875 0.4891694296875 0.720604109375 0.4891694296875 0.791987388671875 0.49445403515625 0.792171931640625
0 0.632233255859375 0.55061657421875 0.632176703125 0.549807806640625 0.583958951171875 0.4046378046875 0.507770369140625 0.4117999921875 0.5074785 0.420158029296875 0.510651099609375 0.432892900390625 0.550653705078125 0.558698548828125 0.58849387890625 0.55605250390625 0.632233255859375 0.55061657421875
0 0.50737080078125 0.10470393359375 0.51981534765625 0.105138505859375 0.65205867578125 0.08978283203125 0.649564037109375 0.004918119140625 0.63430191015625 0.00438515234375 0.508285361328125 0.023527767578125 0.50737080078125 0.10470393359375
0 0.5158583671875 0.190990208984375 0.635227466796875 0.17522062109375 0.64141996484375 0.091043666015625 0.50751615234375 0.10567991796875 0.504812033203125 0.183115728515625 0.50473179296875 0.19060166015625 0.5158583671875 0.190990208984375
0 0.498388896484375 0.36705028515625 0.50568180078125 0.36730495703125 0.62880873828125 0.346983859375 0.630569873046875 0.26063044921875 0.629508576171875 0.260593388671875 0.501225494140625 0.285820763671875 0.498388896484375 0.36705028515625
0 0.62259731640625 0.1621801796875 0.4958809296875 0.21363179296875 0.511508009765625 0.294026150390625 0.513647421875 0.294100859375 0.63694526171875 0.24696883203125 0.62259731640625 0.1621801796875
0 0.490960423828125 0.44545969140625 0.49741168359375 0.446251806640625 0.61956984765625 0.4338512265625 0.631028025390625 0.350847931640625 0.499698619140625 0.368201849609375 0.49118901953125 0.43891356640625 0.490960423828125 0.44545969140625
0 0.3089004140625 0.833585775390625 0.30310719140625 0.83277158984375 0.226857396484375 0.82345318359375 0.226469037109375 0.82621649609375 0.25609471875 0.9902613984375 0.270542861328125 0.992291951171875 0.32738524609375 0.99427693359375 0.3089004140625 0.833585775390625
0 0.36206245703125 0.270045966796875 0.341748 0.085210150390625 0.247284376953125 0.080915892578125 0.24711843359375 0.08566787109375 0.27245496875 0.266084875 0.295661919921875 0.267727208984375 0.36206245703125 0.270045966796875
0 0.19853218359375 0.897533591796875 0.373184833984375 0.859063376953125 0.37155818359375 0.77971489453125 0.188539919921875 0.82620120703125 0.187750880859375 0.8456540703125 0.18685244140625 0.8971257265625 0.19853218359375 0.897533591796875
0 0.2323446875 0.28487554296875 0.2764059453125 0.46253511328125 0.29453036328125 0.4619021953125 0.36431455859375 0.45595556640625 0.323334072265625 0.272476150390625 0.232684162109375 0.27515422265625 0.2323446875 0.28487554296875
0 0.208481265625 0.10648275390625 0.2067948984375 0.121097392578125 0.20660587890625 0.12651019140625 0.217579205078125 0.128052392578125 0.393076234375 0.130252208984375 0.40162001953125 0.0340974296875 0.21825564453125 0.0369344375 0.208481265625 0.10648275390625
0 0.193660994140625 0.70822388671875 0.18086653515625 0.774045666015625 0.18055524609375 0.782959859375 0.184996107421875 0.78382307421875 0.370702978515625 0.771165279296875 0.38575473046875 0.688516859375 0.195531072265625 0.69916301171875 0.193660994140625 0.70822388671875
0 0.295038755859375 0.36662065625 0.21815608984375 0.377783884765625 0.2180255703125 0.38152145703125 0.27861110546875 0.54837780078125 0.34962707421875 0.5425292109375 0.365944529296875 0.540525677734375 0.3070669765625 0.36514377734375 0.295038755859375 0.36662065625
0 0.354411330078125 0.36983973828125 0.354472458984375 0.36914102734375 0.334429353515625 0.18868970703125 0.243200734375 0.174351857421875 0.258188888671875 0.362831974609375 0.32757726171875 0.368902671875 0.354411330078125 0.36983973828125
0 0.2344746484375 0.5446849765625 0.24216264453125 0.729027119140625 0.274623669921875 0.736521337890625 0.33324115625 0.7483960625 0.327923908203125 0.55813704296875 0.235477033203125 0.54034317578125 0.2344746484375 0.5446849765625
0 0.36831973828125 0.5880889765625 0.3836783671875 0.494623798828125 0.38270478515625 0.49452147265625 0.197841560546875 0.5248300078125 0.18975175390625 0.60935646484375 0.1909499765625 0.60948240234375 0.34835247265625 0.59081475390625 0.36831973828125 0.5880889765625
0 0.875272333984375 0.0510328046875 0.900745853515625 0.14311908984375 0.97862567578125 0.1327659375 0.949222310546875 0.038023125 0.92603301953125 0.04087041015625 0.875403224609375 0.0472846171875 0.875272333984375 0.0510328046875
0 0.968417294921875 0.21773808203125 0.956013642578125 0.12056878515625 0.87845104296875 0.11728046484375 0.87820674609375 0.12194194921875 0.891734046875 0.21443009765625 0.927769150390625 0.2163186171875 0.968417294921875 0.21773808203125
0 0.12899012109375 0.987348822265625 0.15455965234375 0.85580498828125 0.15457323046875 0.855416126953125 0.1516189921875 0.854841880859375 0.065783564453125 0.843830302734375 0.06516758984375 0.84699922265625 0.07748806640625 0.98368932421875 0.0891587734375 0.98595787890625 0.12899012109375 0.987348822265625
0 0.87144401171875 0.20543309765625 0.89242985546875 0.296639984375 0.94592611328125 0.296440966796875 0.97102637109375 0.295564447265625 0.94399931640625 0.196073794921875 0.87172487109375 0.19739028515625 0.87144401171875 0.20543309765625
0 0.96280093359375 0.375450646484375 0.941417736328125 0.27478083203125 0.87076333984375 0.269696412109375 0.87033788671875 0.28187971484375 0.88710208203125 0.37164943359375 0.92998058984375 0.37430453515625 0.96280093359375 0.375450646484375
0 0.95231998046875 0.45794762109375 0.948858931640625 0.354648330078125 0.87341639453125 0.338612525390625 0.872990416015625 0.34061659765625 0.8754838125 0.43619384375 0.950533626953125 0.4578852421875 0.95231998046875 0.45794762109375
0 0.0274466171875 0.69027541796875 0.02736217578125 0.692693505859375 0.07539215234375 0.86978166015625 0.162586595703125 0.87282655859375 0.120424501953125 0.694261478515625 0.0274466171875 0.69027541796875
0 0.17522894140625 0.60550650390625 0.00537283984375 0.683649802734375 0.006049078125 0.687919408203125 0.02349184765625 0.76947176171875 0.02888460546875 0.769660080078125 0.030184193359375 0.76945424609375 0.19109344921875 0.69761143359375 0.188841453125 0.68339289453125 0.17522894140625 0.60550650390625
0 0 0.93139198046875 0.004368345703125 0.961015771484375 0.005636037109375 0.960882529296875 0.188331134765625 0.88669433984375 0.18163428125 0.811331615234375 0.17994509765625 0.795260109375 0.17845151953125 0.795207953125 0 0.8709642734375 0 0.93139198046875
0 0.019403806640625 0.517648623046875 0.01958508203125 0.518938482421875 0.08340033984375 0.688001666015625 0.180755509765625 0.676575349609375 0.105285755859375 0.503688982421875 0.019575271484375 0.5127384765625 0.019403806640625 0.517648623046875
0 0.011420236328125 0.250842849609375 0.20087359765625 0.24296105078125 0.2149025 0.15755454296875 0.2150030859375 0.15467412890625 0.021826177734375 0.153239380859375 0.00896978515625 0.234411455078125 0.00841262109375 0.250366490234375 0.011420236328125 0.250842849609375
0 0.062330666015625 0.193519701171875 0.05687057421875 0.384588947265625 0.11662118359375 0.39948644921875 0.14434340625 0.406280671875 0.149262708984375 0.40645245703125 0.157635666015625 0.214862119140625 0.08215391796875 0.19604240234375 0.062862193359375 0.191387857421875 0.062330666015625 0.193519701171875
0 0.1685110703125 0.481342375 0.18966812109375 0.477229861328125 0.18968359375 0.476786787109375 0.113824853515625 0.299371173828125 0.018562326171875 0.31788833203125 0.01832782421875 0.324603646484375 0.09453013671875 0.494259904296875 0.1685110703125 0.481342375
0 0 0.543745279296875 0.186103013671875 0.546040115234375 0.207735248046875 0.45234061328125 0.20779730078125 0.450563671875 0.00796098828125 0.451962705078125 0.00007053515625 0.489252607421875 0 0.49127244921875 0 0.543745279296875
0 0.068404740234375 0 0.067311162109375 0.00562596875 0.05332411328125 0.18638213671875 0.11873179296875 0.202052978515625 0.14867581640625 0.2078735078125 0.154141130859375 0.208064361328125 0.16439396484375 0.0122428046875 0.09165453515625 0 0.068404740234375 0
0 0.849049650390625 0.7279445546875 0.8549320546875 0.756293076171875 0.85815403125 0.75640558984375 0.861322673828125 0.755846873046875 0.956750435546875 0.7112391640625 0.942888212890625 0.639788087890625 0.842333771484375 0.689856919921875 0.849049650390625 0.7279445546875
0 0.86531027734375 0.44675786328125 0.853211861328125 0.5036764375 0.85293566796875 0.51158555859375 0.856555671875 0.512355015625 0.9471513125 0.510948109375 0.961326072265625 0.438906962890625 0.86553219921875 0.445798830078125 0.86531027734375 0.44675786328125
0 0.94788994140625 0.71630348046875 0.84292798828125 0.76713280859375 0.844668984375 0.826290041015625 0.850962240234375 0.826509806640625 0.951771806640625 0.790480423828125 0.94788994140625 0.71630348046875
0 0.85961505078125 0.678716921875 0.860191955078125 0.681431041015625 0.8657733359375 0.681625947265625 0.866411958984375 0.681490203125 0.954723560546875 0.633150068359375 0.935997603515625 0.56229589453125 0.84690148046875 0.61064234765625 0.85961505078125 0.678716921875
0 0.90205803515625 0.59603026953125 0.934454521484375 0.601161369140625 0.944719220703125 0.6015198203125 0.933156880859375 0.505819744140625 0.86132526953125 0.4920203203125 0.86035896875 0.498121306640625 0.874415908203125 0.59106092578125 0.90205803515625 0.59603026953125
0 0.949863033203125 0.86167324609375 0.83814778125 0.89345008203125 0.831438767578125 0.94809061328125 0.83091167578125 0.963184529296875 0.93768375 0.93209973828125 0.949863033203125 0.86167324609375
0 0.94569422265625 0.84962608984375 0.93562274609375 0.781528078125 0.85535209375 0.8272552421875 0.833175287109375 0.84039373828125 0.8343225625 0.8513093203125 0.840552984375 0.9011920234375 0.845144564453125 0.90135236328125 0.84616963671875 0.901244625 0.94622915234375 0.854715603515625 0.94569422265625 0.84962608984375
0 0.84198012890625 0.917918958984375 0.8253177265625 0.989060029296875 0.824959861328125 0.99930793359375 0.827552712890625 0.999906541015625 0.934225404296875 0.982996568359375 0.946173279296875 0.94230726171875 0.897838509765625 0.930814884765625 0.84198012890625 0.917918958984375