0 0.871364546875 0.22407287890625 0.905800748046875 0.3345841171875 0.9769282421875 0.33634076953125 0.93914176171875 0.2252324140625 0.871364546875 0.22407287890625
0 0.79585134765625 0.22668369140625 0.83478082421875 0.33868832421875 0.902944671875 0.3373708359375 0.8634293984375 0.22538415234375 0.79585134765625 0.22668369140625
0 0.545898630859375 0.230273828125 0.579733375 0.34319857421875 0.656637318359375 0.340745646484375 0.623185828125 0.232203552734375 0.550619810546875 0.230273828125 0.545898630859375 0.230273828125
0 0.62803183984375 0.23066744140625 0.66099004296875 0.338803966796875 0.740514533203125 0.344073927734375 0.704209873046875 0.23076975390625 0.62803183984375 0.23066744140625
0 0.708160625 0.229595685546875 0.744621501953125 0.346868486328125 0.82538084375 0.346429322265625 0.787100421875 0.229172677734375 0.708160625 0.229595685546875
0 0.47047203515625 0.231792771484375 0.501164642578125 0.346467189453125 0.58013775 0.34401426171875 0.5463413984375 0.231792771484375 0.47047203515625 0.231792771484375
0 0.38634080859375 0.23408417578125 0.41649255078125 0.35000677734375 0.498569404296875 0.34816708203125 0.468566521484375 0.23165296875 0.38634080859375 0.23408417578125
0 0.141370361328125 0.231974775390625 0.060098654296875 0.231201953125 0.08334084765625 0.37024353515625 0.16659096875 0.369695255859375 0.141370361328125 0.231974775390625
0 0.141804970703125 0.23274759375 0.16846098046875 0.3728092890625 0.25378076953125 0.373511677734375 0.229161189453125 0.234293236328125 0.141804970703125 0.23274759375
0 0.306086814453125 0.23352041796875 0.3386033671875 0.375599697265625 0.41861105859375 0.37498646484375 0.38388165625 0.231201953125 0.306086814453125 0.23352041796875
0 0.229595796875 0.23352041796875 0.254802208984375 0.374373232421875 0.33722392578125 0.37253353515625 0.3039137734375 0.23506605859375 0.229595796875 0.23352041796875
0 0.90840845703125 0.34729357421875 0.830052173828125 0.348883072265625 0.875532369140625 0.498787572265625 0.960373890625 0.499416181640625 0.90840845703125 0.34729357421875
0 1 0.486363755859375 0.998185962890625 0.34980799609375 0.912057291015625 0.346369505859375 0.963188833984375 0.505702236328125 1 0.509442677734375 1 0.486363755859375
0 0.580179974609375 0.35433926953125 0.5034455859375 0.35541834765625 0.539173240234375 0.5020616328125 0.62401476171875 0.49891860546875 0.580179974609375 0.35433926953125
0 0.82639498828125 0.35672266015625 0.74352263671875 0.356926486328125 0.7935188984375 0.50255920703125 0.8723508125 0.496273150390625 0.82639498828125 0.35672266015625
0 0.66068996875 0.35685369140625 0.583754044921875 0.355921060546875 0.623571802734375 0.497661392578125 0.70841332421875 0.50394744921875 0.66068996875 0.35685369140625
0 0.66434528125 0.358937341796875 0.710534361328125 0.504576056640625 0.791840818359375 0.50394744921875 0.740582400390625 0.357482296875 0.66434528125 0.358937341796875
0 0.499934037109375 0.354967875 0.421102123046875 0.35685369140625 0.42483378515625 0.378040447265625 0.4564527578125 0.50834769140625 0.53811272265625 0.50394744921875 0.499934037109375 0.354967875
0 0.083425392578125 0.367092107421875 0.00039615234375 0.364706921875 0.014671228515625 0.50968721484375 0.10240626953125 0.50864016015625 0.083425392578125 0.367092107421875
0 0.17071005859375 0.376711685546875 0.086368263671875 0.37346069140625 0.10593922265625 0.50864016015625 0.19249661328125 0.50654605859375 0.17071005859375 0.376711685546875
0 0.3389618828125 0.37759768359375 0.256016353515625 0.37653230859375 0.282400869140625 0.5077190859375 0.369009921875 0.506461875 0.3389618828125 0.37759768359375
0 0.25491214453125 0.37566463671875 0.17209256640625 0.37513540234375 0.195440740234375 0.50864016015625 0.2814093046875 0.510734263671875 0.25491214453125 0.37566463671875
0 0.419914833984375 0.37885489453125 0.34056645703125 0.379045875 0.369363427734375 0.50583326953125 0.4531444296875 0.50709048046875 0.419914833984375 0.37885489453125
0 0.86385950390625 0.61448195703125 0.91139552734375 0.797471974609375 0.994937060546875 0.795966361328125 0.93623219921875 0.617802236328125 0.86385950390625 0.61448195703125
0 0.212260091796875 0.616899005859375 0.12222172265625 0.61367923828125 0.149321708984375 0.80008183984375 0.24471710546875 0.80108558203125 0.212260091796875 0.616899005859375
0 0.78551907421875 0.614080599609375 0.83012187890625 0.800985068359375 0.90942988671875 0.79797384375 0.859756544921875 0.61579475390625 0.78551907421875 0.614080599609375
0 0.310735435546875 0.617291478515625 0.34528762109375 0.802089322265625 0.438707373046875 0.80259119140625 0.398630017578125 0.61288404296875 0.310735435546875 0.617291478515625
0 0.0281786171875 0.617276822265625 0.051891302734375 0.80284976953125 0.148299376953125 0.79792824609375 0.119699853515625 0.615011625 0.0281786171875 0.617276822265625
0 0.67760344140625 0.6168901171875 0.72435037890625 0.80158744921875 0.81127873046875 0.80259119140625 0.76160538671875 0.615895263671875 0.67760344140625 0.6168901171875
0 0.401734599609375 0.618404619140625 0.438989607421875 0.80058370703125 0.53015148046875 0.798576224609375 0.489509654296875 0.62191771484375 0.401734599609375 0.618404619140625
0 0.21613993359375 0.616087396484375 0.247590521484375 0.803093064453125 0.34439709375 0.80259119140625 0.308271025390625 0.6224195859375 0.21613993359375 0.616087396484375
0 0.579847228515625 0.620903716796875 0.6302662109375 0.804096806640625 0.723121494140625 0.80158744921875 0.67514155859375 0.61740087890625 0.579847228515625 0.620903716796875
0 0.62694437109375 0.80259119140625 0.577206048828125 0.62091397265625 0.492024671875 0.621706435546875 0.52731544921875 0.77749765234375 0.53211344140625 0.79707061328125 0.62694437109375 0.80259119140625
0 0.1050628125 0.038623375 0.02954427734375 0.03891366796875 0.044155931640625 0.137117921875 0.12271698046875 0.13633310546875 0.1050628125 0.038623375
0 0.18229980078125 0.038623375 0.105449470703125 0.038599849609375 0.12337901171875 0.13751033203125 0.201940064453125 0.136725513671875 0.18229980078125 0.038623375
0 1 0.793413314453125 0.909652380859375 0.799239396484375 0.962938158203125 0.98324462890625 1 0.983976888671875 1 0.793413314453125
0 0.257602666015625 0.03923678125 0.18320370703125 0.03799469140625 0.20255491015625 0.1379419609375 0.28132617578125 0.140399349609375 0.257602666015625 0.03923678125
0 0.33245840234375 0.04169416796875 0.258926966796875 0.038977314453125 0.281556501953125 0.140399349609375 0.35756386328125 0.142447177734375 0.33245840234375 0.04169416796875
0 0.412598107421875 0.047018517578125 0.332807810546875 0.04127009765625 0.357780677734375 0.142037611328125 0.43540031640625 0.142037611328125 0.412598107421875 0.047018517578125
0 0.81303508984375 0.804516228515625 0.72573649609375 0.80400386328125 0.7749247734375 0.98398933203125 0.868734779296875 0.98473403125 0.81303508984375 0.804516228515625
0 0.72257544140625 0.804516228515625 0.632271046875 0.809363892578125 0.679858384765625 0.986223435546875 0.773249595703125 0.98473403125 0.72257544140625 0.804516228515625
0 0.906246427734375 0.79855861328125 0.81853194140625 0.802217189453125 0.8735804453125 0.99292575 0.96613406640625 0.99441515234375 0.906246427734375 0.79855861328125
0 0.627528671875 0.808239736328125 0.539140599609375 0.80519498046875 0.580204875 0.98771283984375 0.678202826171875 0.989946943359375 0.627528671875 0.808239736328125
0 0.24167951953125 0.804516228515625 0.15221373828125 0.80400386328125 0.181373087890625 0.9973939609375 0.28020862890625 0.995904556640625 0.24167951953125 0.804516228515625
0 0.340096265625 0.806005630859375 0.245009185546875 0.806386099609375 0.283558986328125 0.995904556640625 0.381556939453125 0.99515985546875 0.340096265625 0.806005630859375
0 0.38262833203125 0.995904556640625 0.482720259765625 0.995904556640625 0.438746818359375 0.808239736328125 0.34182465234375 0.80638609765625 0.38262833203125 0.995904556640625
0 0.5813724453125 1 0.53497505078125 0.805260931640625 0.44132012890625 0.806981658203125 0.48338207421875 1 0.5813724453125 1
0 0.177865623046875 1 0.150382283203125 0.804516228515625 0.05271826171875 0.806981658203125 0.074580447265625 0.9966492578125 0.15215251171875 1 0.177865623046875 1
0 0.63400055078125 0.0412958671875 0.66305409765625 0.14931980859375 0.7358268203125 0.148075533203125 0.70363888671875 0.03920144921875 0.63400055078125 0.0412958671875
0 0.435344474609375 0.141628046875 0.50875844921875 0.14051485546875 0.48210051953125 0.0482472109375 0.413693892578125 0.047018517578125 0.435344474609375 0.141628046875
0 0.70573809765625 0.03982358984375 0.73643171484375 0.149262171875 0.81069875390625 0.15056408203125 0.767315015625 0.042312138671875 0.70573809765625 0.03982358984375
0 0.557317109375 0.04776389453125 0.586082951171875 0.14496484375 0.66130475390625 0.1468312578125 0.630516294921875 0.044178552734375 0.557317109375 0.04776389453125
0 0.554653001953125 0.048656775390625 0.482964638671875 0.04716582421875 0.50996988671875 0.142037611328125 0.585055947265625 0.14449500390625 0.554653001953125 0.048656775390625
0 0.840472220703125 0.04316143359375 0.88631762109375 0.151808357421875 0.95699112890625 0.151808357421875 0.911858046875 0.046667103515625 0.840472220703125 0.04316143359375
0 0.847283146484375 0.06719764453125 0.836437212890625 0.0435564140625 0.77276108203125 0.044800689453125 0.81054691796875 0.154919046875 0.88436924609375 0.151808357421875 0.847283146484375 0.06719764453125
0 1 0.046043771484375 0.914986587890625 0.045773732421875 0.957340998046875 0.15056408203125 0.99967512890625 0.1530526328125 1 0.10337145703125 1 0.046043771484375