0 0.271067482421875 1 0.28040580859375 0.999347 0.3332817109375 0.99004246484375 0.352342478515625 0.879490953125 0.3515824375 0.87469224609375 0.283244806640625 0.88725274609375 0.26678176953125 1 0.271067482421875 1
0 0.248863884765625 0.8702965625 0.352029802734375 0.9238543671875 0.35447436328125 0.92368342578125 0.365052498046875 0.85769568359375 0.259555822265625 0.80355703515625 0.248863884765625 0.8702965625
0 0.31923297265625 0.669272009765625 0.34428577734375 0.557917052734375 0.344120599609375 0.55555490625 0.340118671875 0.555834748046875 0.267864033203125 0.56282172265625 0.24235079296875 0.67220986328125 0.24243533203125 0.673418837890625 0.28068925 0.671967248046875 0.31923297265625 0.669272009765625
0 0.24442168359375 0.752166546875 0.2707759375 0.752626560546875 0.32342315625 0.75005964453125 0.35549744140625 0.65105326171875 0.354896580078125 0.642460541015625 0.282095365234375 0.64128759375 0.24442168359375 0.752166546875
0 0.254208392578125 0.71699247265625 0.2541583828125 0.71698809765625 0.24668376171875 0.79738555859375 0.35594571484375 0.84213213671875 0.35911009765625 0.841910861328125 0.365875935546875 0.764576998046875 0.254208392578125 0.71699247265625
0 0.3056827578125 0.599636828125 0.352180173828125 0.494013783203125 0.352286943359375 0.49314421484375 0.352225521484375 0.49226584765625 0.27481803515625 0.480311513671875 0.230609302734375 0.589819984375 0.23065155078125 0.59042415625 0.3056827578125 0.599636828125
0 0.333086890625 0.39209088671875 0.33285847265625 0.39079546484375 0.2520420625 0.40318516796875 0.242478142578125 0.52258244140625 0.323876837890625 0.5106983671875 0.333086890625 0.39209088671875
0 0.316106580078125 0.05580483203125 0.315377470703125 0.05120141796875 0.2359968203125 0.06454901953125 0.23264666796875 0.2038657578125 0.2406155390625 0.20330851953125 0.314941896484375 0.192037646484375 0.316106580078125 0.05580483203125
0 0.344551611328125 0.27592269140625 0.344897357421875 0.273462572265625 0.355046259765625 0.190643181640625 0.22344392578125 0.147810400390625 0.220605677734375 0.147411509765625 0.21950228515625 0.15526255078125 0.2094303984375 0.23147494921875 0.34092446875 0.27617632421875 0.344551611328125 0.27592269140625
0 0.216859626953125 0.33137340234375 0.226739501953125 0.408573150390625 0.36878415625 0.419949439453125 0.372191970703125 0.4194096953125 0.37094682421875 0.4016032578125 0.361380294921875 0.341202583984375 0.216859626953125 0.33137340234375
0 0.30532755859375 0.36593078515625 0.337668345703125 0.35604321484375 0.3207727421875 0.21547923046875 0.3205574375 0.214774990234375 0.250064396484375 0.237940263671875 0.258396544921875 0.379058798828125 0.25878680078125 0.379031509765625 0.30532755859375 0.36593078515625
0 0.413973806640625 0.99135701953125 0.43955589453125 0.983124845703125 0.48857592578125 0.96624589453125 0.48819353515625 0.809431009765625 0.487322484375 0.80690129296875 0.40817204296875 0.834812626953125 0.413973806640625 0.99135701953125
0 0.491431666015625 1 0.51026508203125 0.89319039453125 0.509741591796875 0.88570416015625 0.47600699609375 0.88322803125 0.4164866796875 0.99615666796875 0.4382833046875 1 0.491431666015625 1
0 0.50296473828125 0.623531607421875 0.50765921484375 0.623203337890625 0.50543136328125 0.55527273828125 0.504339669921875 0.539660822265625 0.3561443125 0.51434908203125 0.359339587890625 0.571602365234375 0.360698470703125 0.591035296875 0.50296473828125 0.623531607421875
0 0.48960344140625 0.72831041796875 0.488032927734375 0.72347687109375 0.410812951171875 0.748357353515625 0.41022983984375 0.895278888671875 0.48714594140625 0.8768968828125 0.48960344140625 0.72831041796875
0 0.41141402734375 0.734199220703125 0.48092036328125 0.70857433984375 0.4801595859375 0.5674465 0.47854714453125 0.5618232578125 0.40642823046875 0.5834524453125 0.401181255859375 0.73559213671875 0.40828988671875 0.735095052734375 0.41141402734375 0.734199220703125
0 0.3583891328125 0.6942078515625 0.38291637109375 0.771729138671875 0.53157287109375 0.7706818046875 0.5329925 0.7702205390625 0.532350990234375 0.76104651953125 0.5117546328125 0.697657453125 0.3583891328125 0.6942078515625
0 0.34904387109375 0.437053931640625 0.3581476875 0.51538111328125 0.5026032265625 0.53151736328125 0.510811060546875 0.530363830078125 0.505485103515625 0.468437392578125 0.50301775390625 0.450881294921875 0.37054378515625 0.4378006484375 0.34904387109375 0.437053931640625
0 0.32207559765625 0.03088030078125 0.34819141015625 0.11464483984375 0.4804685625 0.08561830859375 0.488080140625 0.083145158203125 0.48751768359375 0.07510167578125 0.462561208984375 0.005191431640625 0.32207559765625 0.03088030078125
0 0.480806650390625 0.12351663671875 0.478760904296875 0.10405266796875 0.342752634765625 0.098737640625 0.354801935546875 0.182277578125 0.48210683984375 0.190121064453125 0.486133138671875 0.189697884765625 0.4860376484375 0.188332302734375 0.480806650390625 0.12351663671875
0 0.367872767578125 0.260195076171875 0.364480341796875 0.260432298828125 0.36410247265625 0.342403439453125 0.489196130859375 0.373883927734375 0.492290484375 0.373667548828125 0.49378905859375 0.28781441796875 0.367872767578125 0.260195076171875
0 0.37324789453125 0.3009280625 0.40451943359375 0.29928919140625 0.458879005859375 0.295110849609375 0.473890849609375 0.1714204765625 0.473140412109375 0.16068872265625 0.392529703125 0.1654300546875 0.37324789453125 0.3009280625
0 0.35848666796875 0.365854845703125 0.38150325390625 0.4417919140625 0.50762829296875 0.436345771484375 0.51267053515625 0.434804203125 0.5124570390625 0.4317510546875 0.4881534765625 0.356324478515625 0.35848666796875 0.365854845703125
0 0.76358167578125 0.98055542578125 0.781691994140625 0.81484354296875 0.78111182421875 0.812114052734375 0.70569778515625 0.826728677734375 0.69997547265625 0.827944994140625 0.692825318359375 0.9877372890625 0.747918064453125 0.983884830078125 0.76358167578125 0.98055542578125
0 0.67159752734375 0.272142181640625 0.745799943359375 0.24716621484375 0.713977201171875 0.061542841796875 0.713967822265625 0.061513974609375 0.629335376953125 0.09239801953125 0.65517701171875 0.2761300625 0.66046134765625 0.275760546875 0.67159752734375 0.272142181640625
0 0.68990591796875 0.93340797265625 0.767534291015625 0.919963509765625 0.76810748828125 0.919841671875 0.772777068359375 0.7317329921875 0.771979939453125 0.72798279296875 0.7006166171875 0.744882263671875 0.68990591796875 0.93340797265625
0 0.59276798828125 0.32694592578125 0.615737185546875 0.41190061328125 0.804075763671875 0.39186894921875 0.807197228515625 0.390854724609375 0.807150953125 0.39019296875 0.778742462890625 0.302760623046875 0.59276798828125 0.32694592578125
0 0.619673021484375 0 0.619444759765625 0.000065453125 0.64697440625 0.1795920859375 0.647938064453125 0.17952469921875 0.682705400390625 0.17048002734375 0.73543216015625 0.155360873046875 0.71604351171875 0 0.619673021484375 0
0 0.814914947265625 0.7020686640625 0.8132032890625 0.692976529296875 0.623194404296875 0.67901213671875 0.63680144921875 0.76191066015625 0.822259126953125 0.77780755859375 0.8279205390625 0.77680930078125 0.8278067109375 0.775181482421875 0.814914947265625 0.7020686640625
0 0.68572800390625 0.36318994921875 0.63934255859375 0.53683658203125 0.639289984375 0.53834208984375 0.689089005859375 0.54117991796875 0.73019768359375 0.54261546484375 0.772616056640625 0.366707380859375 0.77233923046875 0.36274858203125 0.68572800390625 0.36318994921875
0 0.72932903515625 0.16269370703125 0.72807033203125 0.15857667578125 0.63617296484375 0.186152392578125 0.660599146484375 0.37286246875 0.66503213671875 0.372552484375 0.747025830078125 0.34119003515625 0.72932903515625 0.16269370703125
0 0.63028076953125 0.6696584765625 0.81389094921875 0.69742969921875 0.818382890625 0.696957576171875 0.81351351171875 0.63441636328125 0.810461818359375 0.605381421875 0.62380344921875 0.574520029296875 0.63028076953125 0.6696584765625
0 0.81634187109375 0.588827267578125 0.79403410546875 0.501512353515625 0.77390525390625 0.5005372109375 0.614483736328125 0.495628615234375 0.61425224609375 0.49567361328125 0.629718029296875 0.57938875390625 0.815692181640625 0.5934077109375 0.816649158203125 0.593221693359375 0.81634187109375 0.588827267578125
0 0.00806866796875 0.13072776953125 0.098641388671875 0.15371633203125 0.104452927734375 0.15330994921875 0.10981198046875 0.07667192578125 0.01362616015625 0.05541344140625 0.00806866796875 0.13072776953125
0 0.1042739375 0.126695103515625 0.10043771484375 0.126963357421875 0.02838104296875 0.138398626953125 0.0243753515625 0.23722529296875 0.03058227734375 0.23679126171875 0.10207651953125 0.225467685546875 0.1042739375 0.126695103515625
0 1 0.9143220703125 0.8219306640625 0.901400443359375 0.83310894140625 0.977927703125 0.92650441015625 0.97139685546875 1 0.955774884765625 1 0.9143220703125
0 0.05360794921875 0.31465682421875 0.10647671484375 0.30648473046875 0.113312697265625 0.20767719921875 0.112983580078125 0.2049967578125 0.039810140625 0.215223919921875 0.02877931640625 0.31679942578125 0.04591910546875 0.31560089453125 0.05360794921875 0.31465682421875
0 0.129333884765625 0.313261791015625 0.02923518359375 0.28535525 0.0280999765625 0.3589281015625 0.12042480859375 0.38714040625 0.1271901015625 0.38666733203125 0.127728443359375 0.376395166015625 0.129333884765625 0.313261791015625
0 0.13181800390625 0.36420437890625 0.13152270703125 0.35998146484375 0.055097544921875 0.36398673828125 0.035521755859375 0.46546130859375 0.035553 0.4659081015625 0.114812763671875 0.456006689453125 0.13181800390625 0.36420437890625
0 0.950415609375 0.851323875 0.96389863671875 0.666605263671875 0.963515017578125 0.66494362109375 0.962037966796875 0.66504690625 0.872809337890625 0.6863944140625 0.865516509765625 0.86915209375 0.8765284921875 0.868382060546875 0.950415609375 0.851323875
0 0.99954360546875 0.66258351953125 0.99969446875 0.65826332421875 0.821581173828125 0.601402748046875 0.81756209375 0.680367533203125 0.8170596875 0.6947545390625 0.985438244140625 0.7464253203125 0.992142705078125 0.745956498046875 0.99954360546875 0.66258351953125
0 1 0.82958048828125 0.81351206640625 0.809972525390625 0.813016798828125 0.810068794921875 0.813252875 0.81344483203125 0.81576794921875 0.82638376953125 0.831397646484375 0.90041147265625 1 0.91546155078125 1 0.82958048828125
0 1 0.578126849609375 0.982835197265625 0.533347765625 0.794529767578125 0.5445924921875 0.828547166015625 0.63652401953125 1 0.61753400390625 1 0.578126849609375
0 0.89616650390625 0.28553869140625 0.951856076171875 0.10764041015625 0.95134995703125 0.10040257421875 0.85588274609375 0.08891172265625 0.807190328125 0.276186919921875 0.89616650390625 0.28553869140625
0 0.980827423828125 0.257228431640625 0.793079517578125 0.219497515625 0.79140265234375 0.2196147734375 0.79182155078125 0.262122529296875 0.792783513671875 0.31723340234375 0.98066680859375 0.35204747265625 0.98248028125 0.351920662109375 0.980827423828125 0.257228431640625
0 0.986549513671875 0.3582427578125 0.799112673828125 0.31432273828125 0.799112671875 0.414410328125 0.97643297265625 0.45258772265625 0.988175171875 0.451766626953125 0.988175173828125 0.443244423828125 0.986549513671875 0.3582427578125
0 1 0.48253962109375 0.999262162109375 0.471988041015625 0.815450439453125 0.39994888671875 0.801812814453125 0.496985623046875 0.98709882421875 0.56550118359375 1 0.484527373046875 1 0.48253962109375
0 0.834299283203125 0 0.81000312109375 0.1826938203125 0.88308471875 0.1858157109375 0.90770712890625 0.18624549609375 0.93721498828125 0 0.834299283203125 0
0 0.10186551953125 0.77057656640625 0.1401319765625 0.760323099609375 0.142905974609375 0.652224001953125 0.141866673828125 0.64834528125 0.072397759765625 0.66569216015625 0.072292998046875 0.77738603125 0.07330971484375 0.77731493359375 0.10186551953125 0.77057656640625
0 0.04542093359375 0.53710959765625 0.09677792578125 0.53621316015625 0.11359989453125 0.53561719140625 0.13759282421875 0.44678817578125 0.13732103515625 0.442901384765625 0.06522125390625 0.443066583984375 0.04542093359375 0.53710959765625
0 0.13064933984375 0.84233397265625 0.170728166015625 0.7414507890625 0.17041739453125 0.737006560546875 0.11094223828125 0.733175353515625 0.05736180859375 0.834631142578125 0.13064933984375 0.84233397265625
0 0.08424336328125 0.586128275390625 0.049140861328125 0.680085671875 0.049068408203125 0.68112178515625 0.09982288671875 0.687177611328125 0.121932708984375 0.6887236796875 0.15867399609375 0.59146748046875 0.15853460546875 0.589474095703125 0.08424336328125 0.586128275390625
0 0.045290923828125 0.60516689453125 0.08797966015625 0.60890167578125 0.116002890625 0.6107671796875 0.152126408203125 0.523988943359375 0.152272419921875 0.52232002734375 0.151956119140625 0.51779671875 0.079628484375 0.513847294921875 0.045211341796875 0.604028833984375 0.045290923828125 0.60516689453125
0 0.085070845703125 0.9863787890625 0.1115439140625 0.98171087109375 0.14815640625 0.973385013671875 0.173562255859375 0.865337921875 0.17310578125 0.862749126953125 0.168156640625 0.863095205078125 0.10474641015625 0.87427613671875 0.079019759765625 0.986801921875 0.085070845703125 0.9863787890625
0 0.09672591796875 0.829717822265625 0.084398345703125 0.921273173828125 0.122672189453125 0.912022859375 0.156297103515625 0.9023810703125 0.162077826171875 0.789787169921875 0.16151548046875 0.78782603515625 0.10063529296875 0.8040028671875 0.09672591796875 0.829717822265625
0 0.1845957734375 1 0.187417423828125 0.95771893359375 0.18657703125 0.945700755859375 0.131023794921875 0.941816095703125 0.08144098046875 0.938674591796875 0.08097038671875 0.98107919140625 0.11975058203125 1 0.1845957734375 1