0 0.18177763671875 0.089393703125 0.18409619140625 0.15513456640625 0.18430159765625 0.157088861328125 0.29272441015625 0.116965998046875 0.291789869140625 0.08319724609375 0.290788087890625 0.064082099609375 0.289075775390625 0.04779054296875 0.285403642578125 0.0479829921875 0.18177763671875 0.089393703125
0 0.28672119921875 0.110786552734375 0.283892671875 0.11108384375 0.188217087890625 0.176021767578125 0.207131787109375 0.241521998046875 0.30507530859375 0.174368888671875 0.28672119921875 0.110786552734375
0 0.34750087890625 0.45418745703125 0.34730816796875 0.453627779296875 0.281151625 0.363000001953125 0.211910849609375 0.384800595703125 0.20744688671875 0.38633766015625 0.27620296875 0.482094591796875 0.34758024609375 0.45494257421875 0.34750087890625 0.45418745703125
0 0.21942514453125 0.281254748046875 0.24501189453125 0.39418196484375 0.319370775390625 0.40078816796875 0.319807068359375 0.395801296875 0.297483064453125 0.2903257109375 0.245392568359375 0.28226972265625 0.225951248046875 0.280568828125 0.21942514453125 0.281254748046875
0 0.205884861328125 0.31759566015625 0.31926959375 0.275719033203125 0.316097990234375 0.215201259765625 0.314023822265625 0.19546685546875 0.31363600390625 0.195487181640625 0.200784373046875 0.23898808984375 0.20464476171875 0.30579690234375 0.205884861328125 0.31759566015625
0 0.2409480078125 0.43525234765625 0.24076946484375 0.43652274609375 0.25841654296875 0.551043748046875 0.33307175 0.561535853515625 0.333533412109375 0.56148733203125 0.31911323828125 0.443772724609375 0.2409480078125 0.43525234765625
0 0.36916097265625 0.615425244140625 0.36890182421875 0.61295959375 0.30395992578125 0.51462022265625 0.2270055078125 0.543689046875 0.293255248046875 0.64347957421875 0.36916097265625 0.615425244140625
0 0.398507701171875 0.971386025390625 0.398248046875 0.96643151953125 0.36701983203125 0.83512076953125 0.30626737890625 0.837725669921875 0.2860945 0.83984592578125 0.3163062734375 0.97623706640625 0.398507701171875 0.971386025390625
0 0.3370529296875 0.75215655859375 0.2909645859375 0.751352083984375 0.281896142578125 0.75230521484375 0.3057417578125 0.890710125 0.38154760546875 0.89265766796875 0.38961346875 0.89180991015625 0.3897371328125 0.884725267578125 0.36885016015625 0.753274533203125 0.3370529296875 0.75215655859375
0 0.36817255859375 0.59241095703125 0.24340992578125 0.647674244140625 0.25148673046875 0.689225802734375 0.25897430078125 0.726229515625 0.39318741015625 0.664841400390625 0.39109889453125 0.65409692578125 0.3769806484375 0.591485189453125 0.36817255859375 0.59241095703125
0 0.32541766796875 0.66577761328125 0.276671625 0.66516387890625 0.305163939453125 0.803710123046875 0.379250599609375 0.807841115234375 0.37927630078125 0.8071051484375 0.3592155625 0.666957861328125 0.32541766796875 0.66577761328125
0 0.46106651953125 0.05982709375 0.31046384765625 0.086050548828125 0.299500341796875 0.17018306640625 0.455724466796875 0.13737455859375 0.46214464453125 0.08508639453125 0.464681880859375 0.06027100390625 0.46106651953125 0.05982709375
0 0.32692937109375 0.02622326171875 0.293025072265625 0.03708334765625 0.31490252734375 0.1203934296875 0.315023826171875 0.120380681640625 0.45233964453125 0.024972203125 0.447934044921875 0.002718212890625 0.380695697265625 0.009785248046875 0.32692937109375 0.02622326171875
0 0.487520298828125 0.4088757109375 0.472972083984375 0.366154466796875 0.469662474609375 0.3665023203125 0.344440427734375 0.44381862890625 0.34800644921875 0.454793720703125 0.3732318671875 0.52364496875 0.373638962890625 0.5235126953125 0.49687022265625 0.4376518203125 0.487520298828125 0.4088757109375
0 0.377736337890625 0.273773154296875 0.458856515625 0.27498954296875 0.45894521484375 0.2699080234375 0.4131526171875 0.128532583984375 0.33422300390625 0.133441876953125 0.377736337890625 0.273773154296875
0 0.350356521484375 0.33408701171875 0.33669995703125 0.41805781640625 0.4869586484375 0.383436287109375 0.49302714453125 0.314073056640625 0.49246575390625 0.30873179296875 0.48713118359375 0.308265078125 0.350356521484375 0.33408701171875
0 0.4611758671875 0.20242809765625 0.45574401171875 0.2029990078125 0.331981990234375 0.28213698046875 0.353632837890625 0.36051029296875 0.480377181640625 0.274088376953125 0.4611758671875 0.20242809765625
0 0.356153259765625 0.476113232421875 0.35640379296875 0.476884294921875 0.438309072265625 0.606077197265625 0.511583734375 0.580315703125 0.51158264453125 0.580305326171875 0.509505625 0.573912921875 0.50260383984375 0.560926625 0.43335434375 0.448535447265625 0.397278318359375 0.460257259765625 0.356153259765625 0.476113232421875
0 0.50494846484375 1 0.547834939453125 0.98606533984375 0.4950003671875 0.87597612109375 0.4152978046875 0.89936512109375 0.459312935546875 1 0.50494846484375 1
0 0.529558369140625 0.80640130859375 0.41087442578125 0.84161487109375 0.417863626953125 0.92497615234375 0.422436970703125 0.924495474609375 0.548852421875 0.89005933203125 0.54662857421875 0.868900841796875 0.53729528515625 0.805588125 0.529558369140625 0.80640130859375
0 0.3931260703125 0.74312276953125 0.39418397265625 0.743215322265625 0.52362761328125 0.724734044921875 0.53076140625 0.64319441015625 0.5306696796875 0.64232169140625 0.3994041796875 0.656979873046875 0.3931260703125 0.74312276953125
0 0.454784353515625 0.70926523828125 0.42891458203125 0.707001927734375 0.4236974375 0.707550271484375 0.438130310546875 0.84262439453125 0.51754458984375 0.85008388671875 0.520105384765625 0.84981473828125 0.52032487109375 0.84730596484375 0.5089649921875 0.71533815625 0.454784353515625 0.70926523828125
0 0.50992330078125 0.672542291015625 0.50992330078125 0.6688254765625 0.48197005859375 0.54575286328125 0.40459531640625 0.544591783203125 0.39838316015625 0.54524470703125 0.431418654296875 0.67273123828125 0.50992330078125 0.672542291015625
0 0.59292773046875 0 0.577545884765625 0.00529639453125 0.670364125 0.14519987109375 0.6758955546875 0.14329524609375 0.747285513671875 0.117265568359375 0.74694971875 0.114070693359375 0.6602492265625 0 0.59292773046875 0
0 0.676755125 0.717040751953125 0.6495636796875 0.72693762890625 0.7382849140625 0.8919043125 0.826991646484375 0.8606706796875 0.826649056640625 0.85741115234375 0.7347754296875 0.69824255859375 0.676755125 0.717040751953125
0 0.622172517578125 0.044954921875 0.59731912890625 0.04800653515625 0.664158837890625 0.2275219921875 0.74184415625 0.214975328125 0.7415992421875 0.21264512109375 0.67100358984375 0.0401005 0.622172517578125 0.044954921875
0 0.625001595703125 0.57954173046875 0.62940903125 0.6674363125 0.813754935546875 0.63296862890625 0.813754935546875 0.55535480859375 0.81218240234375 0.540393154296875 0.8103123515625 0.540393154296875 0.625001595703125 0.57954173046875
0 0.816154591796875 0.80298764453125 0.807696111328125 0.8059001328125 0.65032841796875 0.883614064453125 0.68636920703125 0.973167396484375 0.8484600859375 0.887393919921875 0.82559484765625 0.820988443359375 0.818790892578125 0.80271055859375 0.816154591796875 0.80298764453125
0 0.75472364453125 0.32359523046875 0.75446469921875 0.3198921640625 0.693278193359375 0.14117341015625 0.669205638671875 0.1428567265625 0.6098949296875 0.149090533203125 0.66892612109375 0.32860005078125 0.75472364453125 0.32359523046875
0 0.668029427734375 0.420061833984375 0.65276205859375 0.419528685546875 0.65162637890625 0.41964805078125 0.682316345703125 0.601921224609375 0.69442751171875 0.602344154296875 0.77295453125 0.603356353515625 0.77304344140625 0.60081030078125 0.7390859921875 0.425394595703125 0.668029427734375 0.420061833984375
0 0.814396466796875 0.770731720703125 0.813889435546875 0.76853552734375 0.7399671484375 0.605104775390625 0.65048122265625 0.619387212890625 0.648819056640625 0.619770953125 0.721484572265625 0.794797744140625 0.81461262109375 0.772788296875 0.814396466796875 0.770731720703125
0 0.68767746484375 0.2344381640625 0.62692648046875 0.233489259765625 0.667688779296875 0.419070013671875 0.75949025390625 0.421396953125 0.75970427734375 0.41731312109375 0.72253765234375 0.236265109375 0.68767746484375 0.2344381640625
0 0.78879171484375 0.44892946484375 0.79748830078125 0.355743873046875 0.797392541015625 0.35483276953125 0.79580754296875 0.354777421875 0.61431608984375 0.397716546875 0.6121366484375 0.482820400390625 0.612372330078125 0.48282862890625 0.76906323046875 0.4530414453125 0.78879171484375 0.44892946484375
0 0.14624325 1 0.18913057421875 0.975990111328125 0.16502700390625 0.905988259765625 0.162830876953125 0.90621908203125 0.15800008984375 0.907882455078125 0.077583564453125 0.949678419921875 0.095474923828125 1 0.14624325 1
0 0.072282859375 0.92991580078125 0.17062113671875 0.92256578515625 0.1784111328125 0.84844892578125 0.17805498828125 0.845060419921875 0.174612322265625 0.844698580078125 0.07979960546875 0.853529259765625 0.072015529296875 0.92737233984375 0.072282859375 0.92991580078125
0 0.79530489453125 0 0.74474612109375 0.01368952734375 0.743384865234375 0.05025720703125 0.743434990234375 0.05073412890625 0.931487771484375 0.054016603515625 0.93237204296875 0.053923662109375 0.932784716796875 0.030281521484375 0.93136217578125 0 0.79530489453125 0
0 0.152565873046875 0.74704509375 0.149112931640625 0.74740801171875 0.06416884765625 0.80089576171875 0.087216361328125 0.8716457421875 0.175418224609375 0.82080917578125 0.152565873046875 0.74704509375
0 0.05926250390625 0.773335078125 0.05916444140625 0.775206228515625 0.059620904296875 0.779549189453125 0.160684205078125 0.7599192578125 0.166726349609375 0.692431388671875 0.16628633984375 0.68824498828125 0.15971917578125 0.68790081640625 0.064778296875 0.703921287109375 0.05926250390625 0.773335078125
0 0.1455723671875 0.60009611328125 0.13828761328125 0.600861771484375 0.051122109375 0.64135775390625 0.065932634765625 0.717551302734375 0.15485509375 0.67703753515625 0.1455723671875 0.60009611328125
0 0.79726283984375 0.25822812109375 0.798492826171875 0.25809884375 0.952538611328125 0.15696686328125 0.9239401484375 0.068949849609375 0.92199686328125 0.06915409765625 0.770952009765625 0.17560484375 0.79726283984375 0.25822812109375
0 0.96190969921875 0.32066426171875 0.866323166015625 0.16592711328125 0.84143704296875 0.17306309375 0.780563984375 0.1941098828125 0.781067087890625 0.19586441015625 0.874598763671875 0.35115976171875 0.962311560546875 0.324487705078125 0.96190969921875 0.32066426171875
0 0.951746447265625 0.01469422265625 0.95039969921875 0.00188076171875 0.75803331640625 0.043123759765625 0.751541830078125 0.118504453125 0.750521080078125 0.13310183984375 0.75072350390625 0.13502778515625 0.75130278515625 0.13506829296875 0.949371162109375 0.08933253515625 0.949831890625 0.08274378515625 0.951746447265625 0.01469422265625
0 0.978080998046875 0.4147315625 0.977414275390625 0.408388109375 0.87143253515625 0.26025947265625 0.787333548828125 0.28762883984375 0.88834612890625 0.44509471484375 0.978080998046875 0.4147315625
0 1 0.66268949609375 0.999680681640625 0.66272305859375 0.82834397265625 0.73328101953125 0.844911896484375 0.82120082421875 1 0.766054306640625 1 0.66268949609375
0 0.97305909375 0.74564754296875 0.97409069140625 0.7455391171875 0.974330951171875 0.74358236328125 0.956464861328125 0.553271900390625 0.89534407421875 0.5457672109375 0.8632074921875 0.541951794921875 0.86211561328125 0.542066556640625 0.862067556640625 0.5424579453125 0.87713535546875 0.734013787109375 0.95434801953125 0.743494310546875 0.97305909375 0.74564754296875
0 1 0.523932150390625 0.98170523828125 0.455655166015625 0.976142365234375 0.45623984765625 0.81212015234375 0.544141984375 0.83525255859375 0.637585271484375 0.837065970703125 0.63739467578125 1 0.553836142578125 1 0.523932150390625
0 0.87483862890625 0.353003306640625 0.815656658203125 0.363494693359375 0.887395470703125 0.547556720703125 0.982601076171875 0.532477634765625 0.98202560546875 0.527002396484375 0.90813091015625 0.347730328125 0.87483862890625 0.353003306640625
0 1 0.78068191796875 0.84526397265625 0.80126001953125 0.84326755859375 0.878878748046875 0.84371631640625 0.904587943359375 1 0.87982709375 1 0.78068191796875
0 0.029410677734375 0.41454467578125 0.13301546484375 0.371693748046875 0.128254744140625 0.326398515625 0.125390640625 0.305278134765625 0.113495953125 0.30652831640625 0.0205663984375 0.342300669921875 0.029410677734375 0.41454467578125
0 0.0639203515625 0.637432923828125 0.15122115234375 0.596928306640625 0.14028153125 0.545461435546875 0.136120455078125 0.52724753515625 0.130262189453125 0.52786326171875 0.05089966015625 0.57026568359375 0.0639203515625 0.637432923828125
0 0.032097330078125 0.351128732421875 0.128836138671875 0.2914587734375 0.12772538671875 0.287312142578125 0.10904234765625 0.222156646484375 0.106063919921875 0.222469693359375 0.017516578125 0.291251263671875 0.032097330078125 0.351128732421875
0 0.05298722265625 0.4958204140625 0.14034180078125 0.44439400390625 0.12526020703125 0.37680459375 0.12468097265625 0.37448141796875 0.1165807578125 0.37533278515625 0.03179989453125 0.4256629296875 0.05298722265625 0.4958204140625
0 0.078520744140625 0.46309662890625 0.03596621484375 0.471368392578125 0.080151205078125 0.5585032265625 0.151446259765625 0.547051048828125 0.1506981796875 0.53993354296875 0.106195462890625 0.45831212109375 0.078520744140625 0.46309662890625
0 0.09246432421875 0.07935725390625 0.00229312890625 0.14700590234375 0.01928246875 0.21514642578125 0.02029275390625 0.214894533203125 0.110490025390625 0.1463516953125 0.10445341015625 0.115832515625 0.095285185546875 0.07906076953125 0.09246432421875 0.07935725390625
0 0.0348356640625 0.28628854296875 0.125183537109375 0.2132852421875 0.123120671875 0.2076175625 0.09785133984375 0.146348642578125 0.096023453125 0.14654076171875 0.095027294921875 0.14690333203125 0.030393869140625 0.2086005 0.012024587890625 0.22674312890625 0.01510811328125 0.23521505078125 0.0348356640625 0.28628854296875
0 0.06105985546875 0.13749564453125 0.101694369140625 0.133485744140625 0.099853302734375 0.11596917578125 0.087909396484375 0.040558328125 0.044044134765625 0.04516875390625 0.00891184375 0.05073316015625 0.06105985546875 0.13749564453125