0 0.396417822265625 1 0.428763341796875 0.934315904296875 0.3829162109375 0.886872759765625 0.37882850390625 0.89096046484375 0.32786435546875 0.988063580078125 0.33922539453125 1 0.396417822265625 1
0 0.352455927734375 0.909608916015625 0.355472857421875 0.91232537109375 0.462311666015625 0.952982341796875 0.505117287109375 0.899918939453125 0.39393058203125 0.8582057421875 0.352455927734375 0.909608916015625
0 0.66680104296875 0.701906509765625 0.55810973046875 0.66894308203125 0.515931515625 0.72802394921875 0.51383909375 0.73112609375 0.51550876171875 0.732629470703125 0.62583047265625 0.76703442578125 0.66680104296875 0.701906509765625
0 0.549513759765625 0.701443388671875 0.54620401171875 0.7037608984375 0.47807023828125 0.79341453515625 0.518137873046875 0.850637044921875 0.522642216796875 0.854692775390625 0.59012335546875 0.768474978515625 0.549513759765625 0.701443388671875
0 0.56117766015625 0.8279848828125 0.561137568359375 0.827954673828125 0.446312146484375 0.788596697265625 0.3993533671875 0.85091310546875 0.40135875390625 0.852718763671875 0.51293598046875 0.89273333984375 0.56117766015625 0.8279848828125
0 0.653195439453125 0.583673080078125 0.65177403515625 0.584668359375 0.58034363671875 0.67531015625 0.620291216796875 0.73236121484375 0.62476115625 0.736385966796875 0.700191744140625 0.64654224609375 0.653195439453125 0.583673080078125
0 0.68766512890625 0.51808336328125 0.68330858984375 0.522921787109375 0.636071822265625 0.626287361328125 0.701503212890625 0.67614427734375 0.751023365234375 0.567080388671875 0.68766512890625 0.51808336328125
0 0.91573992578125 0.259198265625 0.912561271484375 0.26260695703125 0.837346416015625 0.376200361328125 0.8740708359375 0.40999701171875 0.89880361328125 0.43226650390625 0.974085583984375 0.314653025390625 0.91573992578125 0.259198265625
0 0.917000158203125 0.374336755859375 0.852716748046875 0.31842912890625 0.84627152734375 0.3255872734375 0.7819398046875 0.44057962109375 0.796127796875 0.453354544921875 0.84687524609375 0.495936712890625 0.917000158203125 0.374336755859375
0 0.701246265625 0.463302947265625 0.649350998046875 0.52093848046875 0.65731050390625 0.52810525390625 0.7773708203125 0.593078455078125 0.827702775390625 0.533714265625 0.701246265625 0.463302947265625
0 0.77096438671875 0.554747826171875 0.85655587109375 0.442713845703125 0.81106834765625 0.3840897578125 0.810496044921875 0.38455319921875 0.717886572265625 0.491638125 0.73916923828125 0.51792003125 0.76848956640625 0.55251948828125 0.77096438671875 0.554747826171875
0 0.28755680078125 0.94368573046875 0.35881058984375 0.80457830859375 0.298871767578125 0.74583162890625 0.29701322265625 0.74775620703125 0.23039382421875 0.889717154296875 0.26768770703125 0.9257314375 0.270075607421875 0.92794558984375 0.28755680078125 0.94368573046875
0 0.319292904296875 0.92009251953125 0.3409378046875 0.890083337890625 0.32095087109375 0.878543876953125 0.20178309765625 0.811837 0.180500615234375 0.84552053125 0.16545105078125 0.871587138671875 0.18770243359375 0.891622373046875 0.319292904296875 0.92009251953125
0 0.59980671484375 0.621311685546875 0.48497687890625 0.524501859375 0.459601234375 0.540980998046875 0.42097787890625 0.566842615234375 0.42126575390625 0.567285904296875 0.530385294921875 0.6701416484375 0.54006346484375 0.663856572265625 0.600039845703125 0.62167067578125 0.59980671484375 0.621311685546875
0 0.35241894921875 0.684822962890625 0.34787943359375 0.68905612890625 0.28022545703125 0.812257775390625 0.33533632421875 0.871066291015625 0.33698679296875 0.872552380859375 0.4093049921875 0.7368415390625 0.35241894921875 0.684822962890625
0 0.481716755859375 0.564015923828125 0.477654705078125 0.5667558125 0.386260703125 0.6836306015625 0.425825796875 0.742288265625 0.4300926640625 0.746130169921875 0.523137375 0.6364500078125 0.481716755859375 0.564015923828125
0 0.398003701171875 0.620283724609375 0.39451279296875 0.624160771484375 0.34227807421875 0.7623122109375 0.401079380859375 0.811652365234375 0.4591490390625 0.6707903671875 0.398003701171875 0.620283724609375
0 0.501798677734375 0.486702140625 0.473067939453125 0.54092934765625 0.47612835546875 0.543684958984375 0.479804150390625 0.5458936015625 0.619081111328125 0.58748337890625 0.658066087890625 0.518939970703125 0.637983544921875 0.511226642578125 0.51092959765625 0.47150573828125 0.501798677734375 0.486702140625
0 0.816295806640625 0.28648940234375 0.823406837890625 0.292892205078125 0.91310202734375 0.21034578515625 0.88684243359375 0.175498125 0.8547671171875 0.1466173828125 0.773789609375 0.22657669921875 0.816295806640625 0.28648940234375
0 0.762107404296875 0.353338259765625 0.85892410546875 0.259063423828125 0.806798912109375 0.190851716796875 0.80324314453125 0.193435130859375 0.71412038671875 0.284208330078125 0.74477674609375 0.33001505078125 0.760993078125 0.352334916015625 0.762107404296875 0.353338259765625
0 0.67193987890625 0.316046779296875 0.6627842578125 0.326215125 0.605649046875 0.42982423046875 0.661051908203125 0.48101280078125 0.666626916015625 0.48603255859375 0.73475028515625 0.370971890625 0.67193987890625 0.316046779296875
0 0.64512971875 0.336318224609375 0.757263291015625 0.40080049609375 0.811997240234375 0.338642970703125 0.695922140625 0.2686770625 0.6775274609375 0.2888250625 0.673525009765625 0.293270234375 0.640066775390625 0.33175953125 0.64512971875 0.336318224609375
0 0.654151478515625 0.51540454296875 0.694594328125 0.44202053515625 0.56576867578125 0.411157564453125 0.530060025390625 0.4787074921875 0.5341752109375 0.482412822265625 0.53566303515625 0.483203912109375 0.654151478515625 0.51540454296875
0 0 0.68577540234375 0.11374637109375 0.75082108203125 0.16975146484375 0.70486174609375 0.012933970703125 0.6013106796875 0 0.61295648046875 0 0.68577540234375
0 0.515926359375 0.228393205078125 0.653784578125 0.103075220703125 0.60138522265625 0.02359885546875 0.601234986328125 0.02346358203125 0.466724431640625 0.1533314765625 0.4990006171875 0.20508063671875 0.512867259765625 0.22563877734375 0.515926359375 0.228393205078125
0 0.009694251953125 0.58452113671875 0.012615931640625 0.588260716796875 0.156773939453125 0.703249904296875 0.21741560546875 0.652050140625 0.06611183203125 0.539073021484375 0.050497560546875 0.550701908203125 0.015585634765625 0.57797809375 0.009694251953125 0.58452113671875
0 0.348381595703125 0.315747921875 0.39040461328125 0.37177704296875 0.524287630859375 0.239794341796875 0.473092275390625 0.163007494140625 0.468653119140625 0.166001740234375 0.33824037109375 0.30071294140625 0.348381595703125 0.315747921875
0 0.599363556640625 0 0.536024083984375 0.104942744140625 0.57804286328125 0.14020068359375 0.606882150390625 0.163208111328125 0.70447653125 0.011295130859375 0.691932017578125 0 0.599363556640625 0
0 0.16924148828125 0.647863701171875 0.180227220703125 0.655845302734375 0.2497191640625 0.475759703125 0.183508544921875 0.428842720703125 0.17812177734375 0.434825333984375 0.1104321015625 0.60408989453125 0.16924148828125 0.647863701171875
0 0.26299862890625 0.325463654296875 0.25711380078125 0.333868060546875 0.2599775390625 0.336446583984375 0.426126728515625 0.40849231640625 0.438281048828125 0.391134150390625 0.47712454296875 0.332975462890625 0.47660226953125 0.332609763671875 0.309184244140625 0.26481875 0.26299862890625 0.325463654296875
0 0.4867967578125 0.309466576171875 0.4880645546875 0.307784154296875 0.56669166796875 0.14413152734375 0.497834451171875 0.08441867578125 0.49471001171875 0.087888716796875 0.409754744140625 0.25141125390625 0.4867967578125 0.309466576171875
0 0.130759166015625 0.474061802734375 0.3011859375 0.54780904296875 0.3570947109375 0.470559521484375 0.182445390625 0.3978176015625 0.16447123046875 0.420823474609375 0.12719997265625 0.4712810546875 0.130759166015625 0.474061802734375
0 0.29528809765625 0.29535847265625 0.237092869140625 0.467396365234375 0.2629387265625 0.484829619140625 0.308058458984375 0.514656333984375 0.365918419921875 0.36576520703125 0.372885765625 0.346855484375 0.29939023828125 0.2908025859375 0.29528809765625 0.29535847265625
0 1 0.516223544921875 0.991487287109375 0.506094130859375 0.989449140625 0.507865865234375 0.92841412109375 0.58586833984375 0.962235072265625 0.62731749609375 0.973972263671875 0.64081958984375 0.979230482421875 0.645554109375 1 0.6167587109375 1 0.516223544921875
0 0.92315144921875 0.70018787890625 0.98564791015625 0.620219296875 0.9432905546875 0.561670458984375 0.938679244140625 0.565273208984375 0.876528826171875 0.64087702734375 0.90642926953125 0.6813491171875 0.91639414453125 0.69410357421875 0.92315144921875 0.70018787890625
0 0.81154428515625 0.696413689453125 0.81698773046875 0.701314990234375 0.90540721875 0.738994482421875 0.952119884765625 0.67700468359375 0.86251155078125 0.63803141796875 0.81154428515625 0.696413689453125
0 0 0.55210420703125 0.089317263671875 0.4130576171875 0.02920462890625 0.34522048828125 0.027284029296875 0.343491173828125 0.0260518671875 0.3446006171875 0 0.388259265625 0 0.55210420703125
0 0 0.3858207109375 0.10188191796875 0.47419873046875 0.113816556640625 0.46614871484375 0.178652703125 0.42089537890625 0.036046533203125 0.29997825390625 0.03246274609375 0.302395548828125 0 0.32692268359375 0 0.3858207109375
0 0.018853083984375 0.327489712890625 0.19847034375 0.377023171875 0.24637778515625 0.303175798828125 0.2456355625 0.302507498046875 0.06900542578125 0.244023279296875 0.03535721875 0.297237197265625 0.017767171875 0.326511953125 0.018853083984375 0.327489712890625
0 0.30777822265625 0 0.418110890625 0.120093251953125 0.499216404296875 0.063590345703125 0.43477176171875 0 0.30777822265625 0
0 0.36886821484375 0.18201312890625 0.382182142578125 0.170439509765625 0.440212916015625 0.119585046875 0.43923968359375 0.118465474609375 0.287630525390625 0.00212170703125 0.2316904375 0.05074968359375 0.215916515625 0.0682683984375 0.36886821484375 0.18201312890625
0 0.24532358984375 0.05195437109375 0.240286884765625 0.05754819921875 0.18971959765625 0.235660669921875 0.27807628515625 0.28264075390625 0.327052482421875 0.097435958984375 0.24532358984375 0.05195437109375
0 0.26011226953125 0.315391640625 0.313470087890625 0.23322780859375 0.313429810546875 0.23319154296875 0.12714265625 0.166861755859375 0.11818784765625 0.176807080078125 0.075324888671875 0.245542431640625 0.26011226953125 0.315391640625
0 0.655219623046875 0.962652416015625 0.6777013125 0.9830929140625 0.73184167578125 0.885204701171875 0.679492728515625 0.83635358203125 0.676703294921875 0.839242123046875 0.626722005859375 0.935132587890625 0.655219623046875 0.962652416015625
0 0.797654962890625 0.77890775390625 0.819247798828125 0.802169865234375 0.8250848125 0.807425537109375 0.875430794921875 0.72649398046875 0.834009779296875 0.678795791015625 0.8313789375 0.676426970703125 0.826128169921875 0.681154779296875 0.77505059765625 0.753803064453125 0.797654962890625 0.77890775390625
0 0.702701498046875 0.94862532421875 0.594201638671875 0.914762630859375 0.59180085546875 0.91832136328125 0.55444662109375 0.97584183984375 0.555654943359375 0.976929818359375 0.667077232421875 0.99891270703125 0.702701498046875 0.94862532421875
0 0.79731258984375 0.84218476171875 0.704362015625 0.801741109375 0.658545775390625 0.853670431640625 0.65685133203125 0.855689791015625 0.66420371484375 0.86230990625 0.75300758984375 0.900563205078125 0.79731258984375 0.84218476171875
0 0.793727466796875 0.8626428828125 0.821287578125 0.768997501953125 0.76469760546875 0.729090318359375 0.76081556640625 0.73340176171875 0.7320256953125 0.821427244140625 0.744773353515625 0.83064636328125 0.7931541484375 0.863279619140625 0.793727466796875 0.8626428828125
0 0.63296726171875 1 0.56719241015625 0.9769254140625 0.542727369140625 0.96880799609375 0.53749483203125 0.974419205078125 0.516782388671875 0.997422701171875 0.514471490234375 1 0.63296726171875 1