0 0.387730611328125 1 0.3955817734375 0.89576438671875 0.39428135546875 0.890131662109375 0.33025974609375 0.906070453125 0.320747732421875 1 0.387730611328125 1
0 0.29017444140625 0.899325302734375 0.401232482421875 0.93151904296875 0.40401950390625 0.931027615234375 0.401823984375 0.86478610546875 0.287922705078125 0.83118591796875 0.29017444140625 0.899325302734375
0 0.26463248046875 0.676980033203125 0.374992275390625 0.669512044921875 0.377665994140625 0.66848569921875 0.35268329296875 0.59663661328125 0.235133671875 0.60551776953125 0.236825591796875 0.60992537109375 0.26463248046875 0.676980033203125
0 0.271835923828125 0.74370152734375 0.374750220703125 0.771181755859375 0.37895512890625 0.77044031640625 0.376362310546875 0.69619173828125 0.263793806640625 0.664409400390625 0.271835923828125 0.74370152734375
0 0.29657728125 0.870642375 0.309798595703125 0.8671766796875 0.373491404296875 0.850110244140625 0.378215337890625 0.73098104296875 0.377420087890625 0.72801312890625 0.32912140234375 0.74067772265625 0.30197465234375 0.747951673828125 0.295361048828125 0.870856830078125 0.29657728125 0.870642375
0 0.255310177734375 0.625766609375 0.255598763671875 0.62701661328125 0.332723951171875 0.611716111328125 0.33680628125 0.493870166015625 0.322370201171875 0.49641563671875 0.26290894140625 0.5101433515625 0.255310177734375 0.625766609375
0 0.33801788671875 0.445169357421875 0.21978755078125 0.43361904296875 0.2302492109375 0.51521274609375 0.34353794921875 0.526001876953125 0.34978930859375 0.52489959375 0.34220108984375 0.468893486328125 0.33801788671875 0.445169357421875
0 0.21323355078125 0.23750224609375 0.290627107421875 0.206824556640625 0.261116224609375 0.073821384765625 0.259416095703125 0.06961341796875 0.25886134375 0.069711234375 0.185026689453125 0.100362232421875 0.21323355078125 0.23750224609375
0 0.33592619140625 0.2623432734375 0.30938849609375 0.18533185546875 0.1723284453125 0.204524671875 0.169602583984375 0.20541035546875 0.172052533203125 0.212950521484375 0.196409296875 0.28586499609375 0.33509830078125 0.268284130859375 0.3368721015625 0.267707787109375 0.33592619140625 0.2623432734375
0 0.34681001953125 0.44133490625 0.360375072265625 0.438943021484375 0.35116933203125 0.3757856484375 0.34926865234375 0.365006359375 0.201970388671875 0.35579329296875 0.2082410859375 0.393022541015625 0.215591486328125 0.434708728515625 0.34681001953125 0.44133490625
0 0.23412199609375 0.40052816015625 0.281675220703125 0.389792966796875 0.31448916015625 0.381611533203125 0.304973263671875 0.2403559375 0.304795107421875 0.239641396484375 0.23318630078125 0.25908559765625 0.23412199609375 0.40052816015625
0 0.41646638671875 0.91187980859375 0.561206890625 0.969948611328125 0.5648912578125 0.96929895703125 0.569210529296875 0.88688233203125 0.422154556640625 0.83371409765625 0.41646638671875 0.91187980859375
0 0.5249509609375 1 0.5968021875 0.968009775390625 0.595771986328125 0.962167212890625 0.593009734375 0.955963091796875 0.58155858984375 0.935969890625 0.415203826171875 0.954065359375 0.43789236328125 1 0.5249509609375 1
0 0.50276132421875 0.52985203515625 0.352844537109375 0.5411438671875 0.369795720703125 0.5959234765625 0.375815490234375 0.614450423828125 0.523043224609375 0.611537900390625 0.526298365234375 0.610480240234375 0.50759744921875 0.544736109375 0.50276132421875 0.52985203515625
0 0.41376812890625 0.841598783203125 0.555483009765625 0.872309568359375 0.557342701171875 0.872114107421875 0.5556698515625 0.805608267578125 0.55439024609375 0.793433638671875 0.40601730859375 0.759322107421875 0.40533734765625 0.75944200390625 0.41376812890625 0.841598783203125
0 0.48449 0.72421826171875 0.50250763671875 0.576949990234375 0.501679134765625 0.5726877109375 0.495679171875 0.573745666015625 0.42106529296875 0.59407012109375 0.409244068359375 0.738127291015625 0.448976318359375 0.731121423828125 0.48449 0.72421826171875
0 0.5160661796875 0.65424347265625 0.515253560546875 0.65098423828125 0.441961333984375 0.667779283203125 0.42782212890625 0.82052809765625 0.440298236328125 0.81832822265625 0.506795404296875 0.8017486171875 0.5160661796875 0.65424347265625
0 0.50432724609375 0.479550630859375 0.500125380859375 0.45572067578125 0.367628951171875 0.447293744140625 0.34611607421875 0.44729781640625 0.35794792578125 0.52525956640625 0.50145365625 0.53623557421875 0.51099841015625 0.534552576171875 0.50432724609375 0.479550630859375
0 0.2847780859375 0.101234759765625 0.41829685546875 0.12387372265625 0.42566626953125 0.12438904296875 0.428479142578125 0.123893056640625 0.43182188671875 0.0425950078125 0.33166837890625 0.021968099609375 0.29068023046875 0.02919541796875 0.2847780859375 0.101234759765625
0 0.4295178515625 0.10307533984375 0.300062009765625 0.12700864453125 0.32769856640625 0.2090622109375 0.459718751953125 0.181572900390625 0.45918305859375 0.178534826171875 0.44980601953125 0.15277162890625 0.4295178515625 0.10307533984375
0 0.47550770703125 0.38056353515625 0.47399734375 0.29403490234375 0.34488216015625 0.270403703125 0.3443653671875 0.27041272265625 0.3437915234375 0.270513908203125 0.34629489453125 0.353116666015625 0.47448823828125 0.38065855859375 0.475021595703125 0.380649248046875 0.47550770703125 0.38056353515625
0 0.34433660546875 0.309497359375 0.37563198046875 0.3084045 0.430056197265625 0.305175501953125 0.44785162890625 0.1772576484375 0.44675158984375 0.171019017578125 0.365980240234375 0.17435650390625 0.34433660546875 0.309497359375
0 0.4970215390625 0.442734826171875 0.503731130859375 0.440554748046875 0.47988398828125 0.366555234375 0.3476561875 0.37457898828125 0.37474162109375 0.45387095703125 0.4970215390625 0.442734826171875
0 0.83669552734375 0.798839111328125 0.835897388671875 0.79431263671875 0.76030404296875 0.79558924609375 0.754457451171875 0.795793412109375 0.71794108203125 0.959667642578125 0.785949197265625 0.95729274609375 0.79079856640625 0.956437673828125 0.83669552734375 0.798839111328125
0 0.738847396484375 0.12709676953125 0.729944685546875 0.095216943359375 0.542879607421875 0.11728491015625 0.56929330859375 0.2034219609375 0.75076666796875 0.18752579296875 0.75413119921875 0.18662426953125 0.75284844140625 0.17934937890625 0.738847396484375 0.12709676953125
0 0.714641234375 0.903481859375 0.79314596875 0.8968543125 0.79372760546875 0.896782896484375 0.81472523828125 0.71023171484375 0.813985873046875 0.7060385703125 0.741742271484375 0.716607044921875 0.714641234375 0.903481859375
0 0.616166119140625 0.432473373046875 0.709416978515625 0.435729765625 0.748338380859375 0.26146937109375 0.748592521484375 0.254191732421875 0.74826240625 0.25231955859375 0.66265519921875 0.245024578125 0.616166119140625 0.432473373046875
0 0.67853357421875 0 0.52935420703125 0.037508890625 0.56249355859375 0.128175982421875 0.73144131640625 0.0806291484375 0.741067341796875 0.076543142578125 0.7401537265625 0.07136176953125 0.7346466171875 0.0574397578125 0.71026488671875 0 0.67853357421875 0
0 0.6727544453125 0.7598871328125 0.85248975 0.728852126953125 0.85876739453125 0.726057140625 0.858164064453125 0.722635494140625 0.826054001953125 0.650515111328125 0.63660675 0.68086217578125 0.63669123046875 0.681341287109375 0.6727544453125 0.7598871328125
0 0.78169566796875 0.38994564453125 0.6011786015625 0.383780771484375 0.60055273828125 0.38390242578125 0.612382767578125 0.45283210546875 0.616426087890625 0.473633185546875 0.800294244140625 0.475422142578125 0.795601509765625 0.4488083203125 0.78169566796875 0.38994564453125
0 0.561195541015625 0.210640220703125 0.56087841015625 0.21073115625 0.587061603515625 0.30386232421875 0.77424339453125 0.282690046875 0.77301318359375 0.275713166015625 0.74401028515625 0.19573212109375 0.561195541015625 0.210640220703125
0 0.648066068359375 0.656603 0.833692109375 0.66179076953125 0.838093029296875 0.660774736328125 0.82563808984375 0.599293123046875 0.81907067578125 0.57084651171875 0.6300425703125 0.56296308984375 0.648066068359375 0.656603
0 0.69970235546875 0.431378880859375 0.653233796875 0.613537869140625 0.659266955078125 0.613432560546875 0.747862455078125 0.606721720703125 0.752318119140625 0.587068001953125 0.783802451171875 0.43588101171875 0.78288905078125 0.4307008671875 0.69970235546875 0.431378880859375
0 0 0.190725509765625 0.060479017578125 0.2008059296875 0.06392779296875 0.20086612890625 0.06775161328125 0.20019188671875 0.069039447265625 0.126411849609375 0 0.11268945703125 0 0.190725509765625
0 0 0.28403502734375 0.060586953125 0.27443899609375 0.07126976953125 0.272555328125 0.073392478515625 0.17714089453125 0.072792962890625 0.173740873046875 0 0.18529298828125 0 0.28403502734375
0 1 0.833091578125 0.8654685625 0.840142072265625 0.86462544140625 0.84029073828125 0.867288845703125 0.87715937890625 1 0.90816532421875 1 0.833091578125
0 0.00280378125 0.360585794921875 0.033822546875 0.358960169921875 0.07696241015625 0.355976474609375 0.09428901953125 0.25965875390625 0.09327108984375 0.253885796875 0.016824263671875 0.260287544921875 0.00280378125 0.360585794921875
0 0.03974328125 0.4447077265625 0.058244708984375 0.43833717578125 0.10536401171875 0.420679373046875 0.094417076171875 0.323423130859375 0.092545787109375 0.31798851953125 0.092014533203125 0.31808219140625 0.0251000546875 0.343923830078125 0.034020248046875 0.4457168515625 0.03974328125 0.4447077265625
0 0.032399609375 0.484045615234375 0.12369894921875 0.50764767578125 0.12693342578125 0.5070773515625 0.1282636484375 0.430868927734375 0.02804459765625 0.404167146484375 0.032399609375 0.484045615234375
0 1 0.63575967578125 0.9211760625 0.633633408203125 0.86629865234375 0.8099855859375 0.95345108203125 0.813029015625 1 0.6791687734375 1 0.63575967578125
0 0.85635713671875 0.721385970703125 0.8563830859375 0.721385931640625 0.949805216796875 0.719755240234375 0.99336555078125 0.545818134765625 0.993342009765625 0.54446943359375 0.993180888671875 0.54355567578125 0.903550162109375 0.54031172265625 0.8562253046875 0.720638318359375 0.85635713671875 0.721385970703125
0 1 0.77689123046875 0.853864103515625 0.761271443359375 0.853613583984375 0.7613156171875 0.86523243359375 0.848260849609375 1 0.864813517578125 1 0.77689123046875
0 0.9494779609375 0.623976181640625 0.966919361328125 0.4486076171875 0.96509683984375 0.43827158203125 0.880634638671875 0.451608162109375 0.852482740234375 0.638136580078125 0.9494779609375 0.623976181640625
0 0.8742053046875 0.03926146875 0.87410245703125 0.038962775390625 0.7897226953125 0.068558654296875 0.815372810546875 0.26034519140625 0.823574021484375 0.25889909765625 0.909193181640625 0.229418056640625 0.8742053046875 0.03926146875
0 0.942890794921875 0.19030757421875 0.752384521484375 0.21247413671875 0.75106610546875 0.212928103515625 0.764647888671875 0.253368166015625 0.782592966796875 0.305484458984375 0.969084392578125 0.280924546875 0.96382784375 0.2511131796875 0.942890794921875 0.19030757421875
0 0.80112755078125 0.39848130078125 0.986485771484375 0.37961267578125 0.980595888671875 0.346209482421875 0.95932666796875 0.28443918359375 0.767820130859375 0.307443076171875 0.80112755078125 0.39848130078125
0 0.93912041796875 0.33223723046875 0.93864694140625 0.330586015625 0.84850603515625 0.35465055859375 0.857499419921875 0.5527853046875 0.863253814453125 0.551770650390625 0.951699017578125 0.52640939453125 0.93912041796875 0.33223723046875
0 0.7606865625 0 0.8089317578125 0.163661806640625 0.87696490625 0.13678883203125 0.899633408203125 0.127166626953125 0.86556597265625 0 0.7606865625 0
0 0.11197723828125 0.69795084765625 0.0836085625 0.80788194921875 0.11896476171875 0.807252181640625 0.156530009765625 0.805940375 0.18019715625 0.70386359375 0.180110677734375 0.70138717578125 0.1794471796875 0.697624287109375 0.11197723828125 0.69795084765625
0 0.071671900390625 0.591391841796875 0.10544448046875 0.577656736328125 0.136540693359375 0.56445717578125 0.120951181640625 0.47702915625 0.118196453125 0.47053941796875 0.116373921875 0.470860779296875 0.05710665625 0.49728423828125 0.06853661328125 0.59194467578125 0.071671900390625 0.591391841796875
0 0.186630822265625 0.76103478515625 0.1864304453125 0.7600039375 0.114190951171875 0.77536458203125 0.105081373046875 0.886955625 0.1326108984375 0.88210142578125 0.1649138671875 0.87445683203125 0.186630822265625 0.76103478515625
0 0.169169869140625 0.651735220703125 0.070596640625 0.628095904296875 0.070847162109375 0.70138241796875 0.1681818515625 0.725101919921875 0.174674958984375 0.72395701171875 0.174508498046875 0.72078072265625 0.169169869140625 0.651735220703125
0 0.16231408984375 0.646806361328125 0.16084476953125 0.63635160546875 0.151135744140625 0.576349515625 0.053084021484375 0.55976409765625 0.05227412109375 0.55990690234375 0.053189501953125 0.56642016796875 0.06488237109375 0.63359387890625 0.16139880078125 0.646967751953125 0.16231408984375 0.646806361328125
0 0.235937384765625 1 0.23414893359375 0.989857185546875 0.21990071875 0.936682126953125 0.104850189453125 0.920762298828125 0.12671241796875 0.98880837890625 0.204071013671875 1 0.235937384765625 1
0 0.136277142578125 0.956025361328125 0.184310001953125 0.94315499609375 0.18840675390625 0.91904698828125 0.20232534765625 0.82775329296875 0.202317392578125 0.827723607421875 0.13021831640625 0.84382265234375 0.12235987890625 0.957947685546875 0.12249591015625 0.95845536328125 0.136277142578125 0.956025361328125
0 0.223569234375 1 0.2186133671875 0.964737166015625 0.218021580078125 0.961380974609375 0.177201740234375 0.969585142578125 0.16961412890625 1 0.223569234375 1