0 1 0.411130921875 0.94452348046875 0.43240428515625 0.947006521484375 0.549238005859375 0.94724277734375 0.549647212890625 1 0.528956205078125 1 0.411130921875
0 0.947099998046875 0.56048594921875 0.939780216796875 0.4429716796875 0.939295123046875 0.44213147265625 0.87645737890625 0.467382798828125 0.8843863046875 0.585694564453125 0.947099998046875 0.56048594921875
0 0.65189008984375 0.5910858203125 0.66688455078125 0.7078025234375 0.6669850703125 0.707976626953125 0.67122416015625 0.70608926171875 0.736731625 0.67481111328125 0.72353488671875 0.565298779296875 0.721940451171875 0.562537138671875 0.65189008984375 0.5910858203125
0 0.81409674609375 0.628286669921875 0.78207280078125 0.51830048828125 0.781716798828125 0.517772689453125 0.759484623046875 0.53060844140625 0.717853916015625 0.56289047265625 0.75096148828125 0.67084574609375 0.752471654296875 0.6699738515625 0.81409674609375 0.628286669921875
0 0.78010949609375 0.5667443046875 0.79109075390625 0.5926145234375 0.913825853515625 0.58204958203125 0.90806658984375 0.56827380859375 0.882301916015625 0.50757604296875 0.766808236328125 0.5191632734375 0.761495431640625 0.522230623046875 0.78010949609375 0.5667443046875
0 0.663827837890625 0.71896405078125 0.6653381015625 0.6051239921875 0.66365667578125 0.60221167578125 0.58879259765625 0.621184328125 0.590897525390625 0.73987648046875 0.663827837890625 0.71896405078125
0 0.47549296484375 0.70282025390625 0.47448530859375 0.70366577734375 0.5256233125 0.767459990234375 0.63380634375 0.716043953125 0.5828150859375 0.65149265234375 0.47549296484375 0.70282025390625
0 0.350014060546875 0.88335418359375 0.31401240234375 0.808289119140625 0.18339179296875 0.84700594921875 0.18307788671875 0.84715905078125 0.17933734765625 0.84931865234375 0.215175728515625 0.92105873828125 0.350014060546875 0.88335418359375
0 0.42156308984375 0.84710375390625 0.40082588671875 0.795777376953125 0.388387060546875 0.766492751953125 0.26003180078125 0.79370858984375 0.25129680078125 0.798751744140625 0.28269591015625 0.87466203125 0.42156308984375 0.84710375390625
0 0.52262806640625 0.800196732421875 0.509312328125 0.65987942578125 0.50599415234375 0.654132177734375 0.43290087890625 0.679300208984375 0.448316779296875 0.82333210546875 0.52262806640625 0.800196732421875
0 0.4943649140625 0.801902513671875 0.477116064453125 0.756306123046875 0.46444743359375 0.7249501640625 0.330387748046875 0.753088564453125 0.32581628515625 0.755727900390625 0.3544290859375 0.8225141015625 0.4943649140625 0.801902513671875
0 0.78541973828125 0.363688345703125 0.78254555859375 0.3660158125 0.82993725390625 0.42702947265625 0.978504822265625 0.372544662109375 0.97372228515625 0.36426106640625 0.92673800390625 0.3062403125 0.78541973828125 0.363688345703125
0 1 0.36602540234375 0.979411201171875 0.33036455859375 0.92058389453125 0.24635045703125 0.90773541796875 0.253768529296875 0.891992763671875 0.26735818359375 0.94149775390625 0.427203763671875 1 0.38265927734375 1 0.36602540234375
0 0.65686460546875 0.495061873046875 0.5124544765625 0.49035532421875 0.50872353515625 0.491355025390625 0.50789026171875 0.4918361171875 0.526437564453125 0.57295842578125 0.67643680859375 0.569535021484375 0.676768337890625 0.56934361328125 0.65686460546875 0.495061873046875
0 0.76591369921875 0.34438470703125 0.7551049296875 0.35013183203125 0.779123232421875 0.50088396484375 0.7792643984375 0.50114945703125 0.85244084375 0.46247141015625 0.8281640234375 0.32152176171875 0.826257921875 0.318220296875 0.76591369921875 0.34438470703125
0 0.684841517578125 0.39688503515625 0.613325037109375 0.43529196484375 0.634412375 0.5796840625 0.6350401796875 0.580771451171875 0.7045058203125 0.548828880859375 0.689057556640625 0.40245729296875 0.6856361484375 0.3965312421875 0.684841517578125 0.39688503515625
0 0.638358154296875 0.44833223828125 0.635941884765625 0.450665603515625 0.68713293359375 0.50574101171875 0.825572134765625 0.442032478515625 0.82178132421875 0.435466603515625 0.770736744140625 0.382608392578125 0.638358154296875 0.44833223828125
0 0.42815760546875 0.56110376953125 0.422643462890625 0.5649648125 0.4656607578125 0.62963845703125 0.608823451171875 0.575752244140625 0.60948757421875 0.57528722265625 0.58618600390625 0.537874400390625 0.56442876953125 0.5068018515625 0.44148496484375 0.554886046875 0.42815760546875 0.56110376953125
0 0.2279581484375 0.79716507421875 0.224458685546875 0.788196931640625 0.195164154296875 0.71569042578125 0.08059930078125 0.749357986328125 0.07657405078125 0.75168196484375 0.096657564453125 0.80139041015625 0.11144312109375 0.82699974609375 0.2279581484375 0.79716507421875
0 0.16987135546875 0.67696188671875 0.182430767578125 0.80801103515625 0.26658077734375 0.78763108203125 0.2509988046875 0.65621727734375 0.24943187109375 0.65350326953125 0.221146765625 0.661082240234375 0.16987135546875 0.67696188671875
0 0.28763155859375 0.638811138671875 0.281042751953125 0.644339802734375 0.33404335546875 0.70588069140625 0.452073560546875 0.646066517578125 0.3973654140625 0.578912013671875 0.28763155859375 0.638811138671875
0 0.37541366796875 0.70707945703125 0.362179607421875 0.67869892578125 0.3379420625 0.629862837890625 0.21419239453125 0.66320687890625 0.2078936328125 0.666843470703125 0.24255901171875 0.73996012109375 0.37541366796875 0.70707945703125
0 0.48077269140625 0.5512931484375 0.47209938671875 0.54131565234375 0.3564188984375 0.598922568359375 0.354084576171875 0.60095176171875 0.409461701171875 0.66275794921875 0.522794056640625 0.60198046484375 0.519128515625 0.5956315625 0.48077269140625 0.5512931484375
0 0.74053962109375 0.214803521484375 0.814442349609375 0.18795258203125 0.819061642578125 0.186179400390625 0.80033166796875 0.02018970703125 0.7897918671875 0.00193423828125 0.73149701953125 0.02743504296875 0.74053962109375 0.214803521484375
0 0.232717419921875 0.4934106875 0.22003248046875 0.46740270703125 0.191354486328125 0.41357612890625 0.015383279296875 0.464055166015625 0.012009630859375 0.46600294140625 0.05430121875 0.55044683984375 0.232717419921875 0.4934106875
0 0.6458153515625 0.06908420703125 0.6810313046875 0.254601048828125 0.75363290234375 0.22254117578125 0.714271150390625 0.04612851953125 0.70934613671875 0.037598146484375 0.663112169921875 0.0601479609375 0.6458153515625 0.06908420703125
0 0.39635890234375 0.40659074609375 0.37225630078125 0.340831630859375 0.3651702109375 0.324137845703125 0.183738236328125 0.3596385078125 0.17683405078125 0.363624642578125 0.21275097265625 0.446991560546875 0.39635890234375 0.40659074609375
0 0 0.6072078125 0.14797226953125 0.512145087890625 0.147004771484375 0.510469330078125 0.1252090625 0.483148904296875 0.089951123046875 0.441130126953125 0 0.49542122265625 0 0.6072078125
0 0.523956796875 0.241329869140625 0.71438447265625 0.23535642578125 0.701576306640625 0.188606482421875 0.691751330078125 0.15434271875 0.502883619140625 0.157971623046875 0.500702015625 0.158597189453125 0.499418146484375 0.1593384296875 0.523956796875 0.241329869140625
0 0.3982177421875 0.22995795703125 0.387565462890625 0.233419095703125 0.316067083984375 0.259855763671875 0.33194766015625 0.439778591796875 0.332144681640625 0.44038496484375 0.399118849609375 0.42024269921875 0.419272126953125 0.41369450390625 0.39859918359375 0.230618630859375 0.3982177421875 0.22995795703125
0 0.207160642578125 0.541461875 0.20735455859375 0.54172877734375 0.28591405078125 0.485271888671875 0.20199867578125 0.31661988671875 0.19586330859375 0.320162140625 0.130625287109375 0.374771080078125 0.207160642578125 0.541461875
0 0.471411203125 0.16417358203125 0.49319534765625 0.352107673828125 0.582862900390625 0.31965756640625 0.55911125 0.1367586875 0.556197765625 0.13171238671875 0.498480216796875 0.153236990234375 0.471411203125 0.16417358203125
0 0.51784926953125 0.33988723828125 0.510226228515625 0.32123219140625 0.447691640625 0.17558380859375 0.446983462890625 0.1746090859375 0.377826306640625 0.22387829296875 0.444009955078125 0.39912880859375 0.444585365234375 0.39992079296875 0.51784926953125 0.33988723828125
0 0.53043301953125 1 0.54293972265625 0.993123779296875 0.540039810546875 0.988100986328125 0.52721947265625 0.97386255859375 0.490201009765625 0.935242322265625 0.405341658203125 0.98631628515625 0.403334744140625 0.9881233203125 0.41439306640625 1 0.53043301953125 1
0 0.472693216796875 0.932540302734375 0.469628048828125 0.93430998046875 0.5089405390625 0.9983533984375 0.60749003515625 0.967428205078125 0.599262083984375 0.95317697265625 0.568970783203125 0.904918466796875 0.472693216796875 0.932540302734375
0 0.59237207421875 0.982482859375 0.6551676796875 0.936859177734375 0.61816720703125 0.845651333984375 0.615957408203125 0.842609806640625 0.609185814453125 0.84651938671875 0.554968625 0.892207994140625 0.59237207421875 0.982482859375
0 0.456831509765625 0 0.48702659765625 0.06639575 0.66958755859375 0.038411533203125 0.652485642578125 0 0.456831509765625 0
0 0.48511055859375 0 0.3684055703125 0.06189693359375 0.366754505859375 0.063436578125 0.424411734375 0.13232728125 0.590164494140625 0.046794484375 0.588683443359375 0.04422923046875 0.54743901953125 0 0.48511055859375 0
0 0.608643263671875 0 0.63892756640625 0.07931055859375 0.63908066015625 0.079513716796875 0.71127458203125 0.0296889375 0.7004699921875 0 0.608643263671875 0
0 0.39226244140625 0 0.384545896484375 0.003931775390625 0.32911442578125 0.033786001953125 0.37538726171875 0.21505339453125 0.452759322265625 0.17221315234375 0.417980693359375 0 0.39226244140625 0
0 0 0.376309990234375 0.166465529296875 0.2816763515625 0.16293053515625 0.27555355859375 0.1026856953125 0.206249798828125 0 0.2714803359375 0 0.376309990234375
0 0.129960619140625 0.361819515625 0.14354425 0.35397700390625 0.166535921875 0.339852 0.21327971484375 0.31064323828125 0.146227943359375 0.131327751953125 0.14585176953125 0.13072574609375 0.12717990234375 0.141505955078125 0.064995638671875 0.1803629921875 0.12944866015625 0.3610002109375 0.129960619140625 0.361819515625
0 0.33943588671875 0.21700410546875 0.32956351171875 0.197628474609375 0.294195451171875 0.13137787890625 0.115505568359375 0.17530942578125 0.10816190234375 0.179549294921875 0.15250005078125 0.266567806640625 0.33943588671875 0.21700410546875
0 0.38836189453125 0.20638183203125 0.306069419921875 0.034615603515625 0.25526757421875 0.0639460625 0.225845236328125 0.08777180078125 0.31449546484375 0.26398352734375 0.38836189453125 0.20638183203125
0 0.93701691796875 0.76017087109375 0.91697189453125 0.7373358671875 0.889953607421875 0.708362302734375 0.793205455078125 0.7566624609375 0.79026866796875 0.75940105859375 0.83819873828125 0.8125946015625 0.93701691796875 0.76017087109375
0 0.696982064453125 0.825557943359375 0.61200158984375 0.84850381640625 0.611964787109375 0.84852338671875 0.605506771484375 0.852251923828125 0.63774401171875 0.91034005078125 0.731726646484375 0.8905605703125 0.71359775 0.85518123828125 0.70792039453125 0.844503689453125 0.696982064453125 0.825557943359375
0 1 0.725400404296875 0.99887927734375 0.72345925390625 0.95343619140625 0.66930229296875 0.85426 0.71415102734375 0.851088431640625 0.7168122890625 0.891784345703125 0.76151413671875 1 0.726016771484375 1 0.725400404296875
0 0.75734662890625 0.75701479296875 0.769041431640625 0.862868427734375 0.769362654296875 0.863424802734375 0.837628078125 0.832427572265625 0.82692485546875 0.73869459765625 0.826012478515625 0.73654517578125 0.823731955078125 0.732595193359375 0.75734662890625 0.75701479296875
0 0.76449087890625 0.798423958984375 0.754617236328125 0.78617626171875 0.666505572265625 0.820195162109375 0.663306443359375 0.82260587890625 0.706930953125 0.878059775390625 0.798822568359375 0.84570087109375 0.79458258203125 0.83835699609375 0.76449087890625 0.798423958984375
0 1 0.648300998046875 0.91908943359375 0.64414694140625 0.9190710390625 0.64415221484375 0.91725836328125 0.645198763671875 0.933305130859375 0.705589474609375 0.959020083984375 0.70949884765625 1 0.715016634765625 1 0.648300998046875