0 0.31322948046875 0.142874216796875 0.313483755859375 0.1380223515625 0.282971625 0.03006884375 0.22941279296875 0.02634231640625 0.21571951171875 0.026820498046875 0.243953279296875 0.137525751953125 0.31322948046875 0.142874216796875
0 0.327231583984375 0.20878750390625 0.327183666015625 0.207415267578125 0.279230220703125 0.100544091796875 0.21144058203125 0.107797439453125 0.26056576953125 0.21591399609375 0.327231583984375 0.20878750390625
0 0.334555908203125 0.351498732421875 0.228849875 0.3840761796875 0.226920150390625 0.456642197265625 0.22692015234375 0.461363375 0.339844896484375 0.427528630859375 0.33741984765625 0.351498732421875 0.334555908203125 0.351498732421875
0 0.2344278203125 0.388645080078125 0.335198376953125 0.337409875 0.32945287109375 0.2845958125 0.32522901171875 0.260641109375 0.321665046875 0.26076556640625 0.221300400390625 0.31360659375 0.2344278203125 0.388645080078125
0 0.2304602734375 0.3082722578125 0.23050985546875 0.30826440625 0.3385860546875 0.2530062578125 0.326416892578125 0.176173197265625 0.323378302734375 0.176279306640625 0.217395619140625 0.22859204296875 0.2304602734375 0.3082722578125
0 0.35670348046875 0.518420974609375 0.35619615234375 0.516761580078125 0.29206388671875 0.420817376953125 0.219712798828125 0.442937326171875 0.21972712890625 0.44334768359375 0.282388693359375 0.543689474609375 0.35670348046875 0.518420974609375
0 0.35244324609375 0.617355068359375 0.3522160234375 0.61084829296875 0.31439155078125 0.503679904296875 0.23269062109375 0.513268302734375 0.27283094921875 0.626121888671875 0.35244324609375 0.617355068359375
0 0.37349717578125 0.951632267578125 0.37347033984375 0.951376931640625 0.3354126484375 0.82188049609375 0.26618983984375 0.82849125390625 0.254535595703125 0.829716162109375 0.292154048828125 0.96545754296875 0.37366183984375 0.9563476171875 0.37349717578125 0.951632267578125
0 0.39376741015625 0.77098166015625 0.3937089765625 0.769308359375 0.391504984375 0.76883988671875 0.251738033203125 0.76585227734375 0.2351363359375 0.840913294921875 0.2338257421875 0.847079154296875 0.23388417578125 0.848752458984375 0.236291478515625 0.84926414453125 0.37460689453125 0.854025146484375 0.39339594921875 0.772729248046875 0.39376741015625 0.77098166015625
0 0.36835942578125 0.57807925390625 0.362665017578125 0.57827810546875 0.23365926171875 0.63728441796875 0.2507790859375 0.71320756640625 0.383222314453125 0.654542177734375 0.36835942578125 0.57807925390625
0 0.37463251171875 0.66541352734375 0.36654300390625 0.66569601953125 0.24108216015625 0.71042237109375 0.24731333203125 0.784494787109375 0.38475975390625 0.74470333203125 0.37463251171875 0.66541352734375
0 0.46899018359375 0.0304837109375 0.46712073046875 0.030847095703125 0.33199256640625 0.1023258671875 0.347564033203125 0.185728556640625 0.486003619140625 0.10624990234375 0.475951640625 0.05453695703125 0.47075451171875 0.03042209765625 0.46899018359375 0.0304837109375
0 0.45474825 0.001275453125 0.33774698046875 0.071000015625 0.34238311328125 0.10770912890625 0.364870525390625 0.10251750390625 0.4974930078125 0.070037791015625 0.49748701953125 0.069866263671875 0.49011120703125 0.03088240234375 0.48304775390625 0.00028721484375 0.45474825 0.001275453125
0 0.470843759765625 0.5193525625 0.471756345703125 0.514657708984375 0.45698772265625 0.37092766796875 0.385508890625 0.35703358984375 0.3813579921875 0.35717854296875 0.388379052734375 0.50647078515625 0.470843759765625 0.5193525625
0 0.46747106640625 0.27216112109375 0.46865541796875 0.26606815625 0.45097252734375 0.126629921875 0.37448119140625 0.111956658203125 0.369738158203125 0.112122287109375 0.3908735390625 0.263513986328125 0.46747106640625 0.27216112109375
0 0.358195849609375 0.289602513671875 0.4067977734375 0.4254086015625 0.489589927734375 0.4257516484375 0.489374173828125 0.419573248046875 0.4344277109375 0.28340649609375 0.430701248046875 0.28353662890625 0.35816116015625 0.288609125 0.358195849609375 0.289602513671875
0 0.40946229296875 0.3485468828125 0.48829171484375 0.34380423046875 0.488069115234375 0.33742983984375 0.43262662109375 0.2021698671875 0.41722709765625 0.20270762890625 0.355864099609375 0.20592352734375 0.40946229296875 0.3485468828125
0 0.49234098046875 0.59407428515625 0.491895697265625 0.58132306640625 0.489958388671875 0.57292441015625 0.45230835546875 0.44694459375 0.42298838671875 0.447968470703125 0.41427689453125 0.44842501953125 0.370449310546875 0.453096765625 0.370491744140625 0.4539063984375 0.41616858203125 0.5998958046875 0.49234098046875 0.59407428515625
0 0.49237361328125 1 0.4910988984375 0.88544151171875 0.41305130859375 0.873574537109375 0.408960916015625 0.873717376953125 0.405999904296875 0.99692941796875 0.431007779296875 1 0.49237361328125 1
0 0.397833513671875 0.92540321484375 0.5226612421875 0.88357431640625 0.51631243359375 0.83027306640625 0.5117293671875 0.801336716796875 0.50708099609375 0.80149904296875 0.382224634765625 0.840239080078125 0.397833513671875 0.92540321484375
0 0.501031841796875 0.755565896484375 0.50129624609375 0.74799435546875 0.47725983984375 0.625767447265625 0.40288957421875 0.6222135546875 0.39451721484375 0.622505923828125 0.41619211328125 0.7538356328125 0.501031841796875 0.755565896484375
0 0.384296978515625 0.74888601171875 0.386658427734375 0.831673611328125 0.519267017578125 0.803680408203125 0.518955884765625 0.774196984375 0.5170035546875 0.718289560546875 0.515573111328125 0.71833951171875 0.384296978515625 0.74888601171875
0 0.500458591796875 0.54219719921875 0.4912251328125 0.542519640625 0.379358248046875 0.5935651171875 0.393325029296875 0.6716748515625 0.5131856953125 0.621298970703125 0.500458591796875 0.54219719921875
0 0.651362998046875 0 0.670201328125 0.14835046484375 0.738508796875 0.16490953515625 0.739194099609375 0.164885603515625 0.74024199609375 0.159494650390625 0.73031341796875 0 0.651362998046875 0
0 0.7994923125 0.738130431640625 0.79689240234375 0.73844966015625 0.62250019140625 0.7860661953125 0.63312970703125 0.88087285546875 0.811987865234375 0.82621107421875 0.80787173046875 0.778704837890625 0.802875314453125 0.738012294921875 0.7994923125 0.738130431640625
0 0.603653251953125 0.211169396484375 0.786769228515625 0.160655166015625 0.78478706640625 0.103893439453125 0.7833065859375 0.08360908984375 0.773315125 0.083957998046875 0.60277551171875 0.136917326171875 0.603653251953125 0.211169396484375
0 0.73705740234375 0.527216857421875 0.667907474609375 0.516104521484375 0.663282978515625 0.704047892578125 0.75345046484375 0.7237204453125 0.75456374609375 0.7184828671875 0.754796564453125 0.53098743359375 0.73705740234375 0.527216857421875
0 0.7673125703125 0.81815558203125 0.680743033203125 0.805869359375 0.67414358203125 0.984687767578125 0.71572985546875 0.9927713203125 0.765166693359375 0.991044947265625 0.776288572265625 0.81990033984375 0.7673125703125 0.81815558203125
0 0.65124902734375 0.14606837890625 0.66769471875 0.337928427734375 0.749437587890625 0.351345783203125 0.75024342578125 0.34677564453125 0.736628849609375 0.161526587890625 0.664582146484375 0.147963287109375 0.653408005859375 0.145992986328125 0.65124902734375 0.14606837890625
0 0.784060541015625 0.45412098046875 0.620801080078125 0.51340048828125 0.62754697265625 0.595311880859375 0.628230154296875 0.60087593359375 0.8036120546875 0.54199837890625 0.799704703125 0.51017555859375 0.791527814453125 0.45386021875 0.784060541015625 0.45412098046875
0 0.630033404296875 0.68544660546875 0.625310087890625 0.777674177734375 0.81155565625 0.742998701171875 0.81131598828125 0.729268158203125 0.80845809765625 0.647428912109375 0.80344450390625 0.64751642578125 0.630033404296875 0.68544660546875
0 0.701792572265625 0.248317072265625 0.642092904296875 0.244715888671875 0.67383734375 0.43238330078125 0.7678609609375 0.4371378828125 0.768249326171875 0.43269883203125 0.73498068359375 0.25122065625 0.701792572265625 0.248317072265625
0 0.70615465234375 0.34189230859375 0.664535560546875 0.33790905078125 0.65250206640625 0.33832926953125 0.671126337890625 0.495365978515625 0.67385211328125 0.5153332421875 0.76640337890625 0.530541693359375 0.76685309765625 0.52626287890625 0.737159609375 0.34515105859375 0.70615465234375 0.34189230859375
0 0.156999931640625 0.975189587890625 0.1569035703125 0.972430185546875 0.120665658203125 0.8838162734375 0.046730537109375 0.89953166796875 0.08126461328125 0.992080080078125 0.156999931640625 0.975189587890625
0 0.051503619140625 0.909084158203125 0.148446826171875 0.88975792578125 0.147567955078125 0.83940737890625 0.1466080859375 0.811920328125 0.14291863671875 0.8119847265625 0.049888828125 0.83230434765625 0.050917861328125 0.89231022265625 0.051503619140625 0.909084158203125
0 0.813619208984375 0 0.8449342265625 0.13564023828125 0.84792593359375 0.134949548828125 0.93040905859375 0.1102197109375 0.930330884765625 0.1079811015625 0.9300931171875 0.10695121875 0.87044154296875 0 0.813619208984375 0
0 0.155270138671875 0.74656912890625 0.15506684765625 0.74074762109375 0.054529083984375 0.745942142578125 0.04113276953125 0.82360480859375 0.144612505859375 0.814191283203125 0.155270138671875 0.74656912890625
0 0.15233625 0.662553552734375 0.145920921875 0.66199228515625 0.050478771484375 0.67468960546875 0.04254383203125 0.74386861328125 0.04198977734375 0.750201482421875 0.14437195703125 0.73400053125 0.152545033203125 0.668532330078125 0.15233625 0.662553552734375
0 0.045094240234375 0.680772162109375 0.145705294921875 0.65769407421875 0.14681651953125 0.59403202734375 0.146354595703125 0.580804220703125 0.144001798828125 0.58076315234375 0.0517554921875 0.601204173828125 0.04496273046875 0.67700621484375 0.045094240234375 0.680772162109375
0 0.897778861328125 0.101499962890625 0.810584416015625 0.104544859375 0.865099876953125 0.279733884765625 0.95812932421875 0.27722442578125 0.9580448828125 0.274806337890625 0.897778861328125 0.101499962890625
0 0.80799913671875 0.203568669921875 0.807648384765625 0.20361742578125 0.87990784765625 0.37631628515625 0.96730137890625 0.36079198046875 0.967134890625 0.356024421875 0.90073904296875 0.192181640625 0.80799913671875 0.203568669921875
0 0.79096532421875 0.05852639453125 0.77481203515625 0.144744388671875 0.7750598984375 0.14480161328125 0.973002595703125 0.134078244140625 0.97944913671875 0.108071689453125 0.98567640625 0.081098421875 0.98441552734375 0.04499151953125 0.79096532421875 0.05852639453125
0 0.79063472265625 0.42995617578125 0.9775104609375 0.42120965234375 0.98985360546875 0.3594717421875 0.994480986328125 0.33322856640625 0.9942053359375 0.325335015625 0.8089816484375 0.3434396328125 0.79063472265625 0.42995617578125
0 1 0.7254611328125 0.82188193359375 0.717916251953125 0.80448526171875 0.81522009765625 0.998024419921875 0.81392873046875 1 0.80376525390625 1 0.7254611328125
0 0.862824513671875 0.582214640625 0.82975858984375 0.58582383203125 0.8297969140625 0.58692134765625 0.88742874609375 0.769732541015625 0.964795111328125 0.761601009765625 0.984347826171875 0.75939558984375 0.98426912109375 0.7571417109375 0.92406696484375 0.575777798828125 0.862824513671875 0.582214640625
0 0.969463033203125 0.67115271875 0.969618541015625 0.666699544921875 0.93311689453125 0.4821426484375 0.85842096875 0.47810294921875 0.83666846875 0.478862564453125 0.8704762734375 0.667696025390625 0.969463033203125 0.67115271875
0 0.88417951171875 0.379508802734375 0.82440986328125 0.38584630859375 0.88313440625 0.574464216796875 0.979159958984375 0.5660630703125 0.97896782421875 0.56056102734375 0.91775851953125 0.376571021484375 0.88417951171875 0.379508802734375
0 1 0.813031568359375 0.99341678125 0.7892061796875 0.986464896484375 0.789448943359375 0.979218189453125 0.791255751953125 0.81385084765625 0.85333165625 0.82936601953125 0.9294101171875 0.83558658203125 0.95435944140625 1 0.88792262109375 1 0.813031568359375
0 0.1487488046875 0.291194052734375 0.146094974609375 0.290678201171875 0.037325302734375 0.301094015625 0.02609362109375 0.36985253515625 0.1370446953125 0.361989498046875 0.1439023125 0.32671011328125 0.14898462109375 0.297946939453125 0.1487488046875 0.291194052734375
0 0.0540638828125 0.501501361328125 0.063864244140625 0.5965044453125 0.1361328203125 0.60426763671875 0.13644547265625 0.601721287109375 0.12165203515625 0.50951778515625 0.10498451171875 0.507166708984375 0.057785494140625 0.5013713984375 0.0540638828125 0.501501361328125
0 0.036393119140625 0.31316399609375 0.142740130859375 0.27304898046875 0.142441 0.26876658984375 0.136561580078125 0.20156451953125 0.132090806640625 0.201720642578125 0.03350541796875 0.2516045078125 0.036393119140625 0.31316399609375
0 0.15089597265625 0.442223708984375 0.103336482421875 0.35161886328125 0.0815798828125 0.35584791796875 0.031941740234375 0.36804401953125 0.032139921875 0.369063580078125 0.07843130078125 0.45804271484375 0.15102061328125 0.44579295703125 0.15089597265625 0.442223708984375
0 0.05335212109375 0.449490306640625 0.03777501171875 0.51594827734375 0.0378899921875 0.51924086328125 0.135402220703125 0.51261195703125 0.144158828125 0.47716045703125 0.1509931796875 0.4450073671875 0.150827015625 0.440249076171875 0.149805017578125 0.440031845703125 0.05335212109375 0.449490306640625
0 0.035255998046875 0.17852349609375 0.035816380859375 0.178503927734375 0.13697541015625 0.122711505859375 0.12967754296875 0.053276935546875 0.127982638671875 0.053336123046875 0.03129626171875 0.10744315625 0.035255998046875 0.17852349609375
0 0.14216140625 0.20762162109375 0.14258213671875 0.20160489453125 0.14443009375 0.13491012109375 0.14161226171875 0.134713080078125 0.05747219140625 0.16478746484375 0.03331174609375 0.17389012109375 0.032682845703125 0.182883787109375 0.029931396484375 0.2375656640625 0.14216140625 0.20762162109375
0 0.042446658203125 0.015673341796875 0.041569837890625 0.052212251953125 0.040639736328125 0.10549763671875 0.040780744140625 0.10953556640625 0.1239513203125 0.111251595703125 0.124020927734375 0.10726384765625 0.088463583984375 0.01467094140625 0.07692111328125 0.01446946875 0.042446658203125 0.015673341796875