0 1 0.327545947265625 0.98345842578125 0.31315649609375 0.88554843359375 0.367915818359375 0.882297447265625 0.37152640625 0.9350650546875 0.416730140625 1 0.378186025390625 1 0.327545947265625
0 0.943276474609375 0.37178334765625 0.829103650390625 0.39722923046875 0.8278558125 0.39843425390625 0.86237051953125 0.456120779296875 0.9779853125 0.429781435546875 0.943276474609375 0.37178334765625
0 0.70547235546875 0.66039109765625 0.70943187109375 0.6578197578125 0.76923984765625 0.616679068359375 0.73940118359375 0.511729939453125 0.736328544921875 0.50854812890625 0.67234533203125 0.547256712890625 0.70547235546875 0.66039109765625
0 0.83053194140625 0.551145595703125 0.792292451171875 0.451785787109375 0.78930181640625 0.44868889453125 0.73065664453125 0.494507521484375 0.771110298828125 0.604258546875 0.83053194140625 0.551145595703125
0 0.812194697265625 0.52332812109375 0.92128126171875 0.468393642578125 0.866342203125 0.41150258203125 0.761619251953125 0.46239815625 0.75765195703125 0.466229326171875 0.812194697265625 0.52332812109375
0 0.718948390625 0.66213624609375 0.67071166796875 0.55981313671875 0.6679697578125 0.556973806640625 0.608643353515625 0.607145697265625 0.66256646484375 0.712902759765625 0.718948390625 0.66213624609375
0 0.527097634765625 0.669778767578125 0.525958462890625 0.67043646875 0.56524181640625 0.742141525390625 0.68070960546875 0.7102923984375 0.641702234375 0.63786723828125 0.527097634765625 0.669778767578125
0 0.447176392578125 0.903146265625 0.439184435546875 0.89457594140625 0.391278365234375 0.8441724921875 0.283784666015625 0.912976998046875 0.275010189453125 0.92145041015625 0.32973102734375 0.98091166015625 0.447176392578125 0.903146265625
0 0.42742689453125 0.7645400234375 0.427323318359375 0.76438646484375 0.425578884765625 0.76258005078125 0.423112373046875 0.76424373046875 0.3547746328125 0.812118619140625 0.41100282421875 0.9385789375 0.411222630859375 0.93890481640625 0.412967064453125 0.94071123046875 0.419178322265625 0.93652168359375 0.482554580078125 0.893010505859375 0.42742689453125 0.7645400234375
0 0.582121654296875 0.677300208984375 0.450457625 0.72812935546875 0.448616447265625 0.729907361328125 0.48965448046875 0.79484077734375 0.626929958984375 0.74373125390625 0.582121654296875 0.677300208984375
0 0.566811140625 0.8034299296875 0.54338436328125 0.760677857421875 0.5264751171875 0.73139018359375 0.396071595703125 0.778477203125 0.393408197265625 0.78104921875 0.431105736328125 0.84331623046875 0.566811140625 0.8034299296875
0 0.82084301171875 0.197224958984375 0.77990230859375 0.2303780859375 0.834865291015625 0.380249517578125 0.900403939453125 0.32636849609375 0.842835431640625 0.18475387109375 0.842680423828125 0.184562453125 0.840308001953125 0.18210573828125 0.82084301171875 0.197224958984375
0 0.91687945703125 0.21352231640625 0.79383069921875 0.240144427734375 0.78958972265625 0.244239892578125 0.83386543359375 0.314314533203125 0.940582513671875 0.254577216796875 0.91687945703125 0.21352231640625
0 0.664202298828125 0.54343983203125 0.588529294921875 0.413979509765625 0.588162125 0.41359929296875 0.554274974609375 0.44541513671875 0.53250991796875 0.466433408203125 0.601007421875 0.6000976328125 0.60130476953125 0.60040554296875 0.65590119140625 0.551456115234375 0.664202298828125 0.54343983203125
0 0.77964604296875 0.433137138671875 0.836243392578125 0.37274240625 0.766447791015625 0.24564073828125 0.76508020703125 0.2443654453125 0.715985099609375 0.289259716796875 0.707636287109375 0.29821272265625 0.779426134765625 0.432932068359375 0.77964604296875 0.433137138671875
0 0.650586560546875 0.54347159375 0.6519289765625 0.54486170703125 0.71331369140625 0.487142166015625 0.658931548828125 0.36092198046875 0.653305576171875 0.35509611328125 0.59601434765625 0.40148963671875 0.650586560546875 0.54347159375
0 0.618704287109375 0.402632201171875 0.6168340078125 0.4047837109375 0.677038482421875 0.457941380859375 0.80657971875 0.378857708984375 0.802107548828125 0.374226640625 0.749150890625 0.32819212109375 0.618704287109375 0.402632201171875
0 0.62559351171875 0.55900259765625 0.59890299609375 0.524736373046875 0.574016984375 0.49610829296875 0.456772845703125 0.55678020703125 0.445319435546875 0.563665060546875 0.43950652734375 0.56927851953125 0.488629955078125 0.628596056640625 0.623593541015625 0.5609339453125 0.62559351171875 0.55900259765625
0 0.239587759765625 0.942624671875 0.29380894140625 0.881024294921875 0.206488970703125 0.774577205078125 0.203148015625 0.77146171484375 0.193724373046875 0.78056201953125 0.188385328125 0.786152185546875 0.143156330078125 0.83465434765625 0.238874 0.94331394140625 0.239587759765625 0.942624671875
0 0.2079982421875 0.79284347265625 0.199279876953125 0.80126269921875 0.256529513671875 0.863490470703125 0.36630712890625 0.784426712890625 0.34319306640625 0.760491400390625 0.306437314453125 0.72525301171875 0.2079982421875 0.79284347265625
0 0.38976591796875 0.754948021484375 0.390312859375 0.75585828515625 0.4649854375 0.712452998046875 0.42228337890625 0.592718728515625 0.41869705078125 0.589004978515625 0.34963242578125 0.63050319140625 0.38976591796875 0.754948021484375
0 0.428206333984375 0.74455215234375 0.412549109375 0.71743304296875 0.38414744921875 0.670895234375 0.26047091015625 0.71610563671875 0.257666884765625 0.718813455078125 0.298722970703125 0.788886744140625 0.428206333984375 0.74455215234375
0 0.525269787109375 0.64640515234375 0.47523069921875 0.5350819296875 0.46979058203125 0.5294485234375 0.40848014453125 0.57541830859375 0.4591159140625 0.69782987109375 0.525269787109375 0.64640515234375
0 0.6069178203125 0 0.67599498828125 0.16462550390625 0.7362572734375 0.11411765234375 0.73999152734375 0.110871517578125 0.684862935546875 0 0.6069178203125 0
0 0.06058338671875 0.50687438671875 0.037842279296875 0.53092482421875 0.15310385546875 0.679905046875 0.213333658203125 0.6129002265625 0.10624229296875 0.465534328125 0.103908134765625 0.46328026171875 0.08572466796875 0.48083983203125 0.06058338671875 0.50687438671875
0 0.538277361328125 0.045394228515625 0.526377740234375 0.060803169921875 0.636697037109375 0.214055623046875 0.688947345703125 0.154316751953125 0.57649157421875 0.008173859375 0.57211048046875 0.004626119140625 0.568350150390625 0.008257427734375 0.538277361328125 0.045394228515625
0 0.376892994140625 0.4363753203125 0.338615560546875 0.377723513671875 0.32795580078125 0.36305161328125 0.15859391796875 0.43870851171875 0.15328618359375 0.443834130859375 0.2070791328125 0.517043462890625 0.376892994140625 0.4363753203125
0 0 0.70201311328125 0.00362454296875 0.7057664375 0.04131438671875 0.728412779296875 0.15606290625 0.59110891015625 0.08350811328125 0.542313025390625 0.07567017578125 0.537603517578125 0 0.633481017578125 0 0.70201311328125
0 0.42211481640625 0.19919975390625 0.41894990625 0.202593705078125 0.478859568359375 0.2598016953125 0.641107115234375 0.158021056640625 0.623695896484375 0.139991212890625 0.578254748046875 0.098587173828125 0.42211481640625 0.19919975390625
0 0.30382644140625 0.459780224609375 0.430820732421875 0.33259055078125 0.431619015625 0.331313033203125 0.3899107109375 0.30395588671875 0.355027326171875 0.282158328125 0.22774794921875 0.4160137734375 0.22851774609375 0.416810919921875 0.30382644140625 0.459780224609375
0 0.11033135546875 0.45226085546875 0.209185064453125 0.6138707109375 0.2745629921875 0.548648310546875 0.188962650390625 0.398343490234375 0.181596044921875 0.3907151484375 0.1370380625 0.4290450703125 0.11033135546875 0.45226085546875
0 0.55146526171875 0.277381890625 0.43103462890625 0.136931916015625 0.427004154296875 0.134213326171875 0.390209298828125 0.18466216796875 0.372386373046875 0.211085740234375 0.4974608984375 0.352959193359375 0.55146526171875 0.277381890625
0 0.284280158203125 0.29995767578125 0.32917573828125 0.370519326171875 0.50827990625 0.313397341796875 0.50499351171875 0.308336740234375 0.452353935546875 0.23675969921875 0.43332549609375 0.243395966796875 0.287600390625 0.29711755078125 0.2864426015625 0.297869427734375 0.284280158203125 0.29995767578125
0 0.640904318359375 1 0.662582275390625 0.988934359375 0.643459009765625 0.964457693359375 0.61627090234375 0.93083096484375 0.52984467578125 0.97076937109375 0.52378355078125 0.976622533203125 0.54325183203125 1 0.640904318359375 1
0 0.705356845703125 0.908036619140625 0.65650755078125 0.873979173828125 0.577814890625 0.937721603515625 0.576327857421875 0.939694962890625 0.637757357421875 0.9834421640625 0.715833388671875 0.916942427734375 0.712247388671875 0.913229015625 0.705356845703125 0.908036619140625
0 0.71314475 0.945217236328125 0.75299726171875 0.87585360546875 0.689157998046875 0.806198994140625 0.687749939453125 0.80524924609375 0.683088017578125 0.80975121484375 0.6436368125 0.868240033203125 0.71314475 0.945217236328125
0 0.333520732421875 0 0.327458662109375 0.001949265625 0.325224873046875 0.00410641015625 0.37880838671875 0.079353142578125 0.552394029296875 0.017149681640625 0.55260412109375 0.016946798828125 0.540737845703125 0 0.333520732421875 0
0 0.31463868359375 0 0.28683145703125 0.0381713203125 0.284477078125 0.04179674609375 0.407864607421875 0.18227090234375 0.45197950390625 0.1166548515625 0.45982000390625 0.104581537109375 0.365851890625 0 0.31463868359375 0
0 0.19407658203125 0.15904873046875 0.190028419921875 0.163705607421875 0.257645740234375 0.21851396875 0.41477471484375 0.11483809765625 0.4124115078125 0.11239092578125 0.339674966796875 0.052016693359375 0.19407658203125 0.15904873046875
0 0 0.475300607421875 0.02338128515625 0.524062439453125 0.10321120703125 0.465771216796875 0.013303625 0.29966760546875 0.0101805546875 0.29643357421875 0 0.304105171875 0 0.475300607421875
0 0.014369166015625 0.27549819921875 0.078822189453125 0.45613541796875 0.079561099609375 0.45731792578125 0.11590944921875 0.43498720703125 0.1626532421875 0.4057784453125 0.0961964765625 0.228054171875 0.093975716796875 0.2257545078125 0.014369166015625 0.27549819921875
0 0.083725259765625 0.21168900390625 0.155257439453125 0.390419765625 0.23724439453125 0.333011880859375 0.165396068359375 0.16250471484375 0.15964244140625 0.156546658203125 0.152422107421875 0.161602390625 0.083725259765625 0.21168900390625
0 0.3457355859375 0.19047701171875 0.306345 0.145079251953125 0.28379043359375 0.120029865234375 0.113595322265625 0.212818955078125 0.109597078125 0.216680013671875 0.1741500703125 0.288373375 0.3457355859375 0.19047701171875
0 0.96134395703125 0.63186999609375 0.93254976953125 0.60770880078125 0.846658955078125 0.667730220703125 0.842644302734375 0.6725146953125 0.89339983203125 0.71777228515625 0.98705209765625 0.65571461328125 0.977985306640625 0.64632567578125 0.96134395703125 0.63186999609375
0 0.696057134765625 0.810259865234375 0.68807536328125 0.817967775390625 0.733719896484375 0.865186197265625 0.819380845703125 0.82175619140625 0.792712830078125 0.792274486328125 0.78163707421875 0.780397193359375 0.769400962890625 0.767726326171875 0.696057134765625 0.810259865234375
0 1 0.57639258203125 0.89443308203125 0.599141265625 0.89256458203125 0.60094565625 0.934320568359375 0.660569857421875 1 0.63880637890625 1 0.57639258203125
0 0.788870951171875 0.698909298828125 0.829974623046875 0.761195796875 0.92662048828125 0.734367544921875 0.92750130859375 0.733817150390625 0.90256783984375 0.68919638671875 0.89082280859375 0.670400408203125 0.7904093515625 0.697878939453125 0.78907358984375 0.69871361328125 0.788870951171875 0.698909298828125
0 0.86743407421875 0.752278619140625 0.8250508125 0.72369074609375 0.81172763671875 0.7153248671875 0.73949189453125 0.77617671875 0.737282283203125 0.779452603515625 0.73744758203125 0.779623775390625 0.79655371875 0.8177275703125 0.872505599609375 0.757530337890625 0.86743407421875 0.752278619140625
0 1 0.50164908984375 0.96923562109375 0.52619665625 0.96468365234375 0.53015362109375 1 0.6172976875 1 0.50164908984375