0 0.72869685546875 0.920863765625 0.73943332421875 0.95390721484375 0.743746197265625 0.95330108203125 0.74397959765625 0.953225244140625 0.833356751953125 0.886405185546875 0.81363669921875 0.82198373046875 0.812786140625 0.82210326953125 0.719054162109375 0.888487533203125 0.72869685546875 0.920863765625
0 0.71603508984375 0.8753781015625 0.822460546875 0.8230888671875 0.81284579296875 0.7555936640625 0.70650954296875 0.808462140625 0.71603508984375 0.8753781015625
0 0.775247162109375 0.51111546484375 0.6693029296875 0.552056984375 0.672439853515625 0.624580845703125 0.67273823046875 0.6288478515625 0.67279887109375 0.629279318359375 0.783058662109375 0.58766096875 0.775247162109375 0.51111546484375
0 0.79743566796875 0.699610046875 0.74864472265625 0.59385382421875 0.696746505859375 0.600155384765625 0.67458851171875 0.60326948828125 0.675147326171875 0.607820669921875 0.71891310546875 0.70634994140625 0.76976172265625 0.703499365234375 0.79743566796875 0.699610046875
0 0.68455481640625 0.6852868359375 0.731657072265625 0.79481062109375 0.797235498046875 0.78791805078125 0.799909294921875 0.787622314453125 0.811923052734375 0.785933890625 0.76181335546875 0.67380806640625 0.73386293359375 0.676745775390625 0.689348671875 0.681665716796875 0.684249541015625 0.682382353515625 0.68455481640625 0.6852868359375
0 0.769925599609375 0.54731271875 0.769858458984375 0.54603158984375 0.73068396875 0.436981884765625 0.666087544921875 0.44036723828125 0.65522417578125 0.441893986328125 0.691570720703125 0.55386351171875 0.769925599609375 0.54731271875
0 0.64433929296875 0.356691169921875 0.672396744140625 0.472846751953125 0.684707724609375 0.473061638671875 0.7545597734375 0.47271536328125 0.726594912109375 0.35569537109375 0.64433929296875 0.356691169921875
0 0.574678884765625 0.133205810546875 0.57583717578125 0.141447466796875 0.712401328125 0.121062619140625 0.713306046875 0.03781560546875 0.57594797265625 0.060499740234375 0.574678884765625 0.133205810546875
0 0.657685533203125 0.24217654296875 0.687985107421875 0.240057791015625 0.71246037890625 0.236618015625 0.67680181640625 0.101421265625 0.5939902421875 0.106527337890625 0.59308480859375 0.106654587890625 0.59364768359375 0.114704029296875 0.62591186328125 0.243834134765625 0.657685533203125 0.24217654296875
0 0.74937508984375 0.34864121484375 0.7375931015625 0.27170879296875 0.60138020703125 0.320992501953125 0.6035212578125 0.338429955078125 0.612063216796875 0.39920915234375 0.615968736328125 0.3987296171875 0.74937508984375 0.34864121484375
0 0.602683396484375 0.197743953125 0.60340158203125 0.20285410546875 0.653573419921875 0.32943830859375 0.68478073828125 0.3257123359375 0.727100990234375 0.31976461328125 0.68281922265625 0.184651853515625 0.602683396484375 0.197743953125
0 0.57583311328125 0.959543314453125 0.576073109375 0.95948790625 0.7086243828125 0.883336771484375 0.69015169140625 0.800528326171875 0.554570203125 0.88479003515625 0.566420814453125 0.936120669921875 0.57245111328125 0.960018623046875 0.57583311328125 0.959543314453125
0 0.572134390625 0.878538546875 0.573150484375 0.8857684296875 0.651089111328125 0.982732322265625 0.69534653125 0.96574348828125 0.650005697265625 0.85215964453125 0.572134390625 0.878538546875
0 0.633904236328125 0.627921556640625 0.602943197265625 0.4805765 0.52694148828125 0.47500284375 0.526749048828125 0.477202453125 0.54894865234375 0.62240331640625 0.59587089453125 0.62650848046875 0.631287984375 0.62828924609375 0.633904236328125 0.627921556640625
0 0.53991223828125 0.78300113671875 0.54033946875 0.795235369140625 0.54793872265625 0.86132679296875 0.54980751953125 0.86126153515625 0.685869125 0.81112672265625 0.68277707421875 0.72841503515625 0.68247656640625 0.72842553125 0.53991223828125 0.78300113671875
0 0.6548654921875 0.661730849609375 0.66705448046875 0.577534494140625 0.517422908203125 0.614773125 0.512275337890625 0.68838679296875 0.512432810546875 0.689507279296875 0.51856231640625 0.689935896484375 0.6548654921875 0.661730849609375
0 0.672652017578125 0.736470849609375 0.674861349609375 0.655191984375 0.52838780859375 0.70078121484375 0.5261558046875 0.76469740234375 0.52779784765625 0.77638113671875 0.52946553515625 0.776439373046875 0.672652017578125 0.736470849609375
0 0.642651244140625 0.520824259765625 0.633542921875 0.50368616796875 0.5632043359375 0.389527416015625 0.488520904296875 0.41832198828125 0.48909257421875 0.422389626953125 0.48910196484375 0.42241853515625 0.56858373046875 0.547788720703125 0.61666594921875 0.532165859375 0.643294482421875 0.52280394921875 0.642651244140625 0.520824259765625
0 0.479082462890625 0 0.43387444921875 0.018265224609375 0.43388959765625 0.018373021484375 0.494222203125 0.124415888671875 0.572099080078125 0.095524095703125 0.522110728515625 0 0.479082462890625 0
0 0.45976638671875 0.194816916015625 0.57714909375 0.15548279296875 0.567254884765625 0.072416212890625 0.5627011015625 0.07305620703125 0.43756446484375 0.11188320703125 0.440525376953125 0.1329511953125 0.4520625625 0.1958996171875 0.45976638671875 0.194816916015625
0 0.48110983203125 0.371692826171875 0.599470083984375 0.32114569140625 0.586259220703125 0.24015373046875 0.58253287890625 0.24067743359375 0.46377455859375 0.287150701171875 0.46769571484375 0.315051177734375 0.47776603125 0.372162767578125 0.48110983203125 0.371692826171875
0 0.557013974609375 0.2807201328125 0.58739825390625 0.27314448046875 0.529343185546875 0.149204546875 0.4502397109375 0.168391203125 0.45095070703125 0.1734501875 0.50380802734375 0.29261756640625 0.557013974609375 0.2807201328125
0 0.54886248828125 0.4544766484375 0.612704056640625 0.4372055546875 0.55207332421875 0.322191541015625 0.47307416796875 0.342093822265625 0.473923580078125 0.34813770703125 0.536092650390625 0.45789831640625 0.54886248828125 0.4544766484375
0 0.334980314453125 1 0.44392283984375 0.950954728515625 0.439697732421875 0.879272935546875 0.439610197265625 0.878650087890625 0.263710337890625 0.944633666015625 0.26671698828125 0.973240037109375 0.27047785546875 1 0.334980314453125 1
0 0.154112232421875 0.19446961328125 0.16725647265625 0.28799573828125 0.1715972890625 0.28738567578125 0.344246138671875 0.23130881640625 0.33490365234375 0.141698587890625 0.154112232421875 0.19446961328125
0 0.2549245859375 0.810743546875 0.25503346484375 0.81104269140625 0.36279912109375 0.96351827734375 0.409286646484375 0.947803669921875 0.43281658203125 0.939239474609375 0.327307779296875 0.77936065234375 0.25467447265625 0.808963908203125 0.2549245859375 0.810743546875
0 0.260238751953125 0.502139134765625 0.352637119140625 0.489153390625 0.28682734375 0.30764155078125 0.20227867578125 0.323878171875 0.203712986328125 0.33408382421875 0.260238751953125 0.502139134765625
0 0.173063255859375 0.2019754453125 0.1766117109375 0.20089057421875 0.33512462890625 0.12396730078125 0.30620019140625 0.03710738671875 0.136443455078125 0.113690751953125 0.141302859375 0.12958514453125 0.1678074375 0.202714103515625 0.173063255859375 0.2019754453125
0 0.41188442578125 0.835982611328125 0.4243840625 0.830676830078125 0.305811572265625 0.67835966796875 0.231435908203125 0.71097507421875 0.23221108984375 0.71649078125 0.344073873046875 0.86384691796875 0.41188442578125 0.835982611328125
0 0.200130708984375 0.55237152734375 0.20039961328125 0.557502521484375 0.201274390625 0.563726880859375 0.379794955078125 0.517367318359375 0.37868593359375 0.49620594921875 0.373488962890625 0.4264618359375 0.37285226171875 0.426495203125 0.19918873828125 0.476147982421875 0.200130708984375 0.55237152734375
0 0.3180123515625 0.4088153828125 0.318121615234375 0.407566490234375 0.298078509765625 0.227115169921875 0.2076166875 0.212897833984375 0.20686783984375 0.213003076171875 0.221838044921875 0.401257439453125 0.31425749609375 0.40934309375 0.3180123515625 0.4088153828125
0 0.236958974609375 0.764179208984375 0.239773015625 0.763683017578125 0.4086156640625 0.68637778125 0.388618353515625 0.5931394453125 0.217697365234375 0.674255337890625 0.22276700390625 0.70300667578125 0.235313337890625 0.76441048828125 0.236958974609375 0.764179208984375
0 0.37397037890625 0.5051677421875 0.20604616015625 0.58820071484375 0.223022982421875 0.671399 0.22420566796875 0.671169107421875 0.36927253125 0.607297107421875 0.3875703828125 0.598852572265625 0.37493133984375 0.50498094921875 0.37397037890625 0.5051677421875
0 0.802162578125 0 0.799146544921875 0.0575493515625 0.800365798828125 0.06622479296875 0.805947287109375 0.0665173046875 0.89616523828125 0.0578893203125 0.89861949609375 0 0.802162578125 0
0 0.919549806640625 0.128371267578125 0.871876869140625 0.043330298828125 0.7992017578125 0.069169244140625 0.79956673828125 0.071766201171875 0.80024996875 0.07375044921875 0.84743893359375 0.15443655078125 0.91971543359375 0.129549755859375 0.919549806640625 0.128371267578125
0 0.21472888671875 1 0.263395697265625 0.963126236328125 0.250797544921875 0.928263607421875 0.07576261328125 0.99545322265625 0.07640162109375 1 0.21472888671875 1
0 0.816422611328125 0.13190455859375 0.8167048984375 0.134590337890625 0.845592533203125 0.229327677734375 0.88717081640625 0.226264763671875 0.92336737890625 0.22117766796875 0.89002123046875 0.125409158203125 0.816422611328125 0.13190455859375
0 0.830301408203125 0.29707424609375 0.92574355859375 0.28437692578125 0.933678498046875 0.21519791796875 0.934150302734375 0.209805150390625 0.934022845703125 0.208898232421875 0.831850375 0.225066 0.823313689453125 0.293446787109375 0.82312912109375 0.29555640234375 0.82325580859375 0.296457837890625 0.830301408203125 0.29707424609375
0 0.941792919921875 0.34874904296875 0.93233346484375 0.271707970703125 0.84080151953125 0.30592012890625 0.84456273046875 0.380702296875 0.8450931875 0.384476701171875 0.8498534609375 0.383892212890625 0.941792919921875 0.34874904296875
0 0.22814208984375 0.929515322265625 0.164689923828125 0.7578449921875 0.07297174609375 0.7651361328125 0.07178015625 0.765303599609375 0.07194366796875 0.76717253125 0.14184798046875 0.93868388671875 0.1976285859375 0.93380371484375 0.22814208984375 0.929515322265625
0 0.05306290625 0.827797611328125 0.059616333984375 0.82756876171875 0.228081630859375 0.775871361328125 0.2275792265625 0.76148435546875 0.22356014453125 0.682519568359375 0.045446849609375 0.739380146484375 0.04559771484375 0.74370033984375 0.05306290625 0.827797611328125
0 0.231884275390625 1 0.172340373046875 0.845695720703125 0.08330816796875 0.85204335546875 0.081698234375 0.8522696171875 0.082166021484375 0.85761644140625 0.13969912109375 1 0.231884275390625 1
0 0.051832787109375 0.57165531640625 0.051940478515625 0.577824796875 0.094676443359375 0.75340493359375 0.18663056640625 0.753895994140625 0.192445453125 0.753078765625 0.138860796875 0.57313325 0.051832787109375 0.57165531640625
0 0 0.241823955078125 0.05927641015625 0.37260548828125 0.14634333203125 0.3525045078125 0.146279337890625 0.3520491640625 0.075297099609375 0.17253479296875 0 0.19111784375 0 0.241823955078125
0 0 0.32334423828125 0.07547802734375 0.469185724609375 0.1349595390625 0.453247703125 0.1671591484375 0.44448160546875 0.167090046875 0.443989919921875 0.167052662109375 0.443850396484375 0.081323962890625 0.27188741015625 0.00618216015625 0.292021595703125 0 0.2937285546875 0 0.32334423828125
0 0.158244869140625 0.55069471875 0.179515451171875 0.54617351953125 0.100391146484375 0.369705638671875 0.004873607421875 0.39000851953125 0.005992357421875 0.397968837890625 0.084500646484375 0.56490142578125 0.158244869140625 0.55069471875
0 0.146308333984375 0.65378670703125 0.20201575390625 0.631219958984375 0.09357595703125 0.46609546484375 0.00458908984375 0.500254322265625 0.005402798828125 0.506044154296875 0.1148398828125 0.665866314453125 0.146308333984375 0.65378670703125
0 0 0.23613621484375 0.149097595703125 0.19895415234375 0.13643700390625 0.102082853515625 0 0.13251819921875 0 0.23613621484375
0 0.912463751953125 0.681866048828125 0.984835703125 0.671694833984375 0.93820008203125 0.569220060546875 0.87263598046875 0.580453857421875 0.87427856640625 0.592141462890625 0.912463751953125 0.681866048828125
0 0.9403877578125 0.45230823828125 0.91882406640625 0.3597538671875 0.85229465234375 0.3550678203125 0.85190219140625 0.362556431640625 0.867154986328125 0.45004382421875 0.90089037890625 0.451811822265625 0.93491126171875 0.453077908203125 0.9403877578125 0.45230823828125
0 0.99149615234375 0.721368701171875 0.9927980625 0.647101662109375 0.884546119140625 0.690485400390625 0.882520669921875 0.74060328515625 0.883892341796875 0.750363240234375 0.88811565234375 0.750363240234375 0.99149615234375 0.721368701171875
0 0.962225833984375 0.605446798828125 0.941021630859375 0.503014875 0.86847662109375 0.500233228515625 0.86827112890625 0.50258203515625 0.887973265625 0.5995450234375 0.90446787890625 0.60140141015625 0.957806330078125 0.60606791796875 0.962225833984375 0.605446798828125
0 0.9679356171875 0.5063352734375 0.910830640625 0.426573916015625 0.844364240234375 0.446652130859375 0.845056193359375 0.45157563671875 0.89719073828125 0.529192208984375 0.912303744140625 0.5248227734375 0.967990939453125 0.50672890625 0.9679356171875 0.5063352734375
0 1 0.777191349609375 0.9022864140625 0.82965515625 0.903474455078125 0.860742927734375 0.904980994140625 0.877962740234375 0.90800682421875 0.89949265234375 1 0.85082971875 1 0.777191349609375
0 0.928636611328125 0.8224010859375 0.989609025390625 0.828809544921875 0.992017181640625 0.8284711015625 0.99213811328125 0.82732051953125 0.966523337890625 0.71582988671875 0.89279347265625 0.711207830078125 0.89279026171875 0.711238390625 0.92081897265625 0.79923076171875 0.928636611328125 0.8224010859375
0 1 0.86626425390625 0.99808056640625 0.844325015625 0.997518251953125 0.8403239453125 0.91462391796875 0.84731101171875 0.91497152734375 0.851284189453125 0.960012677734375 0.93965310546875 0.9715129765625 0.938646958984375 1 0.934643369140625 1 0.86626425390625