0 0.53129482421875 1 0.543599900390625 0.937954353515625 0.487035783203125 0.903993904296875 0.484145337890625 0.90900030078125 0.463650119140625 1 0.53129482421875 1
0 0.467254982421875 0.94452151953125 0.46836433984375 0.945086763671875 0.58557258984375 0.940653876953125 0.604241849609375 0.87508326953125 0.485595306640625 0.880130173828125 0.467254982421875 0.94452151953125
0 0.70969140234375 0.649465078125 0.710672990234375 0.64484706640625 0.59318128125 0.65446406640625 0.579920978515625 0.72836069140625 0.58293659375 0.72989722265625 0.6927165234375 0.720044142578125 0.70969140234375 0.649465078125
0 0.626789904296875 0.83466243359375 0.651583228515625 0.72769379296875 0.587916080078125 0.685086259765625 0.5863451875 0.684285849609375 0.58442943359375 0.687604033203125 0.56056852734375 0.7976523984375 0.608759703125 0.825475587890625 0.626789904296875 0.83466243359375
0 0.52290613671875 0.876427287109375 0.542533369140625 0.886427861328125 0.582111201171875 0.905731259765625 0.59519525390625 0.9120249375 0.59574036328125 0.910955103515625 0.612540599609375 0.79018962890625 0.587280548828125 0.77786948046875 0.54290623828125 0.75652026171875 0.540631548828125 0.760984591796875 0.52290613671875 0.876427287109375
0 0.656358716796875 0.54351553515625 0.655491111328125 0.5450182734375 0.6290600625 0.65735543359375 0.674769412109375 0.68374573828125 0.69508491015625 0.694097001953125 0.7255214921875 0.580632853515625 0.656358716796875 0.54351553515625
0 0.63330636328125 0.552053361328125 0.741279119140625 0.601395552734375 0.79113603515625 0.535964166015625 0.68227127734375 0.48653442578125 0.676294146484375 0.49391556640625 0.632093681640625 0.5510713515625 0.63330636328125 0.552053361328125
0 0.78421523828125 0.27726497265625 0.846449005859375 0.3325627265625 0.91985943359375 0.213340583984375 0.86168783203125 0.159952365234375 0.8602693515625 0.15922961328125 0.857436162109375 0.16237619140625 0.78421523828125 0.27726497265625
0 0.8280407265625 0.405853521484375 0.87183643359375 0.2728402265625 0.798809736328125 0.231571357421875 0.79486319921875 0.238691099609375 0.75159291796875 0.36456105078125 0.779143349609375 0.38047605859375 0.78948206640625 0.38620690234375 0.8280407265625 0.405853521484375
0 0.805212197265625 0.497619390625 0.827792615234375 0.469293720703125 0.828468892578125 0.467966455078125 0.69544922265625 0.404744365234375 0.688560947265625 0.41325067578125 0.648946671875 0.465265099609375 0.654330083984375 0.469624501953125 0.77857352734375 0.530515408203125 0.805212197265625 0.497619390625
0 0.76533523828125 0.3094584609375 0.718401328125 0.442890396484375 0.75320722265625 0.466536865234375 0.7739239296875 0.479990451171875 0.7804547265625 0.48331805859375 0.835461876953125 0.35280564453125 0.76533523828125 0.3094584609375
0 0.299716814453125 0.92930194921875 0.30137929296875 0.9301490234375 0.45889909765625 0.91952008984375 0.477643861328125 0.843422337890625 0.3213554296875 0.848545537109375 0.299716814453125 0.92930194921875
0 0.348533484375 0.8488953046875 0.345581255859375 0.85468937890625 0.340759826171875 0.97973839453125 0.38530700390625 0.9959522421875 0.425605548828125 0.88048316015625 0.348533484375 0.8488953046875
0 0.522372208984375 0.66396543359375 0.55545983984375 0.68001651171875 0.58463191015625 0.53178134765625 0.516849771484375 0.496954537109375 0.515813171875 0.49890409765625 0.47951351953125 0.641236271484375 0.519703189453125 0.662605498046875 0.522372208984375 0.66396543359375
0 0.47375378125 0.750791193359375 0.40202740234375 0.71287958984375 0.39964141015625 0.717366990234375 0.376259806640625 0.86412283203125 0.44881537890625 0.89558191796875 0.47375378125 0.750791193359375
0 0.4108693515625 0.700801001953125 0.410637693359375 0.70173012890625 0.413709884765625 0.70329548828125 0.416610318359375 0.7040186484375 0.5639195 0.693781791015625 0.58336373046875 0.61963587109375 0.58285005859375 0.619374142578125 0.436274087890625 0.6237017265625 0.4108693515625 0.700801001953125
0 0.44952394140625 0.638770474609375 0.447549564453125 0.64148797265625 0.400888876953125 0.78172525390625 0.461903216796875 0.826054763671875 0.467084623046875 0.82869482421875 0.51118777734375 0.6817983203125 0.44952394140625 0.638770474609375
0 0.5704043984375 0.422880091796875 0.50620337109375 0.55672052734375 0.544932 0.58921770703125 0.56418303515625 0.604601916015625 0.5674588515625 0.60627102734375 0.56832033203125 0.60524435546875 0.57802758203125 0.58843825390625 0.63756592578125 0.468292830078125 0.57299944140625 0.41978744140625 0.5704043984375 0.422880091796875
0 0.729056953125 0.067658927734375 0.705681423828125 0.18398166015625 0.7834105703125 0.213268572265625 0.8109896796875 0.097294037109375 0.780399703125 0.081707666015625 0.730630462890625 0.0645707421875 0.729056953125 0.067658927734375
0 0.662563994140625 0.24804485546875 0.71824395703125 0.2894177109375 0.781009939453125 0.173693685546875 0.71688792578125 0.119492189453125 0.71649884765625 0.119293943359375 0.648955375 0.23741263671875 0.662563994140625 0.24804485546875
0 0.63678362109375 0.44518666796875 0.70259128515625 0.32947724609375 0.637747322265625 0.274741205078125 0.632776916015625 0.28045900390625 0.57453682421875 0.390573751953125 0.633920103515625 0.4435490703125 0.63441644140625 0.44398053125 0.63678362109375 0.44518666796875
0 0.761363150390625 0.27959060546875 0.641083740234375 0.218093318359375 0.621476810546875 0.242835197265625 0.59141605859375 0.28272716015625 0.58954509765625 0.28639912890625 0.7114919296875 0.345615962890625 0.76026597265625 0.281743939453125 0.761363150390625 0.27959060546875
0 0.571188587890625 0.493299400390625 0.6351125546875 0.510262978515625 0.64011180859375 0.3803425546875 0.56178490625 0.35809008203125 0.559468138671875 0.362636994140625 0.55841874609375 0.489877732421875 0.571188587890625 0.493299400390625
0 0.20174574609375 0.8360071640625 0.22988237890625 0.7625843046875 0.042700251953125 0.750273046875 0.01375803125 0.8134104609375 0.02136923046875 0.817288560546875 0.199892220703125 0.840594806640625 0.20174574609375 0.8360071640625
0 0.569792498046875 0.10795462890625 0.389401419921875 0.053738412109375 0.37509808984375 0.08358797265625 0.349219544921875 0.13908469140625 0.353223796875 0.141124958984375 0.5288225390625 0.18819637109375 0.569792498046875 0.10795462890625
0 0.09322904296875 0.7855155234375 0.16157757421875 0.824699654296875 0.215992400390625 0.643880162109375 0.1547127734375 0.603592158203125 0.152681072265625 0.60684355859375 0.092732083984375 0.78520498828125 0.09322904296875 0.7855155234375
0 0.28721418359375 0.252902544921875 0.262947138671875 0.3125774140625 0.264510912109375 0.313374197265625 0.27019445703125 0.316024478515625 0.4444496796875 0.360796490234375 0.48438337890625 0.276345861328125 0.48436609375 0.276337052734375 0.296613640625 0.23274534765625 0.28721418359375 0.252902544921875
0 0.41484996484375 0 0.40242574609375 0.01841966015625 0.39867340234375 0.024291056640625 0.392668818359375 0.03607571484375 0.401147412109375 0.04179459765625 0.55791876171875 0.120704615234375 0.607749345703125 0.03802662109375 0.526621310546875 0 0.41484996484375 0
0 0.10009075 0.659238451171875 0.10268217578125 0.66003073046875 0.2848599765625 0.66893018359375 0.31120678125 0.586183064453125 0.311015482421875 0.586085591796875 0.11937399609375 0.57905591796875 0.09556478125 0.65693235546875 0.10009075 0.659238451171875
0 0.24841799609375 0.423652494140625 0.278986318359375 0.451176333984375 0.316780060546875 0.48372827734375 0.3177880546875 0.48260878515625 0.40504624609375 0.325475814453125 0.342656740234375 0.264609505859375 0.34215324609375 0.26415616015625 0.24841799609375 0.423652494140625
0 0.41713396484375 0.32099413671875 0.41760223046875 0.320273068359375 0.484621982421875 0.15153433984375 0.41396169921875 0.09841980859375 0.410531333984375 0.09667194921875 0.3355508046875 0.269500107421875 0.406505767578125 0.315578798828125 0.41713396484375 0.32099413671875
0 0.20740655078125 0.62507280078125 0.2599908984375 0.65356675 0.310532341796875 0.47006653515625 0.22732737890625 0.426021322265625 0.225099375 0.42988033984375 0.178555015625 0.608415357421875 0.20740655078125 0.62507280078125
0 0.39627941015625 0.465017404296875 0.227464064453125 0.383811515625 0.172354896484375 0.448411412109375 0.1732641875 0.44920184765625 0.31290808984375 0.524192564453125 0.33082775390625 0.533412494140625 0.397018232421875 0.465659650390625 0.39627941015625 0.465017404296875
0 1 0.337513353515625 0.9873437421875 0.336254791015625 0.96508947265625 0.409045224609375 0.967020740234375 0.410029255859375 1 0.41391833203125 1 0.337513353515625
0 1 0.4111962578125 0.94984741015625 0.40500069921875 0.923787759765625 0.47743632421875 0.927954328125 0.479559294921875 1 0.485611828125 1 0.4111962578125
0 0.93548285546875 0.44583033984375 0.9342473984375 0.44797021484375 0.906319853515625 0.54531334375 0.954079939453125 0.57529179296875 0.96910702734375 0.5829484765625 0.999754783203125 0.485283099609375 0.93548285546875 0.44583033984375
0 0.902955361328125 0.512186482421875 0.90180966015625 0.51388505078125 0.868317630859375 0.60343677734375 0.925879666015625 0.6486047734375 0.93170788671875 0.651574400390625 0.96689734375 0.55531589453125 0.902955361328125 0.512186482421875
0 0 0.6891513671875 0.010866525390625 0.69795090625 0.0135125078125 0.699299103515625 0.082816146484375 0.52624890234375 0.01529483984375 0.470911935546875 0 0.505730013671875 0 0.6891513671875
0 0 0.54164794140625 0.132048357421875 0.555387408203125 0.137207341796875 0.54194779296875 0.1643617578125 0.467689947265625 0 0.4524572421875 0 0.54164794140625
0 0.06147801953125 0.30748704296875 0.058597818359375 0.31313975390625 0.0509183203125 0.49504816015625 0.134039490234375 0.52525730859375 0.1513861640625 0.338982951171875 0.06147801953125 0.30748704296875
0 0.23984162890625 0 0.21068952734375 0.141795484375 0.292951970703125 0.1767138203125 0.29315739453125 0.176310650390625 0.33851004296875 0 0.23984162890625 0
0 0.231451609375 0.257748662109375 0.24926709375 0.26589191796875 0.249733857421875 0.26497584375 0.291813748046875 0.0772886015625 0.236825306640625 0.0516470703125 0.20607863671875 0.03745916015625 0.20492416796875 0.039724931640625 0.160514640625 0.2246702109375 0.231451609375 0.257748662109375
0 0.167510013671875 0.123963154296875 0.16412794140625 0.130064578125 0.11035197265625 0.30762364453125 0.168608591796875 0.33991581640625 0.198199666015625 0.35499322265625 0.25007629296875 0.17181677734375 0.167510013671875 0.123963154296875
0 0.10718855078125 0.4196564140625 0.16293729296875 0.442120880859375 0.19963734765625 0.2480116484375 0.110961189453125 0.210370853515625 0.108515568359375 0.21517065234375 0.07616083984375 0.40648593359375 0.10718855078125 0.4196564140625
0 0.242939560546875 0 0.22771480078125 0.02699230078125 0.2803715078125 0.06883738671875 0.3050501484375 0.086767470703125 0.30992274609375 0.08925018359375 0.357372232421875 0 0.242939560546875 0
0 0.70732069921875 0.864051462890625 0.709885642578125 0.86559263671875 0.815658119140625 0.893006392578125 0.84972924609375 0.83223598046875 0.742780021484375 0.80167731640625 0.724269708984375 0.8324836484375 0.716956802734375 0.84513954296875 0.70732069921875 0.864051462890625
0 0.8437440859375 0.59630548828125 0.84285125 0.60017278515625 0.842680294921875 0.688979669921875 0.8755961640625 0.696578896484375 0.914462078125 0.70493322265625 0.909243091796875 0.60903366015625 0.845388306640625 0.5930785234375 0.8437440859375 0.59630548828125
0 0.81834493359375 0.90219590234375 0.711092962890625 0.864567248046875 0.70856944140625 0.86804002734375 0.67720247265625 0.912836703125 0.670780634765625 0.92544026953125 0.780987365234375 0.95120938671875 0.81834493359375 0.90219590234375
0 0.78883363671875 0.82675151171875 0.8441773828125 0.84473378515625 0.846582673828125 0.739109421875 0.77709180078125 0.7202345625 0.775781330078125 0.72280650390625 0.773179375 0.82123222265625 0.78883363671875 0.82675151171875
0 0.857582056640625 0.780400703125 0.88971790234375 0.689142525390625 0.83426400390625 0.64551801171875 0.83185328515625 0.648717142578125 0.79783438671875 0.7368288046875 0.810082083984375 0.74670244921875 0.848994775390625 0.776025265625 0.857582056640625 0.780400703125
0 0.75761611328125 1 0.784428134765625 0.96007022265625 0.67280591796875 0.927934548828125 0.6693464375 0.932875197265625 0.63341208203125 0.9890920078125 0.635725953125 0.9907121953125 0.682074384765625 1 0.75761611328125 1