0 0.94531061328125 0.316849517578125 0.964426384765625 0.24831636328125 0.874366912109375 0.186864775390625 0.869507001953125 0.185378951171875 0.86690904296875 0.1897026796875 0.850104861328125 0.248229189453125 0.94531061328125 0.316849517578125
0 0.891484921875 0.259595787109375 0.79111713671875 0.321909109375 0.7908994765625 0.322271353515625 0.842444421875 0.36567880078125 0.94362905859375 0.303516568359375 0.891484921875 0.259595787109375
0 0.668047662109375 0.558164185546875 0.73648542578125 0.58236796484375 0.805837701171875 0.494011005859375 0.806272017578125 0.492879572265625 0.735696125 0.46317321875 0.663678720703125 0.556422208984375 0.66397778515625 0.556601904296875 0.668047662109375 0.558164185546875
0 0.82276948828125 0.410271103515625 0.772154859375 0.395557916015625 0.70734653125 0.481716728515625 0.70563440625 0.48642075390625 0.77581833984375 0.511858919921875 0.8467329140625 0.42032553515625 0.841108138671875 0.416945828125 0.82276948828125 0.410271103515625
0 0.838484919921875 0.3214624609375 0.74139591015625 0.38675240234375 0.740626240234375 0.38773753515625 0.73859430078125 0.39111924609375 0.8002655546875 0.43984448828125 0.90056965234375 0.37031501171875 0.90071139453125 0.370079109375 0.838484919921875 0.3214624609375
0 0.62133901953125 0.60446734375 0.61859801953125 0.6090291328125 0.682409794921875 0.64737111328125 0.76819455078125 0.56947724609375 0.768855287109375 0.568377599609375 0.731202509765625 0.54413151953125 0.70196523828125 0.52656399609375 0.62133901953125 0.60446734375
0 0.575819119140625 0.686719611328125 0.575305150390625 0.687930447265625 0.64983141015625 0.72155533984375 0.7228808046875 0.626629244140625 0.64814158203125 0.592263162109375 0.575819119140625 0.686719611328125
0 0.452817619140625 1 0.55697375390625 0.91678634375 0.49450379296875 0.86175555859375 0.389394759765625 0.948432125 0.388582763671875 0.949366216796875 0.386795529296875 0.952340673828125 0.44268589453125 1 0.452817619140625 1
0 0.441611103515625 0.90625924609375 0.439822177734375 0.9121105546875 0.522689841796875 0.935851095703125 0.58576858203125 0.81220461328125 0.58031128125 0.80892553515625 0.505002712890625 0.785901396484375 0.441611103515625 0.90625924609375
0 0.68624935546875 0.707140173828125 0.665755619140625 0.6868549453125 0.62968181640625 0.65321558203125 0.509931421875 0.73223935546875 0.50841966015625 0.73475534765625 0.565570419921875 0.78887414453125 0.68624935546875 0.707140173828125
0 0.631560888671875 0.799527244140625 0.535966794921875 0.713011822265625 0.524066369140625 0.70586132421875 0.48739654296875 0.767354658203125 0.586323884765625 0.86844993359375 0.631560888671875 0.799527244140625
0 0.732532419921875 0.268995046875 0.86802915234375 0.19037925390625 0.84875051171875 0.17165637890625 0.810833771484375 0.13629844921875 0.67255396484375 0.2102562109375 0.67176331640625 0.211104080078125 0.670966244140625 0.212430630859375 0.732532419921875 0.268995046875
0 0.775130548828125 0.081998412109375 0.755645263671875 0.07029047265625 0.733407892578125 0.09775133984375 0.71038771484375 0.12861974609375 0.70969208203125 0.1297774765625 0.8145707109375 0.2170384453125 0.83131600390625 0.230598515625 0.832623212890625 0.23138396484375 0.85276555078125 0.200600896484375 0.775130548828125 0.081998412109375
0 0.51720178515625 0.482386775390625 0.64512418359375 0.5613703671875 0.66360903515625 0.507089076171875 0.669628802734375 0.48856212890625 0.548807126953125 0.404380119140625 0.545551984375 0.403322458984375 0.5220379140625 0.467502701171875 0.51720178515625 0.482386775390625
0 0.6599095 0.2307338515625 0.65254226953125 0.2405105 0.73802084765625 0.3669877578125 0.73826098828125 0.36716871875 0.78823532421875 0.301188798828125 0.70587751171875 0.182570435546875 0.7037453671875 0.181289314453125 0.6599095 0.2307338515625
0 0.61167490625 0.32020067578125 0.567745232421875 0.3884640078125 0.656191310546875 0.50452883984375 0.657267580078125 0.505175525390625 0.702537533203125 0.4435603125 0.61806382421875 0.3230303046875 0.612198384765625 0.319505994140625 0.61167490625 0.32020067578125
0 0.70918951953125 0.430887830078125 0.747422619140625 0.36491476171875 0.646556572265625 0.251750857421875 0.645777037109375 0.25131875390625 0.617886921875 0.297735701171875 0.605090767578125 0.32082057421875 0.70918951953125 0.430887830078125
0 0.483846830078125 0.510997826171875 0.473177474609375 0.5251565390625 0.55760130078125 0.628079197265625 0.57227602734375 0.64380994140625 0.62122433984375 0.58198688671875 0.53152001953125 0.46972179296875 0.522929453125 0.46456005859375 0.483846830078125 0.510997826171875
0 0.303515015625 0.844947541015625 0.28928832421875 0.83639928125 0.2472226953125 0.905437029296875 0.348224337890625 0.9921206796875 0.356500255859375 0.997093353515625 0.404259216796875 0.925437796875 0.303515015625 0.844947541015625
0 0.292569111328125 0.838244744140625 0.39836149609375 0.91660027734375 0.4395235859375 0.840427783203125 0.32942312109375 0.762651306640625 0.32509669140625 0.76985169140625 0.3150781796875 0.78951412890625 0.292569111328125 0.838244744140625
0 0.47255623828125 0.77283879296875 0.473426130859375 0.7734478984375 0.52398840625 0.70342312109375 0.43578214453125 0.61088892578125 0.43206488671875 0.608655369140625 0.3852761953125 0.675476544921875 0.47255623828125 0.77283879296875
0 0.480635046875 0.762021859375 0.370612052734375 0.6880338984375 0.364243435546875 0.69863305859375 0.33568698046875 0.76277190234375 0.44758154296875 0.841409798828125 0.480635046875 0.762021859375
0 0.48663436328125 0.685679765625 0.575646228515625 0.5928473203125 0.50755139453125 0.55193181640625 0.417494998046875 0.64034513671875 0.415182662109375 0.64419351171875 0.48663436328125 0.685679765625
0 0.45992423828125 0 0.59024469140625 0.12834340234375 0.59437433984375 0.12147051171875 0.62393386328125 0.064379203125 0.566446955078125 0 0.45992423828125 0
0 0.175267419921875 0.57089934375 0.06272905078125 0.720275607421875 0.148182662109375 0.76268987109375 0.25592149609375 0.610366759765625 0.246961943359375 0.60498331640625 0.230564326171875 0.5966283125 0.175267419921875 0.57089934375
0 0.595054998046875 0.03928973828125 0.524967142578125 0.003309044921875 0.52443604296875 0.003061390625 0.40750012109375 0.150481439453125 0.405879810546875 0.15395620703125 0.47304344921875 0.18340720703125 0.595054998046875 0.03928973828125
0 0.34660674609375 0.540305091796875 0.22669416015625 0.39775868359375 0.221080212890625 0.394385482421875 0.164974201171875 0.46619790234375 0.28902033203125 0.60685348046875 0.34660674609375 0.540305091796875
0 0.19357266796875 0.675050177734375 0.158570015625 0.66339426171875 0.10611515234375 0.64735719921875 0.031237126953125 0.801655548828125 0.073051833984375 0.826780359375 0.11881042578125 0.840770166015625 0.19357266796875 0.675050177734375
0 0.529146873046875 0.115141857421875 0.4604051796875 0.089661080078125 0.353324892578125 0.24143848828125 0.3516618359375 0.245770900390625 0.42863959765625 0.276370669921875 0.540679376953125 0.121589541015625 0.531366931640625 0.11599405859375 0.529146873046875 0.115141857421875
0 0.391418009765625 0.36184276953125 0.38261899609375 0.357925197265625 0.31641605078125 0.331569103515625 0.20899811328125 0.47434573046875 0.20796191015625 0.47667308203125 0.27898524609375 0.510187306640625 0.290056091796875 0.51511636328125 0.39715365234375 0.365289091796875 0.391418009765625 0.36184276953125
0 0.246078072265625 0.68648114453125 0.24654784765625 0.6867634140625 0.30239958203125 0.607872521484375 0.16780746484375 0.47539359765625 0.16715875 0.475003810546875 0.119595626953125 0.55394903125 0.246078072265625 0.68648114453125
0 0.306705259765625 0.23314775 0.43623304296875 0.37012362109375 0.487566900390625 0.292707630859375 0.36241179296875 0.156659015625 0.3581131640625 0.154076138671875 0.323536853515625 0.205135275390625 0.306705259765625 0.23314775
0 0.26353862109375 0.3133014140625 0.2768198359375 0.32845828515625 0.38403237890625 0.446546326171875 0.384225552734375 0.44668158984375 0.43370175 0.37740301171875 0.31723354296875 0.23706219921875 0.312369466796875 0.234139568359375 0.26353862109375 0.3133014140625
0 0.73168075390625 1 0.7396117109375 0.99031753125 0.73062427734375 0.9849173359375 0.67048506640625 0.95294075 0.63335395703125 1 0.73168075390625 1
0 0.750889416015625 0.902246576171875 0.711096947265625 0.88531998046875 0.6509045625 0.96462662109375 0.649196693359375 0.9684625546875 0.7212385625 0.997881587890625 0.778857337890625 0.91546398828125 0.77394001953125 0.912509365234375 0.750889416015625 0.902246576171875
0 0.823041537109375 0.873464103515625 0.804986421875 0.85540898828125 0.768459953125 0.820799109375 0.6858686953125 0.873257708984375 0.68277683984375 0.878403421875 0.7346579296875 0.92658729296875 0.823041537109375 0.873464103515625
0 0.81702884765625 0.87631671875 0.847357255859375 0.804867462890625 0.768666146484375 0.745743732421875 0.76519500390625 0.7442703203125 0.76185256640625 0.74983306640625 0.73847284375 0.81820025390625 0.81702884765625 0.87631671875
0 0.23717208984375 0 0.227800439453125 0.021049072265625 0.3685444296875 0.14415158203125 0.406020078125 0.0581489765625 0.33493830078125 0 0.23717208984375 0
0 0.173870373046875 0.108384888671875 0.32376780859375 0.22013563671875 0.353276345703125 0.146781451171875 0.358435330078125 0.13334183984375 0.215979287109375 0.02961405078125 0.209857408203125 0.02726408203125 0.17541953515625 0.10434918359375 0.173870373046875 0.108384888671875
0 0.2673278984375 0 0.256820115234375 0.01126734375 0.254418517578125 0.0161913515625 0.33673312109375 0.05471189453125 0.38617069921875 0 0.2673278984375 0
0 0.12098349609375 0.19296487890625 0.272946978515625 0.302080150390625 0.30468023828125 0.219528818359375 0.15878825 0.10313721484375 0.154584458984375 0.11013349609375 0.1442565390625 0.13446455078125 0.12098349609375 0.19296487890625
0 0 0.62555423828125 0.107699255859375 0.47937996484375 0.093184744140625 0.470658765625 0.019009455078125 0.43607026171875 0 0.46470947265625 0 0.62555423828125
0 0 0.45050977734375 0.085751271484375 0.56581887890625 0.086803626953125 0.56673367578125 0.115034857421875 0.5347514765625 0.151196349609375 0.493152435546875 0.03641881640625 0.3435842578125 0.03266461328125 0.34132850390625 0 0.37890484375 0 0.45050977734375
0 0.1387946015625 0.273545220703125 0.008578599609375 0.39863439453125 0.00249663671875 0.408756482421875 0.081223310546875 0.45969553125 0.22175650390625 0.32950373046875 0.1387946015625 0.273545220703125
0 0.13653305078125 0.16736126171875 0.08054095703125 0.22729506640625 0.07410390625 0.238008115234375 0.18626034375 0.40059489453125 0.25182869921875 0.32777385546875 0.13653305078125 0.16736126171875
0 1 0.527196001953125 0.98914651171875 0.51809544140625 0.959935037109375 0.49444045703125 0.875104822265625 0.555951734375 0.87354541015625 0.55787744921875 0.871577482421875 0.56115262890625 0.92271193359375 0.605170435546875 1 0.551992177734375 1 0.527196001953125
0 0.777015970703125 0.72708822265625 0.82674171875 0.80948605859375 0.8750958046875 0.761082974609375 0.831842318359375 0.67933946875 0.828781759765625 0.6775005 0.814865236328125 0.690537611328125 0.777015970703125 0.72708822265625
0 1 0.45527137890625 0.97058654296875 0.42182971484375 0.961101138671875 0.41613030859375 0.9314528828125 0.46609201171875 0.998612126953125 0.56143491015625 1 0.559213478515625 1 0.45527137890625
0 0.887235513671875 0.66717180859375 0.972742615234375 0.61474362890625 0.9734376015625 0.613971765625 0.937170865234375 0.5779521328125 0.92069994140625 0.563121646484375 0.83281209765625 0.61656779296875 0.83122817578125 0.619203884765625 0.887235513671875 0.66717180859375
0 0.85490908984375 0.73030923046875 0.93281969140625 0.6713623828125 0.898198037109375 0.64527309375 0.8754215546875 0.628841005859375 0.7988016171875 0.683290576171875 0.795781263671875 0.687298720703125 0.795183466796875 0.68829362109375 0.85490908984375 0.73030923046875
0 1 0.397788185546875 0.93790923828125 0.4386230234375 0.93764592578125 0.439061251953125 0.997670673828125 0.481738919921875 1 0.47991505859375 1 0.397788185546875