0 0.77534491015625 0.18258765234375 0.83123576171875 0.088428806640625 0.814253357421875 0.0686047578125 0.784374216796875 0.035420611328125 0.7276621171875 0.13682217578125 0.769890779296875 0.18536666796875 0.77534491015625 0.18258765234375
0 0.69413380078125 0.22212839453125 0.76816398828125 0.129273640625 0.731251005859375 0.07265285546875 0.656895169921875 0.165020333984375 0.69413380078125 0.22212839453125
0 0.490623685546875 0.3243261171875 0.562183037109375 0.2985252265625 0.56129803125 0.29580145703125 0.497650076171875 0.20533603125 0.428039376953125 0.22592488671875 0.423549267578125 0.2273838125 0.490623685546875 0.3243261171875
0 0.6385461015625 0.2453316328125 0.558293001953125 0.16719721875 0.490983755859375 0.202870302734375 0.570851146484375 0.282876248046875 0.61930484765625 0.26109150390625 0.64076278515625 0.2496821171875 0.6385461015625 0.2453316328125
0 0.6236263046875 0.265153046875 0.70270309375 0.17954590234375 0.66973326953125 0.122440494140625 0.66261173828125 0.110259099609375 0.66067530078125 0.111245763671875 0.579896095703125 0.20121294140625 0.59394828515625 0.225552048828125 0.618594388671875 0.267716935546875 0.6236263046875 0.265153046875
0 0.39508246484375 0.373246890625 0.48856482421875 0.300252490234375 0.45561014453125 0.2288634921875 0.454429240234375 0.22936475390625 0.3653545 0.303473931640625 0.394416873046875 0.37194059375 0.39508246484375 0.373246890625
0 0.378814794921875 0.396012837890625 0.433794080078125 0.349413353515625 0.433397310546875 0.348634650390625 0.432950720703125 0.34808315625 0.337596244140625 0.27737041015625 0.27522487109375 0.331006130859375 0.371433654296875 0.40198996875 0.378814794921875 0.396012837890625
0 0 0.521507107421875 0.0154096328125 0.567681638671875 0.01675305859375 0.57031826171875 0.02074418359375 0.5689440078125 0.140483833984375 0.50395822265625 0.112861837890625 0.4254221875 0 0.488958255859375 0 0.521507107421875
0 0.1165030234375 0.537574341796875 0.216536869140625 0.456485875 0.21207509765625 0.447729154296875 0.20174034765625 0.42828113671875 0.17490260546875 0.37986456640625 0.06609385546875 0.470441650390625 0.105605322265625 0.543126998046875 0.1165030234375 0.537574341796875
0 0.3617691640625 0.43715588671875 0.360740396484375 0.43398966796875 0.286117125 0.31259168359375 0.212846279296875 0.3388366015625 0.287215154296875 0.46314310546875 0.352218259765625 0.44202231640625 0.3617691640625 0.43715588671875
0 0.282179095703125 0.39529422265625 0.266318541015625 0.354569193359375 0.2640658984375 0.350148134765625 0.1467031171875 0.42818571875 0.17062627734375 0.498425171875 0.17131828125 0.49817330078125 0.293745701171875 0.4270732109375 0.282179095703125 0.39529422265625
0 0.8667679375 0.166661802734375 0.7410947265625 0.26435590234375 0.76772347265625 0.33687865234375 0.771220357421875 0.335674578125 0.894826326171875 0.2462727109375 0.868760890625 0.170573193359375 0.8667679375 0.166661802734375
0 0.785083845703125 0.22329911328125 0.81623034765625 0.30151193359375 0.816331716796875 0.3017108828125 0.82133287890625 0.29948422265625 0.91542087890625 0.215383537109375 0.910415025390625 0.20414020703125 0.89446975390625 0.172845853515625 0.785083845703125 0.22329911328125
0 0.52146123828125 0.48420771484375 0.536505021484375 0.47989398046875 0.601466794921875 0.45863408984375 0.6005233828125 0.45534401953125 0.52060926953125 0.331658033203125 0.501883521484375 0.3370275546875 0.4469901875 0.35360675390625 0.52146123828125 0.48420771484375
0 0.6464815078125 0.28477051171875 0.64667877734375 0.284997443359375 0.778810626953125 0.3614451953125 0.788049548828125 0.353413923828125 0.834629865234375 0.30591551171875 0.833403078125 0.30450425390625 0.708814669921875 0.23031538671875 0.6464815078125 0.28477051171875
0 0.6235982109375 0.279240123046875 0.52962014453125 0.390020517578125 0.57008474609375 0.46078276953125 0.577038111328125 0.4572398515625 0.66649681640625 0.342839923828125 0.6235982109375 0.279240123046875
0 0.7189896328125 0.251776064453125 0.5969097578125 0.34242848046875 0.62364369921875 0.41816230859375 0.6263391640625 0.417234185546875 0.7442249609375 0.324171943359375 0.719937837890625 0.25363701953125 0.7189896328125 0.251776064453125
0 0.45348059375 0.36902419921875 0.3771786171875 0.391025125 0.447831421875 0.52748123046875 0.4530527578125 0.5262757890625 0.52209377734375 0.50858712109375 0.51920123046875 0.496058125 0.51587713671875 0.488222921875 0.4558145859375 0.36848535546875 0.45348059375 0.36902419921875
0 0 0.61716314453125 0.07658227734375 0.723984314453125 0.148735462890625 0.688238533203125 0.13881364453125 0.668765869140625 0.070344255859375 0.56580218359375 0 0.60428861328125 0 0.61716314453125
0 0.126249888671875 0.686927923828125 0.225863552734375 0.60557519921875 0.22306759375 0.6000878203125 0.21730526953125 0.590497701171875 0.18015025 0.531918900390625 0.08008137890625 0.617463267578125 0.120006533203125 0.69010907421875 0.126249888671875 0.686927923828125
0 0.3848740703125 0.549388798828125 0.29380703125 0.46258107421875 0.22378225390625 0.513143349609375 0.224391361328125 0.514013244140625 0.321753607421875 0.60129328515625 0.387768396484375 0.555069234375 0.3848740703125 0.549388798828125
0 0.14606430078125 0.55212858203125 0.247857513671875 0.64346561328125 0.313072650390625 0.594322482421875 0.31164558984375 0.59152172265625 0.21598211328125 0.50206383203125 0.14606430078125 0.55212858203125
0 0.29891564453125 0.477120326171875 0.4011739375 0.561333232421875 0.462746939453125 0.51637100390625 0.459040845703125 0.509097384765625 0.367434869140625 0.428892197265625 0.29891564453125 0.477120326171875
0 1 0.46311021484375 0.9640297265625 0.40139876953125 0.894797484375 0.412826892578125 0.892856923828125 0.413815658203125 0.976580626953125 0.581284779296875 1 0.57630683984375 1 0.46311021484375
0 0.339766814453125 0.917374904296875 0.39249554296875 0.900242302734375 0.39791960546875 0.897478603515625 0.39693855859375 0.8944592421875 0.31143273046875 0.733605205078125 0.224806189453125 0.75836641015625 0.30818137890625 0.927271462890625 0.339766814453125 0.917374904296875
0 1 0.56581252734375 0.999360615234375 0.564557666015625 0.863539001953125 0.44333924609375 0.800344625 0.48233426171875 0.939021783203125 0.61429319140625 0.954744224609375 0.604082919921875 1 0.572188751953125 1 0.56581252734375
0 0.37739815234375 0.70663325390625 0.5136388984375 0.83551262890625 0.587494984375 0.7818530390625 0.584993560546875 0.77694371875 0.445915734375 0.65140442578125 0.37739815234375 0.70663325390625
0 0.32452441796875 0.8783764296875 0.300537439453125 0.79429396484375 0.13449445703125 0.860997064453125 0.144204822265625 0.90305727734375 0.16634147265625 0.946502900390625 0.32658137109375 0.887286072265625 0.32452441796875 0.8783764296875
0 0.723284052734375 0.60577224609375 0.766613625 0.679807826171875 0.768662216796875 0.678764017578125 0.7698765390625 0.67803437890625 0.9013380234375 0.542380185546875 0.8829797109375 0.511826822265625 0.85752411328125 0.47057613671875 0.723284052734375 0.60577224609375
0 0.532916970703125 0.616987685546875 0.46966766015625 0.646833533203125 0.469926986328125 0.64741598828125 0.5785172890625 0.79175088671875 0.649340525390625 0.76355540625 0.658002505859375 0.759698841796875 0.659768240234375 0.75879915625 0.659709103515625 0.758666328125 0.55227537109375 0.60836876953125 0.532916970703125 0.616987685546875
0 0.355404658203125 0.8858219921875 0.489405876953125 0.767941552734375 0.449584361328125 0.68654151953125 0.448731416015625 0.68506417578125 0.3025978046875 0.805727435546875 0.35077423046875 0.888181310546875 0.355404658203125 0.8858219921875
0 0.760426203125 0.70696821484375 0.820861146484375 0.690153578125 0.819768462890625 0.68577105859375 0.73087366796875 0.522732244140625 0.639257400390625 0.549184818359375 0.73209854296875 0.71403109375 0.760426203125 0.70696821484375
0 0.5611829921875 0.69033091796875 0.601802693359375 0.762029556640625 0.611300978515625 0.757189939453125 0.72232160546875 0.6580529453125 0.737114392578125 0.6443673671875 0.69862840234375 0.56428599609375 0.6957030234375 0.55900847265625 0.5611829921875 0.69033091796875
0 0 0.3460576953125 0.00006085546875 0.346134822265625 0.0090407109375 0.34155935546875 0.06827775390625 0.310062462890625 0.065028267578125 0.303684986328125 0.00661869921875 0.23237595703125 0 0.235892583984375 0 0.3460576953125
0 0.06880394140625 0.323316982421875 0.13119099609375 0.24639159765625 0.0980985859375 0.2043585 0.08197920703125 0.185148173828125 0.08190403125 0.185186478515625 0.02019442578125 0.267669037109375 0.066382314453125 0.32461779296875 0.068600865234375 0.32348738671875 0.06880394140625 0.323316982421875
0 0.18019031640625 0.1723267265625 0.17593988671875 0.159982587890625 0.175561447265625 0.159239859375 0.08758598828125 0.213316064453125 0.1102092890625 0.28525762109375 0.112545583984375 0.28445316796875 0.197485609375 0.22930949609375 0.18019031640625 0.1723267265625
0 0.22592383203125 0.11881926171875 0.15442877734375 0.192645361328125 0.194884962890625 0.2573887890625 0.198369001953125 0.25561358203125 0.264058349609375 0.18878073046875 0.226809337890625 0.11836807421875 0.22592383203125 0.11881926171875
0 1 0.624192751953125 0.85190962890625 0.725156876953125 0.879808642578125 0.808320279296875 0.8823258671875 0.81326061328125 0.883397451171875 0.81289163671875 1 0.727630375 1 0.624192751953125
0 0.87275529296875 0.85289731640625 0.892797845703125 0.844799599609375 0.95807205859375 0.817208330078125 0.95672055859375 0.813863251953125 0.84457975390625 0.66879655078125 0.84258209765625 0.66960365625 0.76259455859375 0.70702620703125 0.87275529296875 0.85289731640625
0 1 0.592057666015625 0.99088306640625 0.58443497265625 0.9274857109375 0.6257286015625 0.91412110546875 0.63474314453125 0.914868134765625 0.63620926953125 1 0.705142244140625 1 0.592057666015625
0 0.807069962890625 0.693559064453125 0.68852562109375 0.838287365234375 0.7447094609375 0.91368016796875 0.75232748046875 0.90979859375 0.859087794921875 0.7650843515625 0.807069962890625 0.693559064453125
0 0.503318884765625 1 0.40839719921875 0.88515521875 0.324445703125 0.937335955078125 0.381630337890625 1 0.503318884765625 1
0 0.503352166015625 1 0.6138487734375 0.945237599609375 0.5989512734375 0.8854869921875 0.59099655078125 0.854117583984375 0.590498115234375 0.853139353515625 0.5901155 0.85323475 0.416682533203125 0.935949224609375 0.43265218359375 1 0.503352166015625 1
0 0.51281024609375 0.823156185546875 0.512405419921875 0.823362455078125 0.5973645703125 0.99640012890625 0.655602125 0.981879876953125 0.69034894140625 0.96417548828125 0.60684691796875 0.80161139453125 0.51281024609375 0.823156185546875
0 0.784048208984375 0.8213013671875 0.769584775390625 0.7675205625 0.767619603515625 0.763663693359375 0.591329529296875 0.850766875 0.61474755859375 0.944691462890625 0.61959553515625 0.943482728515625 0.792202736328125 0.854007390625 0.784048208984375 0.8213013671875
0 0.43657327734375 1 0.437653271484375 0.99884173046875 0.42215552734375 0.979703611328125 0.37470191796875 0.924036552734375 0.30024864453125 1 0.43657327734375 1
0 0.47523848046875 0 0.41840714453125 0.01520617578125 0.4753683359375 0.112023044921875 0.512894716796875 0.10266666796875 0.54140935546875 0.094639380859375 0.539872943359375 0.08847717578125 0.490720705078125 0 0.47523848046875 0
0 0.264273833984375 0.2202797578125 0.267562091796875 0.218604306640625 0.27083026171875 0.21664059375 0.334792046875 0.155110923828125 0.334446126953125 0.154432017578125 0.317432484375 0.1261165625 0.29644355078125 0.092355361328125 0.231084591796875 0.16272701953125 0.264273833984375 0.2202797578125
0 0.51773595703125 0 0.490443322265625 0.03995991796875 0.536793705078125 0.097206662109375 0.53757082421875 0.09681069921875 0.537721640625 0.096684150390625 0.58947798046875 0 0.51773595703125 0
0 0.385256716796875 0.156955048828125 0.38697394921875 0.1562612421875 0.46822609765625 0.091176521484375 0.45992338671875 0.07062659375 0.438479958984375 0.024227568359375 0.437516947265625 0.02461665234375 0.35900541796875 0.087035546875 0.385256716796875 0.156955048828125
0 0.34593830859375 0.189606240234375 0.396303279296875 0.110241638671875 0.37870168359375 0.088356359375 0.35085128515625 0.055165544921875 0.3508096328125 0.05518676953125 0.29604765625 0.1360364296875 0.34108270703125 0.193419125 0.341876 0.193014923828125 0.34593830859375 0.189606240234375
0 0.559708275390625 0 0.627663923828125 0.0494831796875 0.63260457421875 0.04602369921875 0.68494374609375 0.00598874609375 0.68329820703125 0.002759193359375 0.67876573828125 0 0.559708275390625 0