0 0.73046875 0.3359375 0.1591796875 0.099609375
0 0.7119140625 0.4970703125 0.1328125 0.091796875
0 0.7177734375 0.4228515625 0.142578125 0.103515625
0 0.69921875 0.5810546875 0.140625 0.107421875
0 0.6708984375 0.8212890625 0.1328125 0.130859375
0 0.7470703125 0.095703125 0.123046875 0.1220703125
0 0.7294921875 0.25 0.158203125 0.099609375
0 0.685546875 0.6513671875 0.1484375 0.103515625
0 0.7353515625 0.1728515625 0.123046875 0.123046875
0 0.671875 0.734375 0.1279296875 0.1279296875
0 0.6484375 0.9072265625 0.1201171875 0.1201171875
0 0.5791015625 0.44140625 0.162109375 0.1064453125
0 0.5673828125 0.5322265625 0.123046875 0.125
0 0.5478515625 0.69921875 0.1279296875 0.091796875
0 0.5830078125 0.357421875 0.130859375 0.130859375
0 0.599609375 0.1904296875 0.1357421875 0.1357421875
0 0.53515625 0.783203125 0.126953125 0.126953125
0 0.552734375 0.6162109375 0.125 0.125
0 0.6064453125 0.1015625 0.146484375 0.146484375
0 0.583984375 0.27734375 0.1279296875 0.1279296875
0 0.5107421875 0.94921875 0.1435546875 0.1015625
0 0.517578125 0.865234375 0.1357421875 0.099609375
0 0.8955078125 0.892578125 0.1142578125 0.1142578125
0 0.884765625 0.9541015625 0.1220703125 0.091796875
0 0.94921875 0.154296875 0.1015625 0.09375
0 0.923828125 0.58203125 0.1201171875 0.123046875
0 0.9150390625 0.6591796875 0.123046875 0.123046875
0 0.322265625 0.1435546875 0.142578125 0.140625
0 0.326171875 0.0546875 0.1640625 0.109375
0 0.3037109375 0.240234375 0.146484375 0.146484375
0 0.896484375 0.8115234375 0.15625 0.1064453125
0 0.927734375 0.5078125 0.126953125 0.126953125
0 0.9462890625 0.287109375 0.107421875 0.1171875
0 0.90234375 0.736328125 0.158203125 0.1015625
0 0.2900390625 0.330078125 0.1484375 0.1484375
0 0.224609375 0.884765625 0.158203125 0.15625
0 0.2705078125 0.416015625 0.1455078125 0.1455078125
0 0.2392578125 0.6923828125 0.154296875 0.1533203125
0 0.2255859375 0.787109375 0.1435546875 0.1435546875
0 0.244140625 0.6025390625 0.1591796875 0.1591796875
0 0.2490234375 0.5029296875 0.177734375 0.111328125
0 0.931640625 0.43359375 0.1220703125 0.1201171875
0 0.93359375 0.359375 0.1328125 0.087890625
0 0.9453125 0.21875 0.109375 0.1220703125
0 0.1240234375 0.15625 0.1904296875 0.111328125
0 0.1328125 0.0712890625 0.162109375 0.142578125
0 0.0927734375 0.4443359375 0.185546875 0.1201171875
0 0.1123046875 0.2490234375 0.15625 0.158203125
0 0.076171875 0.6455078125 0.15234375 0.166015625
0 0.080078125 0.541015625 0.158203125 0.15625
0 0.099609375 0.3427734375 0.1484375 0.1484375
0 0.0751953125 0.744140625 0.150390625 0.1279296875
0 0.0615234375 0.8427734375 0.123046875 0.154296875