0 0.628703259765625 1 0.60211572265625 0.902259677734375 0.596885099609375 0.895564787109375 0.541756923828125 0.93476372265625 0.56131948828125 1 0.628703259765625 1
0 0.51177499609375 0.9587100546875 0.6202398359375 0.91079429296875 0.575102140625 0.860484552734375 0.4662509140625 0.907959646484375 0.51177499609375 0.9587100546875
0 0.426078181640625 0.6614930625 0.31797871484375 0.696348392578125 0.36007968359375 0.76075135546875 0.46855769140625 0.724832361328125 0.471289904296875 0.72269772265625 0.469281076171875 0.71982881640625 0.426078181640625 0.6614930625
0 0.481367388671875 0.73294165625 0.369726998046875 0.750722953125 0.40321320703125 0.819146466796875 0.515913708984375 0.802838560546875 0.518414021484375 0.8008851015625 0.50776250390625 0.77904625390625 0.481367388671875 0.73294165625
0 0.472888955078125 0.786672501953125 0.448798796875 0.801147328125 0.47634234765625 0.921217623046875 0.48918251953125 0.91359719140625 0.545703830078125 0.87963576171875 0.518155751953125 0.766878689453125 0.514378853515625 0.76204448046875 0.472888955078125 0.786672501953125
0 0.34268951171875 0.573874888671875 0.341340998046875 0.5727828828125 0.290073642578125 0.63222060546875 0.359053302734375 0.72710724609375 0.363793107421875 0.72340410546875 0.40762305859375 0.66927862109375 0.34268951171875 0.573874888671875
0 0.35233771484375 0.62122055078125 0.321336720703125 0.5098859765625 0.31845435546875 0.50619671875 0.248063427734375 0.544760130859375 0.279912556640625 0.660227919921875 0.35233771484375 0.62122055078125
0 0.0194163515625 0.30838058203125 0.01766424609375 0.3097494765625 0.061062669921875 0.377753916015625 0.18780837109375 0.32751423046875 0.189966978515625 0.3258277421875 0.14622618359375 0.255827837890625 0.0194163515625 0.30838058203125
0 0.24465865625 0.400085537109375 0.246637515625 0.39853948046875 0.242719703125 0.3911711484375 0.20660844140625 0.324583994140625 0.0722637734375 0.36623369921875 0.070800451171875 0.36737697265625 0.07207946484375 0.369782443359375 0.112803048828125 0.443208443359375 0.242955515625 0.40099111328125 0.24465865625 0.400085537109375
0 0.19943721484375 0.468745681640625 0.259375861328125 0.600751177734375 0.322504802734375 0.551429443359375 0.263718388671875 0.42598619140625 0.261510419921875 0.42316012109375 0.19943721484375 0.468745681640625
0 0.264685404296875 0.394988064453125 0.1262802734375 0.429121955078125 0.125853708984375 0.42945522265625 0.157397439453125 0.49651504296875 0.2919235703125 0.471875775390625 0.292931185546875 0.47142715625 0.29576644140625 0.46921201171875 0.264685404296875 0.394988064453125
0 0.671406580078125 0.76399576171875 0.668615376953125 0.76156940625 0.616758134765625 0.81883602734375 0.696112994140625 0.955511912109375 0.703076205078125 0.95007165625 0.7525215078125 0.89319133984375 0.671406580078125 0.76399576171875
0 0.78314261328125 0.89032314453125 0.69028426171875 0.817774248046875 0.67128816796875 0.84794187109375 0.739104349609375 0.94770031640625 0.7608998125 0.930671833984375 0.78778313671875 0.89626274609375 0.78314261328125 0.89032314453125
0 0.54130959375 0.549611970703125 0.533249228515625 0.536197267578125 0.389714908203125 0.58092362890625 0.41855436328125 0.63048605078125 0.42858750390625 0.647184 0.57055223828125 0.61143719140625 0.5739461015625 0.60878561328125 0.54130959375 0.549611970703125
0 0.53767918359375 0.795184466796875 0.59807391796875 0.85178181640625 0.7251755859375 0.781986212890625 0.72645087890625 0.78061862890625 0.68155660546875 0.731523521484375 0.6726036015625 0.723174708984375 0.53788425390625 0.794964556640625 0.53767918359375 0.795184466796875
0 0.59776668359375 0.69046908203125 0.53083944921875 0.566217759765625 0.52696847265625 0.562209240234375 0.52509373046875 0.56367394921875 0.47325286328125 0.61496494140625 0.54022196875 0.75212141015625 0.54846873046875 0.7456783359375 0.59776668359375 0.69046908203125
0 0.636444291015625 0.66956488671875 0.48985833203125 0.713574802734375 0.53714051953125 0.77972259375 0.67547532421875 0.733694912109375 0.68056288671875 0.729720072265625 0.64234280078125 0.67711463671875 0.636444291015625 0.66956488671875
0 0.4474929921875 0.61835376953125 0.4528186953125 0.614192873046875 0.46788790625 0.598788771484375 0.50236744921875 0.56181398828125 0.422333919921875 0.43679531640625 0.419381322265625 0.43404197265625 0.36120742578125 0.490054484375 0.434944025390625 0.60204846484375 0.44662706640625 0.61754627734375 0.4474929921875 0.61835376953125
0 0.087695748046875 0.200203443359375 0.148993412109375 0.26298186328125 0.25367544921875 0.177066466796875 0.260337373046875 0.170404541015625 0.25723701953125 0.16643626953125 0.20120684375 0.113535361328125 0.087695748046875 0.200203443359375
0 0.2317293828125 0.166780951171875 0.16727416796875 0.219363203125 0.2280109296875 0.33616501953125 0.28282523828125 0.29690141796875 0.29801021875 0.28503761328125 0.23633701171875 0.17267844921875 0.2317293828125 0.166780951171875
0 0.25476090625 0.379515443359375 0.253901775390625 0.380139638671875 0.303650037109375 0.450745046875 0.41547105859375 0.39948260546875 0.422614375 0.39390163671875 0.37523432421875 0.32868858984375 0.25476090625 0.379515443359375
0 0.271637548828125 0.40463361328125 0.29902578515625 0.389452064453125 0.34605218359375 0.36186692578125 0.303186328125 0.2379383046875 0.30049143359375 0.23448899609375 0.22956950390625 0.27439622265625 0.271637548828125 0.40463361328125
0 0.405249853515625 0.5284215859375 0.44267114453125 0.493693681640625 0.4523398671875 0.484677451171875 0.390730853515625 0.371077884765625 0.3886700703125 0.368867966796875 0.388119611328125 0.36929803515625 0.328785525390625 0.42631619921875 0.3935443828125 0.53756690234375 0.405249853515625 0.5284215859375
0 1 0.65665430859375 0.97747871484375 0.6341330234375 0.81582367578125 0.72911934375 0.817320748046875 0.731035509765625 0.868979701171875 0.7781624140625 1 0.712085427734375 1 0.65665430859375
0 0.546738658203125 0.06953283984375 0.51127564453125 0.037655578125 0.35998127734375 0.14760177734375 0.429300240234375 0.21314695703125 0.57228034765625 0.10252748828125 0.5754958125 0.09919777734375 0.5694673046875 0.091481638671875 0.546738658203125 0.06953283984375
0 0.944834599609375 0.58200930859375 0.768251361328125 0.648904912109375 0.812431306640625 0.714836392578125 0.978159779296875 0.64592496875 0.9868784921875 0.6391131640625 0.95663864453125 0.597491587890625 0.944834599609375 0.58200930859375
0 0.516145642578125 0.341147859375 0.69373982421875 0.283200107421875 0.69849716015625 0.27948326953125 0.6528973828125 0.200502138671875 0.476015302734375 0.26282519921875 0.516145642578125 0.341147859375
0 0.3954390859375 0 0.30826186328125 0.07608596484375 0.37895123828125 0.141825982421875 0.507898982421875 0.022760767578125 0.51505874609375 0.014228095703125 0.513800703125 0.012617876953125 0.500227166015625 0.00064369140625 0.49946004296875 0 0.3954390859375 0
0 0.87919701953125 0.4941423203125 0.70108887890625 0.5617875078125 0.74845548046875 0.631168498046875 0.92009304296875 0.56835553515625 0.92733194921875 0.562699884765625 0.88459080859375 0.50165921484375 0.87919701953125 0.4941423203125
0 0.80918686328125 0.389238859375 0.809609484375 0.3886979296875 0.80823915234375 0.386943986328125 0.761467505859375 0.349696107421875 0.743328134765625 0.33552407421875 0.59328680859375 0.4473171484375 0.592805857421875 0.44793273828125 0.595482708984375 0.45002412109375 0.67058633203125 0.50196686328125 0.686417517578125 0.489497095703125 0.80918686328125 0.389238859375
0 0.68012525 0.446515734375 0.687967939453125 0.4361081328125 0.728540951171875 0.377530794921875 0.613587458984375 0.240748220703125 0.611552853515625 0.23921503515625 0.56292082421875 0.300878986328125 0.55562769921875 0.31055729296875 0.6774891953125 0.44857524609375 0.68012525 0.446515734375
0 0.41723969921875 0.18638631640625 0.41695115234375 0.18654626171875 0.4634132265625 0.271400548828125 0.638058708984375 0.209715345703125 0.64145355859375 0.207063 0.592015318359375 0.130735943359375 0.41723969921875 0.18638631640625
0 0.71307673828125 0.572913048828125 0.86892056640625 0.473201296875 0.8721736328125 0.469588400390625 0.827336611328125 0.4261305078125 0.80365066015625 0.40480358203125 0.64575090234375 0.508915919921875 0.71307673828125 0.572913048828125
0 0 0.6021967265625 0.0045026640625 0.611510052734375 0.0304091640625 0.59126967578125 0.0648931875 0.56151767578125 0.0183304140625 0.4741016171875 0.016630890625 0.47200287890625 0 0.48593633203125 0 0.6021967265625
0 0.067659287109375 0.66725726171875 0.08100428515625 0.65294650390625 0.11431832421875 0.61523441796875 0.05899371484375 0.53450152734375 0.054790068359375 0.53058156640625 0.0543649765625 0.530913685546875 0.007414912109375 0.58514494140625 0.06307990625 0.67083506640625 0.067659287109375 0.66725726171875
0 0.035055853515625 0.65986690234375 0.0899412265625 0.714752271484375 0.17423800390625 0.66393928515625 0.177451044921875 0.6607262421875 0.175562548828125 0.658309076171875 0.11836809765625 0.608801849609375 0.035055853515625 0.65986690234375
0 1 0.390537033203125 0.938378 0.41727329296875 0.963171826171875 0.60029483984375 1 0.58466220703125 1 0.390537033203125
0 1 0.34816757421875 0.9997415078125 0.34776953125 0.825834884765625 0.404074548828125 0.869892146484375 0.480608271484375 0.871065595703125 0.482415224609375 1 0.44226915234375 1 0.34816757421875
0 1 0.53204681640625 0.934045615234375 0.543673724609375 0.933681248046875 0.54385937890625 0.93327341796875 0.54417801171875 0.9407376640625 0.55882741796875 0.97616669140625 0.62567928515625 1 0.621090109375 1 0.53204681640625
0 0.94667183984375 0.40278702734375 0.88729392578125 0.234337412109375 0.881381203125 0.226769470703125 0.80496491015625 0.28291508203125 0.87601496875 0.455978458984375 0.94667183984375 0.40278702734375
0 0.565248900390625 0 0.52786431640625 0.007685994140625 0.56511143359375 0.099246544921875 0.748449703125 0.05208617578125 0.75174190625 0.049514025390625 0.73072444921875 0 0.565248900390625 0
0 0.763873203125 0.02957630859375 0.58610644140625 0.099608994140625 0.584900892578125 0.10055087109375 0.626589681640625 0.1653118046875 0.6361977265625 0.1801068984375 0.815852822265625 0.112447021484375 0.817071666015625 0.111494755859375 0.763873203125 0.02957630859375
0 0.87296410546875 0.18775267578125 0.82905541015625 0.11495190234375 0.645039326171875 0.1705531953125 0.64482161328125 0.170723291015625 0.69481412890625 0.2573128671875 0.87024076171875 0.200822009765625 0.87731753125 0.19529303125 0.87296410546875 0.18775267578125
0 0.78303744921875 0.35254317578125 0.928551109375 0.236385783203125 0.894623005859375 0.19295979296875 0.86204921484375 0.16751035546875 0.71029574609375 0.293527498046875 0.78303744921875 0.35254317578125
0 0.55116566796875 0 0.58278615625 0.0648397734375 0.61265312109375 0.04469425390625 0.666738125 0.004712349609375 0.664292888671875 0 0.55116566796875 0
0 0.34329162890625 0.869167666015625 0.31924327734375 0.842459265625 0.22008987890625 0.89286335546875 0.26513056640625 0.946016166015625 0.363728912109375 0.89892373828125 0.36595266015625 0.896921466796875 0.35288503515625 0.880195666015625 0.34329162890625 0.869167666015625
0 0.20611451171875 0.699656310546875 0.16522367578125 0.66654356640625 0.08950006640625 0.7259404375 0.143435244140625 0.76803524609375 0.220878400390625 0.71404037109375 0.220984796875 0.713908982421875 0.216863341796875 0.70863376171875 0.20611451171875 0.699656310546875
0 0.364215994140625 1 0.373860849609375 0.99389941015625 0.35771381640625 0.8813003828125 0.35607275390625 0.87919991796875 0.293640109375 0.9167196171875 0.31491923828125 1 0.364215994140625 1
0 0.207244107421875 0.7986557734375 0.224326060546875 0.90291745703125 0.276628556640625 0.87740782421875 0.291362333984375 0.86976359765625 0.2750074375 0.772180232421875 0.27397385546875 0.77006107421875 0.207244107421875 0.7986557734375
0 0.18656491796875 0.843355849609375 0.235267716796875 0.810505396484375 0.248015375 0.80128627734375 0.2197511171875 0.714867865234375 0.21520394140625 0.70904774609375 0.158753494140625 0.748856537109375 0.18656491796875 0.843355849609375
0 0.4501736875 1 0.43319209375 0.97563983203125 0.426740734375 0.966760296875 0.4014687890625 0.971835669921875 0.31121862109375 0.99156531640625 0.31681987890625 1 0.4501736875 1