0 0.937116078125 0.16863271484375 0.93345234375 0.1664313203125 0.8784799609375 0.13466756640625 0.7940061015625 0.20609777734375 0.791618443359375 0.2120074375 0.85073849609375 0.24557216015625 0.937116078125 0.16863271484375
0 0.850040234375 0.201600095703125 0.76063571875 0.276179244140625 0.75985785546875 0.278104525390625 0.81624089453125 0.313475833984375 0.9077895 0.237836380859375 0.850040234375 0.201600095703125
0 0.67645068359375 0.474103759765625 0.75381644140625 0.562103447265625 0.75445866015625 0.562362919921875 0.7567884609375 0.558634458984375 0.793606091796875 0.496072388671875 0.7212315625 0.41243624609375 0.71851177734375 0.4113373828125 0.67645068359375 0.474103759765625
0 0.80278496484375 0.47977881640625 0.82234735546875 0.402518025390625 0.73405656640625 0.34081011328125 0.73297935546875 0.34046010546875 0.722508455078125 0.36637649609375 0.70787537109375 0.4114124921875 0.80278496484375 0.47977881640625
0 0.822928234375 0.4107411953125 0.82297335546875 0.410763201171875 0.85876338671875 0.3383843671875 0.77382376171875 0.25842298046875 0.769656896484375 0.25673945703125 0.73573037109375 0.32629914453125 0.822928234375 0.4107411953125
0 0.777174041015625 0.53040333203125 0.7777162109375 0.529240642578125 0.707520802734375 0.49381459765625 0.63383517578125 0.581679517578125 0.632371880859375 0.585301298828125 0.70000134765625 0.6168374375 0.777174041015625 0.53040333203125
0 0.678811216796875 0.567269013671875 0.597893146484375 0.64978394921875 0.596139337890625 0.654124779296875 0.664731697265625 0.695803404296875 0.748805171875 0.610487357421875 0.678811216796875 0.567269013671875
0 0.53143713671875 1 0.621994259765625 0.90416326171875 0.552473447265625 0.858362169921875 0.461856990234375 0.957287953125 0.45930048828125 0.963615515625 0.51651138671875 1 0.53143713671875 1
0 0.618463421875 0.92838308203125 0.621164939453125 0.92169659375 0.64451562890625 0.8452547578125 0.52373551953125 0.78095753125 0.520095294921875 0.77977475 0.51701051171875 0.78740986328125 0.5168354375 0.787948681640625 0.49402163671875 0.860180271484375 0.617838185546875 0.928179931640625 0.618463421875 0.92838308203125
0 0.690322619140625 0.7680074609375 0.704782333984375 0.69153308984375 0.573205306640625 0.636819384765625 0.569654201171875 0.636256943359375 0.567305080078125 0.64207122265625 0.555912677734375 0.714000013671875 0.690322619140625 0.7680074609375
0 0.6652031484375 0.715660001953125 0.61739471875 0.706125451171875 0.58409000390625 0.700252931640625 0.5353293828125 0.833166802734375 0.53520150390625 0.83389203125 0.60852807421875 0.84525479296875 0.6652031484375 0.715660001953125
0 0.776835681640625 0.242521943359375 0.796010767578125 0.166531484375 0.661839875 0.083146435546875 0.661692662109375 0.08311244921875 0.657895205078125 0.092511484375 0.641246384765625 0.164625453125 0.776835681640625 0.242521943359375
0 0.686841740234375 0.036221591796875 0.66974009375 0.0625558203125 0.64947583203125 0.0966659921875 0.6494115390625 0.096825126953125 0.76292719140625 0.1727056328125 0.782282802734375 0.185275314453125 0.799194603515625 0.152365681640625 0.713096576171875 0.046829234375 0.686841740234375 0.036221591796875
0 0.681727447265625 0.444328798828125 0.61935928515625 0.39901567578125 0.504169607421875 0.48623823828125 0.50350571484375 0.48715201171875 0.502082140625 0.4906754765625 0.56702032421875 0.5416330625 0.681727447265625 0.444328798828125
0 0.72560056640625 0.320573685546875 0.726653802734375 0.3208756953125 0.7543015078125 0.247160509765625 0.62908326171875 0.15965250390625 0.62798915625 0.16236051171875 0.605960703125 0.23918285546875 0.72560056640625 0.320573685546875
0 0.541784576171875 0.43899140625 0.54035203515625 0.44367703125 0.621731310546875 0.46211008984375 0.69931059765625 0.3412268125 0.68254776171875 0.3344541875 0.62683147265625 0.3174200078125 0.541784576171875 0.43899140625
0 0.68225194921875 0.405113513671875 0.68232658203125 0.40514366796875 0.72227601171875 0.33436899609375 0.62058004296875 0.226842287109375 0.616519681640625 0.22520179296875 0.58023592578125 0.290659423828125 0.68225194921875 0.405113513671875
0 0.485402001953125 0.59872716015625 0.484002439453125 0.605311583984375 0.55957061328125 0.62327316796875 0.62752287109375 0.48622656640625 0.62769143359375 0.485433537109375 0.58513426171875 0.473963166015625 0.548030603515625 0.4660765390625 0.4909085390625 0.58509056640625 0.485402001953125 0.59872716015625
0 0.44219815234375 1 0.471991078125 0.935177111328125 0.359895755859375 0.8714376875 0.3445069765625 0.86522021484375 0.31375912890625 0.93998851171875 0.411163458984375 1 0.44219815234375 1
0 0.468487185546875 0.80485256640625 0.41730763671875 0.784389875 0.352035150390625 0.8829100234375 0.34703176953125 0.895293828125 0.42281859375 0.931257203125 0.49506572265625 0.816698865234375 0.495070095703125 0.816688041015625 0.468487185546875 0.80485256640625
0 0.41438894140625 0.7120368984375 0.53487905078125 0.76410702734375 0.535948716796875 0.764334392578125 0.55210889453125 0.68319619921875 0.433396712890625 0.627522974609375 0.433317298828125 0.627506095703125 0.431289927734375 0.63252401171875 0.41438894140625 0.7120368984375
0 0.397291169921875 0.70833180859375 0.395802705078125 0.712015888671875 0.37943762109375 0.789007552734375 0.50486259765625 0.84250325390625 0.50561555859375 0.840639609375 0.52106228125 0.758137501953125 0.397291169921875 0.70833180859375
0 0.58067376953125 0.63269725 0.49645199609375 0.54069677734375 0.489421458984375 0.537856255859375 0.44664847265625 0.60593584765625 0.537297375 0.699140384765625 0.58067376953125 0.63269725
0 0.38498628515625 0 0.38290358203125 0.01137766796875 0.5432956484375 0.10865613671875 0.56236108984375 0.032373142578125 0.563474134765625 0.027552025390625 0.51068691015625 0 0.38498628515625 0
0 0.098551763671875 0.694406947265625 0.090882603515625 0.7266057890625 0.26519216796875 0.79799566015625 0.283850296875 0.709852880859375 0.11742350390625 0.635775955078125 0.115077966796875 0.63519114453125 0.110476021484375 0.646581359375 0.098551763671875 0.694406947265625
0 0.51399984375 0.02170582421875 0.43698768359375 0.00509121484375 0.4364105859375 0.00498945703125 0.3616142734375 0.17765153125 0.360948509765625 0.181427265625 0.433446083984375 0.19249151953125 0.51399984375 0.02170582421875
0 0.35618878125 0.4816949921875 0.2937136484375 0.45003975390625 0.27714607421875 0.44266339453125 0.170451287109375 0.589900302734375 0.166369865234375 0.600002173828125 0.249459736328125 0.63646258203125 0.35618878125 0.4816949921875
0 0.23762273828125 0.73449940625 0.20282883984375 0.7222343828125 0.1506618515625 0.70528430078125 0.069509708984375 0.86533800390625 0.1220451328125 0.88656369140625 0.15997966796875 0.89888937109375 0.23762273828125 0.73449940625
0 0.48461407421875 0.23140408984375 0.36557480859375 0.0934796953125 0.3580476015625 0.090438505859375 0.31190884765625 0.156331478515625 0.43557623828125 0.30318734765625 0.48461407421875 0.23140408984375
0 0.242434037109375 0.35549154296875 0.237671685546875 0.3644482265625 0.2046045078125 0.433132123046875 0.34101294140625 0.55152619921875 0.34157588671875 0.5518255234375 0.375761078125 0.490812224609375 0.385709373046875 0.472102203125 0.24655226953125 0.35715541796875 0.242434037109375 0.35549154296875
0 0.3268891328125 0.58409690234375 0.32803648046875 0.582330138671875 0.247132404296875 0.52979041796875 0.120422708984375 0.66784391015625 0.1198032578125 0.66937710546875 0.1999980234375 0.71395471484375 0.3268891328125 0.58409690234375
0 0.26977835546875 0.25615651171875 0.40726768359375 0.38611980078125 0.455098486328125 0.3036243828125 0.32030662890625 0.179673216796875 0.31373393359375 0.17701767578125 0.283484517578125 0.230378970703125 0.26977835546875 0.25615651171875
0 0.37904456640625 0.46453654296875 0.41573901171875 0.38771901171875 0.273522900390625 0.26706457421875 0.271922109375 0.26631811328125 0.2370299140625 0.35413977734375 0.25274132421875 0.366760123046875 0.37883083984375 0.46443687890625 0.37904456640625 0.46453654296875
0 0.781581599609375 1 0.814434287109375 0.949937951171875 0.764404408203125 0.92870152734375 0.7434389921875 0.92023094921875 0.693047271484375 0.994044125 0.69064094140625 1 0.781581599609375 1
0 0.812260958984375 0.859123283203125 0.770702263671875 0.8471723359375 0.720623591796875 0.933223443359375 0.719395935546875 0.937238921875 0.79448609375 0.957658974609375 0.84160145703125 0.868889791015625 0.83350121484375 0.86561708203125 0.812260958984375 0.859123283203125
0 0.790082923828125 0.76381442578125 0.789061119140625 0.765387865234375 0.753688703125 0.82452837109375 0.82439266015625 0.900327654296875 0.827854962890625 0.894996177734375 0.86419299609375 0.835597138671875 0.7968008046875 0.76683145703125 0.79556667578125 0.76603000390625 0.790082923828125 0.76381442578125
0 0.87580358203125 0.820032404296875 0.88399793359375 0.74045609765625 0.79734678125 0.7027892109375 0.79567416015625 0.702494283203125 0.79324639453125 0.708503208984375 0.78099547265625 0.777981654296875 0.87580358203125 0.820032404296875
0 0.18262189453125 0 0.155405052734375 0.061130025390625 0.297083912109375 0.17703147265625 0.299306015625 0.177929259765625 0.334048705078125 0.09864687109375 0.221265021484375 0 0.18262189453125 0
0 0.131140955078125 0.1185150078125 0.120007587890625 0.137044041015625 0.246849845703125 0.268667783203125 0.296324470703125 0.195519201171875 0.297434142578125 0.193672396484375 0.172349552734375 0.06091230859375 0.16808707421875 0.059190154296875 0.131140955078125 0.1185150078125
0 0.21571873828125 0 0.18062938671875 0.0433283125 0.177041791015625 0.0522079296875 0.26066763671875 0.08443966796875 0.3268789765625 0 0.21571873828125 0
0 0.08043525390625 0.25515985546875 0.25197816015625 0.333635396484375 0.265101818359375 0.23649447265625 0.09458369140625 0.16870699609375 0.09037875390625 0.17911458203125 0.08780894140625 0.195339728515625 0.08043525390625 0.25515985546875
0 0 0.65442883984375 0.061589541015625 0.72136543359375 0.120888568359375 0.642281251953125 0 0.523175154296875 0 0.65442883984375
0 0 0.54675957421875 0.13360029296875 0.61009233984375 0.134958939453125 0.610406009765625 0.14487090234375 0.568913642578125 0.157270041015625 0.515207076171875 0 0.44354284765625 0 0.54675957421875
0 0.050110984375 0.32972538671875 0.00392638671875 0.40110401953125 0.13475880859375 0.54232871875 0.190727078125 0.45935234375 0.062175970703125 0.3255325234375 0.05944121484375 0.323687908203125 0.05530933203125 0.32201851953125 0.050110984375 0.32972538671875
0 0.2323415234375 0.34086408984375 0.063336001953125 0.246047740234375 0.043256234375 0.295746908203125 0.03102730078125 0.333266505859375 0.203691912109375 0.43457275 0.2323415234375 0.34086408984375
0 0 0.77957022265625 0.03936905859375 0.80570243359375 0.085904310546875 0.71980243359375 0 0.65964523828125 0 0.77957022265625
0 1 0.4425704140625 0.977592576171875 0.434423833984375 0.942052291015625 0.42218633203125 0.88337605859375 0.50900166796875 0.88134266015625 0.51490708203125 0.944945896484375 0.53896952734375 1 0.461700921875 1 0.4425704140625
0 0.81234895703125 0.677908552734375 0.81181324609375 0.67873439453125 0.87339966796875 0.75243023046875 0.9153751171875 0.69218977734375 0.853454140625 0.626043408203125 0.85311855078125 0.62581705078125 0.848691560546875 0.6240284296875 0.81234895703125 0.677908552734375
0 1 0.389132841796875 0.962142828125 0.342934873046875 0.95588253515625 0.34040555078125 0.92444095703125 0.38940769140625 0.98823187109375 0.48703633203125 1 0.469586537109375 1 0.389132841796875
0 0.9187720234375 0.49953120703125 0.9024046953125 0.4967691484375 0.856739162109375 0.584545310546875 0.856289275390625 0.58685976953125 0.926790740234375 0.6041819921875 0.975322353515625 0.51172516796875 0.96959033984375 0.50940928515625 0.9187720234375 0.49953120703125
0 0.889620853515625 0.57217055078125 0.87413390625 0.5694047890625 0.82995359765625 0.65288562890625 0.829120755859375 0.65680383984375 0.898425623046875 0.670035173828125 0.946216033203125 0.58591119140625 0.9372800859375 0.58230083203125 0.889620853515625 0.57217055078125
0 1 0.210282453125 0.999451787109375 0.20971014453125 0.99670789453125 0.2086015390625 0.96961469140625 0.272429126953125 1 0.303760396484375 1 0.210282453125
0 1 0.30245306640625 0.99210441796875 0.30892834765625 0.922322373046875 0.368173740234375 0.92202667578125 0.368905615234375 0.986668185546875 0.403875923828125 1 0.39051572265625 1 0.30245306640625