0 0 0.48118877734375 0.017691658203125 0.503020666015625 0.019565564453125 0.50438213671875 0.08174633203125 0.40749789453125 0.060677431640625 0.381091392578125 0.041173044921875 0.357846970703125 0.03687340234375 0.354723095703125 0.03438469921875 0.356811365234375 0 0.413548109375 0 0.48118877734375
0 0.165285455078125 0.4616835078125 0.052406234375 0.425367896484375 0.012436400390625 0.4805988515625 0.125653826171875 0.516435818359375 0.165285455078125 0.4616835078125
0 0.32045897265625 0.68565969921875 0.33601349609375 0.5731499453125 0.27106188671875 0.540733294921875 0.267043251953125 0.538859375 0.26669524609375 0.53933836328125 0.24972367578125 0.655381796875 0.32045897265625 0.68565969921875
0 0.2576394140625 0.63686773046875 0.257712462890625 0.6367671875 0.26430299609375 0.520115125 0.19554474609375 0.4937213046875 0.19286015234375 0.497416330078125 0.18535114453125 0.60347909375 0.2576394140625 0.63686773046875
0 0.142858970703125 0.435981146484375 0.139429740234375 0.440701078125 0.10948169921875 0.553097365234375 0.175916572265625 0.595736294921875 0.2088415234375 0.47883071484375 0.142858970703125 0.435981146484375
0 0.41336773828125 0.63271458984375 0.35728535546875 0.57813694921875 0.35546476171875 0.579895076171875 0.299495453125 0.6798766953125 0.352198740234375 0.734452546875 0.41336773828125 0.63271458984375
0 0.43678262890625 0.782523 0.478944880859375 0.6701127578125 0.47461443359375 0.66696650390625 0.41099351953125 0.6251651953125 0.4091864609375 0.627652396484375 0.368493998046875 0.736952640625 0.43678262890625 0.782523
0 0.6643058984375 0.81957915625 0.60900814453125 0.88181292578125 0.728230287109375 0.955223349609375 0.779970392578125 0.89884752734375 0.782319755859375 0.89561390625 0.77919468359375 0.892800078125 0.6643058984375 0.81957915625
0 0.54167050390625 0.83872975390625 0.66619502734375 0.902794126953125 0.71837969921875 0.8371223828125 0.71196498828125 0.83211066015625 0.59441366796875 0.769682712890625 0.57438476171875 0.794404296875 0.56710714453125 0.803719224609375 0.54167050390625 0.83872975390625
0 0.435647904296875 0.784528076171875 0.499172916015625 0.82949457421875 0.558342609375 0.697275875 0.54431185546875 0.6867029453125 0.49465721484375 0.65062673828125 0.4922891640625 0.65376924609375 0.435647904296875 0.784528076171875
0 0.625555921875 0.746975970703125 0.55951919140625 0.699486458984375 0.556766091796875 0.703139943359375 0.502496533203125 0.828675548828125 0.560919318359375 0.87463562890625 0.625555921875 0.746975970703125
0 0.05548390625 0.302085767578125 0.03834106640625 0.319325890625 0.036881244140625 0.321335166015625 0.17338308984375 0.397381322265625 0.234167943359375 0.33954625 0.23418266796875 0.339525982421875 0.2323272734375 0.337604666015625 0.0927777890625 0.266071482421875 0.05548390625 0.302085767578125
0 0.1784732109375 0.29536745703125 0.171653791015625 0.290412859375 0.05049052734375 0.26859463671875 0.02823470703125 0.310451751953125 0.136971576171875 0.366428306640625 0.1784732109375 0.29536745703125
0 0.498229697265625 0.517375373046875 0.494460857421875 0.5144308359375 0.359691638671875 0.462337701171875 0.3270415625 0.50412789453125 0.313010921875 0.523439416015625 0.44931375390625 0.58500376171875 0.498229697265625 0.517375373046875
0 0.195983076171875 0.285771857421875 0.151721958984375 0.4238559375 0.2188033125 0.472341767578125 0.218980052734375 0.47209850390625 0.26367919921875 0.32637153125 0.251554787109375 0.317562630859375 0.197082197265625 0.284259048828125 0.195983076171875 0.285771857421875
0 0.279634974609375 0.51354584375 0.334330185546875 0.567660904296875 0.404148796875 0.438041705078125 0.35516193359375 0.38318084765625 0.3475310390625 0.377636677734375 0.344424185546875 0.380853919921875 0.279634974609375 0.51354584375
0 0.21535618359375 0.46730530078125 0.272104818359375 0.51823473828125 0.3370959609375 0.38138627734375 0.2820831640625 0.330086013671875 0.277769494140625 0.32695194921875 0.276315923828125 0.328510712890625 0.21535618359375 0.46730530078125
0 0.40550216015625 0.53826027734375 0.383840330078125 0.575907625 0.38608962890625 0.577541837890625 0.52915650390625 0.6257621640625 0.5695464609375 0.5601852421875 0.563008880859375 0.555435412109375 0.550708748046875 0.550211568359375 0.42616172265625 0.50644733984375 0.40550216015625 0.53826027734375
0 0.893414546875 0.79162646875 0.8868826484375 0.786880765625 0.777386580078125 0.748371244140625 0.744337498046875 0.819245224609375 0.740373474609375 0.828017931640625 0.85392123828125 0.863520013671875 0.870585361328125 0.84058381640625 0.893414546875 0.79162646875
0 0.772322337890625 0.84241266015625 0.81621233984375 0.718294626953125 0.7703016640625 0.690482029296875 0.744677892578125 0.676278541015625 0.741943982421875 0.680041443359375 0.695602298828125 0.80228034765625 0.772322337890625 0.84241266015625
0 0.62099994921875 0.742411759765625 0.62166825 0.74158647265625 0.678730541015625 0.623938234375 0.63380491796875 0.58755818359375 0.61381292578125 0.5730331484375 0.55309492578125 0.689036474609375 0.62099994921875 0.742411759765625
0 0.77375078515625 0.71530323046875 0.77044216796875 0.71210813671875 0.659090046875 0.640068462890625 0.61180108203125 0.68903762109375 0.603309150390625 0.70072576171875 0.713171322265625 0.7750523125 0.77375078515625 0.71530323046875
0 0.465915587890625 0.600078845703125 0.57414668359375 0.670913048828125 0.634699845703125 0.61416848828125 0.63255126171875 0.611943564453125 0.522331748046875 0.544473640625 0.5128218515625 0.5536572421875 0.468147095703125 0.5970074375 0.465915587890625 0.600078845703125
0 0.284442330078125 0 0.2023620703125 0.13257292578125 0.246338861328125 0.19014786328125 0.35529969921875 0.037039775390625 0.324219638671875 0 0.284442330078125 0
0 0.890606966796875 0.409109466796875 0.88735019921875 0.412990732421875 0.79228220703125 0.566750462890625 0.86471412890625 0.6288383515625 0.958243462890625 0.46688028515625 0.92283393359375 0.43494362109375 0.9013346953125 0.416903619140625 0.890606966796875 0.409109466796875
0 0.31706619921875 0.237689947265625 0.419985078125 0.076623900390625 0.4069624140625 0.063138537109375 0.3641539765625 0.0220499921875 0.360327302734375 0.025745369140625 0.26657483203125 0.18333940234375 0.3159209765625 0.23685789453125 0.31706619921875 0.237689947265625
0 0.640288548828125 0.36073293359375 0.613905673828125 0.4256108203125 0.795991783203125 0.47239484765625 0.83498164453125 0.38994022265625 0.830491173828125 0.38667770703125 0.6479529296875 0.3442966171875 0.640288548828125 0.36073293359375
0 1 0.542398271484375 0.895320400390625 0.49554301953125 0.86544606640625 0.541545458984375 0.846124759765625 0.57297368359375 1 0.64708888671875 1 0.542398271484375
0 0.31441440625 0.16795594140625 0.47501700390625 0.267520953125 0.537524681640625 0.208537455078125 0.53494603125 0.205867185546875 0.373196248046875 0.10829060546875 0.3475556875 0.13305140625 0.319918521484375 0.16038017578125 0.31441440625 0.16795594140625
0 0.63716146875 0.247414623046875 0.58603130859375 0.4141952265625 0.65550843359375 0.45810322265625 0.660363232421875 0.460906142578125 0.71888898828125 0.28540653125 0.691122654296875 0.26937562890625 0.64112512890625 0.24195911328125 0.63716146875 0.247414623046875
0 0.8181126640625 0.57178251171875 0.81825728515625 0.5714859921875 0.86468434375 0.394037380859375 0.785756568359375 0.3485936484375 0.783581650390625 0.35158716796875 0.73094302734375 0.529825044921875 0.8181126640625 0.57178251171875
0 0.5008644140625 0.12915511328125 0.424154048828125 0.29826886328125 0.500416060546875 0.35551730859375 0.576194955078125 0.182164111328125 0.553506275390625 0.16379118359375 0.503706853515625 0.1256449921875 0.5008644140625 0.12915511328125
0 0.682122259765625 0.27501866796875 0.50494375 0.23512509375 0.490307626953125 0.26265163671875 0.465360599609375 0.310641939453125 0.619484099609375 0.352621576171875 0.639018517578125 0.357574150390625 0.687081978515625 0.27862211328125 0.682122259765625 0.27501866796875
0 0.52582025390625 1 0.54163751171875 0.96866928515625 0.537880974609375 0.96594 0.440815037109375 0.945658115234375 0.42188812890625 0.98453898828125 0.414678541015625 1 0.52582025390625 1
0 0.34503000390625 0.93659373828125 0.42757716796875 0.99658554296875 0.48461208984375 0.95221066796875 0.4808506015625 0.947727900390625 0.403123818359375 0.888253876953125 0.36371989453125 0.9195485625 0.34756590234375 0.93310337109375 0.34503000390625 0.93659373828125
0 0.42475638671875 0.904797900390625 0.4234394140625 0.90322839453125 0.34658842578125 0.84634998828125 0.28610505859375 0.89009934765625 0.28311519140625 0.89421454296875 0.365672935546875 0.95437480078125 0.42475638671875 0.904797900390625
0 0.388266974609375 0 0.377903865234375 0.01536394140625 0.37960481640625 0.01659975390625 0.556550166015625 0.0701078203125 0.6044395390625 0 0.388266974609375 0
0 0.549854548828125 0 0.493017443359375 0.11502678125 0.49461858203125 0.116468451171875 0.563317974609375 0.17195580859375 0.646134771484375 0.008998310546875 0.63614113671875 0 0.549854548828125 0
0 0.355651255859375 0 0.3497879453125 0.022037359375 0.414005560546875 0.06204343359375 0.427822421875 0.070345443359375 0.42887467578125 0.068897138671875 0.44604983203125 0 0.355651255859375 0
0 0.759560732421875 0.114969115234375 0.74928481640625 0.107503224609375 0.589536828125 0.03863780859375 0.5301276484375 0.116606642578125 0.70691738671875 0.18241520703125 0.759560732421875 0.114969115234375
0 1 0.305883953125 0.907959896484375 0.260143708984375 0.87613391015625 0.303948421875 0.85029705859375 0.3408472734375 1 0.406305982421875 1 0.305883953125
0 0.796435330078125 0.32661292578125 0.833317318359375 0.367574525390625 0.862102416015625 0.39905915234375 0.86313864453125 0.398126126953125 0.97488523046875 0.2422521484375 0.935148150390625 0.1981196484375 0.906777392578125 0.1775070859375 0.796435330078125 0.32661292578125
0 0.78220216015625 0.11424033203125 0.77821920703125 0.1197223984375 0.74669355078125 0.302000740234375 0.835186599609375 0.341577529296875 0.87149327734375 0.152142162109375 0.78220216015625 0.11424033203125
0 0.654740611328125 0.23841055078125 0.73948700390625 0.28733890234375 0.739717083984375 0.287022224609375 0.79629131640625 0.09723425390625 0.785032982421875 0.089054595703125 0.7148230703125 0.05022079296875 0.654740611328125 0.23841055078125
0 0.121977958984375 0.648317921875 0.119624439453125 0.650223767578125 0.057687619140625 0.74024132421875 0.10314011328125 0.79304241796875 0.168434654296875 0.70299469921875 0.1458170703125 0.675064310546875 0.12559230859375 0.65094390234375 0.121977958984375 0.648317921875
0 0.28996902734375 0.78582142578125 0.287092865234375 0.78890573046875 0.24163861328125 0.867285962890625 0.296089388671875 0.91654003515625 0.339519396484375 0.830879087890625 0.338811642578125 0.830194923828125 0.295663861328125 0.78995896484375 0.28996902734375 0.78582142578125
0 0 0.685387572265625 0.085982302734375 0.716956037109375 0.128213498046875 0.6737016875 0.12513673828125 0.670931361328125 0.02758616015625 0.622648748046875 0 0.65328628515625 0 0.685387572265625
0 0.22689757421875 0.746349859375 0.178455931640625 0.69404522265625 0.1732201171875 0.69843859375 0.12112959375 0.77709612109375 0.16805148046875 0.83591907421875 0.22689757421875 0.746349859375
0 0.1879707265625 0.828479755859375 0.236732546875 0.872681013671875 0.24137098828125 0.8760510390625 0.28295683984375 0.78731910546875 0.25619555078125 0.76247317578125 0.23433144921875 0.74346700390625 0.22741151953125 0.738439380859375 0.2264594609375 0.7395346015625 0.1879707265625 0.828479755859375
0 0 0.662665630859375 0.010982103515625 0.66609279296875 0.0359399375 0.6734173046875 0.076330205078125 0.625077740234375 0.07479047265625 0.62373926953125 0 0.593429390625 0 0.662665630859375