0 0.269886896484375 0.043390232421875 0.262041439453125 0.04435353515625 0.172192439453125 0.10339004296875 0.19010923046875 0.172246375 0.286498072265625 0.10529806640625 0.269886896484375 0.043390232421875
0 0.30107893359375 0.22613424609375 0.300698220703125 0.223033591796875 0.246275408203125 0.121390390625 0.17915687109375 0.133354833984375 0.23570422265625 0.237781224609375 0.30107893359375 0.22613424609375
0 0.32235844140625 0.36281399609375 0.216890388671875 0.413525591796875 0.2313079140625 0.48891268359375 0.23186209765625 0.488844638671875 0.33331633984375 0.439079626953125 0.32387048046875 0.367105142578125 0.323174951171875 0.3627137421875 0.32235844140625 0.36281399609375
0 0.33405179296875 0.37928666015625 0.333667568359375 0.37794671484375 0.27502724609375 0.287476978515625 0.223509572265625 0.29862362890625 0.19817237890625 0.305888953125 0.26325994140625 0.40323912890625 0.334497373046875 0.38291562890625 0.33405179296875 0.37928666015625
0 0.196901673828125 0.24216920703125 0.2000793828125 0.32104615234375 0.3147278046875 0.280962408203125 0.31247150390625 0.216350421875 0.310542849609375 0.200642794921875 0.31049530859375 0.20064445703125 0.196901673828125 0.24216920703125
0 0.270836091796875 0.4462776171875 0.226576798828125 0.453112748046875 0.226733142578125 0.454386072265625 0.27341912890625 0.56043746484375 0.347309173828125 0.551364908203125 0.346660591796875 0.546082642578125 0.3046910234375 0.44212075390625 0.270836091796875 0.4462776171875
0 0.294830056640625 0.52179891796875 0.228503814453125 0.54371371875 0.29126114453125 0.6463647265625 0.368364306640625 0.62027634765625 0.36811741015625 0.6182655390625 0.3066048984375 0.51819898828125 0.294830056640625 0.52179891796875
0 0.373372759765625 0.83623483984375 0.29048721484375 0.84403676171875 0.32761498046875 0.9790350546875 0.40298314453125 0.973162763671875 0.40784779296875 0.972565458984375 0.407460546875 0.968139197265625 0.373372759765625 0.83623483984375
0 0.2884029296875 0.8943516328125 0.41608769921875 0.835419357421875 0.39836809375 0.76177230859375 0.396327322265625 0.75358722265625 0.393512974609375 0.753932779296875 0.391972498046875 0.75431686328125 0.26700145703125 0.810032271484375 0.28586951953125 0.89184782421875 0.2865505 0.89457908203125 0.2884029296875 0.8943516328125
0 0.3756654140625 0.58925537109375 0.37001000390625 0.589949767578125 0.24663789453125 0.6599751328125 0.270309708984375 0.73411728125 0.39713592578125 0.6641319453125 0.3756654140625 0.58925537109375
0 0.29365257421875 0.67628473046875 0.262478447265625 0.684057314453125 0.32073278515625 0.81400648046875 0.398972548828125 0.792633822265625 0.398520984375 0.788956125 0.334684072265625 0.66695616015625 0.29365257421875 0.67628473046875
0 0.449644142578125 0.17963219921875 0.448627419921875 0.171351671875 0.381833662109375 0.039565783203125 0.29885844921875 0.05419655078125 0.298970560546875 0.055109642578125 0.375645296875 0.194233525390625 0.449644142578125 0.17963219921875
0 0.393527990234375 0.131568671875 0.427619541015625 0.12846730078125 0.42515510546875 0.10839607421875 0.40560800390625 0.007834966796875 0.371555857421875 0.012016044921875 0.33204586328125 0.019696009765625 0.393527990234375 0.131568671875
0 0.49134223828125 0.42095131640625 0.483586455078125 0.3760766015625 0.47975722265625 0.376546771484375 0.344557640625 0.43308140625 0.346362876953125 0.4444792265625 0.36050701953125 0.51642892578125 0.360929796875 0.51636196484375 0.49607547265625 0.45083579296875 0.49134223828125 0.42095131640625
0 0.375080716796875 0.276241798828125 0.456193931640625 0.274626392578125 0.456105234375 0.269544873046875 0.4054066015625 0.129853693359375 0.326696400390625 0.137514599609375 0.375080716796875 0.276241798828125
0 0.340429103515625 0.34556008984375 0.335471236328125 0.422341767578125 0.479101216796875 0.389996693359375 0.489262546875 0.309981599609375 0.488983984375 0.307712888671875 0.483078515625 0.307403396484375 0.340429103515625 0.34556008984375
0 0.328335751953125 0.28771853515625 0.354058669921875 0.3648513203125 0.47610633984375 0.271914556640625 0.452865302734375 0.20038599609375 0.45096727734375 0.200619044921875 0.44921699609375 0.20118774609375 0.328335751953125 0.28771853515625
0 0.51126787109375 0.54789769140625 0.511174349609375 0.542539828125 0.508226658203125 0.47132983984375 0.49537005859375 0.471554251953125 0.487014951171875 0.473176677734375 0.35740623046875 0.507031876953125 0.35744803515625 0.5094268984375 0.3631041171875 0.588635744140625 0.51126787109375 0.54789769140625
0 0.422943158203125 0.909621078125 0.416339615234375 0.997113517578125 0.559003328125 0.99054159765625 0.568032236328125 0.91304591796875 0.56752932421875 0.908950021484375 0.55835960546875 0.908147775390625 0.422943158203125 0.909621078125
0 0.44252226171875 0.791993751953125 0.44308207421875 0.926814302734375 0.528358671875 0.93670241015625 0.528970361328125 0.932350015625 0.52558345703125 0.80518410546875 0.471337162109375 0.79541642578125 0.444903333984375 0.791701392578125 0.44252226171875 0.791993751953125
0 0.531409537109375 0.64042018359375 0.5313284609375 0.64041593359375 0.402252009765625 0.6634671640625 0.396861431640625 0.746023205078125 0.39795349609375 0.7460804375 0.527814744140625 0.7269696875 0.53206909375 0.64579183984375 0.531409537109375 0.64042018359375
0 0.534188998046875 0.71619489453125 0.525108806640625 0.71730980078125 0.407018203125 0.75778716015625 0.41839832421875 0.843024896484375 0.54683315625 0.79602696484375 0.534188998046875 0.71619489453125
0 0.40128724609375 0.545179318359375 0.42773108984375 0.67179878515625 0.51067310546875 0.67449187109375 0.510727083984375 0.6713993359375 0.48049855859375 0.5457539296875 0.46728026171875 0.545523203125 0.405996943359375 0.544601041015625 0.40128724609375 0.545179318359375
0 0.659634294921875 0 0.56711421875 0.07290288671875 0.588491271484375 0.14122890234375 0.590247001953125 0.14101332421875 0.743502841796875 0.0354388359375 0.73060416015625 0 0.659634294921875 0
0 0.66952070703125 0.717802095703125 0.65357983203125 0.72392122265625 0.749793513671875 0.884085978515625 0.83329809765625 0.85541130859375 0.832727021484375 0.85076028125 0.74290469921875 0.69051497265625 0.66952070703125 0.717802095703125
0 0.60693462890625 0.035064890625 0.641357818359375 0.222217169921875 0.72015791796875 0.223352708984375 0.7202658359375 0.221293521484375 0.680643984375 0.03883161328125 0.6317118046875 0.035132857421875 0.61395862890625 0.034202453125 0.60693462890625 0.035064890625
0 0.79478026953125 0.514181025390625 0.78931148046875 0.5148525078125 0.623775712890625 0.602605947265625 0.65223944140625 0.685880787109375 0.81994351953125 0.601935705078125 0.79478026953125 0.514181025390625
0 0.7438366484375 0.78835795703125 0.707062205078125 0.78541066015625 0.7111292578125 0.9671686484375 0.75791897265625 0.9720864453125 0.80705807421875 0.966052921875 0.798387783203125 0.79409151171875 0.7438366484375 0.78835795703125
0 0.611073953125 0.148532333984375 0.597662025390625 0.150656576171875 0.675863546875 0.32713455078125 0.75728348046875 0.313248578125 0.7566837890625 0.308364498046875 0.6836112265625 0.13790057421875 0.611073953125 0.148532333984375
0 0.676416109375 0.41287517578125 0.660931048828125 0.4109738515625 0.66011478515625 0.41107407421875 0.674798568359375 0.59528772265625 0.6868267890625 0.59676460546875 0.76496676953125 0.604617029296875 0.76527724609375 0.602088416015625 0.7467375 0.4243806328125 0.676416109375 0.41287517578125
0 0.70456632421875 0.77930165625 0.796572876953125 0.78724079296875 0.768473521484375 0.60026532421875 0.682807994140625 0.59877002734375 0.67199469921875 0.600097732421875 0.671984396484375 0.60068804296875 0.70456632421875 0.77930165625
0 0.665347876953125 0.234282037109375 0.60572715625 0.24598470703125 0.684183111328125 0.41903512109375 0.772965291015625 0.402503361328125 0.77189280078125 0.393768625 0.69982612890625 0.22882121875 0.665347876953125 0.234282037109375
0 0.79556084375 0.471139400390625 0.68746157421875 0.324038591796875 0.658356513671875 0.335210978515625 0.60804428515625 0.35506299609375 0.69682164453125 0.487859544921875 0.70831527734375 0.504413033203125 0.7962087578125 0.476416234375 0.79556084375 0.471139400390625
0 0.16912962109375 1 0.19493818359375 0.98996790625 0.194425552734375 0.98579287890625 0.181049373046875 0.916978396484375 0.176971849609375 0.9174790546875 0.173867326171875 0.91808251171875 0.088416533203125 0.948279904296875 0.09900714453125 1 0.16912962109375 1
0 0.17006282421875 0.838041435546875 0.16439082421875 0.83873787109375 0.0783735703125 0.875820259765625 0.094328642578125 0.950996119140625 0.18608344140625 0.9134125 0.17006282421875 0.838041435546875
0 0.737415181640625 0 0.73868261328125 0.042966705078125 0.90910558984375 0 0.737415181640625 0
0 0.108081615234375 0.765126390625 0.08733836328125 0.76476431640625 0.07727358203125 0.766000115234375 0.094537314453125 0.864332138671875 0.16973219140625 0.86799248046875 0.172270029296875 0.867680873046875 0.17233572265625 0.8639173359375 0.151299328125 0.76660270703125 0.108081615234375 0.765126390625
0 0.06756966796875 0.7023210078125 0.054343541015625 0.7066184375 0.106936595703125 0.795626591796875 0.177946 0.774651033203125 0.17739230078125 0.770141515625 0.1248456015625 0.686022833984375 0.06756966796875 0.7023210078125
0 0.06245444140625 0.631354267578125 0.051651873046875 0.708218517578125 0.148919703125 0.698862318359375 0.164471548828125 0.626447119140625 0.16388875390625 0.6217006328125 0.160356857421875 0.6212042578125 0.06245444140625 0.631354267578125
0 0.79137725390625 0.072239080078125 0.777808404296875 0.073905125 0.845105818359375 0.247635302734375 0.93222749609375 0.24205677734375 0.870862802734375 0.066680908203125 0.79137725390625 0.072239080078125
0 0.96305192578125 0.3095329609375 0.85564593359375 0.160089626953125 0.83131821484375 0.16894419140625 0.77206158984375 0.19418600390625 0.77268585546875 0.19590116015625 0.87682255078125 0.344293783203125 0.963264138671875 0.311261302734375 0.96305192578125 0.3095329609375
0 0.86552984765625 0 0.747160142578125 0.06588621484375 0.762991482421875 0.13987105859375 0.766614822265625 0.15556546484375 0.76834745703125 0.15535272265625 0.9436475703125 0.05413411328125 0.9421618046875 0.047698556640625 0.92903380078125 0 0.86552984765625 0
0 0.82543210546875 0.244371888671875 0.84060214453125 0.42969210546875 0.9344907734375 0.4450770078125 0.93585417578125 0.444909603515625 0.93657158984375 0.43980494140625 0.91244321484375 0.258551822265625 0.829182890625 0.2439113515625 0.82543210546875 0.244371888671875
0 1 0.762713359375 0.92808451953125 0.63499166796875 0.84299702734375 0.66263826953125 0.929562103515625 0.83569733203125 1 0.81163137109375 1 0.762713359375
0 0.891006921875 0.5402748046875 0.86267426171875 0.538903607421875 0.857614978515625 0.53952480859375 0.88597397265625 0.729332998046875 0.96365987890625 0.733404345703125 0.9834852890625 0.73429233984375 0.98360027734375 0.732098244140625 0.9525023203125 0.543497642578125 0.891006921875 0.5402748046875
0 0.84325248046875 0.442111552734375 0.873787404296875 0.63167927734375 0.97269876171875 0.636863001953125 0.972931962890625 0.63241321875 0.939656837890625 0.447247388671875 0.864748419921875 0.44188360546875 0.850984005859375 0.4411622421875 0.84325248046875 0.442111552734375
0 0.975377052734375 0.52856999609375 0.97522733984375 0.5268587734375 0.917385392578125 0.34107567578125 0.845973583984375 0.3473233984375 0.820087375 0.35050182421875 0.88259930859375 0.538407419921875 0.975377052734375 0.52856999609375
0 1 0.77719591796875 0.848293728515625 0.798524515625 0.850759158203125 0.896188537109375 1 0.878986173828125 1 0.77719591796875
0 0.13188678515625 0.322602181640625 0.129198091796875 0.32231958984375 0.02175012109375 0.342175669921875 0.01655387890625 0.411651447265625 0.12639744140625 0.39414830859375 0.130154162109375 0.3584054921875 0.132710255859375 0.32930881640625 0.13188678515625 0.322602181640625
0 0.041559673828125 0.56135109765625 0.09311796484375 0.6410794921875 0.159989451171875 0.615585576171875 0.159540916015625 0.611932548828125 0.10511614453125 0.537338701171875 0.08919790625 0.542810775390625 0.041418466796875 0.5602010703125 0.041559673828125 0.56135109765625
0 0 0.26375864453125 0.06544188671875 0.351661564453125 0.13396737890625 0.3267261484375 0.13370705859375 0.324606009765625 0.05594646484375 0.240747521484375 0.007563220703125 0.2571109140625 0 0.26001416015625 0 0.26375864453125
0 0.13800570703125 0.39624618359375 0.13120827734375 0.395531744140625 0.03844166796875 0.4127010703125 0.029030560546875 0.484951884765625 0.02930724609375 0.48720529296875 0.13403129296875 0.4674260390625 0.13800570703125 0.39624618359375
0 0.05120374609375 0.463799673828125 0.067298537109375 0.55895084765625 0.13694919140625 0.57022112109375 0.13750668359375 0.566254361328125 0.12454290234375 0.472697474609375 0.10904398828125 0.469999591796875 0.05852926953125 0.462900212890625 0.05120374609375 0.463799673828125
0 0 0.126579333984375 0.045348275390625 0.208801744140625 0.084429302734375 0.204694162109375 0.11423621875 0.201034333984375 0.113962017578125 0.198425490234375 0.059758533203125 0.101566763671875 0.02300110546875 0.103614443359375 0 0.106438625 0 0.126579333984375
0 0.0723553046875 0.1690798828125 0.018102171875 0.167185322265625 0.008674376953125 0.16834291015625 0.008665326171875 0.16860207421875 0.041994900390625 0.27803432421875 0.115867578125 0.27750198828125 0.11586865234375 0.27747127734375 0.0817701796875 0.19164843359375 0.0723553046875 0.1690798828125
0 0 0.14286012109375 0.081396150390625 0.15311686328125 0.082059138671875 0.15303545703125 0.08252525390625 0.149239265625 0.0568412890625 0.05343683984375 0.045525923828125 0.05204748828125 0.01009490234375 0.05639787109375 0.006280294921875 0.08587076171875 0 0.13701966015625 0 0.14286012109375