0 0.892351478515625 0.116353865234375 0.8890036640625 0.114932802734375 0.830145607421875 0.09112884765625 0.75539778515625 0.1747811796875 0.755334640625 0.17492993359375 0.754111287109375 0.1794955546875 0.818109056640625 0.204814994140625 0.89198308984375 0.117728712890625 0.892351478515625 0.116353865234375
0 0.859046107421875 0.22561074609375 0.77071376171875 0.15033896484375 0.768218701171875 0.14967041796875 0.743000818359375 0.2117519140625 0.83361507421875 0.288234580078125 0.859046107421875 0.22561074609375
0 0.805382833984375 0.429620125 0.801103994140625 0.4276248671875 0.73452130859375 0.398706068359375 0.66050639453125 0.48053748046875 0.659679658203125 0.483622900390625 0.72699408203125 0.51766551953125 0.805382833984375 0.429620125
0 0.80856919140625 0.32547944140625 0.78459744140625 0.324223134765625 0.73189271484375 0.324951125 0.695106599609375 0.426293330078125 0.69486555859375 0.430892642578125 0.69671359765625 0.431387822265625 0.76939923828125 0.435099234375 0.810745205078125 0.3260625 0.80856919140625 0.32547944140625
0 0.823141408203125 0.3639413671875 0.82319112109375 0.363948353515625 0.834863173828125 0.28405226171875 0.726820931640625 0.2330482578125 0.7230194609375 0.247235537109375 0.714117283203125 0.31057782421875 0.823141408203125 0.3639413671875
0 0.747440728515625 0.59801061328125 0.74790903515625 0.5981448984375 0.77199047265625 0.523045673828125 0.6737603359375 0.46406037109375 0.669904744140625 0.46302726953125 0.649305947265625 0.53486380859375 0.747440728515625 0.59801061328125
0 0.67899362890625 0.549385734375 0.666727625 0.548312599609375 0.626682310546875 0.660899064453125 0.70838323828125 0.670487462890625 0.74842682421875 0.55703164453125 0.67899362890625 0.549385734375
0 0.58912673046875 0.849330685546875 0.520963755859375 0.96509547265625 0.519266568359375 0.97142946484375 0.593750857421875 0.99921161328125 0.66665092578125 0.87967672265625 0.58912673046875 0.849330685546875
0 0.546757193359375 0.790351580078125 0.539569708984375 0.86461162109375 0.674818494140625 0.90538241796875 0.676043583984375 0.9055111796875 0.676373939453125 0.902368060546875 0.68367185546875 0.818722806640625 0.552162939453125 0.780942224609375 0.54935743359375 0.78064735546875 0.546757193359375 0.790351580078125
0 0.727820826171875 0.69884775390625 0.62283611328125 0.605706693359375 0.615798494140625 0.60382096875 0.579747287109375 0.6716234296875 0.68925127734375 0.7664480703125 0.727820826171875 0.69884775390625
0 0.55774959765625 0.751128353515625 0.668304421875 0.84112131640625 0.66882729296875 0.841261419921875 0.703400158203125 0.77571187109375 0.602762517578125 0.683102806640625 0.6017978359375 0.68256807421875 0.598322443359375 0.68163684765625 0.55774959765625 0.751128353515625
0 0.60304955859375 0.094825572265625 0.600292455078125 0.14743421484375 0.748446046875 0.20687232421875 0.752258560546875 0.12211417578125 0.60849753515625 0.070137232421875 0.605517513671875 0.069981056640625 0.604611431640625 0.073362603515625 0.60304955859375 0.094825572265625
0 0.62452806640625 0.143921583984375 0.658649841796875 0.150676638671875 0.73148904296875 0.04584345703125 0.692998083984375 0.03407558984375 0.659919978515625 0.02521233984375 0.63091906640625 0.12007005078125 0.62452806640625 0.143921583984375
0 0.67091091796875 0.416560662109375 0.601042482421875 0.383980474609375 0.504612015625 0.491579740234375 0.502876640625 0.495301267578125 0.502697685546875 0.49596913671875 0.576877818359375 0.53396432421875 0.67091091796875 0.416560662109375
0 0.570865939453125 0.271311841796875 0.569636421875 0.276243169921875 0.648307322265625 0.296063673828125 0.7266583828125 0.171776150390625 0.65168884765625 0.146605650390625 0.570865939453125 0.271311841796875
0 0.55219556640625 0.29993680078125 0.53426261328125 0.37910818359375 0.657199158203125 0.45800519921875 0.658266220703125 0.458291115234375 0.67976998828125 0.38478009375 0.55986150390625 0.30089651171875 0.55250481640625 0.29892529296875 0.55219556640625 0.29993680078125
0 0.697525384765625 0.31981712890625 0.593796515625 0.211314607421875 0.58966744921875 0.210208228515625 0.553741375 0.28071711328125 0.661618001953125 0.38708432421875 0.697525384765625 0.31981712890625
0 0.630732099609375 0.47517765625 0.62085265234375 0.472530466796875 0.603172255859375 0.46897498828125 0.553383689453125 0.460195919921875 0.492123591796875 0.595407736328125 0.49142254296875 0.599383572265625 0.57008236328125 0.61766570703125 0.62384858984375 0.494828697265625 0.630483109375 0.47658976171875 0.630732099609375 0.47517765625
0 0.50722301953125 1 0.51950178515625 0.9327978125 0.38982966015625 0.88652795703125 0.3853613046875 0.8855781796875 0.381970669921875 0.89823219921875 0.38027336328125 0.905773716796875 0.366485005859375 0.97064283984375 0.4588998515625 1 0.50722301953125 1
0 0.51343597265625 0.81287791015625 0.46262133984375 0.791525126953125 0.39059818359375 0.8962190703125 0.38940269140625 0.900680705078125 0.46556826953125 0.938466265625 0.538513244140625 0.827155458984375 0.539128681640625 0.824858615234375 0.51343597265625 0.81287791015625
0 0.44291040234375 0.731172392578125 0.439369017578125 0.74438901953125 0.51964208984375 0.7671518984375 0.57903744140625 0.647352302734375 0.571791150390625 0.645410666015625 0.4986862421875 0.626825208984375 0.44291040234375 0.731172392578125
0 0.55497353515625 0.762051564453125 0.43174685546875 0.71246494921875 0.42547587109375 0.735868580078125 0.413348875 0.792921615234375 0.5391480078125 0.8465768984375 0.55497353515625 0.762051564453125
0 0.5557706484375 0.695229669921875 0.595610232421875 0.626607451171875 0.50561010546875 0.5380796953125 0.502414083984375 0.536234470703125 0.5001079375 0.535616541015625 0.460368029296875 0.60689706640625 0.5557706484375 0.695229669921875
0 0.379695833984375 0 0.33521590234375 0.107055830078125 0.334425849609375 0.11267734375 0.405068845703125 0.1193218046875 0.4638781640625 0 0.379695833984375 0
0 0.119868083984375 0.740341609375 0.273650880859375 0.8491128828125 0.31165861328125 0.76742636328125 0.16664240234375 0.6581728125 0.161980763671875 0.65692373046875 0.134583849609375 0.71069320703125 0.119868083984375 0.740341609375
0 0.33489812109375 0.017386326171875 0.307010443359375 0.06945246484375 0.298792361328125 0.086302029296875 0.44597435546875 0.2072933984375 0.44682546484375 0.207521453125 0.477671078125 0.14038812890625 0.3398079453125 0.01947840234375 0.336274955078125 0.017755248046875 0.33489812109375 0.017386326171875
0 0.19996337109375 0.47945733203125 0.177006341796875 0.53966831640625 0.1701334921875 0.560820771484375 0.337077724609375 0.656929869140625 0.33720409375 0.656963728515625 0.36558459765625 0.56799403125 0.20760795703125 0.48189643359375 0.200749287109375 0.47966791796875 0.19996337109375 0.47945733203125
0 0.28706373046875 0.81735430078125 0.114649900390625 0.78106372265625 0.105751779296875 0.780597392578125 0.097640216796875 0.858793060546875 0.096770361328125 0.87539091796875 0.280011787109375 0.90863155859375 0.28706373046875 0.81735430078125
0 0.272359427734375 0.182384650390625 0.26869419921875 0.190879517578125 0.41760050390625 0.308071123046875 0.418581806640625 0.3083340625 0.453485431640625 0.23237319140625 0.30863062109375 0.115493208984375 0.30283305859375 0.113939755859375 0.272359427734375 0.182384650390625
0 0.38184029296875 0.30010682421875 0.379531271484375 0.29948812109375 0.324746564453125 0.2980219375 0.29674557421875 0.297533177734375 0.244393224609375 0.47643821484375 0.24436776953125 0.47789653125 0.24679680859375 0.477938927734375 0.338832626953125 0.4741913671875 0.343971484375 0.454705123046875 0.38184029296875 0.30010682421875
0 0.191316373046875 0.529134201171875 0.26039012890625 0.56626675390625 0.2711878359375 0.5717684609375 0.38649878125 0.42710069140625 0.37185063671875 0.41963708984375 0.307117791015625 0.3898523203125 0.19237471484375 0.52681145703125 0.1914551953125 0.528616115234375 0.191316373046875 0.529134201171875
0 0.337478318359375 0.602875080078125 0.338368615234375 0.60096583203125 0.2509397734375 0.56019709375 0.144996275390625 0.71407723828125 0.14442644140625 0.71620388671875 0.229894818359375 0.74912895703125 0.337478318359375 0.602875080078125
0 0.427492517578125 0.3254332734375 0.29527913671875 0.196013974609375 0.29102705859375 0.193657009765625 0.258769123046875 0.24712076171875 0.24331698828125 0.27499715234375 0.380280650390625 0.4054297734375 0.427492517578125 0.3254332734375
0 0.83684340625 1 0.84507129296875 0.9790725234375 0.834088451171875 0.9761296796875 0.771568498046875 0.9616958125 0.755118298828125 1 0.83684340625 1
0 0.840071587890625 1 0.865219119140625 0.930841859375 0.78519984765625 0.88214906640625 0.77967997265625 0.88067001953125 0.75332564453125 0.953077939453125 0.83370535546875 1 0.840071587890625 1
0 0.191116990234375 0 0.189339505859375 0.050900498046875 0.22520912890625 0.05144401171875 0.242073728515625 0 0.191116990234375 0
0 0.89275758984375 0.837679080078125 0.86963859765625 0.8278656484375 0.819766857421875 0.808508505859375 0.76662638671875 0.88741812109375 0.76492478125 0.89376859375 0.8318713984375 0.920875974609375 0.89275758984375 0.837679080078125
0 0.8853419609375 0.743298646484375 0.82586771484375 0.7403024765625 0.79291089453125 0.83605987890625 0.7926955390625 0.838521392578125 0.867973193359375 0.843068447265625 0.898737732421875 0.74595669140625 0.890502880859375 0.74375016796875 0.8853419609375 0.743298646484375
0 0.798398029296875 0.73865955078125 0.79776015234375 0.74104013671875 0.866579744140625 0.774605693359375 0.9329651171875 0.69526310546875 0.93305537890625 0.69492625 0.85896379296875 0.66517271875 0.798398029296875 0.73865955078125
0 0.288390462890625 0.11556423046875 0.13991936328125 0.021758591796875 0.131711818359375 0.01955938671875 0.106977904296875 0.10046037109375 0.26167523046875 0.205492916015625 0.288390462890625 0.11556423046875
0 0.192133130859375 0.29345330078125 0.2422843984375 0.11924173046875 0.24231625390625 0.117416775390625 0.178070083984375 0.11284224609375 0.152185009765625 0.11239041796875 0.098782138671875 0.29033422265625 0.192133130859375 0.29345330078125
0 0.178042357421875 0 0.136090296875 0.098350873046875 0.135495328125 0.10319649609375 0.220735150390625 0.117290166015625 0.272961533203125 0 0.178042357421875 0
0 0.0800122578125 0.196597091796875 0.06867215234375 0.229531154296875 0.049536576171875 0.28951242578125 0.20874137890625 0.3877614609375 0.234638849609375 0.30319762109375 0.0800122578125 0.196597091796875
0 0 0.71307448046875 0.13434027734375 0.73573485546875 0.135567875 0.731153396484375 0.136560939453125 0.646471376953125 0 0.61649074609375 0 0.71307448046875
0 0 0.66992980859375 0.0289253515625 0.670550486328125 0.08958914453125 0.671609375 0.134051240234375 0.48444289453125 0.129935529296875 0.483340095703125 0.114444498046875 0.48295192578125 0.036186134765625 0.481585923828125 0 0.644842990234375 0 0.66992980859375
0 0 0.49329717578125 0.17102248828125 0.56655359765625 0.188402517578125 0.4679865625 0.016535810546875 0.39802251953125 0.00999569140625 0.3968693203125 0.00704166015625 0.407893923828125 0 0.4528386875 0 0.49329717578125
0 0.13002279296875 0.2894601484375 0.09639762890625 0.28710884765625 0.038254548828125 0.472630986328125 0.03790601953125 0.47761520703125 0.1344701796875 0.48436762890625 0.189668322265625 0.29552544921875 0.1852578671875 0.294343671875 0.13002279296875 0.2894601484375
0 0 0.814294228515625 0.09585510546875 0.84730510546875 0.1007613984375 0.82206441796875 0.11227366796875 0.745278216796875 0 0.7097163359375 0 0.814294228515625
0 0.968182962890625 0.375591083984375 0.928952158203125 0.3700775546875 0.88416099609375 0.468499412109375 0.883602138671875 0.472475880859375 0.954326578125 0.48365166015625 0.99797750390625 0.381084099609375 0.993961310546875 0.38000796484375 0.968182962890625 0.375591083984375
0 0.887376701171875 0.596090689453125 0.870798423828125 0.593176146484375 0.828236578125 0.67629546484375 0.8277470625 0.67881380078125 0.898877521484375 0.693762787109375 0.937761107421875 0.60597440234375 0.93653809765625 0.605646697265625 0.887376701171875 0.596090689453125
0 1 0.314059955078125 0.958622380859375 0.29649619921875 0.890994974609375 0.38100897265625 0.88976919140625 0.385583658203125 0.945553486328125 0.406646904296875 1 0.351894021484375 1 0.314059955078125
0 0.86400775 0.503249857421875 0.9444438984375 0.5649387890625 0.97402334375 0.49788633203125 0.896559869140625 0.438025517578125 0.88807752734375 0.435752681640625 0.88721400390625 0.438002232421875 0.86400775 0.503249857421875
0 0.91174320703125 0.5254933359375 0.88380215234375 0.52265097265625 0.844672123046875 0.608115650390625 0.84391933203125 0.61424664453125 0.9167719453125 0.620781263671875 0.95458433203125 0.53121883984375 0.95137918359375 0.530360021484375 0.91174320703125 0.5254933359375
0 1 0.166254767578125 0.980769251953125 0.16558321484375 0.93258865234375 0.269483244140625 0.932526880859375 0.271252138671875 1 0.270296470703125 1 0.166254767578125
0 1 0.239383396484375 0.974952783203125 0.229263666015625 0.90107778515625 0.3144298984375 0.900313525390625 0.316321509765625 0.95824721875 0.341055578125 0.977159556640625 0.32319876953125 1 0.300885212890625 1 0.239383396484375
0 1 0.11656841796875 0.97473769140625 0.110736154296875 0.97370552734375 0.114588248046875 0.95293876953125 0.20453895703125 0.99410494140625 0.211528169921875 1 0.20311155859375 1 0.11656841796875