0 0.767578125 0.41015625 0.1796875 0.146484375
0 0.703125 0.5595703125 0.138671875 0.138671875
0 0.7314453125 0.490234375 0.1455078125 0.1455078125
0 0.666015625 0.6357421875 0.1533203125 0.1328125
0 0.5693359375 0.857421875 0.1591796875 0.1591796875
0 0.853515625 0.185546875 0.15625 0.15625
0 0.79296875 0.328125 0.162109375 0.162109375
0 0.6337890625 0.69921875 0.15625 0.126953125
0 0.8212890625 0.255859375 0.1455078125 0.1455078125
0 0.595703125 0.7744140625 0.1591796875 0.1591796875
0 0.521484375 0.9306640625 0.1591796875 0.138671875
0 0.5927734375 0.466796875 0.1611328125 0.1611328125
0 0.5546875 0.55078125 0.1669921875 0.142578125
0 0.4873046875 0.7041015625 0.146484375 0.126953125
0 0.62109375 0.3876953125 0.177734375 0.1484375
0 0.685546875 0.2333984375 0.169921875 0.1357421875
0 0.451171875 0.78125 0.146484375 0.146484375
0 0.5166015625 0.626953125 0.1435546875 0.1435546875
0 0.7177734375 0.150390625 0.1796875 0.140625
0 0.646484375 0.3115234375 0.15625 0.15625
0 0.37890625 0.9326171875 0.1611328125 0.134765625
0 0.41015625 0.8544921875 0.1513671875 0.1513671875
0 0.763671875 0.958984375 0.1435546875 0.0810546875
0 0.880859375 0.7021484375 0.150390625 0.1513671875
0 0.849609375 0.7734375 0.1640625 0.134765625
0 0.435546875 0.107421875 0.185546875 0.1435546875
0 0.462890625 0.046875 0.1767578125 0.09375
0 0.388671875 0.193359375 0.1904296875 0.158203125
0 0.7880859375 0.9130859375 0.166015625 0.1298828125
0 0.9072265625 0.6328125 0.1513671875 0.1513671875
0 0.9580078125 0.4267578125 0.083984375 0.150390625
0 0.8173828125 0.8427734375 0.15625 0.158203125
0 0.349609375 0.2763671875 0.177734375 0.177734375
0 0.123046875 0.787109375 0.208984375 0.1748046875
0 0.3046875 0.3525390625 0.166015625 0.166015625
0 0.1943359375 0.607421875 0.1796875 0.1796875
0 0.1533203125 0.6943359375 0.189453125 0.1611328125
0 0.224609375 0.5234375 0.181640625 0.181640625
0 0.259765625 0.4296875 0.197265625 0.1591796875
0 0.9228515625 0.5625 0.154296875 0.140625
0 0.9404296875 0.494140625 0.119140625 0.125
0 0.9677734375 0.36328125 0.064453125 0.1298828125
0 0.240234375 0.068359375 0.2001953125 0.1357421875
0 0.27734375 0.0283203125 0.205078125 0.056640625
0 0.1259765625 0.3271484375 0.1923828125 0.1923828125
0 0.2021484375 0.146484375 0.193359375 0.193359375
0 0.0703125 0.513671875 0.140625 0.189453125
0 0.08984375 0.416015625 0.1796875 0.185546875
0 0.162109375 0.232421875 0.1845703125 0.1845703125
0 0.0498046875 0.6025390625 0.099609375 0.189453125
0 0.02734375 0.6962890625 0.0546875 0.1796875