0 0.7744140625 0.5703125 0.1640625 0.181640625
0 0.638671875 0.66015625 0.146484375 0.146484375
0 0.69921875 0.6171875 0.1328125 0.146484375
0 0.5654296875 0.705078125 0.1513671875 0.1513671875
0 0.3642578125 0.837890625 0.162109375 0.162109375
0 0.943359375 0.4287109375 0.1123046875 0.1611328125
0 0.8388671875 0.515625 0.166015625 0.166015625
0 0.5029296875 0.740234375 0.162109375 0.162109375
0 0.90234375 0.470703125 0.1611328125 0.1611328125
0 0.431640625 0.7822265625 0.15625 0.173828125
0 0.283203125 0.875 0.1513671875 0.1513671875
0 0.595703125 0.5234375 0.154296875 0.173828125
0 0.5185546875 0.572265625 0.166015625 0.166015625
0 0.3779296875 0.6640625 0.146484375 0.15625
0 0.662109375 0.470703125 0.1689453125 0.1845703125
0 0.80078125 0.376953125 0.1533203125 0.171875
0 0.3056640625 0.708984375 0.146484375 0.1591796875
0 0.4453125 0.615234375 0.15625 0.15625
0 0.873046875 0.326171875 0.1845703125 0.1845703125
0 0.724609375 0.421875 0.1669921875 0.1669921875
0 0.1611328125 0.798828125 0.142578125 0.154296875
0 0.2314453125 0.7490234375 0.1533203125 0.1533203125
0 0.708984375 0.876953125 0.1533203125 0.1533203125
0 0.64453125 0.919921875 0.150390625 0.150390625
0 0.6591796875 0.134765625 0.1748046875 0.1748046875
0 0.7294921875 0.0849609375 0.166015625 0.169921875
0 0.5732421875 0.1826171875 0.171875 0.171875
0 0.5166015625 0.9599609375 0.1513671875 0.080078125
0 0.7685546875 0.8330078125 0.1611328125 0.1611328125
0 0.939453125 0.7080078125 0.1201171875 0.166015625
0 0.5791015625 0.9384765625 0.1455078125 0.123046875
0 0.4951171875 0.2294921875 0.193359375 0.193359375
0 0.060546875 0.5341796875 0.12109375 0.208984375
0 0.416015625 0.26953125 0.189453125 0.189453125
0 0.185546875 0.423828125 0.171875 0.189453125
0 0.103515625 0.474609375 0.189453125 0.189453125
0 0.2568359375 0.3701171875 0.197265625 0.1953125
0 0.3359375 0.310546875 0.1796875 0.177734375
0 0.828125 0.7880859375 0.154296875 0.169921875
0 0.8896484375 0.74609375 0.140625 0.158203125
0 0.96484375 0.666015625 0.0703125 0.162109375
0 0.5205078125 0.048828125 0.189453125 0.09765625
0 0.2802734375 0.1513671875 0.1923828125 0.1923828125
0 0.443359375 0.072265625 0.205078125 0.1435546875
0 0.111328125 0.267578125 0.197265625 0.2138671875
0 0.1982421875 0.205078125 0.2060546875 0.2060546875
0 0.361328125 0.0966796875 0.205078125 0.193359375
0 0.0615234375 0.318359375 0.123046875 0.2060546875
0 0.0234375 0.3720703125 0.046875 0.203125