0 0.60043352734375 1 0.66768981640625 0.973889353515625 0.670636677734375 0.971416642578125 0.64727705859375 0.942569916015625 0.62599758984375 0.918445625 0.51920590625 0.963101220703125 0.55125905859375 1 0.60043352734375 1
0 0.51082559765625 0.95168005859375 0.624945865234375 0.92357746875 0.625725875 0.922945830078125 0.59024733984375 0.865943470703125 0.47480584765625 0.893795490234375 0.51082559765625 0.95168005859375
0 0.40395490625 0.636210263671875 0.40306744140625 0.635224634765625 0.344584787109375 0.684599287109375 0.394640966796875 0.790395369140625 0.4037816484375 0.782993390625 0.45114641796875 0.738009296875 0.40395490625 0.636210263671875
0 0.42604076953125 0.850816509765625 0.44952616015625 0.83885010546875 0.494805798828125 0.81186728125 0.476108859375 0.706366419921875 0.47247864453125 0.7018834765625 0.407250138671875 0.735229484375 0.42604076953125 0.850816509765625
0 0.420510904296875 0.848556873046875 0.420479310546875 0.84859588671875 0.48295207421875 0.89975031640625 0.582764876953125 0.833109958984375 0.5789036953125 0.828341796875 0.5224039609375 0.78258921484375 0.420510904296875 0.848556873046875
0 0.274201810546875 0.640625970703125 0.274117376953125 0.64069434375 0.31761326953125 0.70281291796875 0.42473047265625 0.667511837890625 0.42806258984375 0.66481354296875 0.385636728515625 0.60003173828125 0.274201810546875 0.640625970703125
0 0.2944621640625 0.5076279375 0.2934545078125 0.506782412109375 0.239509494140625 0.56822126171875 0.30893019140625 0.66583244921875 0.363646275390625 0.6044066484375 0.2944621640625 0.5076279375
0 0.014639796875 0.31600569921875 0.01429970703125 0.316281099609375 0.057954677734375 0.384687546875 0.18631942578125 0.33380609765625 0.187111171875 0.33316495703125 0.143118189453125 0.262761466796875 0.014639796875 0.31600569921875
0 0.22859410546875 0.410744765625 0.142573197265625 0.305364921875 0.13862901953125 0.302055365234375 0.135008259765625 0.304987400390625 0.08365376953125 0.36843583984375 0.173127830078125 0.475174962890625 0.1775049765625 0.47163041796875 0.22859410546875 0.410744765625
0 0.29784423828125 0.582073822265625 0.32888527734375 0.54374133203125 0.24026630859375 0.4279204609375 0.2398250703125 0.42756315234375 0.189084984375 0.48924916796875 0.278365234375 0.6030749453125 0.283016349609375 0.599308544921875 0.29784423828125 0.582073822265625
0 0.278253404296875 0.481549576171875 0.19043533203125 0.370667388671875 0.13824175390625 0.43448395703125 0.23249037109375 0.5396955859375 0.23642341796875 0.53651066796875 0.2530423203125 0.51523944140625 0.278253404296875 0.481549576171875
0 0.65020219140625 0.9225603125 0.78502348828125 0.85050441015625 0.7875991328125 0.847928765625 0.770321884765625 0.82993605078125 0.73307090625 0.792685072265625 0.589765681640625 0.8630127890625 0.65020219140625 0.9225603125
0 0.81763872265625 0.886161017578125 0.813403662109375 0.87988228515625 0.798654705078125 0.86218129296875 0.63820251953125 0.90882131640625 0.638025189453125 0.90896491796875 0.688982669921875 0.9783701796875 0.71875920703125 0.958856060546875 0.773285021484375 0.922077935546875 0.81763872265625 0.886161017578125
0 0.41845795703125 0.55392247265625 0.48448789453125 0.687480333984375 0.5441567421875 0.639161453125 0.487412283203125 0.50633991015625 0.484338005859375 0.50267612890625 0.41845795703125 0.55392247265625
0 0.542825125 0.794481916015625 0.604198419921875 0.850016611328125 0.73006262890625 0.77801341015625 0.731313859375 0.77662377734375 0.68556959765625 0.72831966015625 0.67647225 0.72012837109375 0.54302632421875 0.794258458984375 0.542825125 0.794481916015625
0 0.518592841796875 0.75114530078125 0.527952146484375 0.745957353515625 0.589912693359375 0.70535371484375 0.557563734375 0.568602455078125 0.55346358984375 0.56353919921875 0.48918348828125 0.60019576953125 0.518592841796875 0.75114530078125
0 0.493868505859375 0.7301971796875 0.54863246484375 0.783254923828125 0.68283662109375 0.71276185546875 0.68364903515625 0.711890650390625 0.67645964453125 0.703012490234375 0.62585005859375 0.655818287109375 0.493868505859375 0.7301971796875
0 0.45103617578125 0.437051875 0.44933181640625 0.43494716796875 0.38035982421875 0.46953039453125 0.416397236328125 0.61819305078125 0.41677785546875 0.61890889453125 0.4567515546875 0.60034048828125 0.49024403515625 0.58253222265625 0.45750133203125 0.45464483203125 0.452954150390625 0.4406590625 0.45103617578125 0.437051875
0 0.11249235546875 0.17041771875 0.170805802734375 0.27843516015625 0.17866095703125 0.272870056640625 0.236448642578125 0.230884845703125 0.241745466796875 0.22659555859375 0.182033548828125 0.1247239921875 0.178525201171875 0.120391544921875 0.137125546875 0.15047015625 0.11249235546875 0.17041771875
0 0.27692893359375 0.304128150390625 0.29141242578125 0.2947224609375 0.23535356640625 0.173188873046875 0.23390921484375 0.17140524609375 0.165413841796875 0.219736666015625 0.21765340234375 0.340026609375 0.21797127734375 0.3404191484375 0.27692893359375 0.304128150390625
0 0.30887848046875 0.45460005078125 0.42100998046875 0.38755842578125 0.410305794921875 0.374339859375 0.36198047265625 0.324297525390625 0.25143516796875 0.39507110546875 0.25072193359375 0.395759865234375 0.251364494140625 0.396553361328125 0.30887848046875 0.45460005078125
0 0.27149621484375 0.408849748046875 0.2983379375 0.39272161328125 0.34437298046875 0.36351208203125 0.29792141015625 0.2430052109375 0.29393474609375 0.23808208984375 0.224908578125 0.280159849609375 0.27149621484375 0.408849748046875
0 0.34069331640625 0.40978914453125 0.37154673828125 0.53857494140625 0.373872134765625 0.537338505859375 0.444940294921875 0.49817194921875 0.411842451171875 0.376382029296875 0.4116186171875 0.37596105859375 0.4095404609375 0.37339475 0.34069331640625 0.40978914453125
0 0.938022015625 0.594001466796875 0.87926880859375 0.6316143671875 0.91324040234375 0.79475326953125 0.9734340390625 0.76000045703125 0.98413443359375 0.75133544921875 0.9420637109375 0.598992546875 0.938022015625 0.594001466796875
0 0.54957119140625 0.16018819921875 0.42933905859375 0.0169318359375 0.36878898828125 0.090654142578125 0.492110744140625 0.2289310625 0.500296404296875 0.222302443359375 0.51206255859375 0.20828008984375 0.54957119140625 0.16018819921875
0 0.872872103515625 0.750932736328125 0.894557408203125 0.738412720703125 0.936477099609375 0.71290236328125 0.88935636328125 0.533904392578125 0.887023548828125 0.53102360546875 0.818217568359375 0.56734017578125 0.872872103515625 0.750932736328125
0 0.54335503515625 0.362287318359375 0.68433468359375 0.25051006640625 0.689597603515625 0.24445576953125 0.64311238671875 0.199767859375 0.62632688671875 0.1851764453125 0.47252099609375 0.301377212890625 0.54335503515625 0.362287318359375
0 0.406450244140625 0 0.2972030546875 0.0336371953125 0.33504213671875 0.122445650390625 0.50126994921875 0.066121935546875 0.5093104375 0.062200326171875 0.511370513671875 0.060532109375 0.50325721875 0.042796572265625 0.482383935546875 0 0.406450244140625 0
0 0.86453515234375 0.478311892578125 0.85717931640625 0.472700443359375 0.706631193359375 0.58946363671875 0.772213138671875 0.64196435546875 0.92067215234375 0.529682646484375 0.9233614765625 0.52624046875 0.919022048828125 0.520881720703125 0.86453515234375 0.478311892578125
0 0.65575087890625 0.450276775390625 0.666814755859375 0.440314814453125 0.71781941015625 0.390555404296875 0.631077283203125 0.23435175 0.629372603515625 0.23245851171875 0.569868044921875 0.28371009375 0.56086220703125 0.291818986328125 0.654555837890625 0.4512445 0.65575087890625 0.450276775390625
0 0.514948064453125 0.08832754296875 0.512123634765625 0.08507840625 0.43938726953125 0.147648103515625 0.53780334765625 0.308542505859375 0.54529576171875 0.30247526953125 0.603715888671875 0.244194115234375 0.514948064453125 0.08832754296875
0 0.69198021484375 0.416032958984375 0.74252166015625 0.59953317578125 0.795106005859375 0.5710392265625 0.82395754296875 0.55438178515625 0.77741318359375 0.375846765625 0.777325916015625 0.37569561328125 0.774581935546875 0.37230708203125 0.69198021484375 0.416032958984375
0 0.77708156640625 0.46194817578125 0.768492642578125 0.44371765234375 0.7003641328125 0.30548409765625 0.6969025703125 0.30120942578125 0.6311790625 0.35342644921875 0.70607337109375 0.52412844921875 0.730827560546875 0.504082900390625 0.77708156640625 0.46194817578125
0 0 0.604852689453125 0.082900427734375 0.548846533203125 0.029414130859375 0.49711681640625 0 0.515355859375 0 0.604852689453125
0 0 0.61999661328125 0.045180759765625 0.6628066796875 0.12645537109375 0.611184359375 0.13153496875 0.606104759765625 0.13097116796875 0.605408525390625 0.129476587890625 0.603913943359375 0.078982783203125 0.55701849609375 0 0.604491294921875 0 0.61999661328125
0 0.16003876953125 0.692862142578125 0.16035718359375 0.692604294921875 0.124730751953125 0.60018508984375 0.122117677734375 0.596958212890625 0.061096814453125 0.6465851484375 0.096655986328125 0.736831400390625 0.09686881640625 0.73709422265625 0.16003876953125 0.692862142578125
0 1 0.434587291015625 0.878510822265625 0.4882343828125 0.879532892578125 0.48949653515625 0.940550986328125 0.55857461328125 1 0.52994473828125 1 0.434587291015625
0 1 0.346963689453125 0.982803208984375 0.33031468359375 0.97954073046875 0.32747865234375 0.823261435546875 0.43011516015625 0.88209930859375 0.48293272265625 0.8929639375 0.49237719921875 1 0.4203429453125 1 0.346963689453125
0 1 0.52256126953125 0.93509899609375 0.534002478515625 0.93428196484375 0.53441877734375 0.94179104296875 0.549156171875 0.97722007421875 0.6160080390625 1 0.6116216953125 1 0.52256126953125
0 0.92040966015625 0.25320918359375 0.7647918671875 0.35983226171875 0.841298705078125 0.42111270703125 0.9885768984375 0.308834357421875 0.985709720703125 0.305293689453125 0.9678877890625 0.290339310546875 0.92040966015625 0.25320918359375
0 0.56798008984375 0 0.5188248125 0.018305625 0.51740630078125 0.0194543125 0.5609400390625 0.096941369140625 0.740362388671875 0.03996421484375 0.745356990234375 0.035919666015625 0.72544639453125 0 0.56798008984375 0
0 0.752876185546875 0.02293800390625 0.5792462265625 0.10207441015625 0.57786912890625 0.103189560546875 0.62288465234375 0.16567234375 0.63325384765625 0.179944314453125 0.808940134765625 0.10305419921875 0.810289890625 0.1019611875 0.752876185546875 0.02293800390625
0 0.682609396484375 0.240761412109375 0.865827166015625 0.205769564453125 0.869929185546875 0.202447814453125 0.830267095703125 0.11336530078125 0.641494216796875 0.15297255078125 0.682609396484375 0.240761412109375
0 0.767980736328125 0.34118655859375 0.93271236328125 0.239847404296875 0.89471116796875 0.192919833984375 0.868953390625 0.16716205859375 0.702973443359375 0.273745791015625 0.767980736328125 0.34118655859375
0 0.283229564453125 0.97121296875 0.30998845703125 0.956818455078125 0.34429722265625 0.937010279296875 0.319259060546875 0.83295903515625 0.316007986328125 0.828944291015625 0.254378703125 0.86313471484375 0.283229564453125 0.97121296875
0 0.190364111328125 0.68153420703125 0.09663301171875 0.703363873046875 0.12772484765625 0.76430871875 0.217822373046875 0.7486085546875 0.22136436328125 0.74574030859375 0.2134297421875 0.728825759765625 0.190364111328125 0.68153420703125
0 0.3765785 1 0.384593974609375 0.99410897265625 0.36096634375 0.88446323828125 0.3583739140625 0.88126185546875 0.299184857421875 0.922713099609375 0.324794578125 1 0.3765785 1
0 0.259677443359375 0.89767611328125 0.302005595703125 0.863399451171875 0.26311240234375 0.76858935546875 0.26194683984375 0.7671500078125 0.205089291015625 0.815576099609375 0.24349573828125 0.908232041015625 0.244149375 0.909039216796875 0.259677443359375 0.89767611328125
0 0.237261306640625 0.738448509765625 0.140816296875 0.759143896484375 0.175788373046875 0.821741005859375 0.27067442578125 0.8043273359375 0.272749193359375 0.80264722265625 0.25545045703125 0.77011302734375 0.237261306640625 0.738448509765625
0 0.46626068359375 1 0.423508271484375 0.958114923828125 0.419026052734375 0.954079115234375 0.33638998046875 1 0.46626068359375 1