0 0.467119939453125 1 0.49651332421875 0.95951394921875 0.386236021484375 0.924335791015625 0.36618233203125 0.951521291015625 0.346745994140625 0.979279259765625 0.3534715390625 0.984347322265625 0.407287013671875 1 0.467119939453125 1
0 0.441105404296875 0.8377870390625 0.43991137890625 0.839371564453125 0.426044173828125 0.95508019140625 0.487886984375 0.983777103515625 0.50146262109375 0.86580178515625 0.441105404296875 0.8377870390625
0 0.534420443359375 0.71040372265625 0.63128427734375 0.76381208203125 0.68482440234375 0.714791619140625 0.68822053515625 0.71151201171875 0.585437736328125 0.653784333984375 0.532430984375 0.708343576171875 0.534420443359375 0.71040372265625
0 0.55573905078125 0.836795693359375 0.57833249609375 0.85037120703125 0.605140296875 0.73637651171875 0.5421970625 0.69844125390625 0.538231708984375 0.703703455078125 0.512451935546875 0.80672005078125 0.55573905078125 0.836795693359375
0 0.42965800390625 0.85980698046875 0.4315020859375 0.86119659375 0.548004044921875 0.89007075 0.58947703515625 0.822901845703125 0.472014640625 0.792022193359375 0.42965800390625 0.85980698046875
0 0.7304893671875 0.63895371484375 0.730110759765625 0.63864712109375 0.622096125 0.594479333984375 0.59965693359375 0.62218942578125 0.57566555078125 0.6540270703125 0.68278423046875 0.70175521875 0.7304893671875 0.63895371484375
0 0.75974612109375 0.551809962890625 0.69685410546875 0.49956638671875 0.695991123046875 0.5005591328125 0.642798310546875 0.6069691171875 0.706449857421875 0.65907918359375 0.75974612109375 0.551809962890625
0 0.807548859375 0.3267670625 0.81109326171875 0.3294379609375 0.939805330078125 0.370045859375 0.97711157421875 0.29562054296875 0.843710884765625 0.25579508984375 0.807548859375 0.3267670625
0 0.92608209765625 0.394284109375 0.81665141796875 0.304956525390625 0.758225650390625 0.35316754296875 0.755928052734375 0.35509545703125 0.75235687890625 0.35983456640625 0.75432838671875 0.362184119140625 0.85918876171875 0.450083318359375 0.924452876953125 0.39725923828125 0.926873908203125 0.395227751953125 0.92608209765625 0.394284109375
0 0.8009887265625 0.55065509765625 0.828144798828125 0.52668080859375 0.82904127734375 0.525491140625 0.709020875 0.4401309140625 0.70076014453125 0.447311857421875 0.652715490234375 0.491657119140625 0.65726011328125 0.49688511328125 0.76904242578125 0.578425595703125 0.8009887265625 0.55065509765625
0 0.70201205078125 0.45658080078125 0.706691736328125 0.46010719921875 0.837364802734375 0.4960491015625 0.874746720703125 0.431798474609375 0.73933376171875 0.385557701171875 0.70201205078125 0.45658080078125
0 0.334279671875 0.76427681640625 0.33157484765625 0.76679910546875 0.25501819140625 0.898746849609375 0.309218771484375 0.95686985546875 0.313153357421875 0.959834779296875 0.388103900390625 0.819698759765625 0.334279671875 0.76427681640625
0 0.287975998046875 0.817713732421875 0.2838105625 0.823241451171875 0.261706779296875 0.94599053125 0.30356389453125 0.96824635546875 0.3595404453125 0.859509482421875 0.287975998046875 0.817713732421875
0 0.45078682421875 0.5640685625 0.42566896484375 0.60246096484375 0.42765148046875 0.603954900390625 0.56641098046875 0.655304033203125 0.572864009765625 0.645737025390625 0.611327330078125 0.58389116015625 0.60990845703125 0.58282196484375 0.46770631640625 0.538984380859375 0.45078682421875 0.5640685625
0 0.38030111328125 0.69736832421875 0.375616626953125 0.701440486328125 0.3037041875 0.82220598828125 0.35725978125 0.883509482421875 0.3583796171875 0.88435333984375 0.43533708203125 0.751340505859375 0.38030111328125 0.69736832421875
0 0.461474064453125 0.752699146484375 0.5319676171875 0.627126625 0.480635384765625 0.567579119140625 0.4767571015625 0.564656623046875 0.4740223125 0.5673914140625 0.40660823828125 0.6995576796875 0.45447715625 0.74742659765625 0.461474064453125 0.752699146484375
0 0.397594703125 0.63070379296875 0.394939818359375 0.6342269453125 0.372432115234375 0.7811185625 0.440206869140625 0.817155037109375 0.46772070703125 0.667297853515625 0.397594703125 0.63070379296875
0 0.524221060546875 0.457162001953125 0.51259003515625 0.47054196875 0.47439575390625 0.519577125 0.4806511640625 0.5250148671875 0.610590205078125 0.590157994140625 0.660885349609375 0.5294255859375 0.6424473125 0.518342142578125 0.524221060546875 0.457162001953125
0 0.799038845703125 0.255791060546875 0.81343541015625 0.266639650390625 0.87959016015625 0.162245427734375 0.8530364375 0.13996420703125 0.81422549609375 0.11071806640625 0.74563484375 0.210979783203125 0.799038845703125 0.255791060546875
0 0.686648265625 0.263052396484375 0.804569064453125 0.307081041015625 0.84893337109375 0.23665188671875 0.84544584765625 0.234023849609375 0.72314384765625 0.185200375 0.7133582578125 0.202149515625 0.682031427734375 0.259573361328125 0.686648265625 0.263052396484375
0 0.577369505859375 0.39591576171875 0.69680506640625 0.443866876953125 0.7447335390625 0.377255419921875 0.741728302734375 0.3749908125 0.624891927734375 0.323877564453125 0.60793598828125 0.34637885546875 0.574672783203125 0.39388363671875 0.577369505859375 0.39591576171875
0 0.69865261328125 0.231186453125 0.694361841796875 0.236880498046875 0.652229212890625 0.35993283203125 0.723313173828125 0.40097317578125 0.72464294140625 0.399208513671875 0.7701200234375 0.274802455078125 0.69865261328125 0.231186453125
0 0.578356798828125 0.375246513671875 0.57835232421875 0.3752575859375 0.558166306640625 0.499839994140625 0.63293916796875 0.53136334765625 0.635381068359375 0.532349939453125 0.65260369140625 0.40104458203125 0.58066658984375 0.37218131640625 0.578356798828125 0.375246513671875
0 0 0.713458248046875 0.1311745390625 0.78847019921875 0.1845391875 0.74467768359375 0.18650680078125 0.742066572265625 0.03036213671875 0.638959796875 0 0.66629798828125 0 0.713458248046875
0 0.534602943359375 0.010726138671875 0.534584255859375 0.01075005859375 0.4411937265625 0.174294953125 0.477280369140625 0.20310546875 0.5164029296875 0.23258643359375 0.6035684609375 0.0686936484375 0.534602943359375 0.010726138671875
0 0.1877166328125 0.72359169921875 0.234170640625 0.6592422421875 0.06002959375 0.58622472265625 0.05197181640625 0.5960614375 0.016022330078125 0.64376801953125 0.02002233203125 0.646893162109375 0.1877166328125 0.72359169921875
0 0.29748023828125 0.271088396484375 0.304575806640625 0.276435291015625 0.47371600390625 0.348479044921875 0.520519904296875 0.273952017578125 0.34974273046875 0.19644982421875 0.29748023828125 0.271088396484375
0 0.49763604296875 0 0.47702641796875 0.022041150390625 0.4832160546875 0.028450705078125 0.623718552734375 0.13476431640625 0.6879798828125 0.069558876953125 0.601212564453125 0 0.49763604296875 0
0 0.23244318359375 0.65084992578125 0.297715171875 0.59342943359375 0.1368826796875 0.48858106640625 0.082095751953125 0.5379114375 0.0768271171875 0.54490315234375 0.08086988671875 0.549393103515625 0.23244318359375 0.65084992578125
0 0.32944548828125 0.240823001953125 0.293289 0.419454357421875 0.331152802734375 0.43552658984375 0.37748536328125 0.4540006171875 0.378073970703125 0.452613947265625 0.40942071875 0.27563331640625 0.331101494140625 0.23862541015625 0.32944548828125 0.240823001953125
0 0.5747378046875 0.226207154296875 0.57452136328125 0.22595816796875 0.42931955078125 0.113887142578125 0.360474119140625 0.1658945546875 0.35692013671875 0.17061084765625 0.502055861328125 0.29005313671875 0.5747378046875 0.226207154296875
0 0.201543072265625 0.578726248046875 0.253100962890625 0.6090380078125 0.31001568359375 0.4274134453125 0.2283985625 0.38049125390625 0.226037236328125 0.3842701640625 0.17329044921875 0.561072048828125 0.201543072265625 0.578726248046875
0 0.186132322265625 0.43956531640625 0.36787116015625 0.47716565625 0.40581284765625 0.4009564453125 0.405602728515625 0.400849384765625 0.251003935546875 0.3616253046875 0.23138605859375 0.357014408203125 0.184018068359375 0.43797211328125 0.186132322265625 0.43956531640625
0 1 0.47194551171875 0.9932038359375 0.46471166015625 0.99116180859375 0.46317287890625 0.9885001796875 0.465834509765625 0.93603207421875 0.55044990234375 0.9660947578125 0.581533421875 0.9807646875 0.596203349609375 0.988863142578125 0.60230597265625 1 0.585821173828125 1 0.47194551171875
0 0.943207921875 0.66376893359375 0.993057587890625 0.5738676484375 0.9420626640625 0.52266579296875 0.938071720703125 0.5269455546875 0.888513521484375 0.61134103515625 0.924377072265625 0.646637384765625 0.940813529296875 0.66196462890625 0.943207921875 0.66376893359375
0 0.91842771484375 0.70583789453125 0.96727533984375 0.64551610546875 0.87908173828125 0.603439296875 0.833007814453125 0.652639318359375 0.826225328125 0.66163998046875 0.82928132421875 0.664114677734375 0.91842771484375 0.70583789453125
0 0 0.545193431640625 0.076978142578125 0.55975928515625 0.11877107421875 0.47576986328125 0 0.45732951953125 0 0.545193431640625
0 0 0.4578959375 0.13253668359375 0.485922884765625 0.13907223046875 0.47309615234375 0.17383994921875 0.4020835078125 0 0.367362861328125 0 0.4578959375
0 0 0.65159483203125 0.005382845703125 0.65432559765625 0.05786628515625 0.59982901953125 0.069146650390625 0.58773230859375 0.068476017578125 0.58710693359375 0 0.553712228515625 0 0.65159483203125
0 0.113908353515625 0.23346710546875 0.108128607421875 0.2411370859375 0.05169958984375 0.41059733203125 0.123274017578125 0.462547529296875 0.191292880859375 0.288270517578125 0.113908353515625 0.23346710546875
0 0.25657858203125 0 0.239098947265625 0.023196259765625 0.241603072265625 0.02522405859375 0.40961539453125 0.11312490234375 0.46342590234375 0.047447111328125 0.46615541015625 0.04382493359375 0.391533837890625 0 0.25657858203125 0
0 0.267183701171875 0 0.22642087890625 0.183833216796875 0.297924341796875 0.215668609375 0.31529957421875 0.223246884765625 0.316527197265625 0.22161777734375 0.35512782421875 0.0341825703125 0.29970025 0.009504623046875 0.278120548828125 0 0.267183701171875 0
0 0.2877979765625 0.266750080078125 0.3502336171875 0.19259394140625 0.178144130859375 0.10547826171875 0.134859892578125 0.15892984375 0.11662839453125 0.183123857421875 0.11918530859375 0.18519440625 0.2877979765625 0.266750080078125
0 0.13955322265625 0.3580913828125 0.194484005859375 0.382487767578125 0.237936017578125 0.18977759375 0.151699302734375 0.14956475390625 0.14782510546875 0.154705990234375 0.10900405859375 0.34384607421875 0.13955322265625 0.3580913828125
0 0.71544605859375 0.96560185546875 0.7659578125 0.86623666796875 0.711935876953125 0.8192422578125 0.70924894921875 0.822226390625 0.66264463671875 0.91980276171875 0.69208532421875 0.946311275390625 0.7100652265625 0.96154710546875 0.71544605859375 0.96560185546875
0 0.79113228515625 0.740904994140625 0.79146055859375 0.741037625 0.88092415234375 0.755383861328125 0.90739337890625 0.6868986015625 0.8118580703125 0.677051333984375 0.811472986328125 0.677957263671875 0.787228869140625 0.73796355859375 0.79113228515625 0.740904994140625
0 0.6387441328125 0.900050677734375 0.5945837734375 0.958653455078125 0.594974517578125 0.95894790234375 0.70420053515625 0.9885436171875 0.74324589453125 0.94086375 0.6387441328125 0.900050677734375
0 0.7372768359375 0.764100740234375 0.73635566015625 0.76563383203125 0.711558048828125 0.861420439453125 0.725569521484375 0.8703197109375 0.7754496796875 0.900290734375 0.80155363671875 0.79791458984375 0.737623072265625 0.76364126953125 0.7372768359375 0.764100740234375
0 0.87014914453125 0.7534306328125 0.77538270703125 0.726057994140625 0.75502905859375 0.756376568359375 0.73575733984375 0.787217767578125 0.73936394921875 0.78993554296875 0.830895703125 0.81343573046875 0.87014914453125 0.7534306328125
0 0.678651142578125 1 0.61711698046875 0.966823662109375 0.594222986328125 0.9549790078125 0.58557401171875 0.961736328125 0.54725979296875 0.992895056640625 0.546309734375 0.994155828125 0.549504462890625 0.998244896484375 0.55220080078125 1 0.678651142578125 1