0 0.94243520703125 0.833309837890625 0.884286609375 0.733830171875 0.816219814453125 0.74778400390625 0.817312744140625 0.752518005859375 0.876398904296875 0.84787929296875 0.9384962890625 0.83465756640625 0.94057333203125 0.83417804296875 0.94243520703125 0.833309837890625
0 0.7809541796875 0.68272726953125 0.84408145703125 0.783104005859375 0.9102018984375 0.76648675390625 0.846507876953125 0.66625928515625 0.7809541796875 0.68272726953125
0 0.808785416015625 0.52026575390625 0.81269944921875 0.51762570703125 0.721502458984375 0.44292699609375 0.65969892578125 0.48754521484375 0.660362291015625 0.4889678046875 0.74754637109375 0.55924434375 0.808785416015625 0.52026575390625
0 0.751698255859375 0.65157954296875 0.75560008203125 0.649760091796875 0.826907091796875 0.57070352734375 0.79046619140625 0.49982350390625 0.71336819921875 0.587787619140625 0.751698255859375 0.65157954296875
0 0.781325626953125 0.72913755859375 0.78661316796875 0.7266719375 0.86729711328125 0.642887025390625 0.829863630859375 0.573385912109375 0.744389869140625 0.65967150390625 0.781325626953125 0.72913755859375
0 0.773055509765625 0.46386312890625 0.772574931640625 0.46267366015625 0.70003161328125 0.3723191015625 0.64344990625 0.39517959375 0.6301645390625 0.401374662109375 0.70110224609375 0.495566880859375 0.773055509765625 0.46386312890625
0 0.619617861328125 0.42470453125 0.727693388671875 0.37558784765625 0.7110207734375 0.29503350390625 0.602293966796875 0.344765951171875 0.603943234375 0.354119412109375 0.618081138671875 0.42497549609375 0.619617861328125 0.42470453125
0 0.494628857421875 0 0.44558291796875 0.015421958984375 0.44702318359375 0.019854640625 0.509909330078125 0.1407102109375 0.583466720703125 0.11627323046875 0.58860020703125 0.1138794453125 0.52708353125 0 0.494628857421875 0
0 0.627773599609375 0.18353801953125 0.549921021484375 0.06713537109375 0.472440986328125 0.099273541015625 0.475621689453125 0.106766806640625 0.54816871875 0.21835753125 0.57767165625 0.206445751953125 0.588552771484375 0.2018269921875 0.627773599609375 0.18353801953125
0 0.67898157421875 0.339066892578125 0.703513244140625 0.32391166015625 0.60431344140625 0.217125671875 0.53662990234375 0.256897552734375 0.538575380859375 0.26106964453125 0.6362651328125 0.3637292421875 0.67898157421875 0.339066892578125
0 0.6579945625 0.26943937890625 0.58410041796875 0.1494246171875 0.51306884765625 0.170881884765625 0.513296412109375 0.171582255859375 0.58008053515625 0.296416455078125 0.612243833984375 0.28596596484375 0.653497580078125 0.27153635546875 0.6579945625 0.26943937890625
0 0.797120927734375 0.884542890625 0.822348123046875 0.875280025390625 0.73054162109375 0.748349439453125 0.650986291015625 0.77508488671875 0.65185733984375 0.777614599609375 0.7481008984375 0.90142183984375 0.797120927734375 0.884542890625
0 0.842740607421875 0.891866388671875 0.82535001953125 0.82060198828125 0.823990056640625 0.8176855390625 0.685480626953125 0.91038144921875 0.689559923828125 0.933057783203125 0.6918179375 0.940932416015625 0.693681703125 0.944929271484375 0.785262345703125 0.918668943359375 0.842740607421875 0.891866388671875
0 0.64653950390625 0.579415814453125 0.67923080078125 0.559678349609375 0.570798578125 0.454477939453125 0.50497541796875 0.492183869140625 0.50617380859375 0.494753828125 0.605343623046875 0.602251064453125 0.64653950390625 0.579415814453125
0 0.72204906640625 0.81950889453125 0.78897440234375 0.770632849609375 0.66292580859375 0.682200568359375 0.60473661328125 0.73200276953125 0.60582437890625 0.734335494140625 0.608010693359375 0.737344697265625 0.72204906640625 0.81950889453125
0 0.53955848828125 0.56265030859375 0.54267799609375 0.56934012109375 0.64383330078125 0.67418018359375 0.71221226953125 0.64082953125 0.711310388671875 0.638895443359375 0.616161416015625 0.532069314453125 0.53955848828125 0.56265030859375
0 0.734214388671875 0.67435030078125 0.711199037109375 0.596366783203125 0.58598226953125 0.684987529296875 0.604808857421875 0.750643650390625 0.607920630859375 0.75731687109375 0.610386904296875 0.756609677734375 0.734214388671875 0.67435030078125
0 0.482618974609375 0.3905806015625 0.48390341015625 0.39718844921875 0.489171119140625 0.41091906640625 0.54420740234375 0.53091188671875 0.58144305078125 0.523674009765625 0.62419392578125 0.512948107421875 0.62403923046875 0.512152259765625 0.558489115234375 0.37394059765625 0.482618974609375 0.3905806015625
0 0.39657688671875 0 0.29089461328125 0.067684166015625 0.30474431640625 0.0997587890625 0.324532505859375 0.142194697265625 0.33509673828125 0.137268513671875 0.449186431640625 0.069733306640625 0.415650412109375 0 0.39657688671875 0
0 0.476407146484375 0.18320728515625 0.40165919921875 0.073375400390625 0.326188822265625 0.112471966796875 0.329822703125 0.12026484765625 0.4012771953125 0.22034558984375 0.451711431640625 0.19810922265625 0.477492546875 0.18553493359375 0.476407146484375 0.18320728515625
0 0.42673553125 0.37615855078125 0.426813953125 0.376137537109375 0.54244973046875 0.314327697265625 0.5220652578125 0.23414645703125 0.52100895703125 0.234429494140625 0.403409115234375 0.292734228515625 0.424448322265625 0.37125361328125 0.42673553125 0.37615855078125
0 0.354454177734375 0.202664736328125 0.3570134453125 0.208153103515625 0.4515484765625 0.299129375 0.51883636328125 0.252013890625 0.518115240234375 0.25046744140625 0.4242169609375 0.15630636328125 0.354454177734375 0.202664736328125
0 0.4789025625 0.459841083984375 0.488784482421875 0.4552330703125 0.57518375390625 0.370247259765625 0.53534416796875 0.301625041015625 0.43994155078125 0.38995764453125 0.4789025625 0.459841083984375
0 0.57087480859375 1 0.46964080078125 0.88582528125 0.464428275390625 0.8884811953125 0.39773055859375 0.92399353125 0.400261587890625 0.92942133984375 0.47142653515625 1 0.57087480859375 1
0 0.147371453125 0.40582919140625 0.15093657421875 0.402837701171875 0.271260365234375 0.26792230859375 0.210710296875 0.19420000390625 0.09047816015625 0.33745636328125 0.11980399609375 0.375056638671875 0.1461163359375 0.406414462890625 0.147371453125 0.40582919140625
0 0.426516720703125 1 0.54045625 0.85802593359375 0.498421671875 0.79726880078125 0.497623095703125 0.79764118359375 0.373687056640625 0.94235230859375 0.38470618359375 0.957518837890625 0.418104841796875 1 0.426516720703125 1
0 0.27651258984375 0.5714078125 0.3588983984375 0.5276025 0.23494214453125 0.379504111328125 0.160995837890625 0.42370866015625 0.162299203125 0.426503740234375 0.16513953515625 0.431845626953125 0.27651258984375 0.5714078125
0 0.100214888671875 0.31058475390625 0.103291107421875 0.3085098203125 0.232387578125 0.18860303515625 0.179331619140625 0.113995173828125 0.03938325390625 0.236864275390625 0.04867739453125 0.25064340625 0.0954046875 0.3128277890625 0.100214888671875 0.31058475390625
0 0.49949073828125 0.884695716796875 0.41243357421875 0.71532481640625 0.328475291015625 0.7336897109375 0.329310333984375 0.737306677734375 0.4177013046875 0.9042534296875 0.45243230859375 0.89623514453125 0.49910273828125 0.88487664453125 0.49949073828125 0.884695716796875
0 0.2205067734375 0.63029480859375 0.22177863671875 0.635395978515625 0.2243683671875 0.640949669921875 0.390190962890625 0.561652171875 0.385064537109375 0.541091208984375 0.366655244140625 0.473620119140625 0.36603660546875 0.47377436328125 0.20503797265625 0.555651443359375 0.2205067734375 0.63029480859375
0 0.256573248046875 0.28299351953125 0.25630300390625 0.283182748046875 0.129668189453125 0.415874517578125 0.17666841796875 0.4938854453125 0.18002193359375 0.49232167578125 0.31247214453125 0.36195102734375 0.256573248046875 0.28299351953125
0 0.327548125 0.828675662109375 0.32894030078125 0.8279663125 0.46558980859375 0.70324003515625 0.4211985390625 0.621644595703125 0.27976627734375 0.747217794921875 0.29423612890625 0.77561648046875 0.324552404296875 0.83007258984375 0.327548125 0.828675662109375
0 0.24411480078125 0.653235658203125 0.27427485546875 0.733185716796875 0.278093505859375 0.74137484375 0.279082556640625 0.740934490234375 0.42338271875 0.622780443359375 0.388034513671875 0.545334205078125 0.387819078125 0.54543012109375 0.260044072265625 0.64089143359375 0.24411480078125 0.653235658203125
0 0.66164858203125 0 0.66223002734375 0.00124691015625 0.72983407421875 0.068206359375 0.79429511328125 0.023070251953125 0.770135693359375 0 0.66164858203125 0
0 0.72098327734375 0.13833523046875 0.72344505078125 0.14361452734375 0.813960888671875 0.099549712890625 0.795947041015625 0.0228264921875 0.70437159765625 0.071924443359375 0.72098327734375 0.13833523046875
0 0.849398296875 0.19053051953125 0.801343583984375 0.100122001953125 0.73062826953125 0.115003416015625 0.73204395703125 0.12068142578125 0.77583262890625 0.208209501953125 0.82496733203125 0.197355568359375 0.84601675390625 0.192107357421875 0.849398296875 0.19053051953125
0 0.75447226953125 0.1970707265625 0.756138251953125 0.20081258203125 0.817069287109375 0.27902847265625 0.85077650390625 0.264021052734375 0.887537822265625 0.246878970703125 0.828727955078125 0.17022088671875 0.75447226953125 0.1970707265625
0 0.254054810546875 1 0.35754896484375 0.91863197265625 0.326742283203125 0.836948103515625 0.177186658203125 0.94674791796875 0.197628216796875 1 0.254054810546875 1
0 0.3350498203125 0.885761677734375 0.335071099609375 0.885746826171875 0.33475025390625 0.88505876953125 0.1925529140625 0.764488294921875 0.120992375 0.818555658203125 0.12138450390625 0.819396578125 0.122138802734375 0.820514873046875 0.257587564453125 0.93801062890625 0.3350498203125 0.885761677734375
0 0.34560331640625 1 0.286061107421875 0.926735724609375 0.201843302734375 0.96089546484375 0.203983908203125 0.96593841015625 0.232567220703125 1 0.34560331640625 1
0 0.0775152265625 0.72901580078125 0.079949138671875 0.734235345703125 0.221085677734375 0.85023791796875 0.29523534765625 0.802034720703125 0.15690951953125 0.676078345703125 0.0775152265625 0.72901580078125
0 0 0.475700166015625 0.023888259765625 0.5130898984375 0.038939490234375 0.50638866015625 0.113517611328125 0.47161230859375 0.001557591796875 0.31396610546875 0 0.314648927734375 0 0.475700166015625
0 0 0.51363338671875 0.0963323046875 0.59063599609375 0.1441887890625 0.551882578125 0.16968212890625 0.531069033203125 0.169055501953125 0.5297252265625 0.021424376953125 0.4080172578125 0 0.425366376953125 0 0.51363338671875
0 0 0.536841908203125 0.000797455078125 0.53863301953125 0.11023924609375 0.6884381328125 0.12003119140625 0.684078478515625 0.20069358984375 0.646464984375 0.08586725390625 0.49511871484375 0 0.53139814453125 0 0.536841908203125
0 0.027444416015625 0.6475189296875 0.028468837890625 0.649715810546875 0.17766662890625 0.773610703125 0.25471202734375 0.71341623828125 0.25453251953125 0.71303128125 0.09936612109375 0.589168515625 0.027444416015625 0.6475189296875
0 0 0.414553330078125 0.00536781640625 0.419736455078125 0.02477349609375 0.404575076171875 0.08126025390625 0.358100220703125 0 0.27562606640625 0 0.414553330078125
0 1 0.507143056640625 0.945170556640625 0.43710008203125 0.8797485 0.46619988671875 0.881317498046875 0.469896216796875 0.950055890625 0.553371625 0.98652293359375 0.53789228515625 1 0.53168705859375 1 0.507143056640625
0 0.907118677734375 0.32739772265625 0.86736357421875 0.24171236328125 0.79650484765625 0.25790047265625 0.797038236328125 0.260409880859375 0.84104423046875 0.342773732421875 0.857569119140625 0.3395703046875 0.9006536953125 0.33041239453125 0.907118677734375 0.32739772265625
0 1 0.535334201171875 0.97599248828125 0.504235009765625 0.907041341796875 0.530696935546875 0.907434734375 0.531670611328125 0.98742217578125 0.61496644140625 1 0.610466462890625 1 0.535334201171875
0 0.96612108203125 0.41472810546875 0.920232943359375 0.355095212890625 0.85983261328125 0.44362378125 0.907023884765625 0.496396669921875 0.90887716015625 0.49553247265625 0.91266573046875 0.49246455078125 0.96612108203125 0.41472810546875
0 0.897644541015625 0.40480661328125 0.948520234375 0.375433517578125 0.87577654296875 0.30901100390625 0.814548357421875 0.34268338671875 0.816618791015625 0.347123443359375 0.88377024609375 0.41222273828125 0.897644541015625 0.40480661328125
0 1 0.57978869140625 0.96513011328125 0.62897989453125 0.950583669921875 0.65025973828125 0.956236576171875 0.65966775390625 0.983015638671875 0.70232505078125 0.98772744921875 0.700127900390625 0.988077244140625 0.69991772265625 1 0.68573938671875 1 0.57978869140625