0 0.725114080078125 0.97220956640625 0.739195203125 0.90246769921875 0.62321328125 0.92038635546875 0.61447942578125 0.9654015234375 0.612391220703125 0.9852694609375 0.61697206640625 0.9860771875 0.725114080078125 0.97220956640625
0 0.716941861328125 0.937573673828125 0.71793537890625 0.93767809765625 0.708762017578125 0.8194240390625 0.643150287109375 0.803188810546875 0.651764341796875 0.92145266796875 0.716941861328125 0.937573673828125
0 0.637870005859375 0.6626233515625 0.748405857421875 0.6585146875 0.769051294921875 0.588920748046875 0.7702732265625 0.5843604375 0.65243922265625 0.58781521484375 0.63510365234375 0.661882109375 0.637870005859375 0.6626233515625
0 0.74441995703125 0.735659869140625 0.756845810546875 0.672189625 0.7580209609375 0.66100882421875 0.646617369140625 0.67262020703125 0.633054392578125 0.72398538671875 0.63075376953125 0.73582107421875 0.62937841015625 0.74890673046875 0.630664390625 0.74915669921875 0.74441995703125 0.735659869140625
0 0.7479758515625 0.735831138671875 0.74792602734375 0.73582501953125 0.62880530859375 0.75915272265625 0.62530660546875 0.787647376953125 0.62006694921875 0.837499359375 0.738571560546875 0.81602578515625 0.7479758515625 0.735831138671875
0 0.6610519765625 0.505360810546875 0.63658281640625 0.5796925859375 0.638961107421875 0.580558212890625 0.7533593203125 0.587034037109375 0.77930816796875 0.515740158203125 0.6610519765625 0.505360810546875
0 0.65724319921875 0.40905058203125 0.65675382421875 0.413706669921875 0.68946182421875 0.524551767578125 0.771552599609375 0.51925240625 0.7373735859375 0.404452701171875 0.65724319921875 0.40905058203125
0 0.678080609375 0.07626312109375 0.678464669921875 0.079391048828125 0.71877658984375 0.2082035625 0.787873482421875 0.200385708984375 0.79950457421875 0.19895758984375 0.7595228359375 0.06389341796875 0.67827506640625 0.07441298828125 0.678080609375 0.07626312109375
0 0.66412349609375 0.16421194921875 0.664349087890625 0.165817123046875 0.705542333984375 0.2923820390625 0.737122978515625 0.28851206640625 0.791941525390625 0.2808078203125 0.746374103515625 0.146766177734375 0.66482438671875 0.157543419921875 0.66412349609375 0.16421194921875
0 0.62607500390625 0.41272990234375 0.63262476171875 0.4149851640625 0.77020132421875 0.429710138671875 0.7839823828125 0.389687033203125 0.795999814453125 0.353897091796875 0.649073796875 0.33995420703125 0.645510265625 0.350303451171875 0.62607500390625 0.41272990234375
0 0.78891851953125 0.25228067578125 0.788577490234375 0.25224483203125 0.64765073828125 0.27493371875 0.648041638671875 0.355306921875 0.65433411328125 0.355968287109375 0.78607958203125 0.326469048828125 0.78891851953125 0.25228067578125
0 0.465363994140625 0.96926272265625 0.467265826171875 0.96916305078125 0.61102685546875 0.917186111328125 0.60721433984375 0.8324279609375 0.45906074609375 0.89186606640625 0.46181784765625 0.944474712890625 0.463608259765625 0.969078185546875 0.465363994140625 0.96926272265625
0 0.56554641796875 1 0.572019359375 0.88561690234375 0.490267578125 0.876611365234375 0.48912202734375 0.88751055859375 0.516735388671875 1 0.56554641796875 1
0 0.486237208984375 0.62053267578125 0.48962655859375 0.621009017578125 0.635123326171875 0.59831146484375 0.63783447265625 0.579020662109375 0.64501575 0.522129736328125 0.49541573046875 0.53704223046875 0.493237666015625 0.55253996484375 0.486237208984375 0.62053267578125
0 0.60414993359375 0.749467955078125 0.60305425390625 0.749467955078125 0.46561468359375 0.79472862890625 0.46561468359375 0.876593775390625 0.467984359375 0.87684283984375 0.61040795703125 0.82794828125 0.60414993359375 0.749467955078125
0 0.61530778515625 0.68825455859375 0.6390960234375 0.606573974609375 0.48573803515625 0.62262551171875 0.472915625 0.6829502109375 0.471525326171875 0.69617801953125 0.47640572265625 0.69721537890625 0.61530778515625 0.68825455859375
0 0.61972709375 0.740295869140625 0.61163308203125 0.664475671875 0.471765755859375 0.7226863359375 0.47875394140625 0.802561646484375 0.480486103515625 0.802743705078125 0.481553466796875 0.802650322265625 0.61972709375 0.740295869140625
0 0.53531578515625 0.399504990234375 0.53346032421875 0.40597574609375 0.53192031640625 0.420601306640625 0.526482404296875 0.552501640625 0.5629455390625 0.56295727734375 0.6059063046875 0.572808919921875 0.60612977734375 0.57202958203125 0.6104709765625 0.419122962890625 0.53531578515625 0.399504990234375
0 0.557610009765625 0.011669697265625 0.556765349609375 0.01970609375 0.57416037109375 0.13440923046875 0.652253984375 0.130316517578125 0.661860818359375 0.129698005859375 0.639741943359375 0.011933330078125 0.610741078125 0.008885216796875 0.557610009765625 0.011669697265625
0 0.5285048046875 0.14192264453125 0.53810798046875 0.207066146484375 0.540527189453125 0.207320416015625 0.54222067578125 0.20711248046875 0.66449836328125 0.17083265234375 0.657523658203125 0.08764427734375 0.65502841015625 0.087382017578125 0.526119677734375 0.122497341796875 0.5285048046875 0.14192264453125
0 0.5139173359375 0.36948980859375 0.63923606640625 0.35159746484375 0.647504525390625 0.26927984375 0.646415123046875 0.26918453515625 0.51644987890625 0.283697517578125 0.5135911484375 0.310896537109375 0.508514580078125 0.36892195703125 0.5139173359375 0.36948980859375
0 0.540992951171875 0.159244837890625 0.54057183984375 0.1622412109375 0.5450094921875 0.29462269140625 0.590102642578125 0.3020840859375 0.629719333984375 0.30624796875 0.622408744140625 0.171218095703125 0.540992951171875 0.159244837890625
0 0.504460765625 0.45804896484375 0.51146008203125 0.45878462109375 0.6321034453125 0.4252649453125 0.630527671875 0.345931984375 0.5042621640625 0.376937314453125 0.504460765625 0.45804896484375
0 0.143204845703125 0.934958978515625 0.148004572265625 0.93670593359375 0.330280794921875 0.954057833984375 0.33197308984375 0.949408298828125 0.35753016015625 0.875048212890625 0.17003240234375 0.86927701953125 0.14339002734375 0.9331971015625 0.143204845703125 0.934958978515625
0 0.22343226953125 0.20154217578125 0.2266169609375 0.202277419921875 0.4085345390625 0.211830576171875 0.431926009765625 0.124824173828125 0.2442047265625 0.109298126953125 0.236420029296875 0.141469232421875 0.22416869140625 0.19453561328125 0.22343226953125 0.20154217578125
0 0.15781448046875 0.870698005859375 0.16337745703125 0.87147983203125 0.346954251953125 0.854055564453125 0.355009873046875 0.775100294921875 0.16769054296875 0.798935791015625 0.1645366796875 0.818147494140625 0.159781791015625 0.85198028125 0.15781448046875 0.870698005859375
0 0.395008232421875 0.394679671875 0.4074528515625 0.307558984375 0.219917154296875 0.30621854296875 0.20361615625 0.390079908203125 0.2028665 0.3972124140625 0.205632255859375 0.397750021484375 0.395008232421875 0.394679671875
0 0.267534330078125 0 0.314461763671875 0.164888494140625 0.368904529296875 0.158203763671875 0.40539944140625 0.1528030703125 0.36650198046875 0 0.267534330078125 0
0 0.287984615234375 0.813509412109375 0.336404396484375 0.811244173828125 0.28324008984375 0.62829080078125 0.19879619921875 0.63026379296875 0.19815771875 0.636338541015625 0.252361755859375 0.814753388671875 0.287984615234375 0.813509412109375
0 0.22894183984375 0.35839526171875 0.27163446484375 0.535440671875 0.31274314453125 0.534005125 0.3625421640625 0.531167294921875 0.362489591796875 0.5296617890625 0.316104146484375 0.356015154296875 0.229238525390625 0.3555724921875 0.22894183984375 0.35839526171875
0 0.41668105078125 0.210283810546875 0.416355203125 0.210232201171875 0.233086294921875 0.21771473828125 0.215045552734375 0.29628454296875 0.21384496484375 0.30770737109375 0.402042859375 0.30591172265625 0.41668105078125 0.210283810546875
0 0.17217212890625 0.6709830859375 0.35711171484375 0.676187234375 0.38186026171875 0.58665562109375 0.192891931640625 0.57873831640625 0.183573291015625 0.60921822265625 0.1675229296875 0.66956168359375 0.17217212890625 0.6709830859375
0 0.205811876953125 0.61519250390625 0.37556603515625 0.542046625 0.362934236328125 0.457857234375 0.362700708984375 0.4578900546875 0.21356278515625 0.51443379296875 0.19484805859375 0.52190912109375 0.20243640234375 0.614837728515625 0.205811876953125 0.61519250390625
0 0.9138450703125 0.07030758984375 0.916290583984375 0.16606996484375 0.994361697265625 0.174865181640625 0.98875209765625 0.07582331640625 0.96556280859375 0.072976029296875 0.914266212890625 0.066877662109375 0.9138450703125 0.07030758984375
0 0.999118576171875 0.1544979453125 0.90125060546875 0.16525851953125 0.899199369140625 0.184774732421875 0.895235578125 0.241459556640625 0.905316333984375 0.2425190859375 0.993734302734375 0.23115943359375 0.999118576171875 0.1544979453125
0 0 0.93784456640625 0.056217412109375 0.9561107109375 0.14795555859375 0.96575277734375 0.16554894140625 0.896783396484375 0 0.891437357421875 0 0.93784456640625
0 0.90590166796875 0.322707048828125 0.9796821640625 0.33046169140625 0.97105483203125 0.2310050546875 0.895427353515625 0.2206630625 0.89433132421875 0.2310910703125 0.90590166796875 0.322707048828125
0 0.958208953125 0.4146156328125 0.96785725 0.31296485546875 0.89678712890625 0.2877371171875 0.896023572265625 0.290087095703125 0.8889450859375 0.3911095078125 0.944862115234375 0.41158995703125 0.952244974609375 0.41398879296875 0.958208953125 0.4146156328125
0 0.86749369140625 0.475780876953125 0.874778443359375 0.47654653515625 0.96845876171875 0.455058212890625 0.969813412109375 0.37745039453125 0.8744108359375 0.3985908203125 0.86749369140625 0.475780876953125
0 0 0.797225234375 0.155869921875 0.801891814453125 0.183813576171875 0.713021607421875 0.183879017578125 0.712398984375 0 0.71295979296875 0 0.797225234375
0 0 0.71924933984375 0.00494012890625 0.71976856640625 0.173358171875 0.692913490234375 0.174862939453125 0.678596578125 0.18187274609375 0.59984092578125 0 0.63094557421875 0 0.71924933984375
0 0 0.9097405546875 0.16040660546875 0.8724100625 0.16558152734375 0.79692755859375 0.1664302578125 0.7807328515625 0.164751955078125 0.780556455078125 0 0.8216405 0 0.9097405546875
0 0 0.6249829375 0.000325607421875 0.62501716015625 0.1795601328125 0.60402627734375 0.19202557421875 0.50679869921875 0.006016884765625 0.538201677734375 0 0.581161349609375 0 0.6249829375
0 0.19592851953125 0.268897828125 0.163781806640625 0.078318548828125 0.066370990234375 0.08148762890625 0.06623014453125 0.08282767578125 0.0663129375 0.087570830078125 0.106514169921875 0.27068633203125 0.19590453515625 0.269126017578125 0.19592851953125 0.268897828125
0 0.07884335546875 0.181200974609375 0.0461495625 0.18419317578125 0.045710984375 0.188365966796875 0.099267953125 0.3691987421875 0.177240396484375 0.362377037109375 0.1968676875 0.36050948046875 0.196814677734375 0.35990356640625 0.13928551171875 0.17591297265625 0.07884335546875 0.181200974609375
0 0.158165892578125 0.476640640625 0.161009599609375 0.284876583984375 0.06450107421875 0.2625958359375 0.063498716796875 0.26693751953125 0.064114611328125 0.4550684296875 0.136953587890625 0.4733584375 0.145324041015625 0.475290908203125 0.158165892578125 0.476640640625
0 0.1027901640625 0.565851130859375 0.1628601484375 0.56789362890625 0.1309576484375 0.3729384609375 0.03469739453125 0.36789367578125 0.034121923828125 0.373368912109375 0.069129083984375 0.56408702734375 0.1027901640625 0.565851130859375
0 0.04589609765625 0.11337487109375 0.22062462890625 0.13925373828125 0.24393832421875 0.06519211328125 0.2505933671875 0.04035515625 0.05630928125 0.0165098515625 0.042740185546875 0.0671503984375 0.0381013203125 0.111286267578125 0.04589609765625 0.11337487109375
0 0.834307458984375 0.77237423828125 0.938598353515625 0.74739399609375 0.940140421875 0.678233583984375 0.9386033984375 0.67807203515625 0.83137441015625 0.70096940234375 0.82949347265625 0.73685984375 0.82826300390625 0.77173894140625 0.834307458984375 0.77237423828125
0 0.853883662109375 0.54118447265625 0.854930330078125 0.541387923828125 0.948962466796875 0.53297089453125 0.963221189453125 0.46605553515625 0.867033962890625 0.469229091796875 0.856994228515625 0.520879048828125 0.854623271484375 0.5341475625 0.853883662109375 0.54118447265625
0 0.932599041015625 0.74814075390625 0.932300978515625 0.74810942578125 0.823611568359375 0.789481888671875 0.82022982421875 0.84787884765625 0.8286253515625 0.84876125390625 0.93000632421875 0.822227021484375 0.932599041015625 0.74814075390625
0 0.841539927734375 0.69772128125 0.85104241015625 0.698720033203125 0.939733884765625 0.675806474609375 0.94422436328125 0.600695630859375 0.840559689453125 0.62788280859375 0.841539927734375 0.69772128125
0 0.93631226171875 0.632269134765625 0.93024221875 0.53580706640625 0.862151181640625 0.517318056640625 0.86118210546875 0.521204810546875 0.86429551171875 0.61560426953125 0.879427517578125 0.61990744921875 0.923684140625 0.630941865234375 0.93631226171875 0.632269134765625
0 0.879218380859375 0.99265519140625 0.912319193359375 0.99496982421875 0.87474866015625 0.885098462890625 0.807235294921875 0.88037746875 0.806560380859375 0.88679884375 0.84193616796875 0.98820198828125 0.879218380859375 0.99265519140625
0 0.80978762109375 0.852680076171875 0.807953943359375 0.918859509765625 0.811660595703125 0.91924909375 0.89489756640625 0.889497505859375 0.919058013671875 0.880394849609375 0.919686912109375 0.87140118359375 0.922438361328125 0.81671930859375 0.810208353515625 0.846663349609375 0.80978762109375 0.852680076171875
0 0.90322216796875 1 0.9128944453125 0.96906796484375 0.86476760546875 0.95673377734375 0.80914280078125 0.94286495703125 0.79470451171875 1 0.90322216796875 1