0 0.887829115234375 0.172176205078125 0.81869758984375 0.090680615234375 0.75290889453125 0.1167086015625 0.75325390625 0.11765651953125 0.830734140625 0.20436676171875 0.89071614453125 0.18010825 0.887829115234375 0.172176205078125
0 0.819641921875 0.21628304296875 0.754208392578125 0.117182453125 0.688952083984375 0.134792 0.75382155859375 0.234051724609375 0.819641921875 0.21628304296875
0 0.5079748984375 0.32363843359375 0.58314254296875 0.31196574609375 0.582793515625 0.30912315234375 0.537576572265625 0.20817523046875 0.46531627734375 0.2151034609375 0.4606302890625 0.215678828125 0.5079748984375 0.32363843359375
0 0.66739917578125 0.260953466796875 0.59737509375 0.17680759375 0.52670572265625 0.20524952734375 0.597772693359375 0.293165607421875 0.648238083984375 0.2765649921875 0.66989637890625 0.26781447265625 0.66739917578125 0.260953466796875
0 0.710387990234375 0.134101701171875 0.61592534375 0.21133815234375 0.645743837890625 0.284001361328125 0.651522265625 0.28189818359375 0.74025613671875 0.20722984765625 0.710669107421875 0.133999384765625 0.710387990234375 0.134101701171875
0 0.474240201171875 0.217307072265625 0.39027554296875 0.301224857421875 0.43109591015625 0.367115150390625 0.434122021484375 0.366013734375 0.5121748828125 0.28301187109375 0.474240201171875 0.217307072265625
0 0.437927912109375 0.3358657265625 0.417062255859375 0.256294353515625 0.31089341015625 0.311750220703125 0.33106611328125 0.39098316015625 0.332347802734375 0.39068726171875 0.437927912109375 0.3358657265625
0 0 0.45697340234375 0.01561798828125 0.513761859375 0.02041023828125 0.512477779296875 0.14235882421875 0.4546309375 0.125584220703125 0.38955841796875 0.12082915625 0.37649398828125 0 0.43153308984375 0 0.45697340234375
0 0.195726375 0.34471330078125 0.07319030859375 0.40994530859375 0.098373474609375 0.492386021484375 0.104192669921875 0.490495251953125 0.223425853515625 0.42501276171875 0.21071932421875 0.385906083984375 0.195726375 0.34471330078125
0 0.290802142578125 0.43617281640625 0.301666130859375 0.43483888671875 0.36629451171875 0.42494123046875 0.365450302734375 0.41806570703125 0.318375427734375 0.28795770703125 0.2763616796875 0.29311634765625 0.238925798828125 0.298004427734375 0.290802142578125 0.43617281640625
0 0.24235204296875 0.31952884765625 0.168279625 0.32576001953125 0.20807108203125 0.463206439453125 0.28875505859375 0.452901126953125 0.28827687890625 0.44835152734375 0.24235204296875 0.31952884765625
0 0.91176070703125 0.240971107421875 0.90773871484375 0.222308935546875 0.905151751953125 0.215201310546875 0.76762662890625 0.28794800390625 0.7830299296875 0.37044996484375 0.78565625 0.369939458984375 0.92165312109375 0.29186317578125 0.91176070703125 0.240971107421875
0 0.83749465234375 0.31790883203125 0.85083144921875 0.34902890625 0.861545052734375 0.34512947265625 0.95655265234375 0.29246590234375 0.94543913671875 0.261931765625 0.924892857421875 0.22486530078125 0.83749465234375 0.31790883203125
0 0.558894271484375 0.4806854453125 0.618252017578125 0.45028230859375 0.615864908203125 0.44372378125 0.52000501171875 0.33676117578125 0.502349787109375 0.344993939453125 0.45072583984375 0.369956232421875 0.54471051953125 0.4872994375 0.558894271484375 0.4806854453125
0 0.837517322265625 0.312620791015625 0.810355322265625 0.242378234375 0.81006653515625 0.242483345703125 0.69227257421875 0.341140560546875 0.7250894453125 0.40976025390625 0.733459904296875 0.406713654296875 0.84008275 0.319669248046875 0.837517322265625 0.312620791015625
0 0.58414958984375 0.4693720546875 0.683061572265625 0.371520763671875 0.65203269921875 0.304252837890625 0.64684475390625 0.294893533203125 0.54191313671875 0.40732141015625 0.576776853515625 0.47205551171875 0.58414958984375 0.4693720546875
0 0.73713317578125 0.274376724609375 0.615754939453125 0.364508125 0.64248887890625 0.44024195703125 0.645184345703125 0.43931383203125 0.763070142578125 0.346251591796875 0.75915497265625 0.334881115234375 0.73713317578125 0.274376724609375
0 0.377348515625 0.43212096484375 0.3942550625 0.51108787109375 0.39824252734375 0.510456318359375 0.53450288671875 0.45156532421875 0.5265940859375 0.401631123046875 0.522434271484375 0.3788998828125 0.520651708984375 0.374002330078125 0.51945711328125 0.37419153515625 0.501105166015625 0.38050673046875 0.377348515625 0.43212096484375
0 0.11329107421875 0.66070387109375 0.112502265625 0.6516877578125 0.08753652734375 0.51858442578125 0.0002266015625 0.527274109375 0.03147197265625 0.666629236328125 0.109591796875 0.662050298828125 0.11329107421875 0.66070387109375
0 0.18504161328125 0.49632357421875 0.069373810546875 0.55919310546875 0.093758939453125 0.6399982578125 0.2148279140625 0.57767596484375 0.209205486328125 0.56134725390625 0.18504161328125 0.49632357421875
0 0.2875285234375 0.57876760546875 0.365909236328125 0.56210726953125 0.372065162109375 0.5598666953125 0.37204244921875 0.559759833984375 0.31636922265625 0.44104765234375 0.235231029296875 0.457207830078125 0.23545839453125 0.45827749609375 0.2875285234375 0.57876760546875
0 0.294096279296875 0.5572956875 0.282089611328125 0.4814885625 0.2800740625 0.475950888671875 0.153746458984375 0.519251603515625 0.164870404296875 0.60257054296875 0.165228794921875 0.603555212890625 0.169549458984375 0.60287088671875 0.294096279296875 0.5572956875
0 0.461568400390625 0.499484267578125 0.46062612109375 0.498087283203125 0.371124318359375 0.414028859375 0.300963697265625 0.45983632421875 0.40022070703125 0.54756669140625 0.46346234765625 0.504687841796875 0.461568400390625 0.499484267578125
0 1 0.50917430078125 0.96949023828125 0.453127212890625 0.964689279296875 0.4543242265625 0.88875064453125 0.474718087890625 0.98881351953125 0.633387982421875 1 0.631137826171875 1 0.50917430078125
0 0.2330769765625 0.90310314453125 0.36900958203125 0.77953561328125 0.32591401953125 0.714170712890625 0.31636580859375 0.70001490625 0.18194943359375 0.8297918671875 0.22867362109375 0.9047058359375 0.2330769765625 0.90310314453125
0 0.79516050390625 0.529742833984375 0.931199578125 0.663792544921875 0.947097818359375 0.65385822265625 0.99615302734375 0.620552365234375 0.996081833984375 0.62035676953125 0.99336984375 0.61601667578125 0.8587118515625 0.491547279296875 0.795012146484375 0.52933522265625 0.79516050390625 0.529742833984375
0 0.410400498046875 0.833574328125 0.41258920703125 0.832361107421875 0.550186408203125 0.718569318359375 0.5049499375 0.63696056640625 0.3590374375 0.76348261328125 0.40405244140625 0.83588483203125 0.410400498046875 0.833574328125
0 0.139628123046875 0.93379019140625 0.142141783203125 0.93287529296875 0.28086839453125 0.816937748046875 0.25261772265625 0.769920734375 0.23284012890625 0.738777630859375 0.09454547265625 0.84792504296875 0.104548279296875 0.87540752734375 0.139628123046875 0.93379019140625
0 0.903128486328125 0.648213095703125 0.762947625 0.5259223203125 0.69386316796875 0.573720384765625 0.835899576171875 0.70070085546875 0.843628927734375 0.69561619140625 0.9052530234375 0.65405021484375 0.903128486328125 0.648213095703125
0 0.444809607421875 0.653760658203125 0.55339991015625 0.79809555859375 0.62422314453125 0.769900076171875 0.6333394140625 0.765841251953125 0.63142453515625 0.76058016796875 0.52715799609375 0.61471344140625 0.50779959375 0.62333235546875 0.44455028125 0.653178203125 0.444809607421875 0.653760658203125
0 0.4461943984375 0.84881363671875 0.3771072265625 0.673843611328125 0.28258501953125 0.69444766015625 0.28265361328125 0.694770361328125 0.3553168671875 0.863185126953125 0.439493201171875 0.851252671875 0.4461943984375 0.84881363671875
0 0.63581739453125 0.72549262890625 0.808822263671875 0.660461435546875 0.805173380859375 0.625744638671875 0.796607056640625 0.565593158203125 0.619687736328125 0.63488483203125 0.63175036328125 0.725920091796875 0.63581739453125 0.72549262890625
0 0.71956241015625 0.742383998046875 0.638487298828125 0.606182484375 0.627875759765625 0.589050150390625 0.537655478515625 0.61266563671875 0.536286068359375 0.613164060546875 0.536546666015625 0.61396608984375 0.639425537109375 0.770519455078125 0.719934720703125 0.74352985546875 0.71956241015625 0.742383998046875
0 0 0.271565265625 0.015928865234375 0.29707415234375 0.01887271484375 0.296002677734375 0.089924015625 0.2314088359375 0.0482233984375 0.16467389453125 0 0.210150822265625 0 0.271565265625
0 0.153953705078125 0.17374069140625 0.15177914453125 0.1600110546875 0.148042025390625 0.14974340234375 0.05456947265625 0.18788480859375 0.064907826171875 0.261042619140625 0.0675751484375 0.260620158203125 0.16067079296875 0.22681394140625 0.153953705078125 0.17374069140625
0 0.13676315234375 0.23534207421875 0.231312048828125 0.199063443359375 0.22624208203125 0.139729994140625 0.224736697265625 0.127469619140625 0.22421783203125 0.126044044921875 0.12713921875 0.16057009375 0.13427459375 0.235265693359375 0.13440766015625 0.23563129296875 0.13676315234375 0.23534207421875
0 0.3132870546875 0.188844623046875 0.312235736328125 0.18517824609375 0.263142740234375 0.09986831640625 0.188529955078125 0.1212631875 0.23663965625 0.20631626171875 0.3045090859375 0.19203954296875 0.3132870546875 0.188844623046875
0 1 0.74533294921875 0.97305060546875 0.67129009375 0.824194513671875 0.78417463671875 0.85318261328125 0.8652970390625 0.857144052734375 0.86385519140625 1 0.762763166015625 1 0.74533294921875
0 0.781281533203125 0.89978078125 0.916587830078125 0.786004373046875 0.877099916015625 0.70132226953125 0.87694516015625 0.701003748046875 0.73502818359375 0.82309346484375 0.77679876171875 0.901412376953125 0.781281533203125 0.89978078125
0 1 0.64117796484375 0.9995035703125 0.64024440234375 0.91416937890625 0.66055565625 0.91421791796875 0.660805365234375 1 0.828431640625 1 0.64117796484375
0 0.795550916015625 0.736589958984375 0.64358743359375 0.84570523046875 0.67863948046875 0.933813876953125 0.687664154296875 0.9305291640625 0.82728417578125 0.8191412890625 0.795550916015625 0.736589958984375
0 0.428253587890625 1 0.37890508984375 0.87396283203125 0.290709521484375 0.88899382421875 0.32801216015625 1 0.428253587890625 1
0 0.54921337109375 1 0.565608482421875 0.990912041015625 0.563917544921875 0.98626623046875 0.44185903515625 0.843342103515625 0.39365063671875 0.870064455078125 0.356497720703125 0.891029291015625 0.35717373046875 0.89224884765625 0.452045998046875 1 0.54921337109375 1
0 0.571729666015625 1 0.611233517578125 0.991603197265625 0.64068210546875 0.980884787109375 0.560976263671875 0.8114058359375 0.465786685546875 0.82974395703125 0.542125740234375 1 0.571729666015625 1
0 0.75867630859375 0.91375843359375 0.6166225859375 0.77797821484375 0.53538488671875 0.832773736328125 0.6806430078125 0.96634020703125 0.690744701171875 0.9626634921875 0.759037529296875 0.914750880859375 0.75867630859375 0.91375843359375
0 0.377600888671875 1 0.378448908203125 0.99939343359375 0.348410220703125 0.93921521875 0.330944435546875 0.907706111328125 0.208478947265625 1 0.377600888671875 1
0 0.578934419921875 0 0.477661162109375 0.0439717890625 0.4879739296875 0.1111880078125 0.4941730625 0.11042684765625 0.59129075 0.0710827578125 0.586709908203125 0.0337747890625 0.58275321484375 0.00554837890625 0.58073376953125 0 0.578934419921875 0
0 0.316104900390625 0.19280734375 0.37464508984375 0.12275669921875 0.36548458984375 0.108635115234375 0.336761748046875 0.06605175390625 0.271083220703125 0.1362120859375 0.311648826171875 0.19442922265625 0.316104900390625 0.19280734375
0 0.59633477734375 0 0.55313451171875 0.044484744140625 0.57526743359375 0.10014267578125 0.57986190234375 0.09847042578125 0.663040357421875 0.02949544140625 0.649908142578125 0 0.59633477734375 0
0 0.5142746484375 0.0734986875 0.499649896484375 0.02848833203125 0.49597006640625 0.018378080078125 0.40942667578125 0.078293462890625 0.43521175 0.14615837109375 0.43745412890625 0.145429779296875 0.51901079296875 0.089407408203125 0.5142746484375 0.0734986875
0 0.45516882421875 0.130131357421875 0.396797111328125 0.05701218359375 0.329335951171875 0.08131107421875 0.38854652734375 0.16020369921875 0.42304784765625 0.14823933984375 0.45701400390625 0.135200953125 0.45516882421875 0.130131357421875
0 0.70765584765625 0 0.72769879296875 0.037329890625 0.75878656640625 0.036141849609375 0.7907770078125 0.033343048828125 0.797213982421875 0.031000181640625 0.78081537890625 0 0.70765584765625 0
0 0.617703453125 0 0.66647560546875 0.047647072265625 0.68521789453125 0.06534332421875 0.695394392578125 0.06123175 0.740649642578125 0.041910583984375 0.737368826171875 0.032896619140625 0.7088336015625 0 0.617703453125 0