0 0.54079426171875 1 0.53362908984375 0.91270918359375 0.53077084765625 0.907333609375 0.47069896875 0.932808017578125 0.47447618359375 1 0.54079426171875 1
0 0.422247294921875 0.942172845703125 0.538245193359375 0.94508017578125 0.540568076171875 0.943845076171875 0.521153068359375 0.879913513671875 0.40260046484375 0.877500720703125 0.422247294921875 0.942172845703125
0 0.28437567578125 0.66471458203125 0.28644530859375 0.668957951171875 0.319990580078125 0.73333391796875 0.424729669921875 0.716986015625 0.4311933046875 0.71354923828125 0.400703943359375 0.64562209765625 0.28437567578125 0.66471458203125
0 0.43350079296875 0.718495912109375 0.322187732421875 0.73822289453125 0.35686299609375 0.8060515703125 0.467418548828125 0.788078892578125 0.47172968359375 0.78578662109375 0.46069652734375 0.76413283203125 0.43350079296875 0.718495912109375
0 0.47176357421875 0.88735055859375 0.482123853515625 0.77080993359375 0.481486107421875 0.768047552734375 0.48035282421875 0.765916158203125 0.403815685546875 0.783148310546875 0.394755607421875 0.904470115234375 0.3950677578125 0.90505718359375 0.47176357421875 0.88735055859375
0 0.321913623046875 0.69766126953125 0.32278855078125 0.69859951171875 0.38193066796875 0.64678629296875 0.32653944140625 0.54268067578125 0.3239478984375 0.544058623046875 0.27068271484375 0.593729208984375 0.321913623046875 0.69766126953125
0 0.25127309765625 0.61928394921875 0.318514642578125 0.6003629765625 0.330289486328125 0.596763046875 0.3252502109375 0.47753877734375 0.325172587890625 0.477392787109375 0.24589956640625 0.499088953125 0.25127309765625 0.61928394921875
0 0.1461526328125 0.338965505859375 0.2102783515625 0.285873365234375 0.141111595703125 0.1684991953125 0.138194341796875 0.16502255078125 0.13769696875 0.165287009765625 0.07694771875 0.21725400390625 0.1461526328125 0.338965505859375
0 0.2650722890625 0.361236814453125 0.26641255078125 0.36052418359375 0.264228181640625 0.35237200390625 0.24402130078125 0.27936820703125 0.10328229296875 0.28976405859375 0.102043248046875 0.29042287109375 0.1027728515625 0.293145787109375 0.1259354375 0.37385069921875 0.2622489375 0.361993330078125 0.2650722890625 0.361236814453125
0 0.303996544921875 0.408906646484375 0.17069999609375 0.47226033203125 0.1942335703125 0.501781671875 0.220872240234375 0.53467769140625 0.34511568359375 0.47378678515625 0.350499095703125 0.4694273828125 0.3108848203125 0.417412958984375 0.303996544921875 0.408906646484375
0 0.204342349609375 0.48666117578125 0.233693177734375 0.47359334375 0.2717696796875 0.455682845703125 0.246983853515625 0.320356537109375 0.245202244140625 0.31700581640625 0.17024269921875 0.348394880859375 0.204342349609375 0.48666117578125
0 0.62126406640625 0.983866978515625 0.641286140625 0.96594133984375 0.67920287890625 0.93058341015625 0.6150711875 0.787481416015625 0.613246515625 0.785524693359375 0.55229155078125 0.84321634765625 0.62126406640625 0.983866978515625
0 0.726119947265625 0.920467224609375 0.55892823046875 0.91815604296875 0.55882054296875 0.91821330078125 0.58726971484375 0.999514208984375 0.62145053515625 0.98955858203125 0.675216861328125 0.97312056640625 0.734911814453125 0.94138019921875 0.726119947265625 0.920467224609375
0 0.468211423828125 0.50142787890625 0.465073673828125 0.49781830859375 0.40009803125 0.550206609375 0.468663736328125 0.683008013671875 0.47233099609375 0.68105809765625 0.52728644140625 0.63328605859375 0.468211423828125 0.50142787890625
0 0.60037628515625 0.719902623046875 0.59690537109375 0.71475678515625 0.5297756796875 0.75264555078125 0.56945055078125 0.900173740234375 0.579322626953125 0.894924666015625 0.638581955078125 0.855165451171875 0.60037628515625 0.719902623046875
0 0.5494536328125 0.72204816015625 0.53421487890625 0.57766166796875 0.53053962109375 0.570749517578125 0.458377537109375 0.60950316015625 0.47937079296875 0.75325105078125 0.5494536328125 0.72204816015625
0 0.56294369921875 0.641729537109375 0.5611636953125 0.638880935546875 0.49664859765625 0.677502513671875 0.53040339453125 0.827144525390625 0.541589078125 0.821196990234375 0.599708265625 0.78488009375 0.56294369921875 0.641729537109375
0 0.3939951875 0.600172853515625 0.39466718359375 0.601436693359375 0.421690318359375 0.594382767578125 0.470288474609375 0.580447470703125 0.4660757265625 0.432065236328125 0.46496293359375 0.4281844609375 0.386249595703125 0.44623478125 0.391773033203125 0.580209515625 0.393805388671875 0.5995109453125 0.3939951875 0.600172853515625
0 0.1468333046875 0.121497037109375 0.18622053515625 0.193602068359375 0.308130248046875 0.150760576171875 0.32005225390625 0.14442153515625 0.31142815625 0.12698444921875 0.29181791796875 0.0884971875 0.2809419453125 0.068042458984375 0.153683673828125 0.1178546328125 0.1468333046875 0.121497037109375
0 0.287960091796875 0.27975262890625 0.33607092578125 0.25285623828125 0.29914527734375 0.135560046875 0.295108529296875 0.127968029296875 0.218465416015625 0.164712451171875 0.26119662109375 0.290507294921875 0.26240235546875 0.292774947265625 0.287960091796875 0.27975262890625
0 0.374410787109375 0.28403679296875 0.370174255859375 0.277755873046875 0.299142982421875 0.324181427734375 0.35028851953125 0.446879953125 0.356781669921875 0.443427484375 0.418797154296875 0.40042844140625 0.374410787109375 0.28403679296875
0 0.4064285390625 0.2874073671875 0.40456313671875 0.2838990546875 0.356103373046875 0.221873384765625 0.23450166796875 0.283568119140625 0.23544530859375 0.28534284765625 0.28871662890625 0.350207056640625 0.4064285390625 0.2874073671875
0 0.351454615234375 0.483081330078125 0.4701801640625 0.468075189453125 0.479184150390625 0.46328768359375 0.453485658203125 0.3921493828125 0.32161843359375 0.40478293359375 0.351454615234375 0.483081330078125
0 0.89694149609375 0.67600667578125 0.89410311328125 0.67109045703125 0.83434493359375 0.70934672265625 0.86793444921875 0.87065080859375 0.91296892578125 0.84670555078125 0.939802953125 0.83121291796875 0.89694149609375 0.67600667578125
0 0.52169600390625 0.23392803125 0.547478638671875 0.22079112109375 0.60079651953125 0.191178091796875 0.547473751953125 0.016833001953125 0.54530141796875 0.01274743359375 0.461554744140625 0.056534419921875 0.52169600390625 0.23392803125
0 0.795256244140625 0.629368609375 0.82382773828125 0.8187808984375 0.847044455078125 0.80940073828125 0.89210654296875 0.78997273828125 0.87016594921875 0.604552 0.869393505859375 0.602640134765625 0.795256244140625 0.629368609375
0 0.514304626953125 0.27923728125 0.553061935546875 0.358248380859375 0.734117982421875 0.302648060546875 0.73604022265625 0.301582544921875 0.70255544921875 0.23860683984375 0.692247455078125 0.220010728515625 0.514304626953125 0.27923728125
0 0.422676396484375 0 0.490810708984375 0.14536140234375 0.56569777734375 0.1002264609375 0.5732785 0.09511319921875 0.525403779296875 0 0.422676396484375 0
0 0.84651009765625 0.699653580078125 0.8734113984375 0.676268634765625 0.790303548828125 0.506629998046875 0.787868185546875 0.50382843359375 0.723661232421875 0.5609575 0.80916241015625 0.73024530859375 0.81264975390625 0.728391052734375 0.84651009765625 0.699653580078125
0 0.756469064453125 0.353316447265625 0.75518919921875 0.35090937109375 0.677837033203125 0.369432837890625 0.67356698828125 0.37049748046875 0.66928637890625 0.55756225 0.669474455078125 0.55831658203125 0.675605296875 0.5567879921875 0.75993726953125 0.530470296875 0.75985761328125 0.51031799609375 0.756469064453125 0.353316447265625
0 0.70588743359375 0.2681708671875 0.63004575 0.288122025390625 0.618396650390625 0.29146234765625 0.63272674609375 0.475907533203125 0.64852988671875 0.471376056640625 0.716185654296875 0.449011564453125 0.706697521484375 0.27059140234375 0.706139240234375 0.268644447265625 0.70588743359375 0.2681708671875
0 0.66142578125 0.157616205078125 0.64163776953125 0.12827926953125 0.469185296875 0.206700853515625 0.52595397265625 0.27954007421875 0.68975988671875 0.211146138671875 0.69364097265625 0.2085283125 0.68679124609375 0.19564584765625 0.66142578125 0.157616205078125
0 0.728384224609375 0.64652310546875 0.784760099609375 0.62386601953125 0.81665016796875 0.609667646484375 0.787037759765625 0.430777060546875 0.78350197265625 0.4241272109375 0.69993291796875 0.45866064453125 0.728384224609375 0.64652310546875
0 0 0.49489108203125 0.072266712890625 0.484989046875 0.076827130859375 0.48256423046875 0.04701884765625 0.41160754296875 0 0.41993403515625 0 0.49489108203125
0 0 0.53804900390625 0.01329967578125 0.567174103515625 0.10629421484375 0.55006941796875 0.11423949609375 0.545844833984375 0.11351901171875 0.544147482421875 0.084269314453125 0.481751470703125 0 0.495110595703125 0 0.53804900390625
0 0.01604819140625 0.569427103515625 0.053678939453125 0.63731476953125 0.14871616015625 0.61170553125 0.15291085546875 0.609380373046875 0.15112146484375 0.606015021484375 0.110208494140625 0.543304193359375 0.01604819140625 0.569427103515625
0 1 0.53239898046875 0.88281513671875 0.53181579296875 0.88233252734375 0.53207240234375 0.905350841796875 0.616004392578125 1 0.619598666015625 1 0.53239898046875
0 1 0.527010359375 0.95420843359375 0.379944712890625 0.87507278515625 0.429560091796875 0.930913375 0.602032263671875 0.931907466796875 0.60356303125 0.987728001953125 0.57142948828125 1 0.56345995703125 1 0.527010359375
0 0.95549991796875 0.482781509765625 0.92927477734375 0.30555719140625 0.92500840625 0.29753331640625 0.83926919140625 0.33807299609375 0.875991810546875 0.521513697265625 0.95549991796875 0.482781509765625
0 0.644678474609375 0 0.71251683984375 0.172876267578125 0.7575942734375 0.148908169921875 0.790655123046875 0.12982048046875 0.746921037109375 0 0.644678474609375 0
0 0.838292734375 0.215108138671875 0.781030974609375 0.03352323828125 0.77989278125 0.0314698828125 0.750098474609375 0.04782963671875 0.69703264453125 0.0772445078125 0.752104171875 0.261545033203125 0.81131786328125 0.2300605546875 0.838292734375 0.215108138671875
0 0.822949005859375 0.33974114453125 0.885139705078125 0.297641763671875 0.82137389453125 0.120645888671875 0.81894704296875 0.116908865234375 0.73587916015625 0.170853779296875 0.804326580078125 0.350574171875 0.815036337890625 0.344879693359375 0.822949005859375 0.33974114453125
0 0.87340826953125 0.437717634765625 0.918342685546875 0.39872908203125 0.94339207421875 0.376174513671875 0.85032819140625 0.205475376953125 0.8472805625 0.20209064453125 0.84566817578125 0.20294796484375 0.775048564453125 0.26653415234375 0.87287678515625 0.43800023046875 0.87340826953125 0.437717634765625
0 0.626420216796875 0 0.636786890625 0.079549638671875 0.708186298828125 0.06365024609375 0.73208095703125 0.057692638671875 0.726020109375 0 0.626420216796875 0
0 0.2859951796875 0.84670228515625 0.28184857421875 0.838564115234375 0.267905607421875 0.812341208984375 0.157998484375 0.832770857421875 0.189927951171875 0.898176716796875 0.290316296875 0.876936908203125 0.29827428125 0.872705572265625 0.2859951796875 0.84670228515625
0 0.097649818359375 0.717954419921875 0.14493137890625 0.69788458984375 0.1603051875 0.6910303984375 0.14920209765625 0.599077005859375 0.14764477734375 0.596148109375 0.080779224609375 0.62334192578125 0.097649818359375 0.717954419921875
0 0.29295855078125 0.85280251953125 0.290662490234375 0.848484259765625 0.23623163671875 0.87307705859375 0.2365494140625 0.9863434921875 0.23719275 0.987553431640625 0.30487883984375 0.960206474609375 0.29295855078125 0.85280251953125
0 0.2311776484375 0.82109931640625 0.24381422265625 0.810336630859375 0.205927021484375 0.718933375 0.204443224609375 0.71710103515625 0.1458561640625 0.75997378125 0.1854866796875 0.85658125390625 0.190945216796875 0.8536788984375 0.2311776484375 0.82109931640625
0 0.17764690234375 0.76402282421875 0.201414689453125 0.749060404296875 0.17963226171875 0.65762246875 0.1764508515625 0.65232771484375 0.11501909765625 0.692030912109375 0.140156486328125 0.785123146484375 0.16078073046875 0.77415704296875 0.17764690234375 0.76402282421875
0 0.355297876953125 1 0.3712237734375 0.995714509765625 0.37583976171875 0.992600984375 0.348201361328125 0.9498466953125 0.34206382421875 0.940747421875 0.316630142578125 0.944937724609375 0.225746400390625 0.96150566796875 0.249416349609375 1 0.355297876953125 1