0 0.21404821875 0.97016861328125 0.2182990390625 0.97061539453125 0.28154487890625 0.976170798828125 0.327786412109375 0.87601457421875 0.327901984375 0.86939339453125 0.25981687890625 0.86393305078125 0.21404821875 0.97016861328125
0 0.28924106640625 0.90262240234375 0.32922222265625 0.793757076171875 0.32926541015625 0.791282904296875 0.262574283203125 0.788835501953125 0.221110591796875 0.9001154921875 0.28924106640625 0.90262240234375
0 0.2313249765625 0.62157911328125 0.33810355078125 0.65044762890625 0.340965748046875 0.650347677734375 0.3407359140625 0.574279458984375 0.22669914453125 0.544406345703125 0.22686391015625 0.5491246484375 0.2313249765625 0.62157911328125
0 0.336433625 0.625079541015625 0.3362221640625 0.621044625 0.25839878515625 0.63031259375 0.232148630859375 0.735986291015625 0.25993011328125 0.73647121875 0.307732935546875 0.733965978515625 0.336433625 0.625079541015625
0 0.21847052734375 0.71130630078125 0.21842069921875 0.71131241796875 0.2278249921875 0.79150706640625 0.34607758984375 0.812934974609375 0.346217962890625 0.80489296875 0.33759124609375 0.73463400390625 0.21847052734375 0.71130630078125
0 0.24291459375 0.58279072265625 0.24311528125 0.584057814453125 0.32111990625 0.5741745625 0.33345878515625 0.45646182421875 0.33149451171875 0.456427537109375 0.25856031640625 0.4679791796875 0.24291459375 0.58279072265625
0 0.233670716796875 0.466551115234375 0.34913249609375 0.49414360546875 0.350692689453125 0.49411637109375 0.35105086328125 0.42186447265625 0.350885103515625 0.412368166015625 0.234666517578125 0.38429549609375 0.233670716796875 0.466551115234375
0 0.24099226953125 0.14637917578125 0.37940098828125 0.1572474375 0.379493611328125 0.15194117578125 0.372888578125 0.0764453203125 0.234282736328125 0.06339805859375 0.24099226953125 0.14637917578125
0 0.374736978515625 0.25402639453125 0.374941482421875 0.25110183203125 0.37928847265625 0.167776232421875 0.246434072265625 0.134581509765625 0.242126244140625 0.13450631640625 0.241606650390625 0.141936859375 0.23687560546875 0.218666185546875 0.3706721640625 0.253955443359375 0.374736978515625 0.25402639453125
0 0.364544103515625 0.292164240234375 0.288600484375 0.285911142578125 0.246803919921875 0.426302693359375 0.3063134140625 0.429421453125 0.327027509765625 0.42978301953125 0.36443558984375 0.298381072265625 0.364544103515625 0.292164240234375
0 0.25019596484375 0.34704173046875 0.2822804140625 0.34872320703125 0.32433801953125 0.350051205078125 0.36430814453125 0.216153130859375 0.36433733203125 0.214481046875 0.282584537109375 0.20836464453125 0.25019596484375 0.34704173046875
0 0.336745 0.8353609921875 0.34199075 0.913557642578125 0.495362251953125 0.95140044921875 0.496811203125 0.95127368359375 0.496858353515625 0.94857240625 0.489769423828125 0.867545560546875 0.336745 0.8353609921875
0 0.492621298828125 0.999947369140625 0.4930131328125 0.99772516796875 0.49469976171875 0.97474665234375 0.347962478515625 0.89740710546875 0.346577310546875 0.897382927734375 0.33509671875 0.982141345703125 0.3700718125 0.9887885859375 0.42684505078125 0.99879923828125 0.492621298828125 0.999947369140625
0 0.42595215625 0.48659625 0.35301553125 0.61890241796875 0.390049048828125 0.628219439453125 0.43612124609375 0.63801238671875 0.49980345703125 0.505646646484375 0.499910203125 0.50514444921875 0.4999404140625 0.50341366796875 0.42595215625 0.48659625
0 0.478852123046875 0.739018255859375 0.478095677734375 0.73285751953125 0.401081544921875 0.7361404140625 0.369206111328125 0.886780625 0.4514855859375 0.87688333203125 0.478852123046875 0.739018255859375
0 0.353876 0.70562057421875 0.36441442578125 0.70747878515625 0.438119513671875 0.71491686328125 0.498437134765625 0.589536482421875 0.498574064453125 0.58169177734375 0.426016255859375 0.56980284765625 0.353876 0.70562057421875
0 0.35204726953125 0.73169833203125 0.48628231640625 0.795118041015625 0.49203801171875 0.7952185078125 0.5002933984375 0.71667376171875 0.36146329296875 0.656030943359375 0.35204726953125 0.73169833203125
0 0.48797601171875 0.551360474609375 0.50703440234375 0.49299743359375 0.51162291015625 0.475872892578125 0.394790994140625 0.41207038671875 0.375291984375 0.402982345703125 0.353067224609375 0.478640041015625 0.4797343125 0.54993681640625 0.484843412109375 0.551305794921875 0.48797601171875 0.551360474609375
0 0.378608041015625 0 0.36802775390625 0.07842098828125 0.498915361328125 0.107733826171875 0.510405505859375 0.10793438671875 0.51793900390625 0.02755727734375 0.412428228515625 0 0.378608041015625 0
0 0.49940481640625 0.086451970703125 0.49961633984375 0.07433386328125 0.4151330546875 0.07081379296875 0.393415078125 0.204344806640625 0.42668401171875 0.20492551953125 0.4775915546875 0.203852580078125 0.49940481640625 0.086451970703125
0 0.49799901171875 0.252944798828125 0.497734607421875 0.2453732578125 0.412894876953125 0.24710351953125 0.391329056640625 0.377772314453125 0.411993150390625 0.3781330078125 0.473962607421875 0.37517170703125 0.49799901171875 0.252944798828125
0 0.43549599609375 0.29527579296875 0.489121029296875 0.28543821875 0.49124762890625 0.152999453125 0.490774287109375 0.15001088671875 0.409579859375 0.16340322265625 0.40463559765625 0.29830494140625 0.415205802734375 0.298489447265625 0.43549599609375 0.29527579296875
0 0.37877526171875 0.341858509765625 0.382955625 0.42554459765625 0.50356816015625 0.44854477734375 0.510278673828125 0.44831044140625 0.510397607421875 0.441496685546875 0.5080924296875 0.37059250390625 0.37877526171875 0.341858509765625
0 0.724810115234375 1 0.730219880859375 0.998651193359375 0.74253590625 0.832408216796875 0.74186083203125 0.82970063671875 0.66700277734375 0.8469382734375 0.661326396484375 0.848353552734375 0.659838677734375 1 0.724810115234375 1
0 0.62804259375 0.259780021484375 0.644456125 0.26448652734375 0.71993909765625 0.285273978515625 0.79579074609375 0.117061630859375 0.795858380859375 0.11318682421875 0.709930875 0.09183916796875 0.62804259375 0.259780021484375
0 0.71362094921875 0.75945339453125 0.618488765625 0.922568474609375 0.693759810546875 0.945831912109375 0.694325845703125 0.94598358203125 0.78388602734375 0.78049746484375 0.78423303515625 0.77920241015625 0.784277625 0.77664794140625 0.71362094921875 0.75945339453125
0 0.612558708984375 0.394791859375 0.783086021484375 0.452149083984375 0.79102997265625 0.45326553515625 0.80319074609375 0.38994097265625 0.806286095703125 0.367916412109375 0.625063240234375 0.302211412109375 0.612558708984375 0.394791859375
0 0.620431853515625 0.118433193359375 0.79284568359375 0.154723771484375 0.801743802734375 0.1551901015625 0.8098553671875 0.07699443359375 0.81072522265625 0.060396576171875 0.627483794921875 0.027155935546875 0.620431853515625 0.118433193359375
0 0.701314900390625 0.8425826171875 0.73652062890625 0.837006576171875 0.75593595703125 0.649104404296875 0.75535525390625 0.64543799609375 0.67063087890625 0.65986169140625 0.653493978515625 0.84804434765625 0.662856712890625 0.848207775390625 0.701314900390625 0.8425826171875
0 0.8001460390625 0.47988848046875 0.801824025390625 0.4478706171875 0.62276225390625 0.401370509765625 0.6224688671875 0.4069686640625 0.621453255859375 0.489151095703125 0.78618492578125 0.53625013671875 0.795933580078125 0.53642030078125 0.8001460390625 0.47988848046875
0 0.637300515625 0.20010800390625 0.6369790625 0.2000337890625 0.61472851171875 0.294182009765625 0.78755898046875 0.365935677734375 0.790012453125 0.36597850390625 0.804421482421875 0.27569943359375 0.637300515625 0.20010800390625
0 0.79620388671875 0.683551658203125 0.802771302734375 0.655105046875 0.636329833984375 0.5651550078125 0.611480212890625 0.657218984375 0.776045623046875 0.743254818359375 0.779149888671875 0.74397149609375 0.780518033203125 0.743995376953125 0.79620388671875 0.683551658203125
0 0.62347625390625 0.49121612109375 0.624024595703125 0.58592946484375 0.643319626953125 0.59174525 0.79586397265625 0.63480624609375 0.79706714453125 0.634869302734375 0.80229978515625 0.55011798046875 0.6244538359375 0.49126361328125 0.62358322265625 0.49121798828125 0.62347625390625 0.49121612109375
0 0.1130821875 0.12318742578125 0.148666404296875 0.036172017578125 0.1487450859375 0.031664384765625 0.07368114453125 0.01492362109375 0.03914706640625 0.10747203125 0.1130821875 0.12318742578125
0 0.13977054296875 0.100231341796875 0.13952624609375 0.095569857421875 0.0619636484375 0.098858177734375 0.0496631796875 0.195219119140625 0.07133083203125 0.195597330078125 0.126243244140625 0.1927194921875 0.13977054296875 0.100231341796875
0 0.88453578515625 1 0.927770232421875 0.88217758203125 0.92790070703125 0.87470273046875 0.84822877734375 0.863945361328125 0.8406065703125 0.863812314453125 0.831083400390625 1 0.88453578515625 1
0 0.039944978515625 0.243826369140625 0.131472345703125 0.282597693359375 0.1338596015625 0.28263936328125 0.14793828515625 0.2105035 0.053918755859375 0.1662655234375 0.039944978515625 0.243826369140625
0 0.038547943359375 0.25686873828125 0.03853173828125 0.257797205078125 0.039003193359375 0.26318597265625 0.0469381328125 0.33236498046875 0.14238028515625 0.34506230078125 0.1495365859375 0.344436205078125 0.149552220703125 0.343540455078125 0.14936800390625 0.34143483984375 0.14083131640625 0.27305405078125 0.038547943359375 0.25686873828125
0 0.03366562890625 0.33767706640625 0.04980366015625 0.413600529296875 0.14817562109375 0.41689648828125 0.151409259765625 0.41620915625 0.151517541015625 0.41000571484375 0.131349173828125 0.340225412109375 0.03366562890625 0.33767706640625
0 0.807202712890625 0.725708302734375 0.80547877734375 0.7256782109375 0.7984286953125 0.81209992578125 0.969153064453125 0.881683482421875 0.97147762890625 0.88172405859375 0.979553876953125 0.789412119140625 0.807202712890625 0.725708302734375
0 0.8910340078125 0.615464560546875 0.8029790390625 0.773929521484375 0.802537474609375 0.77570053515625 0.86410797265625 0.79461006640625 0.889227978515625 0.800873185546875 0.980424505859375 0.64102153515625 0.980454896484375 0.639280478515625 0.8910340078125 0.615464560546875
0 0.98720271484375 0.891994314453125 0.982586 0.865601423828125 0.785873505859375 0.841096390625 0.78562225390625 0.841136185546875 0.7957219296875 0.928270953125 0.992118740234375 0.955880470703125 0.99263518359375 0.926293568359375 0.98720271484375 0.891994314453125
0 0.907828767578125 0.709334716796875 0.97745198828125 0.542729380859375 0.977562783203125 0.53638195703125 0.892389103515625 0.524370521484375 0.81093167578125 0.69451771484375 0.907828767578125 0.709334716796875
0 1 0.19984158203125 0.81247095703125 0.155227099609375 0.807533146484375 0.253950455078125 0.991139796875 0.28822681640625 0.99767506640625 0.288340890625 1 0.2217635 1 0.19984158203125
0 0.85634202734375 0.4202693828125 0.87951233203125 0.417927779296875 0.94075478515625 0.411490939453125 0.96193952734375 0.221521267578125 0.9617098671875 0.2193361953125 0.941958103515625 0.221260556640625 0.864591740234375 0.22939208984375 0.84623729296875 0.42009300390625 0.85634202734375 0.4202693828125
0 0.907203708984375 0.518285177734375 0.99169355078125 0.35353515625 0.991824919921875 0.346009064453125 0.90103382421875 0.32353322265625 0.81054337890625 0.492385119140625 0.907203708984375 0.518285177734375
0 0.9714543828125 0.424812865234375 0.9714543828125 0.42309510546875 0.878172298828125 0.421381228515625 0.832368125 0.6136304296875 0.906835376953125 0.61493026171875 0.93002460546875 0.61493026171875 0.9714543828125 0.424812865234375
0 1 0.098592423828125 0.8207638984375 0.04718767578125 0.81718532421875 0.072650548828125 0.80970751171875 0.1499340234375 0.9802259921875 0.19427203515625 0.99506049609375 0.19453097265625 0.999801830078125 0.166033125 1 0.1646230703125 1 0.098592423828125
0 0.037766337890625 0.627062634765625 0.036522060546875 0.699835357421875 0.138246111328125 0.72719451953125 0.144418251953125 0.72719451953125 0.145487490234375 0.66593784765625 0.145487490234375 0.65890971484375 0.037766337890625 0.627062634765625
0 0.1175933515625 0.50270149609375 0.1448568515625 0.41824019140625 0.145189154296875 0.4144419453125 0.1452535625 0.410752009765625 0.078976296875 0.40615117578125 0.04437815234375 0.49574432421875 0.0839234609375 0.499809115234375 0.116831513671875 0.502688197265625 0.1175933515625 0.50270149609375
0 0.14757440625 0.73610275 0.042692171875 0.692300712890625 0.037657833984375 0.753721921875 0.135780462890625 0.80775286328125 0.138846115234375 0.807806376953125 0.14712600390625 0.740372091796875 0.14757440625 0.73610275
0 0.04623684765625 0.546775365234375 0.04584755078125 0.5467685703125 0.042468421875 0.621799404296875 0.13000680078125 0.654503759765625 0.137740607421875 0.65463875390625 0.146108716796875 0.58450479296875 0.04623684765625 0.546775365234375
0 0.03920434375 0.48785127734375 0.05271016796875 0.55611415625 0.1487742109375 0.568933013671875 0.150310923828125 0.56866205078125 0.1503691171875 0.565328076171875 0.14442723046875 0.53162996875 0.136913197265625 0.49589446484375 0.03923980078125 0.48581985546875 0.03920434375 0.48785127734375
0 0.043895296875 0.8280273359375 0.0431161328125 0.828013734375 0.03792643359375 0.898878177734375 0.133563099609375 0.95461153515625 0.135360931640625 0.954642916015625 0.14385595703125 0.88545651171875 0.043895296875 0.8280273359375
0 0.09695979296875 0.87598815234375 0.109054904296875 0.85473520703125 0.152970404296875 0.77441721875 0.152984181640625 0.773627986328125 0.08010389453125 0.7641458359375 0.0341370546875 0.867685271484375 0.034088138671875 0.87048759375 0.09695979296875 0.87598815234375
0 0.138346255859375 0.901060439453125 0.08157648046875 0.909038912109375 0.03242401171875 0.91627490625 0.040780115234375 0.957850703125 0.145573083984375 0.98399346484375 0.14932143359375 0.983466669921875 0.149415974609375 0.978050337890625 0.138346255859375 0.901060439453125