0 0.4205561953125 1 0.4275609296875 0.9070019375 0.42562303125 0.899229447265625 0.362415337890625 0.91496560546875 0.35380411328125 1 0.4205561953125 1
0 0.32718060546875 0.92797281640625 0.44533597265625 0.9179802734375 0.41903669140625 0.85571608203125 0.30065945703125 0.865166169921875 0.32718060546875 0.92797281640625
0 0.381834849609375 0.68945913671875 0.367333486328125 0.61833065234375 0.255755341796875 0.604376044921875 0.254689935546875 0.604641681640625 0.26557016796875 0.68039705078125 0.38102528125 0.69391777734375 0.382553830078125 0.69353666796875 0.381834849609375 0.68945913671875
0 0.3684552734375 0.66020062109375 0.36687654296875 0.65648136328125 0.2969163203125 0.691807568359375 0.308444357421875 0.800582591796875 0.3175061953125 0.79832322265625 0.378726802734375 0.772336615234375 0.3684552734375 0.66020062109375
0 0.39070477734375 0.8634679765625 0.404705353515625 0.750746265625 0.402666693359375 0.742569646484375 0.32643488671875 0.75695785546875 0.313072796875 0.87855810546875 0.39070477734375 0.8634679765625
0 0.239852994140625 0.52644923046875 0.246465443359375 0.60202988671875 0.35864169921875 0.62538315625 0.35888959765625 0.625361466796875 0.36114257421875 0.62479973828125 0.356766076171875 0.547030505859375 0.239852994140625 0.52644923046875
0 0.3223793515625 0.42701340234375 0.24327991796875 0.444269126953125 0.2423555625 0.56458062890625 0.29589978515625 0.552498232421875 0.322445822265625 0.5458795625 0.323599033203125 0.43190527734375 0.3223793515625 0.42701340234375
0 0.147213767578125 0.210827505859375 0.277960158203125 0.21880098828125 0.28608575 0.21677505078125 0.27786947265625 0.13860239453125 0.13905703515625 0.12797612890625 0.147213767578125 0.210827505859375
0 0.30614195703125 0.30839450390625 0.30614195703125 0.3009530546875 0.30551837890625 0.225206875 0.16674879296875 0.198796775390625 0.16551695703125 0.1987967734375 0.16551695703125 0.20195720703125 0.167002328125 0.285907083984375 0.30117157421875 0.309633759765625 0.30614195703125 0.30839450390625
0 0.22161233203125 0.485318544921875 0.30173044921875 0.483920078125 0.33093185546875 0.34523941015625 0.330928470703125 0.345045513671875 0.33049411328125 0.343303400390625 0.25351386328125 0.34235340234375 0.22161233203125 0.485318544921875
0 0.29160416796875 0.256272060546875 0.291413568359375 0.25556073828125 0.220155015625 0.2762517265625 0.223556607421875 0.417553701171875 0.28958916015625 0.4010899375 0.30358386328125 0.39734006640625 0.29160416796875 0.256272060546875
0 0.47308730078125 0.988742541015625 0.499481955078125 0.983689400390625 0.550193625 0.97291030078125 0.568564998046875 0.820210060546875 0.56722902734375 0.81485176953125 0.48640674609375 0.83265794921875 0.47308730078125 0.988742541015625
0 0.56139228125 1 0.57838592578125 0.9957630078125 0.57838592578125 0.8854344375 0.576570419921875 0.8781528359375 0.542918353515625 0.88157227734375 0.504913654296875 1 0.56139228125 1
0 0.528387390625 0.623359265625 0.52026738671875 0.57820454296875 0.514494080078125 0.548503458984375 0.366467611328125 0.53329336328125 0.364743765625 0.53372316796875 0.37598433203125 0.60568140234375 0.378186248046875 0.61700927734375 0.525978748046875 0.62395980859375 0.528387390625 0.623359265625
0 0.52658308984375 0.88741518359375 0.562323478515625 0.743507123046875 0.56100230859375 0.738208203125 0.48112161328125 0.7449989296875 0.447503291015625 0.888023703125 0.52658308984375 0.88741518359375
0 0.376876158203125 0.6235260234375 0.402805865234375 0.695966732421875 0.55044669140625 0.693325796875 0.555794123046875 0.69148452734375 0.5545591328125 0.686531248046875 0.52385766796875 0.61502831640625 0.376876158203125 0.6235260234375
0 0.55448498828125 0.70560995703125 0.40400753515625 0.69086521875 0.418434873046875 0.76573889453125 0.566170734375 0.784634203125 0.57130148828125 0.783354962890625 0.556460068359375 0.713531578125 0.55448498828125 0.70560995703125
0 0.474061619140625 0.41534292578125 0.398048837890625 0.42417774609375 0.38106730078125 0.576200466796875 0.381180134765625 0.577003322265625 0.42509389453125 0.57322653515625 0.46265731640625 0.56794733984375 0.47562930078125 0.43657383984375 0.47608484375 0.42345763671875 0.474061619140625 0.41534292578125
0 0.244920994140625 0.05990437109375 0.27681630859375 0.141643115234375 0.40674644921875 0.10346010546875 0.41481201953125 0.100201404296875 0.412676431640625 0.091636029296875 0.383272423828125 0.024478296875 0.244920994140625 0.05990437109375
0 0.41066433984375 0.115859453125 0.27664359765625 0.12938320703125 0.3002021484375 0.21043319921875 0.420241427734375 0.201039953125 0.43104407421875 0.19834655078125 0.42940917578125 0.19104088671875 0.41066433984375 0.115859453125
0 0.437261931640625 0.39286489453125 0.444455544921875 0.27076466015625 0.44172338671875 0.259806580078125 0.363141966796875 0.27188159765625 0.351320783203125 0.4036735703125 0.437261931640625 0.39286489453125
0 0.444271349609375 0.2179222421875 0.31076659375 0.19457406640625 0.311295826171875 0.277393646484375 0.443061453125 0.303242646484375 0.445040107421875 0.3027493125 0.44504010546875 0.24948173046875 0.444271349609375 0.2179222421875
0 0.366041703125 0.4796062265625 0.43214327734375 0.477457189453125 0.44535553515625 0.476995806640625 0.472955978515625 0.352780177734375 0.471721421875 0.34782864453125 0.39039631640625 0.351891068359375 0.366041703125 0.4796062265625
0 0.900782423828125 0.89153930078125 0.889026578125 0.831060708984375 0.703907244140625 0.81953698828125 0.701641712890625 0.82010184765625 0.71853660546875 0.889794607421875 0.89871690234375 0.912674857421875 0.90425420703125 0.91129425390625 0.900782423828125 0.89153930078125
0 0.70987441015625 0.105247904296875 0.69662152734375 0.07491734765625 0.514448220703125 0.122804978515625 0.552592826171875 0.204427671875 0.730087779296875 0.16342999609375 0.733010146484375 0.162189521484375 0.7315374296875 0.156282779296875 0.70987441015625 0.105247904296875
0 0.87579322265625 0.76517930859375 0.8693511953125 0.74680713671875 0.68073867578125 0.755861416015625 0.702382353515625 0.83221833203125 0.88619589453125 0.81750011328125 0.891163955078125 0.815885892578125 0.88751982421875 0.80127007421875 0.87579322265625 0.76517930859375
0 0.581493494140625 0.36924440234375 0.76105537109375 0.38051151171875 0.76901759765625 0.379533873046875 0.7643743984375 0.315219603515625 0.76166390234375 0.293144376953125 0.569610361328125 0.276582146484375 0.581493494140625 0.36924440234375
0 0.608587005859375 0 0.497221611328125 0.021079255859375 0.523348896484375 0.108821109375 0.69731645703125 0.08091369140625 0.705790685546875 0.07816024609375 0.685340658203125 0.002251375 0.684609142578125 0 0.608587005859375 0
0 0.8395468359375 0.634403111328125 0.8352516875 0.626208701171875 0.6494624921875 0.66840770703125 0.68671216015625 0.74370564453125 0.86871401953125 0.70468534765625 0.8726061015625 0.702702232421875 0.87093794921875 0.69601163671875 0.8395468359375 0.634403111328125
0 0.671072189453125 0.52337059765625 0.6852364765625 0.51764785546875 0.75018389453125 0.488333923828125 0.72209775390625 0.311882947265625 0.72114340234375 0.309520849609375 0.6476983359375 0.337329826171875 0.636462212890625 0.341869513671875 0.669964173828125 0.523646857421875 0.671072189453125 0.52337059765625
0 0.74387471484375 0.22927144921875 0.74017579296875 0.19407856640625 0.552855859375 0.182468466796875 0.5511846875 0.18288513671875 0.567020416015625 0.27332367578125 0.742666732421875 0.289735345703125 0.7497369296875 0.287972546875 0.74387471484375 0.22927144921875
0 0.647468830078125 0.619779767578125 0.82717029296875 0.66659134765625 0.831686974609375 0.66659134765625 0.833381609375 0.603883751953125 0.833381607421875 0.57468887890625 0.65097166796875 0.524485435546875 0.647468830078125 0.619779767578125
0 0.704362123046875 0.616521513671875 0.75089685546875 0.592331142578125 0.778423400390625 0.57769501953125 0.73810904296875 0.39864768359375 0.736089197265625 0.39484890625 0.65597434375 0.443620251953125 0.66092691796875 0.463154669921875 0.70280612890625 0.616909466796875 0.704362123046875 0.616521513671875
0 0 0.23812965234375 0.03029376953125 0.232241138671875 0.035058537109375 0.2310531484375 0.033787189453125 0.13499873046875 0.03326949609375 0.13292238671875 0 0.13904507421875 0 0.23812965234375
0 0 0.315479912109375 0.056693380859375 0.301344666015625 0.0524036875 0.20966543359375 0.05122398046875 0.204933884765625 0 0.2171632734375 0 0.315479912109375
0 1 0.80103403515625 0.88933989453125 0.808772142578125 0.89265567578125 0.845692623046875 1 0.868804041015625 1 0.80103403515625
0 0 0.372334767578125 0.088603697265625 0.381956888671875 0.09361526953125 0.38070736328125 0.08185839453125 0.3046471171875 0 0.2989837578125 0 0.372334767578125
0 0 0.412536673828125 0.023289 0.45612376953125 0.120944759765625 0.43535201171875 0.1229257734375 0.4343858046875 0.121385369140625 0.42820758203125 0.118894220703125 0.423099970703125 0.089690703125 0.367103943359375 0 0.38850776171875 0 0.412536673828125
0 0.100947521484375 0.422666798828125 0.099151966796875 0.418985365234375 0.030853166015625 0.458609775390625 0.051614095703125 0.5522128125 0.05827755859375 0.550551423828125 0.121698658203125 0.51961888671875 0.100947521484375 0.422666798828125
0 1 0.64202574609375 0.844129015625 0.6603773671875 0.877306701171875 0.741127275390625 1 0.73076996484375 1 0.64202574609375
0 0.86929937890625 0.694896689453125 0.96250813671875 0.6883788984375 0.99690560546875 0.51240039453125 0.99674812890625 0.510148345703125 0.906925123046875 0.5116021015625 0.868995060546875 0.69467783203125 0.86905294140625 0.694909974609375 0.86929937890625 0.694896689453125
0 1 0.686717634765625 0.956843595703125 0.688686091796875 0.91460003515625 0.8873886171875 1 0.879917087890625 1 0.686717634765625
0 1 0.48252549609375 0.99819877734375 0.470187560546875 0.81203690234375 0.451672703125 0.8258307578125 0.5390308828125 1 0.56531746484375 1 0.48252549609375
0 0.849244544921875 0.021971876953125 0.847165478515625 0.016259685546875 0.754933794921875 0.04826384765625 0.7930595703125 0.236912654296875 0.802596076171875 0.2345349375 0.8773361875 0.20733176171875 0.849244544921875 0.021971876953125
0 0.949567359375 0.236333447265625 0.923333291015625 0.164255935546875 0.733242892578125 0.1897439140625 0.731946228515625 0.190215861328125 0.73198241015625 0.190360978515625 0.74621808984375 0.23041769140625 0.765069990234375 0.282212861328125 0.953965697265625 0.253974216796875 0.949567359375 0.236333447265625
0 0.9559349140625 0.27897056640625 0.76420970703125 0.261564138671875 0.77813920703125 0.36067768359375 0.960504244140625 0.37391105859375 0.97056695703125 0.37140214453125 0.9693746953125 0.36291875390625 0.9559349140625 0.27897056640625
0 0.924398908203125 0.301447634765625 0.92378331640625 0.299843966796875 0.83608279296875 0.331673234375 0.86217496484375 0.527254005859375 0.87497791015625 0.524061873046875 0.953852859375 0.4937846171875 0.924398908203125 0.301447634765625
0 0.69717807421875 0 0.705918712890625 0.077033955078125 0.882374908203125 0.084970330078125 0.88709508984375 0.08464026171875 0.896501353515625 0.082295017578125 0.895206203125 0.053258421875 0.89180911328125 0.004677775390625 0.890642814453125 0 0.69717807421875 0
0 0.205291958984375 0.79745591015625 0.205291958984375 0.7587807109375 0.0975708046875 0.7269336328125 0.09632653125 0.79970635546875 0.198050578125 0.82706551953125 0.202227138671875 0.82706551953125 0.204417859375 0.826519310546875 0.205291958984375 0.79745591015625
0 0.056873392578125 0.614142923828125 0.1076058203125 0.606107697265625 0.124181138671875 0.6031763671875 0.1356533984375 0.511268302734375 0.134850900390625 0.50804965625 0.06339276171875 0.518259458984375 0.056873392578125 0.614142923828125
0 0.21433742578125 0.810031359375 0.10086834765625 0.816639693359375 0.12326880078125 0.87405162109375 0.23717594921875 0.87970083203125 0.23394732421875 0.86675153515625 0.215805958984375 0.81406518359375 0.21433742578125 0.810031359375
0 0.18286476953125 0.6786236171875 0.08471912109375 0.6532675625 0.083690578125 0.72654728515625 0.1805575 0.75195167578125 0.18708738671875 0.75032359375 0.186997578125 0.74775177734375 0.18286476953125 0.6786236171875
0 0.126693712890625 0.677524345703125 0.152698609375 0.66691647265625 0.14712513671875 0.573085203125 0.144911486328125 0.56731844140625 0.07751862890625 0.595750947265625 0.086106119140625 0.691763693359375 0.096071982421875 0.68927892578125 0.126693712890625 0.677524345703125
0 0.2380518828125 1 0.238397376953125 0.914667912109375 0.23716762109375 0.911770787109375 0.1733559375 0.93885723828125 0.17348598828125 1 0.2380518828125 1
0 0.1704660390625 0.884496775390625 0.13785894921875 0.97093246875 0.177232705078125 0.97052898046875 0.21216474609375 0.96869826953125 0.243125423828125 0.86029052734375 0.243018650390625 0.85825315625 0.18005982421875 0.8603203125 0.1704660390625 0.884496775390625