0 0.5507882578125 1 0.59330950390625 0.98434047265625 0.59610223828125 0.982078958984375 0.593094828125 0.97686997265625 0.5744924609375 0.9538979609375 0.55259125390625 0.92817755859375 0.44528869921875 0.97086225 0.446032255859375 0.972150126953125 0.469384615234375 1 0.5507882578125 1
0 0.52521948046875 0.95506634765625 0.50751306640625 0.84113801171875 0.50595109765625 0.838432603515625 0.446731205078125 0.86847439453125 0.4644158515625 0.985904064453125 0.52521948046875 0.95506634765625
0 0.396044861328125 0.6435968046875 0.289227681640625 0.68220351953125 0.333550634765625 0.74509794921875 0.44409860546875 0.704159767578125 0.441257326171875 0.700389265625 0.396044861328125 0.6435968046875
0 0.451168986328125 0.80523087109375 0.4336754140625 0.697622447265625 0.42999244921875 0.69124336328125 0.3639403671875 0.73060480078125 0.383294607421875 0.83981459765625 0.451168986328125 0.80523087109375
0 0.467863529296875 0.76110781640625 0.46497622265625 0.75682720703125 0.399178234375 0.800689818359375 0.43411497265625 0.916924853515625 0.445498453125 0.91035259765625 0.499955798828125 0.87362065234375 0.467863529296875 0.76110781640625
0 0.25414091796875 0.612202392578125 0.253737029296875 0.612474818359375 0.295787123046875 0.67919512109375 0.406432966796875 0.641062146484375 0.394812791015625 0.62093541015625 0.365594001953125 0.577616771484375 0.25414091796875 0.612202392578125
0 0.30894571484375 0.47783788671875 0.237212357421875 0.51810330859375 0.27150407421875 0.633428025390625 0.316775654296875 0.60758884375 0.336486724609375 0.59620865234375 0.3427250390625 0.592460294921875 0.30894571484375 0.47783788671875
0 0.085533564453125 0.207154259765625 0.103943978515625 0.34680355859375 0.115150376953125 0.343377419921875 0.181453337890625 0.32241514453125 0.16588733984375 0.18834272265625 0.164965953125 0.1853290078125 0.164035791015625 0.183717919921875 0.085533564453125 0.207154259765625
0 0.227665421875 0.393462509765625 0.21055836328125 0.258511197265625 0.210213677734375 0.2574503671875 0.207665751953125 0.253037228515625 0.127169361328125 0.280775828125 0.146527720703125 0.419018052734375 0.1469203828125 0.4196981640625 0.227665421875 0.393462509765625
0 0.2313085078125 0.5636968125 0.30707321484375 0.53760893359375 0.291990716796875 0.396692048828125 0.291372462890625 0.39489650390625 0.291355908203125 0.39486783203125 0.217470009765625 0.417870765625 0.2313085078125 0.5636968125
0 0.1732083125 0.469016599609375 0.298647634765625 0.42861200390625 0.30824748046875 0.42306953125 0.273152763671875 0.36025290625 0.136138017578125 0.395378861328125 0.1732083125 0.469016599609375
0 0.658053787109375 0.79250719140625 0.6545361796875 0.786414515625 0.585776818359375 0.81824098828125 0.6056252734375 0.97669833984375 0.60568636328125 0.9768041484375 0.681694728515625 0.939732390625 0.658053787109375 0.79250719140625
0 0.6841295078125 0.970746943359375 0.672770126953125 0.84612163671875 0.669518705078125 0.84049001171875 0.594205447265625 0.876068216796875 0.64049194921875 0.98926998828125 0.6841295078125 0.970746943359375
0 0.499947263671875 0.6598477265625 0.53549519921875 0.628946376953125 0.4681081328125 0.498427810546875 0.466659544921875 0.49676140234375 0.408448984375 0.54594326953125 0.46999313671875 0.683312673828125 0.472991259765625 0.68158170703125 0.499947263671875 0.6598477265625
0 0.5067744765625 0.77130878515625 0.505781453125 0.77177183984375 0.53327698046875 0.84554392578125 0.681924375 0.829782833984375 0.68489058984375 0.8280702890625 0.65046501953125 0.754244412109375 0.5067744765625 0.77130878515625
0 0.488647888671875 0.75383846484375 0.4982658828125 0.74914745703125 0.562266544921875 0.711842228515625 0.53714056640625 0.573704349609375 0.533862375 0.56802635546875 0.46717892578125 0.601556638671875 0.488647888671875 0.75383846484375
0 0.464703615234375 0.697191896484375 0.46435962109375 0.69739050390625 0.489004771484375 0.76934605859375 0.639848466796875 0.76747283203125 0.64290533203125 0.76570794921875 0.615661171875 0.69085523828125 0.464703615234375 0.697191896484375
0 0.42964498828125 0.42770619921875 0.4252287109375 0.42262585546875 0.365405888671875 0.47216773046875 0.433961484375 0.608913521484375 0.43449337890625 0.6095253984375 0.469265572265625 0.582440771484375 0.49789365234375 0.55755476171875 0.43722173828125 0.440310623046875 0.42964498828125 0.42770619921875
0 0.22475444140625 0.2313130546875 0.228298982421875 0.22926661328125 0.288198556640625 0.17784392578125 0.2282756953125 0.07952983203125 0.1900063984375 0.10162462109375 0.15695092578125 0.1283924140625 0.22475444140625 0.2313130546875
0 0.312472818359375 0.165114427734375 0.300423595703125 0.14969212890625 0.18226550390625 0.217258130859375 0.23675331640625 0.281718857421875 0.34887041015625 0.22090919140625 0.351923451171875 0.21852389453125 0.35110415625 0.217104833984375 0.312472818359375 0.165114427734375
0 0.324909974609375 0.446457009765625 0.40672585546875 0.418016361328125 0.387970279296875 0.29441355859375 0.3870300546875 0.29183031640625 0.384065607421875 0.2866957421875 0.30907174609375 0.31508724609375 0.324909974609375 0.446457009765625
0 0.35849569921875 0.23453758984375 0.228942240234375 0.2743441015625 0.26701309375 0.34789662109375 0.395695091796875 0.311238162109375 0.39781559375 0.310013890625 0.373508375 0.2623082890625 0.35849569921875 0.23453758984375
0 0.372655875 0.52001791015625 0.37508018359375 0.5189888515625 0.4492915 0.48616533203125 0.427488021484375 0.365030568359375 0.42407827734375 0.35912471875 0.35314428125 0.38903312890625 0.372655875 0.52001791015625
0 0.927428734375 0.6685477421875 0.92736734765625 0.668346962890625 0.924591447265625 0.663538958984375 0.858936640625 0.686952123046875 0.85533927734375 0.853551732421875 0.92397684765625 0.83256712109375 0.93416158203125 0.82668696484375 0.927428734375 0.6685477421875
0 0.61339897265625 0.100497732421875 0.59171518359375 0.058028939453125 0.41106853125 0.10645350390625 0.45229406640625 0.192486896484375 0.62541996875 0.14045421484375 0.627793982421875 0.1393471953125 0.63072553515625 0.137654662109375 0.61339897265625 0.100497732421875
0 0.931792130859375 0.6471863828125 0.74568894140625 0.6791592578125 0.77647685546875 0.752309322265625 0.954163912109375 0.71590653515625 0.96217576953125 0.71128088671875 0.94042514453125 0.66463652734375 0.931792130859375 0.6471863828125
0 0.6184228984375 0.1847324296875 0.61293328125 0.177447462890625 0.541485517578125 0.22587459765625 0.62300023828125 0.400118267578125 0.628280755859375 0.39706955859375 0.697840908203125 0.34465222265625 0.6184228984375 0.1847324296875
0 0.451251982421875 0 0.36866674609375 0.04984532421875 0.42686655859375 0.126861685546875 0.57453075390625 0.03199687890625 0.582953375 0.024929458984375 0.581214833984375 0.02191821875 0.570816076171875 0.00888361328125 0.56336183984375 0 0.451251982421875 0
0 0.815105259765625 0.713184103515625 0.873914646484375 0.66941029296875 0.804943505859375 0.49694130859375 0.802215806640625 0.49318694921875 0.734627583984375 0.541080103515625 0.803606685546875 0.719836689453125 0.815012212890625 0.713251705078125 0.815105259765625 0.713184103515625
0 0.770617326171875 0.346847958984375 0.76628981640625 0.342207271484375 0.71211353515625 0.288580353515625 0.55575949609375 0.37901171484375 0.555293203125 0.379446541015625 0.60185280078125 0.43163326171875 0.616304625 0.447130947265625 0.773148921875 0.351232810546875 0.770617326171875 0.346847958984375
0 0.5403084296875 0.311811552734375 0.54099427734375 0.31380340234375 0.63220566796875 0.282396802734375 0.60142830859375 0.097553984375 0.600601505859375 0.096121919921875 0.51610104296875 0.131871541015625 0.5403084296875 0.311811552734375
0 0.7074318515625 0.607562896484375 0.8692163203125 0.516405205078125 0.8724653515625 0.51326765234375 0.83012401171875 0.466982392578125 0.80984355078125 0.445981357421875 0.643754576171875 0.536580615234375 0.7074318515625 0.607562896484375
0 0.66014312890625 0.369855130859375 0.688543783203125 0.55569007421875 0.694056185546875 0.553235794921875 0.77298663671875 0.5124414140625 0.76940877734375 0.49260910546875 0.739769623046875 0.343418169921875 0.73601597265625 0.336916658203125 0.66014312890625 0.369855130859375
0 0 0.540515287109375 0.000979453125 0.542735783203125 0.00710712890625 0.53919796875 0.021395078125 0.5284312265625 0.063094724609375 0.49491960546875 0.019611091796875 0.40593177734375 0.01798584765625 0.4037750078125 0 0.41780509765625 0 0.540515287109375
0 0 0.54931065234375 0.00917241015625 0.57832531640625 0.10528378515625 0.57257812890625 0.10579478125 0.57243160546875 0.11181556640625 0.56895550390625 0.111450966796875 0.56768399609375 0.090023455078125 0.50218843359375 0 0.505344828125 0 0.54931065234375
0 0.07143401171875 0.65374358203125 0.156709841796875 0.61305883203125 0.158491951171875 0.61161570703125 0.156086076171875 0.607448611328125 0.1106888125 0.55138766015625 0.01725790234375 0.59511616015625 0.018425447265625 0.597138404296875 0.07143401171875 0.65374358203125
0 1 0.474741345703125 0.986498546875 0.445407125 0.919953287109375 0.50191407421875 0.99237932421875 0.67399644140625 0.99407289453125 0.673018658203125 1 0.6680452265625 1 0.474741345703125
0 1 0.404901541015625 0.83021394921875 0.4815447890625 0.88006494140625 0.542916349609375 0.8893183671875 0.55394415234375 1 0.502473076171875 1 0.404901541015625
0 1 0.60059522265625 0.925390232421875 0.608304185546875 0.92515437109375 0.60839948046875 0.954596251953125 0.6910290546875 1 0.68705851171875 1 0.60059522265625
0 1 0.3708223203125 0.989888048828125 0.359591859375 0.946704359375 0.31377601171875 0.783589794921875 0.405387591796875 0.84499565234375 0.46903539453125 1 0.392031953125 1 0.3708223203125
0 0.711241201171875 0 0.58933125390625 0.04539976171875 0.633153251953125 0.123399896484375 0.807635826171875 0.06799141015625 0.8175188046875 0.062285470703125 0.78299340625 0 0.711241201171875 0
0 0.844419986328125 0.0965529140625 0.802487599609375 0.051585935546875 0.639547736328125 0.15144488671875 0.63851233984375 0.152410408203125 0.638665521484375 0.15267573046875 0.6908599453125 0.20909833984375 0.702891166015625 0.222000244140625 0.862328228515625 0.127570900390625 0.844419986328125 0.0965529140625
0 0.73080036328125 0.28602026953125 0.91084105078125 0.24836705078125 0.917468392578125 0.24454075390625 0.87621220703125 0.156066580078125 0.6881593203125 0.198962337890625 0.73080036328125 0.28602026953125
0 0.89309917578125 0.19961774609375 0.891887181640625 0.1975185078125 0.802836724609375 0.2229648984375 0.815299373046875 0.42111453515625 0.81551175 0.421482380859375 0.90901159375 0.392896611328125 0.89309917578125 0.19961774609375
0 0.613922451171875 0 0.64348877734375 0.07939635546875 0.70948163671875 0.04784308984375 0.73142370703125 0.036663046875 0.718801640625 0 0.613922451171875 0
0 0.2613588359375 0.915377783203125 0.2913780625 0.892756673828125 0.25221621875 0.795565349609375 0.248457470703125 0.79057732421875 0.1929423203125 0.829851248046875 0.23262782421875 0.93582565234375 0.235580322265625 0.93412102734375 0.2613588359375 0.915377783203125
0 0.163462814453125 0.63184714453125 0.068329369140625 0.645022546875 0.09717257421875 0.71254232421875 0.182900095703125 0.69570725390625 0.190071171875 0.691567029296875 0.16387928125 0.63273908203125 0.163462814453125 0.63184714453125
0 0.324248181640625 0.889241013671875 0.210617599609375 0.89188530859375 0.23100076171875 0.950044025390625 0.34448466796875 0.959651833984375 0.3456482265625 0.9589800546875 0.32557504296875 0.8933236328125 0.324248181640625 0.889241013671875
0 0.2664346640625 0.814280677734375 0.27203346484375 0.810360357421875 0.234048685546875 0.75003188671875 0.1323009765625 0.783690630859375 0.176975306640625 0.844238193359375 0.2664346640625 0.814280677734375
0 0.197933310546875 0.76801079296875 0.21114598828125 0.759471470703125 0.186523625 0.668286548828125 0.184460515625 0.66485295703125 0.1247503984375 0.7024419765625 0.14737340234375 0.79740848046875 0.189132505859375 0.773298849609375 0.197933310546875 0.76801079296875
0 0.35704096875 1 0.336362962890625 0.91086633203125 0.335281837890625 0.909136171875 0.281218986328125 0.94146719140625 0.2845490546875 0.9672635625 0.289343146484375 1 0.35704096875 1