0 0.210710873046875 0.94010424609375 0.2367680703125 0.93854942578125 0.265719416015625 0.83277523828125 0.265517666015625 0.82699787109375 0.199631048828125 0.830427921875 0.16636444140625 0.94073406640625 0.17111748828125 0.941486876953125 0.210710873046875 0.94010424609375
0 0.1716317734375 0.81334059765625 0.27105049609375 0.87346994140625 0.27329980859375 0.87382619921875 0.288416349609375 0.80887532421875 0.187092533203125 0.746940212890625 0.1716317734375 0.81334059765625
0 0.331088513671875 0.515646716796875 0.33113480078125 0.51432123046875 0.254767384765625 0.50921291796875 0.21739196484375 0.6197648671875 0.22573412890625 0.62108613671875 0.294319697265625 0.62165679296875 0.331088513671875 0.515646716796875
0 0.27803631640625 0.704639314453125 0.319792994140625 0.600062234375 0.320043912109375 0.596473919921875 0.317184921875 0.596021099609375 0.24170206640625 0.595746224609375 0.202517765625 0.69808983984375 0.216860255859375 0.700361466796875 0.27803631640625 0.704639314453125
0 0.1809910703125 0.776194888671875 0.18080323828125 0.77738080859375 0.19508779296875 0.77997973046875 0.23845318359375 0.787626220703125 0.26021013671875 0.79107218359375 0.3137254921875 0.687258345703125 0.314509296875 0.68230959765625 0.266060970703125 0.673498912109375 0.23838355859375 0.66861863671875 0.1809910703125 0.776194888671875
0 0.288249685546875 0.553371275390625 0.357315392578125 0.460914982421875 0.35761503515625 0.460091720703125 0.35775277734375 0.45922205078125 0.285018380859375 0.430161208984375 0.21730866796875 0.52691818359375 0.21721392578125 0.527516373046875 0.288249685546875 0.553371275390625
0 0.365017466796875 0.36341356640625 0.285463705078125 0.34839093359375 0.237603384765625 0.458777080078125 0.29161206640625 0.4685765703125 0.318633943359375 0.472856416015625 0.36422878125 0.36839312890625 0.365017466796875 0.36341356640625
0 0.360879044921875 0.011614478515625 0.289409955078125 0.132994208984375 0.300350060546875 0.13719372265625 0.365503169921875 0.161495404296875 0.43578022265625 0.046261505859375 0.435839626953125 0.04610675390625 0.4366076484375 0.041257650390625 0.360879044921875 0.011614478515625
0 0.3859130859375 0.23800604296875 0.404316908203125 0.103225455078125 0.40400170703125 0.09721105859375 0.403580634765625 0.0971443671875 0.3180068046875 0.103148775390625 0.301049865234375 0.240684740234375 0.3094410546875 0.242013775390625 0.3859130859375 0.23800604296875
0 0.40084031640625 0.31941459375 0.26178760546875 0.269957521484375 0.25755361328125 0.307473009765625 0.253129 0.349570392578125 0.38403875390625 0.3943673984375 0.390927962890625 0.395091484375 0.39969619140625 0.330300208984375 0.40084031640625 0.31941459375
0 0.403402716796875 0.19422051171875 0.403505205078125 0.19349126171875 0.329826748046875 0.184694482421875 0.2777468515625 0.316092744140625 0.34496304296875 0.3267387421875 0.35931042578125 0.32875513671875 0.403402716796875 0.19422051171875
0 0.28720420703125 0.860935583984375 0.40417843359375 0.9657442890625 0.406824203125 0.966163337890625 0.43928639453125 0.889687212890625 0.319283583984375 0.789429310546875 0.28720420703125 0.860935583984375
0 0.41613012109375 0.869722251953125 0.38172860546875 0.86476614453125 0.31447577734375 0.973267763671875 0.35384796484375 0.98308435546875 0.387454806640625 0.988407154296875 0.41453457421875 0.879796140625 0.41613012109375 0.869722251953125
0 0.337099275390625 0.595874681640625 0.37221934765625 0.6108703125 0.41619236328125 0.62774997265625 0.498627513671875 0.5086655390625 0.49930305078125 0.50440036328125 0.429835173828125 0.47660722265625 0.337099275390625 0.595874681640625
0 0.313264373046875 0.72519034765625 0.3087292734375 0.80783547265625 0.44389518359375 0.86033725 0.445762556640625 0.860435115234375 0.454514107421875 0.794486380859375 0.4551547890625 0.78226146875 0.313564650390625 0.7252060859375 0.313264373046875 0.72519034765625
0 0.479381068359375 0.65015923046875 0.48240387890625 0.6310739609375 0.34822978515625 0.559806728515625 0.346476345703125 0.55952901171875 0.33799693359375 0.64355278125 0.46074343359375 0.702603302734375 0.469878638671875 0.704050177734375 0.479381068359375 0.65015923046875
0 0.395402748046875 0.787651380859375 0.46989420703125 0.66011586328125 0.47071033984375 0.65496301171875 0.392979298828125 0.63922901953125 0.320053384765625 0.77300494921875 0.395402748046875 0.787651380859375
0 0.3693248515625 0.402349427734375 0.357845896484375 0.48036391796875 0.49320286328125 0.533338185546875 0.501429578125 0.53434830078125 0.51231283984375 0.47315349609375 0.514473416015625 0.45555701171875 0.389898908203125 0.408635291015625 0.3693248515625 0.402349427734375
0 0.43933062109375 0 0.43628211328125 0.074141998046875 0.57113180078125 0.101914685546875 0.57565622265625 0.10223106640625 0.57682469921875 0.09485360546875 0.5779166015625 0.08152624609375 0.582542734375 0.015369455078125 0.49189765234375 0 0.43933062109375 0
0 0.569438892578125 0.123291279296875 0.451647439453125 0.064496798828125 0.424337904296875 0.14665978515625 0.544524484375 0.20331244921875 0.54701533203125 0.203706958984375 0.555733771484375 0.1751902265625 0.569438892578125 0.123291279296875
0 0.404056220703125 0.35945318359375 0.407359150390625 0.36009520703125 0.48566426953125 0.37427500390625 0.533756951171875 0.266890578125 0.5360003046875 0.252726607421875 0.454970775390625 0.23575194921875 0.404056220703125 0.35945318359375
0 0.514627197265625 0.287978 0.540157875 0.15783502734375 0.540157875 0.15357956640625 0.53827512109375 0.153281365234375 0.45509594921875 0.15530752734375 0.432107759765625 0.286753900390625 0.439836423828125 0.287978 0.514627197265625 0.287978
0 0.390920224609375 0.438900103515625 0.455325654296875 0.45393263671875 0.46820712890625 0.456906560546875 0.5259575234375 0.346098859375 0.52708806640625 0.338960896484375 0.44750008984375 0.321840169921875 0.390920224609375 0.438900103515625
0 0.72476233203125 1 0.7277873984375 0.942278275390625 0.548624658203125 0.88557498828125 0.54815269140625 0.95802226953125 0.656170861328125 1 0.72476233203125 1
0 0.774527443359375 0.31261630859375 0.8229138671875 0.13195943359375 0.72779399609375 0.12464509765625 0.684961533203125 0.306236306640625 0.695285357421875 0.307871439453125 0.713618802734375 0.309475408203125 0.774527443359375 0.31261630859375
0 0.56007586328125 0.89530196484375 0.740520744140625 0.92793706640625 0.745820203125 0.927473423828125 0.7428951484375 0.868208974609375 0.741261251953125 0.84953344921875 0.551908224609375 0.821497900390625 0.5519023125 0.82153522265625 0.56007586328125 0.89530196484375
0 0.643243845703125 0.487640353515625 0.734512548828125 0.507040115234375 0.803102646484375 0.3421857578125 0.804360525390625 0.33626790625 0.80484297265625 0.33322184765625 0.721576794921875 0.3111120703125 0.643243845703125 0.487640353515625
0 0.681591935546875 0.184315158203125 0.760231703125 0.22253848828125 0.76864880078125 0.226111333984375 0.85895919140625 0.071451154296875 0.859539189453125 0.06778919921875 0.795364205078125 0.04054853125 0.77321400390625 0.03704028515625 0.681591935546875 0.184315158203125
0 0.759847349609375 0.795763755859375 0.61117897265625 0.6758066953125 0.61023466796875 0.675657130859375 0.575990673828125 0.75502415234375 0.719320572265625 0.86782704296875 0.72178539453125 0.868924451171875 0.726912556640625 0.869736513671875 0.759847349609375 0.795763755859375
0 0.79871083984375 0.526425103515625 0.806467291015625 0.495315671875 0.639568029296875 0.4155033046875 0.63821185546875 0.420942625 0.62153375390625 0.501421345703125 0.77635194921875 0.580155314453125 0.78373178515625 0.581324166015625 0.79871083984375 0.526425103515625
0 0.834818900390625 0.325338517578125 0.83728735546875 0.290037982421875 0.65311180078125 0.2456626875 0.653001830078125 0.338011064453125 0.82419016015625 0.3849648984375 0.829806982421875 0.385357666015625 0.8307624296875 0.37932521875 0.834818900390625 0.325338517578125
0 0.779184375 0.67501161328125 0.6077762421875 0.596531759765625 0.589180857421875 0.687540615234375 0.756187359375 0.76679876953125 0.76114054296875 0.767583275390625 0.77407205078125 0.7072895546875 0.779184375 0.67501161328125
0 0.71751801953125 0.501183251953125 0.603568298828125 0.650704771484375 0.609162998046875 0.652965177734375 0.693337716796875 0.681404833984375 0.7051185 0.665054458984375 0.792877744140625 0.53861404296875 0.79379395703125 0.53282929296875 0.71751801953125 0.501183251953125
0 0.112160421875 0 0.107767865234375 0.045022396484375 0.19590703515625 0.06612232421875 0.201621677734375 0.066622291015625 0.20504003515625 0.04503962109375 0.2089804921875 0 0.112160421875 0
0 0.20206343359375 0.053844947265625 0.126604693359375 0.03976090234375 0.092410626953125 0.13232625390625 0.1459353984375 0.141764115234375 0.168268939453125 0.145301400390625 0.20076476953125 0.062044380859375 0.20206343359375 0.053844947265625
0 0.83850639453125 1 0.8606327421875 0.923593806640625 0.8606327421875 0.92036557421875 0.774273244140625 0.91479666796875 0.771263712890625 0.91479666796875 0.77120284375 0.91518097265625 0.77120284375 1 0.83850639453125 1
0 0.08704708984375 0.1210537421875 0.08569193359375 0.1954507265625 0.18465520703125 0.222334513671875 0.1848679921875 0.222341943359375 0.18599265234375 0.21524112109375 0.186258125 0.143881265625 0.08704708984375 0.1210537421875
0 0.119807927734375 0.192607212890625 0.06215600390625 0.27810569921875 0.08614991796875 0.28683876953125 0.133880908203125 0.30276921875 0.18657887890625 0.22029779296875 0.186923845703125 0.21935000390625 0.18769016796875 0.21451162890625 0.119807927734375 0.192607212890625
0 0.063280396484375 0.333585482421875 0.1408688828125 0.3830041015625 0.14635577734375 0.383873140625 0.170885015625 0.312635064453125 0.083822337890625 0.256270771484375 0.063280396484375 0.333585482421875
0 0.82361731640625 0.7660980625 0.77499322265625 0.945376744140625 0.78143447265625 0.946396939453125 0.868148087890625 0.94336883203125 0.910844845703125 0.76253933203125 0.82361731640625 0.7660980625
0 0.864669375 0.66812423046875 0.765774947265625 0.8200607734375 0.76521091796875 0.821796673828125 0.82531237109375 0.844955078125 0.849934291015625 0.852955224609375 0.9504722109375 0.702233880859375 0.95117978515625 0.697766435546875 0.864669375 0.66812423046875
0 0.861540318359375 1 0.895735220703125 0.851911751953125 0.895353060546875 0.84644663671875 0.804806251953125 0.854244169921875 0.773556470703125 1 0.861540318359375 1
0 0.882981361328125 0.763712591796875 0.959667076171875 0.60422695703125 0.96119905859375 0.5945543984375 0.8772431328125 0.578193833984375 0.786992525390625 0.7438446953125 0.882981361328125 0.763712591796875
0 0.9935289140625 0.1800170703125 0.993495892578125 0.17970289453125 0.904621154296875 0.18955891796875 0.88644828515625 0.382444021484375 0.890502779296875 0.38308619140625 0.984844125 0.373170515625 0.9935289140625 0.1800170703125
0 1 0.35028661328125 0.83859391796875 0.302483216796875 0.837116115234375 0.30235392578125 0.83008362109375 0.379193310546875 0.82854609765625 0.39676730859375 1 0.450376568359375 1 0.35028661328125
0 0.82234778515625 0.55484323828125 0.843694033203125 0.55899252734375 0.91767496484375 0.57191005859375 0.992890490234375 0.404450779296875 0.994282369140625 0.3956628125 0.898380248046875 0.377021328125 0.82234778515625 0.55484323828125
0 0.995389658203125 0.563895681640625 0.809003044921875 0.4908473828125 0.795365421875 0.587884119140625 0.98065143359375 0.6563996796875 0.995389658203125 0.563895681640625
0 1 0.13686804296875 0.854856546875 0.12925417578125 0.857097591796875 0.15486944140625 0.867196435546875 0.23185428515625 1 0.23550635546875 1 0.13686804296875
0 0.125248578125 0.62956864453125 0.123367640625 0.593678203125 0.014590658203125 0.57045028515625 0.01614369921875 0.640102796875 0.12240523046875 0.66555505859375 0.125771712890625 0.665378626953125 0.1263770546875 0.66155664453125 0.125248578125 0.62956864453125
0 0.10798358984375 0.444811287109375 0.12481611328125 0.444802763671875 0.152297828125 0.35555542578125 0.152342603515625 0.35299034765625 0.07969691015625 0.35062014453125 0.056979375 0.442488240234375 0.0671459296875 0.44409846484375 0.10798358984375 0.444811287109375
0 0.1145772109375 0.66990745703125 0.00513862890625 0.63921384375 0.00762717578125 0.700790759765625 0.113446107421875 0.743199427734375 0.114652451171875 0.73558287109375 0.114652453125 0.67419962109375 0.1145772109375 0.66990745703125
0 0.09598815625 0.597372439453125 0.1413336328125 0.507195271484375 0.142037203125 0.502753103515625 0.069056369140625 0.49174358984375 0.024324939453125 0.581517068359375 0.02414458203125 0.58253993359375 0.073988013671875 0.59386787109375 0.075107587890625 0.594065283203125 0.09598815625 0.597372439453125
0 0.12997263671875 0.52998412109375 0.132330830078125 0.520525919921875 0.14580595703125 0.46125588671875 0.06091441796875 0.409028857421875 0.06032605078125 0.40888216015625 0.058711380859375 0.415358248046875 0.044389107421875 0.48202085546875 0.12702445703125 0.52951717578125 0.12997263671875 0.52998412109375
0 0 0.887585498046875 0.057740259765625 0.88253387890625 0.092899498046875 0.773536568359375 0.092745236328125 0.77177333203125 0.0226931015625 0.781383560546875 0 0.8502753984375 0 0.887585498046875
0 0 0.8083920859375 0.028538244140625 0.812912099609375 0.053376044921875 0.81640282421875 0.066566876953125 0.795812015625 0.115050294921875 0.71721415234375 0.11505457421875 0.717183720703125 0.042396623046875 0.703831615234375 0 0.78725891015625 0 0.8083920859375
0 0 0.927040341796875 0.027373337890625 0.931375853515625 0.037389033203125 0.931375853515625 0.0745569296875 0.83941761328125 0.074556931640625 0.83602051171875 0.07089729296875 0.835440880859375 0 0.83566608203125 0 0.927040341796875