0 0.638671875 0.25390625 0.1767578125 0.138671875
0 0.6904296875 0.408203125 0.146484375 0.1201171875
0 0.6650390625 0.337890625 0.1376953125 0.1376953125
0 0.71484375 0.490234375 0.146484375 0.146484375
0 0.791015625 0.71875 0.1689453125 0.142578125
0 0.552734375 0.046875 0.1689453125 0.09375
0 0.6025390625 0.1767578125 0.1484375 0.1484375
0 0.732421875 0.55859375 0.146484375 0.146484375
0 0.5751953125 0.103515625 0.1669921875 0.1279296875
0 0.7548828125 0.6396484375 0.1435546875 0.1435546875
0 0.806640625 0.806640625 0.1435546875 0.1201171875
0 0.546875 0.4130859375 0.1435546875 0.1435546875
0 0.5751953125 0.5009765625 0.1455078125 0.1455078125
0 0.626953125 0.66015625 0.142578125 0.1171875
0 0.513671875 0.3359375 0.1767578125 0.140625
0 0.458984375 0.177734375 0.146484375 0.146484375
0 0.6513671875 0.7421875 0.1611328125 0.1328125
0 0.5966796875 0.5830078125 0.140625 0.140625
0 0.427734375 0.0947265625 0.1826171875 0.1376953125
0 0.482421875 0.2626953125 0.154296875 0.15625
0 0.701171875 0.90234375 0.1435546875 0.138671875
0 0.6708984375 0.8232421875 0.138671875 0.140625
0 0.974609375 0.689453125 0.0498046875 0.115234375
0 0.779296875 0.0263671875 0.1611328125 0.052734375
0 0.9189453125 0.3955078125 0.138671875 0.140625
0 0.9306640625 0.46875 0.138671875 0.125
0 0.189453125 0.251953125 0.1953125 0.1513671875
0 0.154296875 0.1689453125 0.1611328125 0.162109375
0 0.212890625 0.3466796875 0.1767578125 0.134765625
0 0.958984375 0.6142578125 0.0810546875 0.1435546875
0 0.8916015625 0.326171875 0.146484375 0.146484375
0 0.818359375 0.1171875 0.146484375 0.146484375
0 0.9384765625 0.544921875 0.123046875 0.1357421875
0 0.23828125 0.435546875 0.181640625 0.181640625
0 0.412109375 0.9384765625 0.177734375 0.123046875
0 0.255859375 0.521484375 0.185546875 0.1591796875
0 0.345703125 0.7841796875 0.169921875 0.1689453125
0 0.373046875 0.876953125 0.173828125 0.173828125
0 0.3115234375 0.701171875 0.197265625 0.1611328125
0 0.2744140625 0.609375 0.189453125 0.140625
0 0.86328125 0.2578125 0.1376953125 0.1376953125
0 0.837890625 0.1865234375 0.1455078125 0.1435546875
0 0.7900390625 0.0625 0.138671875 0.125
0 0.056640625 0.3466796875 0.1123046875 0.140625
0 0.041015625 0.2568359375 0.08203125 0.150390625
0 0.107421875 0.6220703125 0.1904296875 0.189453125
0 0.072265625 0.435546875 0.14453125 0.15625
0 0.173828125 0.814453125 0.2080078125 0.1669921875
0 0.1376953125 0.71484375 0.177734375 0.1767578125
0 0.087890625 0.52734375 0.1748046875 0.1669921875
0 0.203125 0.9072265625 0.201171875 0.1640625
0 0.2333984375 0.962890625 0.1953125 0.0732421875