0 0.92686417578125 0.2871739140625 0.901143771484375 0.30907512109375 0.9436428046875 0.415910955078125 0.94418415234375 0.41641576953125 0.99587186328125 0.37307517578125 0.95734155859375 0.268451564453125 0.953922083984375 0.2652628515625 0.92686417578125 0.2871739140625
0 0.882805310546875 0.449392630859375 0.971154720703125 0.370304556640625 0.91267965625 0.33640546484375 0.82382659765625 0.41519383984375 0.882805310546875 0.449392630859375
0 0.67026375390625 0.549635544921875 0.72510504296875 0.649098208984375 0.780291501953125 0.595482087890625 0.723978888671875 0.49521877734375 0.721954123046875 0.49333065234375 0.719284216796875 0.496095421875 0.67026375390625 0.549635544921875
0 0.83194126171875 0.535556693359375 0.791952580078125 0.43682766796875 0.78882986328125 0.433915685546875 0.73109270703125 0.4806703125 0.77345562109375 0.58969860546875 0.83194126171875 0.535556693359375
0 0.812987744140625 0.506957142578125 0.91904976171875 0.44638880078125 0.861208546875 0.392450994140625 0.759292783203125 0.448757595703125 0.75553143359375 0.452791146484375 0.812987744140625 0.506957142578125
0 0.746697021484375 0.6118066484375 0.74741440234375 0.61074308984375 0.683625068359375 0.56477221484375 0.59405462890625 0.642678529296875 0.6569531796875 0.685104138671875 0.746697021484375 0.6118066484375
0 0.6768346796875 0.698853955078125 0.60077407421875 0.6063230859375 0.550476123046875 0.67141605859375 0.62710276953125 0.7641741796875 0.6768346796875 0.698853955078125
0 0.392113607421875 1 0.44671754296875 0.954916208984375 0.380079177734375 0.83280678125 0.315321462890625 0.885246544921875 0.38027275390625 1 0.392113607421875 1
0 0.44676549609375 0.780835197265625 0.357923984375 0.8838482734375 0.355261732421875 0.88845942578125 0.357659904296875 0.8906957578125 0.430267962890625 0.93092043359375 0.519965943359375 0.8241307734375 0.51705665625 0.821417818359375 0.44676549609375 0.780835197265625
0 0.4802112265625 0.70756872265625 0.571926357421875 0.823197408203125 0.59539716796875 0.793626142578125 0.621457666015625 0.7602702265625 0.5341786953125 0.652908609375 0.528720021484375 0.64864382421875 0.48694999609375 0.69894348828125 0.4802112265625 0.70756872265625
0 0.52681135546875 0.873335978515625 0.57083860546875 0.80363429296875 0.469371728515625 0.714975515625 0.463215296875 0.71127635546875 0.46021784765625 0.714490728515625 0.426134724609375 0.773982619140625 0.52681135546875 0.873335978515625
0 0.7736214140625 0.207268984375 0.812617470703125 0.362064599609375 0.88342919140625 0.315329400390625 0.84098448046875 0.16849262890625 0.838210107421875 0.165905484375 0.817803283203125 0.17857694140625 0.7736214140625 0.207268984375
0 0.777323666015625 0.24613694140625 0.805510216796875 0.26753014453125 0.915571060546875 0.205999001953125 0.86164562109375 0.15571271484375 0.777323666015625 0.24613694140625
0 0.52048787890625 0.4863481171875 0.62919325390625 0.59020229296875 0.6585598828125 0.54095039453125 0.66830007421875 0.52407988671875 0.56762106640625 0.41661721484375 0.56465695703125 0.41490588671875 0.528312900390625 0.47279478515625 0.52048787890625 0.4863481171875
0 0.70879702734375 0.27343871484375 0.700140845703125 0.282094896484375 0.767185322265625 0.41923760546875 0.76739794140625 0.41945022265625 0.82606855859375 0.361067501953125 0.761642828125 0.23337453515625 0.75885476171875 0.23077462109375 0.70879702734375 0.27343871484375
0 0.56264849609375 0.46581434765625 0.559979916015625 0.469923599609375 0.63312585546875 0.51007376171875 0.74117856640625 0.4151175234375 0.735399140625 0.40972812109375 0.6779104375 0.372394521484375 0.56264849609375 0.46581434765625
0 0.74756766015625 0.32001623828125 0.61449448828125 0.38409287890625 0.6109364453125 0.38790841015625 0.6665800625 0.44441912890625 0.80184493359375 0.37429351171875 0.74756766015625 0.32001623828125
0 0.44698541015625 0.56143330859375 0.442794119140625 0.565927919921875 0.49081669921875 0.626021001953125 0.628738125 0.559862392578125 0.62935919140625 0.559341255859375 0.602885546875 0.52410166796875 0.57850295703125 0.495043626953125 0.460217802734375 0.553660107421875 0.447483068359375 0.561015724609375 0.44698541015625 0.56143330859375
0 0.321152662109375 0.83742416015625 0.315955837890625 0.83257804296875 0.249109556640625 0.79650294921875 0.180387205078125 0.885619978515625 0.21123775 0.914388576171875 0.2499775390625 0.93675500390625 0.321152662109375 0.83742416015625
0 0.2237246640625 0.80772433203125 0.215458875 0.8165883046875 0.2758868046875 0.875734580078125 0.38137609375 0.791033859375 0.35704103125 0.768341046875 0.31849141796875 0.735074599609375 0.2237246640625 0.80772433203125
0 0.50094821484375 0.670169673828125 0.498568978515625 0.667790435546875 0.441580333984375 0.61224718359375 0.341661083984375 0.674379822265625 0.331880869140625 0.68486781640625 0.38956528515625 0.744251587890625 0.50094821484375 0.670169673828125
0 0.273550716796875 0.740546064453125 0.26952208203125 0.744866248046875 0.327449830078125 0.806133 0.4413168984375 0.734759513671875 0.44151719140625 0.7345447265625 0.38620902734375 0.67311878515625 0.273550716796875 0.740546064453125
0 0.4984043046875 0.69498307421875 0.538243888671875 0.62636085546875 0.44824376171875 0.537833099609375 0.44367752734375 0.535196783203125 0.44159019921875 0.53743516796875 0.40300168359375 0.606650470703125 0.4984043046875 0.69498307421875
0 0.56794386328125 0 0.65871898046875 0.154488087890625 0.660578080078125 0.1562217265625 0.708894326171875 0.10325905859375 0.65681806640625 0 0.56794386328125 0
0 0.0528601484375 0.541736150390625 0.035616353515625 0.56998916796875 0.17933391796875 0.69174958984375 0.22431646875 0.61368650390625 0.08892621484375 0.49180644921875 0.086207734375 0.490107755859375 0.08291415234375 0.493639689453125 0.0528601484375 0.541736150390625
0 0.69337530859375 0.08764359375 0.641869583984375 0.02802750390625 0.641469931640625 0.027598927734375 0.477971482421875 0.12039591796875 0.475242822265625 0.123322048828125 0.52626081640625 0.17556065234375 0.69337530859375 0.08764359375
0 0.153468451171875 0.47754705859375 0.2202545234375 0.53915863671875 0.37155621875 0.42757058203125 0.32460715234375 0.37917250390625 0.309418029296875 0.365008419921875 0.16171217578125 0.46870674609375 0.153468451171875 0.47754705859375
0 0 0.7174061875 0.01040180078125 0.727106025390625 0.040806341796875 0.749196216796875 0.16708503125 0.62241582421875 0.099059173828125 0.567482052734375 0.091661521484375 0.562107345703125 0 0.659437953125 0 0.7174061875
0 0.627669146484375 0.174320390625 0.59828078515625 0.13577262109375 0.57633579296875 0.107684314453125 0.404306150390625 0.18106382421875 0.4005015859375 0.185143720703125 0.453345373046875 0.251194333984375 0.627669146484375 0.174320390625
0 0.274611265625 0.28348758203125 0.269668556640625 0.29240446484375 0.23540771484375 0.360500796875 0.369729109375 0.48125749609375 0.37028674609375 0.481566599609375 0.405531560546875 0.42115920703125 0.415804873046875 0.40262566015625 0.2754917265625 0.28254340234375 0.274611265625 0.28348758203125
0 0.30812659765625 0.51259523046875 0.309786638671875 0.511298263671875 0.25039558984375 0.435281189453125 0.0866201953125 0.52403136328125 0.084756896484375 0.526029505859375 0.14587112890625 0.5940665 0.30812659765625 0.51259523046875
0 0.402697646484375 0.16539544921875 0.378782607421875 0.18214094140625 0.4422843984375 0.360357927734375 0.52235408984375 0.308568703125 0.4576273671875 0.13451586328125 0.4558 0.131906111328125 0.454799248046875 0.130972896484375 0.402697646484375 0.16539544921875
0 0.40431467578125 0.4235906875 0.46603276953125 0.351756404296875 0.455286123046875 0.334708498046875 0.368410001953125 0.20213185546875 0.367543322265625 0.201294916015625 0.307992330078125 0.26182462890625 0.4036024296875 0.4229200234375 0.403797896484375 0.423108783203125 0.40431467578125 0.4235906875
0 0.65065468359375 1 0.688423830078125 0.98008480078125 0.671946541015625 0.96112984765625 0.63560773046875 0.921869431640625 0.5539395078125 0.96910104296875 0.54894152734375 0.97446071875 0.571902083984375 1 0.65065468359375 1
0 0.67640689453125 0.9902998984375 0.721590755859375 0.93222519140625 0.662894634765625 0.851460853515625 0.66091605078125 0.849800623046875 0.65002027734375 0.86148491015625 0.61325908984375 0.907771841796875 0.67640689453125 0.9902998984375
0 0.731429583984375 0.81190630078125 0.65431034375 0.859175435546875 0.649490296875 0.864344302734375 0.70300271484375 0.91785672265625 0.791914591796875 0.864261814453125 0.731429583984375 0.81190630078125
0 0.366254046875 0 0.3073501328125 0.052712916015625 0.30634653515625 0.054383181640625 0.38662098828125 0.10175373828125 0.493044916015625 0 0.366254046875 0
0 0.373090841796875 0 0.24271213671875 0.12284088671875 0.3219969296875 0.1722175859375 0.452534986328125 0.046421572265625 0.45347505078125 0.04485704296875 0.4001235 0.00877230078125 0.38552394140625 0 0.373090841796875 0
0 0.344162576171875 0.0817555078125 0.1756271875 0.14449145703125 0.16979616796875 0.1507444609375 0.226782017578125 0.225532908203125 0.3985790390625 0.151473298828125 0.344162576171875 0.0817555078125
0 0 0.48809615234375 0.128465974609375 0.43457433984375 0.07308348046875 0.3524664140625 0 0.38720892578125 0 0.48809615234375
0 0 0.422279326171875 0.0455773671875 0.45539321875 0.18921905078125 0.32769678125 0.1817052890625 0.320690083984375 0.17414714453125 0.315110529296875 0.110825154296875 0.26910441015625 0 0.370665390625 0 0.422279326171875
0 0.10313908984375 0.375916736328125 0.262001935546875 0.26951741796875 0.18882026953125 0.20127441015625 0.042852994140625 0.30291177734375 0.0332553125 0.313204029296875 0.10313908984375 0.375916736328125
0 0.279335283203125 0.14131347265625 0.09735212890625 0.21010269140625 0.096119216796875 0.211424828125 0.145252197265625 0.290214833984375 0.332691484375 0.22347481640625 0.279335283203125 0.14131347265625
0 0.9784789453125 0.660649328125 0.919656056640625 0.573264125 0.914863005859375 0.56909758984375 0.894765265625 0.5908600078125 0.869392052734375 0.62004855078125 0.92979667578125 0.714755283203125 0.9784789453125 0.660649328125
0 0.78599117578125 0.753872390625 0.709214802734375 0.79839652734375 0.70642633203125 0.800996822265625 0.70390941796875 0.803695880859375 0.75008446484375 0.85146311328125 0.835745416015625 0.80803310546875 0.809077400390625 0.77855140234375 0.78654843359375 0.75439204296875 0.78599117578125 0.753872390625
0 1 0.5620189765625 0.97881108984375 0.519208732421875 0.97263716796875 0.51345145703125 0.930783044921875 0.554315544921875 0.970865521484375 0.66348726171875 0.9710847109375 0.663691658203125 1 0.636723658203125 1 0.5620189765625
0 0.821245658203125 0.670543595703125 0.863378060546875 0.768352701171875 0.86384791796875 0.76879084765625 0.920067751953125 0.719189171875 0.88242733984375 0.632681201171875 0.880926400390625 0.630892453125 0.87759066015625 0.627781826171875 0.821245658203125 0.670543595703125
0 0.826000234375 0.68222253515625 0.81848437890625 0.688529087890625 0.77274472265625 0.728559072265625 0.810725140625 0.82070962109375 0.8111149140625 0.821174134765625 0.816227759765625 0.81688394921875 0.866998017578125 0.7713711875 0.82788664453125 0.683981640625 0.826000234375 0.68222253515625
0 1 0.508773046875 0.941567890625 0.54575722265625 0.94155070703125 0.54578269921875 1 0.588895509765625 1 0.508773046875