0 0.29567835546875 0.975348546875 0.39974640625 0.99996349609375 0.40803143359375 0.99865127734375 0.4024379296875 0.93446076171875 0.28896437890625 0.90451685546875 0.29567835546875 0.975348546875
0 0.28147500390625 0.887632466796875 0.386855376953125 0.937144189453125 0.3889518359375 0.936812142578125 0.39715307421875 0.87098434375 0.289910337890625 0.8199797421875 0.28147500390625 0.887632466796875
0 0.35918553515625 0.60629830859375 0.24476390625 0.584720775390625 0.2433936875 0.584937796875 0.24383620703125 0.58914808203125 0.25334057421875 0.661114865234375 0.359598193359375 0.68201711328125 0.36465185546875 0.681216693359375 0.35918553515625 0.60629830859375
0 0.350273916015625 0.645723759765625 0.348760333984375 0.641977515625 0.278194240234375 0.676077365234375 0.287831107421875 0.785138556640625 0.293817677734375 0.784190376953125 0.358586837890625 0.7580219375 0.350273916015625 0.645723759765625
0 0.27364675 0.819871763671875 0.38863340625 0.85301780859375 0.391261142578125 0.852601615234375 0.38847978515625 0.77295392578125 0.271314541015625 0.74096529296875 0.27364675 0.819871763671875
0 0.23816866015625 0.578543025390625 0.34579295703125 0.6130146953125 0.34987666796875 0.6123678984375 0.353614056640625 0.5353744921875 0.239492763671875 0.50268521875 0.23816866015625 0.578543025390625
0 0.23665860546875 0.5194669296875 0.35608202734375 0.51023525390625 0.331610703125 0.431697791015625 0.2116764609375 0.44126279296875 0.23665860546875 0.5194669296875
0 0.18697923828125 0.20068775 0.32398227734375 0.17773628515625 0.32355134375 0.175015470703125 0.2980391328125 0.100922626953125 0.16039405859375 0.1217947109375 0.18697923828125 0.20068775
0 0.33918855078125 0.25376849609375 0.31555036328125 0.18300516015625 0.1754114765625 0.200769822265625 0.17423992578125 0.20115048046875 0.175216556640625 0.20415623046875 0.202571166015625 0.28353830078125 0.33807728515625 0.264563083984375 0.340760177734375 0.263691361328125 0.33918855078125 0.25376849609375
0 0.35595251171875 0.385585046875 0.3561435390625 0.37464113671875 0.213309494140625 0.3374915078125 0.212361306640625 0.37523325390625 0.21162255859375 0.41755607421875 0.344151302734375 0.4503311015625 0.35295713671875 0.44893639453125 0.35595251171875 0.385585046875
0 0.2177528828125 0.384676474609375 0.266464244140625 0.38661475390625 0.3002775859375 0.38720496875 0.32742546875 0.249416779296875 0.32713219140625 0.247565099609375 0.253457099609375 0.24781127734375 0.2177528828125 0.384676474609375
0 0.45382788671875 0.9959366640625 0.478944078125 0.98637691015625 0.52701355078125 0.96695558203125 0.51842462890625 0.8103756171875 0.517422376953125 0.80789495703125 0.43984117578125 0.839910451171875 0.45382788671875 0.9959366640625
0 0.533670828125 1 0.55894134765625 0.996897169921875 0.58407687890625 0.99291609375 0.582655935546875 0.98134343359375 0.577550599609375 0.95887584765625 0.415141390625 0.927918193359375 0.4132835703125 0.928212443359375 0.425021466796875 1 0.533670828125 1
0 0.528088123046875 0.597435763671875 0.51185355078125 0.55764290234375 0.500031203125 0.529791197265625 0.350697587890625 0.54583815234375 0.350303568359375 0.54600540234375 0.3764361875 0.6145174609375 0.38094518359375 0.625139990234375 0.528642193359375 0.60093403125 0.528088123046875 0.597435763671875
0 0.39125002734375 0.773383390625 0.41386862890625 0.853002375 0.558763416015625 0.85863806640625 0.56056091015625 0.858122642578125 0.547364857421875 0.792917662109375 0.543990591796875 0.7811501953125 0.39153906640625 0.77330051171875 0.39125002734375 0.773383390625
0 0.36667225390625 0.613707642578125 0.39470272265625 0.694031306640625 0.5338833984375 0.695710275390625 0.53870281640625 0.694418916015625 0.536622130859375 0.68128199609375 0.520660142578125 0.62171104296875 0.36667225390625 0.613707642578125
0 0.379465185546875 0.69646148046875 0.40263575390625 0.774399021484375 0.55128789453125 0.77594626171875 0.553109259765625 0.7753894140625 0.551071490234375 0.76252345703125 0.532747125 0.70258715234375 0.379465185546875 0.69646148046875
0 0.496515361328125 0.55275714453125 0.49839616015625 0.552459255859375 0.50625290234375 0.48208631640625 0.50671994140625 0.47674802734375 0.36175884765625 0.42577383203125 0.35059121484375 0.5043951796875 0.3503824453125 0.50678144921875 0.477313826171875 0.5495952265625 0.48553540234375 0.5517965234375 0.496515361328125 0.55275714453125
0 0.29650601953125 0.025997716796875 0.2973115546875 0.09749687890625 0.4334299453125 0.11817401953125 0.43365403515625 0.11817793359375 0.43855214453125 0.1174021484375 0.43913840234375 0.09745843359375 0.440295814453125 0.031150193359375 0.338560240234375 0.019336982421875 0.29650601953125 0.025997716796875
0 0.449055462890625 0.1191490546875 0.31853983984375 0.10190692578125 0.31946782421875 0.188484669921875 0.44942216796875 0.2026892265625 0.454016109375 0.201961619140625 0.45299365625 0.172682421875 0.449055462890625 0.1191490546875
0 0.343940349609375 0.274765091796875 0.34231824609375 0.2750220078125 0.351999052734375 0.356987751953125 0.4816115 0.373190357421875 0.48310034375 0.372954548828125 0.474066244140625 0.28700080859375 0.343940349609375 0.274765091796875
0 0.448300919921875 0.18389146484375 0.316841697265625 0.21686312109375 0.35101093359375 0.292307314453125 0.48288626171875 0.26210141015625 0.482291322265625 0.2583451015625 0.46183961328125 0.212409810546875 0.448300919921875 0.18389146484375
0 0.495309146484375 0.44752823046875 0.502183212890625 0.4459412265625 0.484876298828125 0.37014488671875 0.35245234765625 0.366613697265625 0.37252396484375 0.4479645859375 0.495309146484375 0.44752823046875
0 0.867789546875 0.943234490234375 0.86570811328125 0.92332235546875 0.8591027421875 0.869525927734375 0.85793221875 0.86213553515625 0.67454994140625 0.83779063671875 0.67203923828125 0.83818829296875 0.684027939453125 0.90886908984375 0.861785880859375 0.94418537890625 0.867789546875 0.943234490234375
0 0.7487927109375 0.1693115546875 0.744596943359375 0.121812283203125 0.55896412109375 0.09903933203125 0.56495909765625 0.1942514609375 0.744970423828125 0.210861705078125 0.748617119140625 0.21067058984375 0.75094095703125 0.210302529296875 0.7487927109375 0.1693115546875
0 0.851466826171875 0.798536966796875 0.84698050390625 0.779592064453125 0.658454794921875 0.768881365234375 0.67199843359375 0.847082373046875 0.856343501953125 0.85165852734375 0.860866484375 0.85069713671875 0.855933197265625 0.819549587890625 0.851466826171875 0.798536966796875
0 0.619552400390625 0.433431775390625 0.689429748046875 0.438159595703125 0.707562453125 0.438476103515625 0.749346564453125 0.25645836328125 0.748381505859375 0.25036522265625 0.65732448828125 0.249265095703125 0.619552400390625 0.433431775390625
0 0.587717201171875 0 0.604125087890625 0.16386049609375 0.64026623046875 0.1564534921875 0.6937120078125 0.1441145625 0.6833473828125 0 0.587717201171875 0
0 0.73057544140625 0.81442252734375 0.798227779296875 0.786176265625 0.77302940234375 0.602144716796875 0.77129098828125 0.59784198828125 0.694124021484375 0.627961439453125 0.717831923828125 0.81827962890625 0.723090033203125 0.817446826171875 0.73057544140625 0.81442252734375
0 0.61614186328125 0.4741870390625 0.800704603515625 0.48243062890625 0.800950650390625 0.482391658203125 0.799157796875 0.471072025390625 0.78423141796875 0.396318302734375 0.60403946875 0.38385723046875 0.603409740234375 0.383956970703125 0.612826951171875 0.45325751953125 0.61614186328125 0.4741870390625
0 0.766503142578125 0.25319336328125 0.766503142578125 0.21780662890625 0.580958787109375 0.186601802734375 0.57970914453125 0.186799728515625 0.586012958984375 0.27851795703125 0.759649529296875 0.31333369140625 0.766196732421875 0.312296716796875 0.766503142578125 0.25319336328125
0 0.831448236328125 0.67372643359375 0.82440596484375 0.611453353515625 0.82322448828125 0.603046712890625 0.81996928515625 0.582494166015625 0.63272111328125 0.55821429296875 0.642514771484375 0.653068728515625 0.8269823046875 0.67441512890625 0.828026767578125 0.67426833984375 0.831448236328125 0.67372643359375
0 0.68417037890625 0.442948373046875 0.68109654296875 0.46286502734375 0.659518154296875 0.62113920703125 0.713441041015625 0.61692665234375 0.744498146484375 0.614209505859375 0.776535376953125 0.43810998046875 0.77519046484375 0.42961852734375 0.68417037890625 0.442948373046875
0 0 0.19403096875 0.05874840234375 0.194617859375 0.07280955078125 0.10011353125 0.07222284765625 0.096409232421875 0.021188744140625 0.09621305859375 0 0.09621305859375 0 0.19403096875
0 0 0.20951611328125 0.003282921875 0.2796786484375 0.009428400390625 0.27870530078125 0.079663669921875 0.261193681640625 0.07324412890625 0.162605439453125 0.069445884765625 0.163207021484375 0 0.18054441015625 0 0.20951611328125
0 1 0.89014209765625 0.9838345234375 0.78807729296875 0.94868755078125 0.794358107421875 0.930664921875 0.93802194140625 1 0.927040341796875 1 0.89014209765625
0 0.003457333984375 0.3293252109375 0.100533251953125 0.348120478515625 0.10338777734375 0.347668365234375 0.102162513671875 0.274277455078125 0.000999943359375 0.250553943359375 0.003457333984375 0.3293252109375
0 0.021465662109375 0.430047759765625 0.0469022890625 0.42782234375 0.09689375390625 0.42208824609375 0.109179169921875 0.3297422734375 0.107550658203125 0.319460248046875 0.037582828125 0.328195060546875 0.021465662109375 0.430047759765625
0 0.01709364453125 0.41225828125 0.03587153515625 0.48757228515625 0.13429859765625 0.487433103515625 0.13872603515625 0.486329216796875 0.13816091796875 0.482761193359375 0.11480662109375 0.411395966796875 0.01709364453125 0.41225828125
0 1 0.707617921875 0.8524450625 0.65307919921875 0.845346904296875 0.740090248046875 1 0.803123498046875 1 0.707617921875
0 0.89719862109375 0.547625451171875 0.85315780078125 0.723481150390625 0.853189654296875 0.72530610546875 0.917556333984375 0.72763569140625 0.94344141015625 0.72718386328125 0.990241236328125 0.548857859375 0.990023890625 0.54748559765625 0.89719862109375 0.547625451171875
0 1 0.882631 0.985113271484375 0.712399056640625 0.98306100390625 0.707319517578125 0.89935544140625 0.742715916015625 0.91971440234375 0.93975633203125 0.921825533203125 0.939421962890625 0.984243455078125 0.91718173046875 1 0.910815671875 1 0.882631
0 0.92082569140625 0.63543775390625 0.9848576796875 0.464926384765625 0.98385987890625 0.45862651953125 0.889324087890625 0.45252305859375 0.832508595703125 0.63076739453125 0.92082569140625 0.63543775390625
0 0.755702390625 0.186402259765625 0.939659982421875 0.216797837890625 0.94771423828125 0.21552216796875 0.9443495390625 0.119169751953125 0.75206802734375 0.097008859375 0.755702390625 0.186402259765625
0 0.97237076953125 0.28620505859375 0.95113326953125 0.20102609765625 0.7602102734375 0.209369890625 0.758770890625 0.20972876953125 0.77713799609375 0.284671388671875 0.78140576953125 0.301788498046875 0.97345792578125 0.296300318359375 0.97395026171875 0.29617756640625 0.97237076953125 0.28620505859375
0 0.809220654296875 0.44251404296875 0.90922983203125 0.446006439453125 0.954584509765625 0.26611194140625 0.954650634765625 0.264218390625 0.9538438515625 0.259124568359375 0.859408419921875 0.25763388671875 0.809220654296875 0.44251404296875
0 0.797092580078125 0.384920158203125 0.8039195703125 0.482550662109375 0.999401822265625 0.511045865234375 0.99526909375 0.430779376953125 0.99312746484375 0.41725767578125 0.79746227734375 0.384861603515625 0.797092580078125 0.384920158203125
0 0.79174512109375 0 0.78337626953125 0.15953581640625 0.81926524609375 0.1563959375 0.88595266796875 0.147647908203125 0.89001295703125 0 0.79174512109375 0
0 0.066852900390625 0.70539830078125 0.07826437890625 0.7772815078125 0.18319387890625 0.786560828125 0.189272251953125 0.785489046875 0.17968813671875 0.72497733203125 0.17846771484375 0.718055970703125 0.066852900390625 0.70539830078125
0 0.140337501953125 0.507542330078125 0.14035418359375 0.506558095703125 0.04907308984375 0.476696310546875 0.045398470703125 0.550026712890625 0.132962669921875 0.57330889453125 0.136293537109375 0.573425212890625 0.138046517578125 0.57314756640625 0.140337501953125 0.507542330078125
0 0.1628490078125 0.872843740234375 0.192242111328125 0.76804216015625 0.192242109375 0.764287158203125 0.192181490234375 0.763904421875 0.1318396796875 0.7663430546875 0.08919201953125 0.872758322265625 0.08920555078125 0.872843740234375 0.1628490078125 0.872843740234375
0 0.16134548828125 0.6191546171875 0.160906548828125 0.616383251953125 0.08886241015625 0.62420448046875 0.074740275390625 0.72871615234375 0.13941623046875 0.71847248828125 0.14851515625 0.71679901953125 0.16134548828125 0.6191546171875
0 0.1554535078125 0.595480837890625 0.14364041796875 0.5609274296875 0.045018509765625 0.56284001171875 0.0674039609375 0.63096001953125 0.16431418359375 0.63197606640625 0.16492844140625 0.63178826953125 0.16318131640625 0.620757359375 0.1554535078125 0.595480837890625
0 0.193426583984375 1 0.196178169921875 0.998727919921875 0.198564587890625 0.88775974609375 0.19740413671875 0.88488752734375 0.197186650390625 0.88492197265625 0.133110892578125 0.910810259765625 0.131743833984375 1 0.193426583984375 1
0 0.1246206875 0.954948431640625 0.18099521484375 0.935537126953125 0.18340030078125 0.911202068359375 0.19091666015625 0.81915984765625 0.190906654296875 0.81913079296875 0.120106220703125 0.840219998046875 0.120227884765625 0.954615205078125 0.1205638671875 0.95559096875 0.1246206875 0.954948431640625