0 0.97895550390625 0.232032939453125 0.926332759765625 0.19651187890625 0.838946759765625 0.26050978515625 0.83457102734375 0.267792224609375 0.890922556640625 0.305211169921875 0.98194918359375 0.2348767265625 0.982265357421875 0.234350521484375 0.97895550390625 0.232032939453125
0 0.85784641015625 0.3703065390625 0.937444876953125 0.282416689453125 0.875746724609375 0.254815609375 0.795616041015625 0.342460046875 0.85784641015625 0.3703065390625
0 0.74787205859375 0.4648272265625 0.66088538671875 0.538651138671875 0.659199525390625 0.541456880859375 0.66224121484375 0.54343217578125 0.724151201171875 0.58133605859375 0.810358408203125 0.509329056640625 0.81101847265625 0.5083126484375 0.75257865234375 0.467655232421875 0.74787205859375 0.4648272265625
0 0.831587203125 0.46765951171875 0.77494841015625 0.37719305078125 0.77144630078125 0.3750887734375 0.72273984375 0.43111914453125 0.783391732421875 0.531134810546875 0.831587203125 0.46765951171875
0 0.839925568359375 0.46086737109375 0.83996904296875 0.460892470703125 0.88072078515625 0.39118653515625 0.7990019140625 0.30271912109375 0.77318481640625 0.34568598828125 0.75883049609375 0.37054840234375 0.839925568359375 0.46086737109375
0 0.770157349609375 0.5839706796875 0.77101576953125 0.583017310546875 0.714245138671875 0.5286160625 0.61865577734375 0.590730470703125 0.616267103515625 0.594705892578125 0.671085849609375 0.6440649140625 0.770157349609375 0.5839706796875
0 0.66388587890625 0.593871224609375 0.573454724609375 0.66595765625 0.57109459765625 0.669885568359375 0.63424690234375 0.719731677734375 0.7280911171875 0.64529754296875 0.66388587890625 0.593871224609375
0 0.51760620703125 1 0.54560037890625 0.938444849609375 0.433751517578125 0.859024005859375 0.424392013671875 0.8746008359375 0.396961193359375 0.933426421875 0.49386322265625 1 0.51760620703125 1
0 0.4838103359375 0.7764620234375 0.48241980859375 0.778603244140625 0.438220796875 0.8493739921875 0.5393911015625 0.9438112265625 0.54179484765625 0.94537223828125 0.546112853515625 0.93872308984375 0.5874498359375 0.873907763671875 0.48900444140625 0.77958295703125 0.4838103359375 0.7764620234375
0 0.515454126953125 0.751197962890625 0.514517806640625 0.75288712890625 0.581057068359375 0.7924063125 0.678928146484375 0.68589405859375 0.635208232421875 0.659624484375 0.61008362109375 0.64569768359375 0.515454126953125 0.751197962890625
0 0.58914358984375 0.867351255859375 0.631947671875 0.7968918046875 0.528948939453125 0.710017373046875 0.52203611328125 0.706026251953125 0.519299041015625 0.710581505859375 0.48674833984375 0.769770080078125 0.58914358984375 0.867351255859375
0 0.8598097109375 0.1604703515625 0.8356889453125 0.14862126953125 0.788701783203125 0.126710794921875 0.680044078125 0.239779615234375 0.67891337109375 0.242204423828125 0.755238275390625 0.27710920703125 0.8598097109375 0.1604703515625
0 0.826625171875 0.234763587890625 0.88285003125 0.16942801953125 0.857137796875 0.14480437109375 0.8163392109375 0.10675907421875 0.75791052734375 0.07165158203125 0.74496821875 0.08870368359375 0.826625171875 0.234763587890625
0 0.58106117578125 0.3901172421875 0.54982123828125 0.42268749609375 0.52918601953125 0.44481605859375 0.60458509765625 0.574712220703125 0.604898150390625 0.575004146484375 0.6568579375 0.523264447265625 0.664728126953125 0.514824701171875 0.58391369140625 0.391831205078125 0.58106117578125 0.3901172421875
0 0.63219247265625 0.272192126953125 0.627880724609375 0.276657072265625 0.678898580078125 0.334442302734375 0.81602787109375 0.2644132109375 0.756556078125 0.206698619140625 0.63219247265625 0.272192126953125
0 0.5934882890625 0.473120279296875 0.730483974609375 0.40324286328125 0.7229172265625 0.395676115234375 0.66680786328125 0.347307693359375 0.54374350390625 0.416393220703125 0.541741841796875 0.4183948828125 0.54014412890625 0.42105392578125 0.5934882890625 0.473120279296875
0 0.74646710546875 0.3687661328125 0.660153021484375 0.25170821875 0.654312857421875 0.248199095703125 0.61081262109375 0.308072033203125 0.69816781640625 0.434174955078125 0.74646710546875 0.3687661328125
0 0.47051334375 0.544999974609375 0.4689466171875 0.55012450390625 0.60014183203125 0.6301238984375 0.62741172265625 0.55554249609375 0.628112064453125 0.55325177734375 0.512855921875 0.484983068359375 0.50527168359375 0.481120513671875 0.49297498046875 0.47736103515625 0.47051334375 0.544999974609375
0 0.40602937890625 0.889992609375 0.40630846484375 0.889528130859375 0.33865269140625 0.84152846484375 0.2545466640625 0.92670548828125 0.25331091796875 0.928762115234375 0.2947588515625 0.959995375 0.32492491015625 0.97812097265625 0.40602937890625 0.889992609375
0 0.293141958984375 0.83070476953125 0.390164416015625 0.919689376953125 0.439063212890625 0.8482367734375 0.34569006640625 0.76638558203125 0.336163431640625 0.760661400390625 0.32062145703125 0.78459394140625 0.293141958984375 0.83070476953125
0 0.482399140625 0.76992109375 0.48333678125 0.7704196484375 0.524988298828125 0.69475483203125 0.423770974609375 0.61169762109375 0.41104362890625 0.63287948046875 0.383904197265625 0.68392133203125 0.482399140625 0.76992109375
0 0.480612751953125 0.767052890625 0.37582758984375 0.68542130078125 0.3633486171875 0.706189798828125 0.335965451171875 0.75769004296875 0.44210194140625 0.84394175 0.480612751953125 0.767052890625
0 0.57976492578125 0.60458481640625 0.577747416015625 0.60289192578125 0.5148102109375 0.55167072265625 0.417085869140625 0.62585726171875 0.413358568359375 0.63206053125 0.47191470703125 0.68143562109375 0.57976492578125 0.60458481640625
0 0.471783060546875 0 0.57685675390625 0.1323899140625 0.578128822265625 0.13315425 0.618724072265625 0.073806974609375 0.56749751953125 0 0.471783060546875 0
0 0.07130866015625 0.633789716796875 0.06031581640625 0.665010525390625 0.22620822265625 0.754229626953125 0.253977568359375 0.668520009765625 0.09620562890625 0.57745254296875 0.093193375 0.57635617578125 0.09070609765625 0.58049569921875 0.07130866015625 0.633789716796875
0 0.60695354296875 0.0673523125 0.549498392578125 0.01344662109375 0.549056130859375 0.013062166015625 0.39750115234375 0.121476841796875 0.394583916015625 0.1263319375 0.449944357421875 0.17225597265625 0.60695354296875 0.0673523125
0 0.18658097265625 0.438613810546875 0.17169883203125 0.455142099609375 0.285197619140625 0.610952546875 0.347334671875 0.54119232421875 0.23803487890625 0.398283365234375 0.234689953125 0.39527158203125 0.2315851328125 0.393406017578125 0.18658097265625 0.438613810546875
0 0.1947522890625 0.676515826171875 0.159958390625 0.664250802734375 0.10779140234375 0.647300720703125 0.029927689453125 0.800868759765625 0.072364439453125 0.82636733203125 0.11710921875 0.840905791015625 0.1947522890625 0.676515826171875
0 0.55960089453125 0.16606487109375 0.55016805078125 0.15629687890625 0.498635560546875 0.10415195703125 0.338088697265625 0.19608572265625 0.335219978515625 0.2008600703125 0.39093928515625 0.25994359765625 0.55960089453125 0.16606487109375
0 0.32727553515625 0.33391806640625 0.20391904296875 0.461854109375 0.202126623046875 0.46483719921875 0.268355650390625 0.50664320703125 0.278743275390625 0.51288472265625 0.40386484375 0.37661304296875 0.389773013671875 0.36814581640625 0.32727553515625 0.33391806640625
0 0.1233793828125 0.5379717890625 0.10842430078125 0.5700430625 0.26446430859375 0.677473583984375 0.29766167578125 0.591298357421875 0.15467034765625 0.486114765625 0.15042752734375 0.484136306640625 0.142912970703125 0.49664262890625 0.1233793828125 0.5379717890625
0 0.3251951953125 0.203115892578125 0.307372271484375 0.229539466796875 0.432446794921875 0.37141291796875 0.48645116015625 0.295835615234375 0.36602052734375 0.155385640625 0.363250470703125 0.15351721484375 0.361942978515625 0.15273159375 0.3251951953125 0.203115892578125
0 0.43853625 0.28442811328125 0.401710822265625 0.26523102734375 0.37393303515625 0.251077537109375 0.25038941015625 0.38679845703125 0.248436169921875 0.39063191015625 0.33433930859375 0.42828405859375 0.3475002890625 0.413022666015625 0.44918083984375 0.29082402734375 0.43853625 0.28442811328125
0 0.729784380859375 1 0.7388875234375 0.988059529296875 0.733554158203125 0.984854919921875 0.66849456640625 0.95312323828125 0.63409231640625 1 0.729784380859375 1
0 0.73752252734375 1 0.77131005078125 0.94197785546875 0.69937823046875 0.87499958203125 0.69642879296875 0.8732273828125 0.6584324453125 0.93635522265625 0.721639125 1 0.73752252734375 1
0 0.80626770703125 0.844664166015625 0.751817447265625 0.820553333984375 0.68673321875 0.89813990625 0.68565004296875 0.90036075 0.75429826953125 0.931582890625 0.81812743359375 0.85156233984375 0.808281962890625 0.84564658203125 0.80626770703125 0.844664166015625
0 0.7237078671875 0.82241777734375 0.72152759375 0.826046361328125 0.78642875390625 0.86660110546875 0.86066772265625 0.79470621484375 0.860898400390625 0.794322302734375 0.790293384765625 0.756971533203125 0.7237078671875 0.82241777734375
0 0.29717542578125 0 0.20495415625 0.06877683203125 0.20418935546875 0.07004967578125 0.272834166015625 0.12303503125 0.42592109765625 0.01653673828125 0.4262040859375 0.016065767578125 0.405640841796875 0 0.29717542578125 0
0 0.245333515625 0.011573837890625 0.1974205546875 0.0631096484375 0.182956234375 0.07917390625 0.282353048828125 0.2325819921875 0.34487608984375 0.17021755859375 0.34631776171875 0.168616419921875 0.24835406640625 0.01362280078125 0.247572763671875 0.0129193125 0.245333515625 0.011573837890625
0 0.3363321484375 0 0.378949728515625 0.08015948828125 0.379598126953125 0.080807888671875 0.391293791015625 0.06911222265625 0.443925521484375 0.014758853515625 0.43577850390625 0 0.3363321484375 0
0 0.12136916015625 0.189669107421875 0.26943200390625 0.304021359375 0.30402693359375 0.222627791015625 0.16194248828125 0.100921435546875 0.1584910234375 0.106665638671875 0.14666966015625 0.1320166328125 0.12136916015625 0.189669107421875
0 0 0.602089103515625 0.120977650390625 0.505452685546875 0.04510856640625 0.44179096875 0 0.481595263671875 0 0.602089103515625
0 0 0.4530455625 0.08373473828125 0.566196775390625 0.084837154296875 0.56718939453125 0.136696646484375 0.5100549921875 0.148500865234375 0.49694508203125 0.037877482421875 0.34263784765625 0.034732517578125 0.34074816015625 0 0.379322529296875 0 0.4530455625
0 0.17829059765625 0.465068173828125 0.17852460546875 0.46467872265625 0.206576578125 0.3723740078125 0.050233291015625 0.2777354921875 0.03014821484375 0.311162671875 0.01160088671875 0.36824548046875 0.17829059765625 0.465068173828125
0 0.191826623046875 0.187374962890625 0.05525906640625 0.317911298828125 0.051505904296875 0.324157607421875 0.126582888671875 0.376829822265625 0.273044259765625 0.24215694921875 0.191826623046875 0.187374962890625
0 1 0.52335487890625 0.950735611328125 0.49375384765625 0.8805277734375 0.561425623046875 0.8744490546875 0.571542310546875 0.930411734375 0.60750101171875 1 0.543668009765625 1 0.52335487890625
0 0.885740716796875 0.715370625 0.850918166015625 0.701394125 0.81938023828125 0.689287849609375 0.7698617890625 0.763007689453125 0.76720625390625 0.769925595703125 0.767604099609375 0.77016464453125 0.82985805859375 0.792787537109375 0.88759628515625 0.7164855625 0.885740716796875 0.715370625
0 1 0.43401892578125 0.99496876953125 0.43022762109375 0.90904501171875 0.4957624296875 0.906526099609375 0.49995460546875 0.95564020703125 0.5339447265625 1 0.507121 1 0.43401892578125
0 0.83381349609375 0.63719249609375 0.901178982421875 0.66943778515625 0.970203087890625 0.59666518359375 0.97067462109375 0.595739748046875 0.926321076171875 0.5703339765625 0.906572974609375 0.56027181640625 0.83465433203125 0.635542267578125 0.83381349609375 0.63719249609375
0 0.826412185546875 0.646996708984375 0.812070279296875 0.68057939453125 0.886640408203125 0.745149009765625 0.915585958984375 0.679547185546875 0.84424749609375 0.61394651953125 0.843664724609375 0.61367476953125 0.836009498046875 0.62641520703125 0.826412185546875 0.646996708984375
0 1 0.39035725 0.937930029296875 0.4355546640625 0.93640009765625 0.438100900390625 0.98686448046875 0.474926416015625 1 0.467233505859375 1 0.39035725