0 0 0.59486710546875 0.05341883203125 0.57753076171875 0.05705822265625 0.46058503515625 0.056882109375 0.46029193359375 0 0.4792303671875 0 0.59486710546875
0 0.127849958984375 0.450408453125 0.01271245703125 0.47876154296875 0.04842821484375 0.53614504296875 0.163869712890625 0.508293021484375 0.127849958984375 0.450408453125
0 0.228497724609375 0.36333423046875 0.27371019140625 0.42012669140625 0.379234861328125 0.381987126953125 0.3802940859375 0.38118894140625 0.33620441796875 0.318625546875 0.22596973828125 0.3594477109375 0.227546580078125 0.362072017578125 0.228497724609375 0.36333423046875
0 0.27455661328125 0.449613662109375 0.26068234375 0.337420720703125 0.191131861328125 0.3684985859375 0.203243259765625 0.479379826171875 0.20600687890625 0.48397926171875 0.22755892578125 0.474383669921875 0.27455661328125 0.449613662109375
0 0.189736376953125 0.377409 0.18971437109375 0.377363880859375 0.116950580078125 0.41236463671875 0.134940037109375 0.529527013671875 0.136329875 0.53184009375 0.20646151171875 0.497634611328125 0.189736376953125 0.377409
0 0.294897765625 0.31663309375 0.293834205078125 0.31735047265625 0.33575765234375 0.383869828125 0.447239294921875 0.345448802734375 0.43968946484375 0.33288377734375 0.405564529296875 0.28229148046875 0.294897765625 0.31663309375
0 0.408176255859375 0.341944197265625 0.416729486328125 0.35080132421875 0.520815435546875 0.29210333203125 0.46544551953125 0.231266244140625 0.360790525390625 0.29062148046875 0.408176255859375 0.341944197265625
0 0.66492273828125 0.09257046484375 0.728892080078125 0.21481572265625 0.736767443359375 0.210083728515625 0.79508290625 0.1645226953125 0.728489921875 0.04192561328125 0.66492273828125 0.09257046484375
0 0.6084053671875 0.232287466796875 0.73667762109375 0.197377646484375 0.744536203125 0.192655734375 0.706009041015625 0.117086470703125 0.571056373046875 0.155710681640625 0.6084053671875 0.232287466796875
0 0.55960766796875 0.318843501953125 0.5692720390625 0.313704865234375 0.53251651953125 0.170768896484375 0.499047154296875 0.188237154296875 0.46167262890625 0.20810954296875 0.496164783203125 0.33586180078125 0.50280290234375 0.346909482421875 0.55960766796875 0.318843501953125
0 0.58317411328125 0.133389134765625 0.517962650390625 0.183829087890625 0.582987240234375 0.301844802734375 0.587307447265625 0.3071798125 0.594392677734375 0.302922576171875 0.643798349609375 0.2611841875 0.58317411328125 0.133389134765625
0 0.037241107421875 0.639445443359375 0.061580673828125 0.685221505859375 0.214476017578125 0.660622927734375 0.218354029296875 0.65829278515625 0.17881783984375 0.5852468359375 0.025977009765625 0.61529533203125 0.0252446171875 0.6157353984375 0.037241107421875 0.639445443359375
0 0.0330606171875 0.693277828125 0.155579939453125 0.677782615234375 0.1624752578125 0.673639490234375 0.12454336328125 0.600104306640625 0.01302592578125 0.650313298828125 0.0330606171875 0.693277828125
0 0.343245466796875 0.5076750390625 0.487715744140625 0.509860568359375 0.49142866796875 0.508795904296875 0.492253419921875 0.50830034375 0.472293162109375 0.4275140859375 0.32237651171875 0.43355481640625 0.32204837109375 0.43375198046875 0.343245466796875 0.5076750390625
0 0.20710371875 0.50701296484375 0.2063994296875 0.50617362890625 0.142257431640625 0.55182588671875 0.1966724296875 0.693194779296875 0.205007318359375 0.688186673828125 0.260776484375 0.641390787109375 0.20710371875 0.50701296484375
0 0.27849082421875 0.55791515625 0.422913357421875 0.54267259765625 0.42960264453125 0.53865326953125 0.39103582421875 0.46683905859375 0.24728793359375 0.48783231640625 0.27849082421875 0.55791515625
0 0.357677453125 0.58733887890625 0.360571978515625 0.585599671875 0.32870750390625 0.5125154453125 0.17797860546875 0.52943215234375 0.17741323828125 0.529771859375 0.208517060546875 0.5996321875 0.357677453125 0.58733887890625
0 0.5194255703125 0.49787294921875 0.5354931640625 0.490380505859375 0.509270609375 0.359870607421875 0.503698734375 0.339091818359375 0.431455775390625 0.37069849609375 0.45795471484375 0.51193631640625 0.46311644921875 0.520526884765625 0.5194255703125 0.49787294921875
0 0.76761337109375 0.19549036328125 0.770955783203125 0.20451821484375 0.798980439453125 0.277524935546875 0.913636130859375 0.245993744140625 0.91807287890625 0.24332787890625 0.898579265625 0.19254528125 0.88376988671875 0.16789833203125 0.76761337109375 0.19549036328125
0 0.71782731640625 0.225322140625 0.76658443359375 0.34318138671875 0.768737578125 0.34662713671875 0.825878130859375 0.312815326171875 0.84247543359375 0.302444181640625 0.78763044921875 0.17787080078125 0.71782731640625 0.225322140625
0 0.70890493359375 0.36465174609375 0.715034173828125 0.360198595703125 0.666157943359375 0.290830822265625 0.545964103515625 0.34593163671875 0.5539842890625 0.35927946484375 0.59413324609375 0.413073083984375 0.70890493359375 0.36465174609375
0 0.781739939453125 0.338005025390625 0.786930724609375 0.3348860859375 0.755018029296875 0.257442400390625 0.62451862109375 0.282998220703125 0.62305601953125 0.283877037109375 0.6524935625 0.360564451171875 0.781739939453125 0.338005025390625
0 0.5127641015625 0.34786209765625 0.5308808359375 0.469482921875 0.53563931640625 0.477402365234375 0.608911322265625 0.44499430078125 0.58587929296875 0.317034017578125 0.5127641015625 0.34786209765625
0 0.34539753515625 0.88863212109375 0.349549255859375 0.884760578125 0.298830830078125 0.83513978515625 0.157286794921875 0.90043145703125 0.182605384765625 0.94256866796875 0.20381094921875 0.965308849609375 0.34539753515625 0.88863212109375
0 0.77873259375 0.54254771484375 0.83071628515625 0.60109251171875 0.989149365234375 0.49927069140625 0.989172271484375 0.499250779296875 0.927674830078125 0.433413560546875 0.76888743359375 0.52884547265625 0.773512130859375 0.53654226171875 0.77873259375 0.54254771484375
0 0.283512724609375 0.961852626953125 0.339741619140625 0.9437717890625 0.357357904296875 0.937359986328125 0.335531705078125 0.748084873046875 0.335077888671875 0.747329595703125 0.266254685546875 0.774194103515625 0.281434169921875 0.956937060546875 0.282778587890625 0.96063081640625 0.283512724609375 0.961852626953125
0 0.604053341796875 0.599241349609375 0.6337955078125 0.66264955078125 0.64230959375 0.678662216796875 0.81761640234375 0.628158130859375 0.826453677734375 0.62284816015625 0.783441421875 0.54299178515625 0.604053341796875 0.599241349609375
0 1 0.43649916796875 0.96855062890625 0.3575432109375 0.887406162109375 0.39993240234375 0.94799541796875 0.56537869921875 0.952315232421875 0.5731718515625 1 0.5498343828125 1 0.43649916796875
0 0.286253779296875 0.7836926015625 0.306217556640625 0.82786333984375 0.32128160546875 0.86016829296875 0.503802068359375 0.827653994140625 0.509907517578125 0.823985470703125 0.47340251953125 0.74800325 0.286253779296875 0.7836926015625
0 0.52865362890625 0.67813916796875 0.5622354609375 0.71448243359375 0.59080935546875 0.74407156640625 0.74693721484375 0.64482707421875 0.74646657421875 0.644339708984375 0.68345998046875 0.5841124140625 0.52946799609375 0.6768013125 0.52844395703125 0.67779021484375 0.52865362890625 0.67813916796875
0 0.844880240234375 0.64686397265625 0.874558052734375 0.627590974609375 0.799158125 0.45379612109375 0.725339248046875 0.509284931640625 0.790863958984375 0.674259537109375 0.7938677890625 0.67888503125 0.811636271484375 0.668208650390625 0.844880240234375 0.64686397265625
0 0.36390027734375 0.767783322265625 0.40367716015625 0.81371133203125 0.42748437890625 0.839241447265625 0.59006544921875 0.75133731640625 0.5930562734375 0.748548328125 0.532264884765625 0.679720044921875 0.36390027734375 0.767783322265625
0 0.49213777734375 0.7767133828125 0.666990154296875 0.7209474296875 0.6705984375 0.71860418359375 0.615030212890625 0.64304489453125 0.596001771484375 0.64968116015625 0.44777567578125 0.704324736328125 0.480545201171875 0.7588623828125 0.49213777734375 0.7767133828125
0 0.473579416015625 0 0.5023630546875 0.0789010703125 0.56549568359375 0.03951809375 0.552806197265625 0 0.473579416015625 0
0 0.385596470703125 0.030106119140625 0.397188568359375 0.052856892578125 0.42123226171875 0.097060140625 0.51145615625 0.0738575703125 0.520379431640625 0.06849592578125 0.486070244140625 0.006895 0.385596470703125 0.030106119140625
0 0.458897205078125 0.090413103515625 0.460320453125 0.088939287109375 0.40483923828125 0.03536169921875 0.31750945703125 0.09010326171875 0.3186267265625 0.091962712890625 0.37826578515625 0.141792103515625 0.458897205078125 0.090413103515625
0 0.5544072109375 1 0.51848183984375 0.93085495703125 0.33763565625 0.96835532421875 0.353759423828125 1 0.5544072109375 1
0 0.489054384765625 1 0.63305159375 0.96691394140625 0.638425173828125 0.96368516796875 0.601147421875 0.883476974609375 0.41823447265625 0.923341484375 0.418395716796875 0.92365676953125 0.4589881328125 1 0.489054384765625 1
0 0.71616803515625 0.922441140625 0.723377458984375 0.91810928125 0.68452644921875 0.841770705078125 0.49882304296875 0.87257158203125 0.498493470703125 0.872769609375 0.541868478515625 0.9605092421875 0.71616803515625 0.922441140625
0 1 0.70192964453125 0.974386650390625 0.585680509765625 0.973446560546875 0.584115939453125 0.89065487890625 0.61644189453125 0.92210676953125 0.802047806640625 0.92541684375 0.807556693359375 1 0.77892690234375 1 0.70192964453125
0 0.925461640625 0.825979998046875 0.896660009765625 0.63636337890625 0.89616030859375 0.635061607421875 0.856218875 0.650046455078125 0.80476060546875 0.66979943359375 0.83588514453125 0.8557450859375 0.838140900390625 0.8594992890625 0.925461640625 0.825979998046875
0 0.72989169921875 0.71781669921875 0.74224251953125 0.90315925390625 0.745349689453125 0.908330453125 0.838343271484375 0.879899462890625 0.822036875 0.687706759765625 0.72989169921875 0.71781669921875
0 0.734572076171875 0.7387056796875 0.734395849609375 0.738412390625 0.6449355703125 0.765673396484375 0.660695875 0.96160325 0.6624094375 0.96445509765625 0.73951350390625 0.93940246484375 0.7537711328125 0.930835619140625 0.734572076171875 0.7387056796875
0 0.08091258984375 0.26955233203125 0.104567576171875 0.2987638046875 0.200332962890625 0.256233888671875 0.2051867734375 0.252303349609375 0.163999322265625 0.198192658203125 0.060169029296875 0.24126432421875 0.064729318359375 0.24885391796875 0.08091258984375 0.26955233203125
0 0.386850236328125 0.148728359375 0.35176286328125 0.085769701171875 0.25991160546875 0.11404490625 0.282778005859375 0.153650673828125 0.29436189453125 0.1729295 0.38306598046875 0.151002169921875 0.386850236328125 0.148728359375
0 0.10853871484375 0.33041854296875 0.101930380859375 0.21694946875 0.044518455078125 0.239349921875 0.0389526796875 0.3515746875 0.0403884140625 0.35396415234375 0.104504890625 0.331887080078125 0.10853871484375 0.33041854296875
0 0.23541941015625 0.25017948828125 0.229257259765625 0.14345485546875 0.229124177734375 0.14323337109375 0.159194783203125 0.17066844921875 0.164977736328125 0.26483312890625 0.16701625 0.270433900390625 0.16747957421875 0.271205 0.23541941015625 0.25017948828125
0 0.19825130078125 0.144791498046875 0.22307851171875 0.19803362890625 0.23018995703125 0.21206653125 0.32078719921875 0.197537361328125 0.326448896484375 0.19413546875 0.29593783203125 0.132105427734375 0.19825130078125 0.144791498046875
0 0 0.38768836328125 0.003592431640625 0.3992000625 0.005445609375 0.4013318984375 0.057598296875 0.359718138671875 0.062150265625 0.355761173828125 0.01852293359375 0.24810952734375 0 0.263586421875 0 0.38768836328125