0 0.396331650390625 1 0.424122935546875 0.91081334765625 0.424122935546875 0.909577892578125 0.423160275390625 0.905048927734375 0.358156748046875 0.906161009765625 0.326243349609375 1 0.396331650390625 1
0 0.306202546875 0.911261435546875 0.421477408203125 0.930418951171875 0.423242275390625 0.93004381640625 0.412810599609375 0.86337303515625 0.295747537109375 0.84448438671875 0.306202546875 0.911261435546875
0 0.24040737890625 0.62029735546875 0.27168552734375 0.685804822265625 0.381503234375 0.672571283203125 0.38411957421875 0.671406412109375 0.355410822265625 0.600963287109375 0.238711228515625 0.61595555078125 0.2389276875 0.616973916015625 0.24040737890625 0.62029735546875
0 0.3115484609375 0.66715719921875 0.27387478125 0.778036150390625 0.30022903515625 0.778496166015625 0.35287625390625 0.775929248046875 0.3861031640625 0.6733649609375 0.386147970703125 0.670798044921875 0.38562777734375 0.668350736328125 0.3115484609375 0.66715719921875
0 0.27321968359375 0.76922088671875 0.27317251171875 0.769238056640625 0.300375642578125 0.845261814453125 0.420417662109375 0.83953948046875 0.418745380859375 0.83167201171875 0.3945349375 0.76515437109375 0.27321968359375 0.76922088671875
0 0.2470741328125 0.624677484375 0.2471412734375 0.62595861328125 0.32575166015625 0.62428320703125 0.349392642578125 0.512908240234375 0.348405515625 0.50826417578125 0.27463522265625 0.512130314453125 0.2470741328125 0.624677484375
0 0.339933578125 0.45569811328125 0.22171054296875 0.437861380859375 0.22788758203125 0.51989078515625 0.341876716796875 0.53680495703125 0.346752591796875 0.535768556640625 0.34092636328125 0.4651438359375 0.339933578125 0.45569811328125
0 0.15815041796875 0.199845462890625 0.29199290234375 0.210355173828125 0.29699166796875 0.20929265234375 0.2900467265625 0.129911607421875 0.15144088671875 0.11686434765625 0.15815041796875 0.199845462890625
0 0.32652217578125 0.262522169921875 0.29921291796875 0.193092939453125 0.16019581640625 0.218167556640625 0.159045794921875 0.2186090078125 0.16017839453125 0.221559525390625 0.19165005078125 0.299401177734375 0.32597737890625 0.273360123046875 0.32861097265625 0.272349181640625 0.32652217578125 0.262522169921875
0 0.209801767578125 0.434876203125 0.35023188671875 0.453561244140625 0.35595066796875 0.4523456796875 0.3477839453125 0.374644521484375 0.203975755859375 0.35726518359375 0.209801767578125 0.434876203125
0 0.2067416796875 0.39695344140625 0.23885058984375 0.398074708984375 0.280924966796875 0.398668498046875 0.31873220703125 0.263449294921875 0.318513140625 0.262418669921875 0.2367050703125 0.257732216796875 0.2067416796875 0.39695344140625
0 0.529195578125 0.97711030859375 0.568362994140625 0.829675431640625 0.56834052734375 0.82903212109375 0.567693314453125 0.825987212890625 0.49098521484375 0.82710905859375 0.445138220703125 0.97838619140625 0.4454883515625 0.980033427734375 0.529195578125 0.97711030859375
0 0.544877943359375 1 0.55021894921875 0.99750944921875 0.53438484765625 0.87231057421875 0.532062544921875 0.867330376953125 0.457045427734375 0.906026701171875 0.499355443359375 1 0.544877943359375 1
0 0.523269712890625 0.6260412578125 0.51747907421875 0.58016714453125 0.513268115234375 0.55020461328125 0.36506240625 0.52708446484375 0.364456015625 0.52721335546875 0.37195573046875 0.600055154296875 0.373561771484375 0.61148274609375 0.522101568359375 0.6262895546875 0.523269712890625 0.6260412578125
0 0.409472501953125 0.783639048828125 0.408471546875 0.784084701171875 0.43467538671875 0.8583254140625 0.586098078125 0.8449379296875 0.585081498046875 0.84015530078125 0.55343897265625 0.769085021484375 0.409472501953125 0.783639048828125
0 0.50355341015625 0.718197623046875 0.4905585234375 0.5704014375 0.488807126953125 0.56627540625 0.487258056640625 0.566604669921875 0.4144553671875 0.60408026953125 0.43284972265625 0.7474946796875 0.43622308984375 0.7467776484375 0.50355341015625 0.718197623046875
0 0.42148840234375 0.81373140625 0.49806107421875 0.80837692578125 0.53766366796875 0.663500162109375 0.53752434375 0.66150773828125 0.537344955078125 0.66066377734375 0.457305666015625 0.66563916796875 0.42148840234375 0.81373140625
0 0.487397201171875 0.425678078125 0.486405291015625 0.42101150390625 0.409870875 0.41784341015625 0.36931681640625 0.565337984375 0.36930266796875 0.56614860546875 0.41326659375 0.569287943359375 0.45119339453125 0.56994995703125 0.48455701953125 0.442223150390625 0.48736040234375 0.42778640234375 0.487397201171875 0.425678078125
0 0.318629681640625 0.15836854296875 0.324428103515625 0.15713605078125 0.39656665234375 0.1299555703125 0.373605654296875 0.015695650390625 0.32932026171875 0.02510880078125 0.29014763671875 0.03859701953125 0.318629681640625 0.15836854296875
0 0.389039134765625 0.22327291015625 0.411629353515625 0.2184712109375 0.407612328125 0.0878958046875 0.406676306640625 0.083492173828125 0.32497563671875 0.10116752734375 0.3260440390625 0.23021187109375 0.326580271484375 0.232734650390625 0.389039134765625 0.22327291015625
0 0.438672240234375 0.257407591796875 0.436014361328125 0.249227484375 0.35910026953125 0.27531516796875 0.37026023046875 0.40617409375 0.38073301953125 0.403948033203125 0.45310271484375 0.38158966015625 0.438672240234375 0.257407591796875
0 0.43504745703125 0.179391884765625 0.43356510546875 0.172417966796875 0.35036071484375 0.18174405859375 0.33900067578125 0.31371368359375 0.339460076171875 0.3158749921875 0.421228421875 0.30872119140625 0.43504745703125 0.179391884765625
0 0.45324984765625 0.46815730078125 0.465749896484375 0.4638531875 0.455672369140625 0.335016177734375 0.45466538671875 0.33209168359375 0.37661505078125 0.360283451171875 0.3905117421875 0.48812948828125 0.40183412890625 0.485722841796875 0.45324984765625 0.46815730078125
0 0.830191974609375 0.94029664453125 0.834581271484375 0.77934069921875 0.833388896484375 0.774175953125 0.82757833203125 0.77541102734375 0.764972197265625 0.79292248046875 0.749835447265625 0.958066134765625 0.79255565234375 0.948985673828125 0.830191974609375 0.94029664453125
0 0.7289510859375 0.13333307421875 0.723999908203125 0.10060591015625 0.53563977734375 0.09971188671875 0.55135912890625 0.188425904296875 0.73341706640625 0.194764263671875 0.73392054296875 0.19469350390625 0.73746873828125 0.1939393125 0.7289510859375 0.13333307421875
0 0.86768925390625 0.780506291015625 0.68229403515625 0.732828970703125 0.682712302734375 0.80708505078125 0.858431076171875 0.858307875 0.86415417578125 0.85709139453125 0.86736207421875 0.799250296875 0.86768925390625 0.780506291015625
0 0.769660412109375 0.318216982421875 0.764286306640625 0.29293380078125 0.57218415234375 0.289819251953125 0.590502130859375 0.381426859375 0.77041255859375 0.380140921875 0.77493685546875 0.37926148828125 0.77827875 0.37855114453125 0.769660412109375 0.318216982421875
0 0.719559080078125 0.095512068359375 0.716576681640625 0.0757503359375 0.70905311328125 0.03308205078125 0.703425046875 0.00660408984375 0.52102937109375 0.010149552734375 0.53292370703125 0.105947583984375 0.708237052734375 0.09762434765625 0.71636001953125 0.09619205078125 0.719559080078125 0.095512068359375
0 0.7448587421875 0.80176369140625 0.81148408984375 0.77117360546875 0.779878453125 0.58813357421875 0.77799093359375 0.58389413671875 0.701922130859375 0.616688330078125 0.73238009375 0.80682788671875 0.7344931796875 0.80637873828125 0.7448587421875 0.80176369140625
0 0.6429461484375 0.350959359375 0.67119938671875 0.52846011328125 0.671763701171875 0.52985684375 0.71841162109375 0.512194244140625 0.75655015625 0.496785275390625 0.72308449609375 0.31520491015625 0.721342861328125 0.31557510546875 0.6429461484375 0.350959359375
0 0.74777788671875 0.19637499609375 0.558400869140625 0.19126165625 0.57749360546875 0.281614865234375 0.750871580078125 0.291727103515625 0.760580998046875 0.289663302734375 0.75270276953125 0.23141734765625 0.74777788671875 0.19637499609375
0 0.71523125390625 0.717459525390625 0.76923479296875 0.691756677734375 0.79891857421875 0.67663203515625 0.76178180078125 0.49590575 0.75975881640625 0.49193541796875 0.674362734375 0.53156565234375 0.71523125390625 0.717459525390625
0 0.770761447265625 0.58764990234375 0.76962720703125 0.56752938671875 0.75815398828125 0.41264175 0.756889162109375 0.408504693359375 0.676135953125 0.43237426953125 0.681655099609375 0.619531326171875 0.688846255859375 0.61800280078125 0.770761447265625 0.58764990234375
0 0 0.22025798828125 0.036516509765625 0.22089538671875 0.055049248046875 0.1276543671875 0.054326986328125 0.12425638671875 0 0.122765125 0 0.22025798828125
0 0 0.30596573046875 0.00818033984375 0.304226947265625 0.070244083984375 0.280402908203125 0.05181976171875 0.18313259765625 0.05096614453125 0.1833140390625 0 0.20289601171875 0 0.30596573046875
0 1 0.84915879296875 0.878702673828125 0.833942041015625 0.886942869140625 0.92259402734375 0.88722587890625 0.92392548828125 0.97836880859375 0.909489869140625 1 0.904892017578125 1 0.84915879296875
0 0 0.3517126171875 0.00591202734375 0.367286908203125 0.10616853515625 0.35312127734375 0.105358669921875 0.349311169921875 0.0813178125 0.283102970703125 0 0.2913659765625 0 0.3517126171875
0 0.055377220703125 0.45372805078125 0.102181173828125 0.43525059375 0.08953855078125 0.33820021484375 0.08753710546875 0.332701287109375 0.020589873046875 0.3599075390625 0.031195125 0.46067312890625 0.04345613671875 0.45806696875 0.055377220703125 0.45372805078125
0 0.12394097265625 0.42170361328125 0.12330863671875 0.41872870703125 0.046990375 0.42272837890625 0.02746462109375 0.52394358984375 0.02761034765625 0.5246291875 0.10670559375 0.514748328125 0.12394097265625 0.42170361328125
0 1 0.67612151171875 0.849020796875 0.649024763671875 0.86119251171875 0.74204476953125 1 0.762257822265625 1 0.67612151171875
0 1 0.58772137109375 0.835835263671875 0.5507099765625 0.8387137109375 0.629724564453125 0.839467126953125 0.644100609375 1 0.678398142578125 1 0.58772137109375
0 1 0.692933568359375 0.92718165625 0.71191703515625 0.92717383984375 0.91398206640625 0.93874662890625 0.911522193359375 1 0.89279516015625 1 0.692933568359375
0 0.94701184375 0.60722109765625 0.96119792578125 0.43023309765625 0.95899254296875 0.419857576171875 0.86631243359375 0.440075228515625 0.86082867578125 0.627075150390625 0.94701184375 0.60722109765625
0 0.865721693359375 0.234912248046875 0.8973708203125 0.04728286328125 0.89665744140625 0.04392667578125 0.80847331640625 0.04289254296875 0.766696724609375 0.23318376171875 0.865721693359375 0.234912248046875
0 0.932856505859375 0.17500948828125 0.74338723828125 0.19996156640625 0.741984611328125 0.20044452734375 0.76681350390625 0.273501171875 0.772556892578125 0.29018118359375 0.96188931640625 0.26815120703125 0.956988056640625 0.24509259375 0.932856505859375 0.17500948828125
0 0.90191597265625 0.22306812890625 0.89907854296875 0.216695154296875 0.812655736328125 0.257170552734375 0.848251115234375 0.44354841796875 0.85660871484375 0.44177195703125 0.940012015625 0.4046384140625 0.90191597265625 0.22306812890625
0 1 0.45526842578125 0.986154689453125 0.383689837890625 0.78602457421875 0.378794865234375 0.80639791796875 0.4746439140625 1 0.47563573046875 1 0.45526842578125
0 0.75882177734375 0 0.77011011328125 0.145880390625 0.833008515625 0.13529393359375 0.866373578125 0.128201970703125 0.85966117578125 0 0.75882177734375 0
0 0.19583535546875 0.78509340234375 0.19583535546875 0.746418201171875 0.08811419921875 0.714571123046875 0.08686992578125 0.78734384765625 0.18859397265625 0.8147030078125 0.19181149609375 0.814703009765625 0.194964986328125 0.81403271484375 0.19583535546875 0.78509340234375
0 0.1134961328125 0.589303974609375 0.12931061328125 0.583538904296875 0.124610595703125 0.490274541015625 0.123775357421875 0.48784883984375 0.05470008203125 0.5104678671875 0.06484910546875 0.605273435546875 0.07077647265625 0.60401353515625 0.1134961328125 0.589303974609375
0 0.211037671875 0.812094154296875 0.10014269140625 0.787170177734375 0.10585051953125 0.84853246484375 0.21333649609375 0.885205865234375 0.214926921875 0.884867810546875 0.2113374453125 0.816376498046875 0.211037671875 0.812094154296875
0 0.18258814453125 0.72384366796875 0.189010822265625 0.721506005859375 0.167934501953125 0.653401994140625 0.061085408203125 0.65957133203125 0.06125852734375 0.6603857890625 0.08842346484375 0.72962662109375 0.18258814453125 0.72384366796875
0 0.163745984375 0.66252520703125 0.16289087890625 0.652751287109375 0.156335423828125 0.592323298828125 0.059065439453125 0.57057965234375 0.0584613671875 0.570632501953125 0.05904307421875 0.57728144921875 0.067204322265625 0.64497505859375 0.161223009765625 0.66306148046875 0.163745984375 0.66252520703125
0 0.246861666015625 1 0.23691876171875 0.9532223125 0.23602198828125 0.94983091796875 0.124906015625 0.92776490234375 0.1238875546875 0.9279813828125 0.1384884765625 0.99667331640625 0.155799275390625 1 0.246861666015625 1
0 0.225371423828125 0.87752869140625 0.199646994140625 0.875890265625 0.1073656171875 0.87158917578125 0.129307716796875 0.93683730078125 0.13114168359375 0.941614947265625 0.24141909765625 0.937646537109375 0.246617169921875 0.935651185546875 0.229304763671875 0.887775396484375 0.225371423828125 0.87752869140625