0 0.699038962890625 0.869024904296875 0.76350623046875 0.95676251171875 0.788389916015625 0.948875994140625 0.830610794921875 0.9343381796875 0.75942934375 0.842513669921875 0.698341169921875 0.86238585546875 0.699038962890625 0.869024904296875
0 0.82041351171875 0.863247419921875 0.75156128125 0.766490796875 0.687201232421875 0.786292591796875 0.687252849609375 0.786783701171875 0.75525336328125 0.883302375 0.82041351171875 0.863247419921875
0 0.66533998046875 0.52504194921875 0.704886919921875 0.635617666015625 0.78118834765625 0.629174396484375 0.781124921875 0.62796412890625 0.74247079296875 0.5225006328125 0.672310640625 0.524309302734375 0.66533998046875 0.52504194921875
0 0.66989239453125 0.621610009765625 0.71538405078125 0.71508725 0.76787615234375 0.710302111328125 0.793909908203125 0.70617876953125 0.7411715 0.601622044921875 0.66898284765625 0.612956240234375 0.66989239453125 0.621610009765625
0 0.791191337890625 0.80561138671875 0.7653459921875 0.6867831171875 0.686532759765625 0.680319509765625 0.6860827421875 0.68546320703125 0.712561517578125 0.799427794921875 0.78757944921875 0.80599101171875 0.791191337890625 0.80561138671875
0 0.767383203125 0.52960855078125 0.773995654296875 0.45402789453125 0.657082572265625 0.474609169921875 0.652685654296875 0.552741234375 0.65520694921875 0.552961818359375 0.767383203125 0.52960855078125
0 0.67530520703125 0.479952369140625 0.757530921875 0.477521162109375 0.7273791796875 0.36159855859375 0.645639103515625 0.36343070703125 0.645639103515625 0.364746109375 0.67530520703125 0.479952369140625
0 0.709481697265625 0.163761248046875 0.686776568359375 0.026276044921875 0.60631081640625 0.0241059921875 0.606229474609375 0.028766080078125 0.62634276953125 0.1635109921875 0.70384855078125 0.16435331640625 0.709481697265625 0.163761248046875
0 0.590794990234375 0.22040252734375 0.590484267578125 0.22484608984375 0.59094351953125 0.229215576171875 0.594573705078125 0.22946942578125 0.730645236328125 0.21509909765625 0.737890384765625 0.132513455078125 0.737442423828125 0.1282513828125 0.736974658203125 0.128218673828125 0.59670083203125 0.14488436328125 0.590794990234375 0.22040252734375
0 0.727281294921875 0.265622162109375 0.60564594921875 0.34428396875 0.632107419921875 0.416986255859375 0.63790508984375 0.416376896484375 0.75606733984375 0.33793244140625 0.727281294921875 0.265622162109375
0 0.612062099609375 0.205924232421875 0.66067671875 0.335117724609375 0.70253923828125 0.330859171875 0.73442823828125 0.3269436953125 0.692444939453125 0.19086373046875 0.6117138046875 0.202610423828125 0.612062099609375 0.205924232421875
0 0.665321189453125 0.798490625 0.540235748046875 0.8923306640625 0.568650998046875 0.970400921875 0.57131507421875 0.97012091796875 0.693614255859375 0.871577806640625 0.665321189453125 0.798490625
0 0.605212478515625 0.99169586328125 0.66977411328125 0.979146353515625 0.70462787109375 0.9718897265625 0.691583318359375 0.8867804140625 0.69135638671875 0.886804265625 0.54492008203125 0.967281615234375 0.547007484375 0.990227193359375 0.548452578125 0.997661568359375 0.605212478515625 0.99169586328125
0 0.6542937734375 0.502942712890625 0.506793650390625 0.53125785546875 0.50363093359375 0.561349095703125 0.499836875 0.60308454296875 0.500316291015625 0.60764587890625 0.648553466796875 0.58762298046875 0.64975971484375 0.57614630078125 0.654719474609375 0.502987455078125 0.6542937734375 0.502942712890625
0 0.581814220703125 0.87015323828125 0.660894021484375 0.8707617578125 0.62727569921875 0.727736986328125 0.5464379765625 0.720864900390625 0.5459950234375 0.72592785546875 0.581814220703125 0.87015323828125
0 0.662785666015625 0.693161306640625 0.5908285390625 0.566961685546875 0.510069509765625 0.58085690625 0.51076071484375 0.58743329296875 0.58834921484375 0.7117203984375 0.662785666015625 0.693161306640625
0 0.65871824609375 0.786541630859375 0.60075434375 0.645130322265625 0.525754244140625 0.65049771484375 0.525930041015625 0.65385212109375 0.57792205859375 0.79220148046875 0.631667076171875 0.78938482421875 0.65871824609375 0.786541630859375
0 0.614712943359375 0.551038423828125 0.595080830078125 0.39933522265625 0.51778199609375 0.39171564453125 0.51696162890625 0.3983969921875 0.5177285234375 0.413083396484375 0.5329913203125 0.54421049609375 0.57064115234375 0.54883331640625 0.61461413671875 0.551843125 0.614712943359375 0.551038423828125
0 0.47379611328125 0 0.4665082890625 0.00076598046875 0.480335083984375 0.119842578125 0.5571160625 0.11850236328125 0.568019150390625 0.11735640234375 0.5501920625 0 0.47379611328125 0
0 0.4538924765625 0.1235357890625 0.4576106171875 0.18638045703125 0.45797100390625 0.189809291015625 0.461874486328125 0.189672978515625 0.58684886328125 0.16418840625 0.587154390625 0.07978453515625 0.453209451171875 0.10397653125 0.4538924765625 0.1235357890625
0 0.47380227734375 0.26569339453125 0.525666189453125 0.37628296875 0.60371191015625 0.360738716796875 0.607003130859375 0.360039146484375 0.55393744921875 0.2372453359375 0.472755767578125 0.255736517578125 0.47380227734375 0.26569339453125
0 0.57438877734375 0.1484055703125 0.456066265625 0.21699197265625 0.48272999609375 0.294429068359375 0.484858984375 0.29420530078125 0.60039738671875 0.230372216796875 0.57438877734375 0.1484055703125
0 0.474369607421875 0.4355200859375 0.48100285546875 0.436570689453125 0.60351937890625 0.428440919921875 0.61786734765625 0.34588807421875 0.48601230078125 0.35864808984375 0.474231474609375 0.43420584765625 0.474369607421875 0.4355200859375
0 0.399977673828125 1 0.337147576171875 0.86043773046875 0.266519623046875 0.86460071875 0.26719412890625 0.871018212890625 0.315577791015625 1 0.399977673828125 1
0 0.163599236328125 0.259080693359375 0.16899188671875 0.259552490234375 0.34947324609375 0.24923466796875 0.35860050390625 0.156195138671875 0.358403765625 0.1543232890625 0.17247291796875 0.170570349609375 0.1666220078125 0.21789425390625 0.1632823984375 0.25606617578125 0.163599236328125 0.259080693359375
0 0.27646958984375 0.77263983984375 0.304029046875 0.95877730859375 0.304612818359375 0.95882837890625 0.383301029296875 0.96271211328125 0.3496946640625 0.776896953125 0.276803744140625 0.768820447265625 0.27646958984375 0.77263983984375
0 0.186199712890625 0.39549099609375 0.189429060546875 0.4598917421875 0.19745108203125 0.4598917421875 0.37430141796875 0.42682552734375 0.374803287109375 0.333405775390625 0.186199712890625 0.373249990234375 0.186199712890625 0.39549099609375
0 0.15403762109375 0.14430314453125 0.1532863984375 0.16096059765625 0.153649853515625 0.16441862890625 0.16461801953125 0.16518559765625 0.339840998046875 0.15513800390625 0.341656552734375 0.05862146875 0.15893674609375 0.07424241796875 0.15403762109375 0.14430314453125
0 0.316172830078125 0.6697303046875 0.23522759765625 0.6864616328125 0.23544393359375 0.688519923828125 0.235936416015625 0.691053529296875 0.31503404296875 0.85911939453125 0.387156083984375 0.845962595703125 0.40048570703125 0.843371580078125 0.316172830078125 0.6697303046875
0 0.279167001953125 0.39782761328125 0.19682396484375 0.425712048828125 0.19703031640625 0.42767535546875 0.295535326171875 0.58195568359375 0.333936974609375 0.567214671875 0.38009896875 0.548318474609375 0.379559115234375 0.546912107421875 0.279167001953125 0.39782761328125
0 0.185864404296875 0.37904852734375 0.365886080078125 0.32212669921875 0.35193755078125 0.226478359375 0.35131209375 0.22654409765625 0.17852580859375 0.28718162109375 0.1850656875 0.379132474609375 0.185864404296875 0.37904852734375
0 0.21327208984375 0.67587867578125 0.212296896484375 0.738312611328125 0.217151865234375 0.73856705078125 0.39785694921875 0.69887567578125 0.400210703125 0.606016318359375 0.214940171875 0.64404976953125 0.21327208984375 0.67587867578125
0 0.385573353515625 0.513998451171875 0.385337529296875 0.51399844921875 0.229781638671875 0.549235923828125 0.2102086796875 0.5540339140625 0.20471670703125 0.648373451171875 0.206482982421875 0.64837344921875 0.386365322265625 0.599126521484375 0.385573353515625 0.513998451171875
0 0.81698263671875 0 0.837765677734375 0.086815458984375 0.91595937890625 0.07918658203125 0.89438297265625 0 0.81698263671875 0
0 0.93466013671875 0.142765822265625 0.885953841796875 0.05604696484375 0.81400548828125 0.079400052734375 0.814332953125 0.082515669921875 0.859819216796875 0.167083109375 0.93466013671875 0.142765822265625
0 0.189027978515625 1 0.25270315234375 0.97010403515625 0.247636548828125 0.933441099609375 0.246540171875 0.93355633203125 0.061604140625 0.96284732421875 0.062979177734375 0.9759299296875 0.064640115234375 0.986416669921875 0.067698666015625 1 0.189027978515625 1
0 0.825390060546875 0.15782085546875 0.86218851171875 0.244690861328125 0.914837482421875 0.23520533984375 0.93940420703125 0.229983521484375 0.895511380859375 0.1366975546875 0.82462403125 0.150532568359375 0.825390060546875 0.15782085546875
0 0.90856257421875 0.318596765625 0.92124099609375 0.319039505859375 0.933707259765625 0.317729248046875 0.912655173828125 0.218618275390625 0.84057737890625 0.21343142578125 0.84037315234375 0.219279697265625 0.85833951953125 0.31548687890625 0.90856257421875 0.318596765625
0 0.85583605859375 0.396613642578125 0.9418176171875 0.36447606640625 0.93779919921875 0.28457995703125 0.84102962109375 0.32156940234375 0.841710287109375 0.328045517578125 0.8502021015625 0.397205794921875 0.85583605859375 0.396613642578125
0 0.07057909765625 0.926912880859375 0.229696828125 0.830643591796875 0.209075701171875 0.7458189921875 0.20906373046875 0.74582025 0.047252443359375 0.836569330078125 0.069798087890625 0.92699496875 0.07057909765625 0.926912880859375
0 0.141838529296875 0.83120560546875 0.205609095703125 0.8221606328125 0.205450015625 0.82034234765625 0.143268529296875 0.65005351953125 0.050362509765625 0.659676837890625 0.11604802734375 0.833461982421875 0.141838529296875 0.83120560546875
0 0.099210435546875 1 0.244988634765625 0.93201564453125 0.2291880625 0.845827033203125 0.22867251171875 0.84588121875 0.047966837890625 0.9267182421875 0.05126838671875 0.95330768359375 0.05783056640625 1 0.099210435546875 1
0 0.02261876171875 0.59192622265625 0.02265919921875 0.59203731640625 0.1202301484375 0.744138126953125 0.2130822109375 0.7127202265625 0.1033165546875 0.559302884765625 0.0219723203125 0.58577573828125 0.02261876171875 0.59192622265625
0 0 0.32390765234375 0.169700041015625 0.28039198046875 0.16552942578125 0.19102199609375 0 0.22492343359375 0 0.32390765234375
0 0.012331998046875 0.265349865234375 0.053534310546875 0.4512378828125 0.13179267578125 0.44987187890625 0.142365216796875 0.44960695703125 0.15146350390625 0.4486506875 0.106937322265625 0.2612144296875 0.04627352734375 0.2622733203125 0.012291025390625 0.26300251171875 0.012331998046875 0.265349865234375
0 0 0.479112216796875 0.007777568359375 0.53445248828125 0.016716755859375 0.53351294140625 0.186917080078125 0.467539056640625 0.175263720703125 0.371302154296875 0 0.43561448046875 0 0.479112216796875
0 0.1724397265625 0.64754765234375 0.12323994921875 0.455942646484375 0.030001982421875 0.459284259765625 0.0300319609375 0.461001755859375 0.074773435546875 0.650367146484375 0.15972173046875 0.648884369140625 0.1724397265625 0.64754765234375
0 0 0.23106040234375 0.159809130859375 0.183494462890625 0.149638720703125 0.106519041015625 0.145173685546875 0.081196568359375 0 0.1283743203125 0 0.23106040234375
0 0.874029958984375 0.695338984375 0.88017861328125 0.694801046875 0.979131064453125 0.65868016015625 0.971548962890625 0.5862928046875 0.867013375 0.62740721484375 0.86762591796875 0.63440860546875 0.874029958984375 0.695338984375
0 0.84255597265625 0.395884 0.89636366015625 0.46963208203125 0.912281896484375 0.464160005859375 0.96054903515625 0.446592205078125 0.90836183984375 0.3658912890625 0.84206029296875 0.391167923828125 0.84255597265625 0.395884
0 0.9736278671875 0.77386768359375 0.94451021484375 0.66396670703125 0.884855509765625 0.654182615234375 0.88435094921875 0.658291943359375 0.900752859375 0.765894466796875 0.969350736328125 0.7743172265625 0.9736278671875 0.77386768359375
0 0.855470876953125 0.533709185546875 0.90026873828125 0.61981755078125 0.91663606640625 0.6170554921875 0.97375877734375 0.605951962890625 0.92465478515625 0.51240470703125 0.85502969140625 0.52951160546875 0.855470876953125 0.533709185546875
0 0.897724328125 0.53872258984375 0.938775576171875 0.53872258984375 0.9558995625 0.53692278515625 0.926683888671875 0.44482716015625 0.85614255078125 0.443360064453125 0.856142552734375 0.44736580859375 0.882000775390625 0.53820799609375 0.897724328125 0.53872258984375
0 0.987149728515625 0.78875683984375 0.88852101953125 0.85009558984375 0.899333453125 0.91836262109375 0.902524912109375 0.918027185546875 0.994854421875 0.8598121953125 0.987149728515625 0.78875683984375
0 0.97575062109375 0.719634001953125 0.87509484765625 0.77760498828125 0.8762456953125 0.78352559375 0.89136561328125 0.84692916796875 0.89668951953125 0.846369603515625 0.96798464453125 0.79706042578125 0.98896590234375 0.782014751953125 0.98724563671875 0.773164763671875 0.97575062109375 0.719634001953125
0 0.903554587890625 0.860485365234375 0.90503897265625 0.94552580859375 0.90621930078125 0.95675585546875 0.943902669921875 0.95609808984375 0.98338129296875 0.95194871875 0.945274322265625 0.862207810546875 0.903554587890625 0.860485365234375