0 0.16715913671875 0.838833572265625 0.183322513671875 0.80916966796875 0.105142248046875 0.724424392578125 0.10474778515625 0.724248765625 0.07195065234375 0.78336798046875 0.145383455078125 0.867197880859375 0.1496788515625 0.86911031640625 0.16715913671875 0.838833572265625
0 0.1003490546875 0.728806833984375 0.197284400390625 0.797100908203125 0.217160630859375 0.73249891796875 0.120404009765625 0.663646685546875 0.1003490546875 0.728806833984375
0 0.18796780859375 0.524414533203125 0.19197159375 0.52691637890625 0.25453366796875 0.563734009765625 0.3377979140625 0.491681296875 0.33917890625 0.4885795390625 0.276502296875 0.446578599609375 0.18796780859375 0.524414533203125
0 0.30454344140625 0.554847408203125 0.2324951953125 0.5254323828125 0.156924046875 0.6066134609375 0.211642998046875 0.63330167578125 0.22578405078125 0.6395976796875 0.3024434765625 0.5595640078125 0.30454344140625 0.554847408203125
0 0.11501277734375 0.6655329765625 0.126523396484375 0.67495819140625 0.17776812890625 0.71645535546875 0.275251724609375 0.65137009765625 0.27735763671875 0.646640142578125 0.24022086328125 0.6162364453125 0.21837965625 0.59854978515625 0.11505115625 0.66544677734375 0.11501277734375 0.6655329765625
0 0.362329732421875 0.39803648828125 0.3627200703125 0.39634575 0.286823669921875 0.37632273828125 0.231836896484375 0.4798075078125 0.238887458984375 0.482946619140625 0.30504641796875 0.498220619140625 0.362329732421875 0.39803648828125
0 0.329285357421875 0.42705790234375 0.404501583984375 0.34186240234375 0.4071497421875 0.335914541015625 0.33661861328125 0.297962796875 0.257125455078125 0.38756198828125 0.329285357421875 0.42705790234375
0 0.41989071875 0 0.40183314453125 0.07547523046875 0.526940201171875 0.13216715234375 0.5309873984375 0.12307699609375 0.548698970703125 0.05203976171875 0.42895755078125 0 0.41989071875 0
0 0.4431664921875 0.218888650390625 0.518791658203125 0.105816361328125 0.521015087890625 0.10057828515625 0.509883357421875 0.095622119140625 0.441250267578125 0.067911583984375 0.365075349609375 0.18508266796875 0.396792810546875 0.19920419140625 0.4431664921875 0.218888650390625
0 0.28876682421875 0.31253177734375 0.31062566796875 0.33133801953125 0.348958158203125 0.36237905859375 0.463444255859375 0.27478137890625 0.464374439453125 0.27269215234375 0.4034503203125 0.222578767578125 0.28876682421875 0.31253177734375
0 0.34097267578125 0.199410634765625 0.431088517578125 0.301702451171875 0.435765419921875 0.3037847421875 0.48325566796875 0.239084109375 0.382333599609375 0.137646369140625 0.34097267578125 0.199410634765625
0 0.17657574609375 0.865365142578125 0.200043322265625 0.878460369140625 0.245819384765625 0.90279993359375 0.35956784765625 0.79620801953125 0.361015513671875 0.792956505859375 0.28710827734375 0.754358984375 0.17657574609375 0.865365142578125
0 0.312656646484375 0.93468909375 0.33591491796875 0.90233824609375 0.22942434375 0.81683664453125 0.211237904296875 0.80262783984375 0.191522197265625 0.83393828125 0.26564766015625 0.94297775390625 0.295720109375 0.95636687109375 0.312656646484375 0.93468909375
0 0.4706436328125 0.5688103203125 0.480492521484375 0.556647955078125 0.38937186328125 0.43706712890625 0.35266209375 0.481118701171875 0.34040269140625 0.4962578046875 0.422844001953125 0.61787079296875 0.426422091796875 0.61946386328125 0.4706436328125 0.5688103203125
0 0.26576397265625 0.66675141796875 0.23591208984375 0.743950177734375 0.34823856640625 0.835650900390625 0.34998430078125 0.836321025390625 0.37868680078125 0.7763044296875 0.38307383203125 0.764875828125 0.266044689453125 0.66685917578125 0.26576397265625 0.66675141796875
0 0.41864056640625 0.68871058984375 0.447417525390625 0.61280548046875 0.337521314453125 0.51830939453125 0.33551413671875 0.5174157421875 0.30411559765625 0.58693805859375 0.410219634765625 0.6857959375 0.41831830078125 0.689401697265625 0.41864056640625 0.68871058984375
0 0.29638593359375 0.59645378125 0.27018978125 0.66806367578125 0.38917415234375 0.76199316015625 0.3900589609375 0.76229782421875 0.39867082421875 0.74295526171875 0.41801616796875 0.68677230859375 0.29638593359375 0.59645378125
0 0.524179625 0.46489943359375 0.52532601171875 0.462198712890625 0.418510689453125 0.38275726953125 0.40046625390625 0.37104393359375 0.367928267578125 0.44287224609375 0.483440046875 0.53110381640625 0.4910696484375 0.534342388671875 0.515277478515625 0.484893982421875 0.524179625 0.46489943359375
0 0.56795975 0 0.545048150390625 0.08159944140625 0.6717940859375 0.12929904296875 0.68104658203125 0.131778240234375 0.68236664453125 0.12881333203125 0.70057933203125 0.05209434375 0.57566129296875 0 0.56795975 0
0 0.66399134765625 0.1339995390625 0.545191728515625 0.077269755859375 0.519320294921875 0.159896845703125 0.642188361328125 0.2152136796875 0.644059458984375 0.211011125 0.65119407421875 0.186129767578125 0.66399134765625 0.1339995390625
0 0.456772046875 0.35702604296875 0.534534595703125 0.37393001171875 0.589386630859375 0.26208896484375 0.59109089453125 0.254706984375 0.50869418359375 0.23442015234375 0.45353942578125 0.35616783984375 0.45406141796875 0.35640024609375 0.456772046875 0.35702604296875
0 0.635797865234375 0.198834552734375 0.638200501953125 0.19343814453125 0.563482236328125 0.15436872265625 0.479055740234375 0.25892516796875 0.478936287109375 0.25919346484375 0.551229513671875 0.29926625390625 0.635797865234375 0.198834552734375
0 0.55785585546875 0.3363710703125 0.55869195703125 0.332749517578125 0.482241880859375 0.31490570703125 0.421758515625 0.43095726171875 0.428632548828125 0.434017779296875 0.50293373828125 0.45000123046875 0.55785585546875 0.3363710703125
0 0.54155462890625 1 0.59564384765625 0.90336528125 0.59617629296875 0.900626080078125 0.52104691796875 0.884612302734375 0.51530424609375 0.883496041015625 0.4595796796875 1 0.54155462890625 1
0 0.72315731640625 0.3537321640625 0.73863251171875 0.3609483671875 0.80993429296875 0.39328802734375 0.908728654296875 0.242727369140625 0.912043373046875 0.235282388671875 0.83030915625 0.20066908984375 0.72315731640625 0.3537321640625
0 0.52809579296875 0.994822513671875 0.639815595703125 0.843411263671875 0.641313650390625 0.83988206640625 0.573163099609375 0.812792982421875 0.45625550390625 0.96108080078125 0.52753436328125 0.99458319921875 0.5275826640625 0.994604703125 0.52809579296875 0.994822513671875
0 0.637233224609375 0.51108594140625 0.69398721484375 0.55212471484375 0.70919689453125 0.56200199609375 0.840639123046875 0.4302329296875 0.8433959921875 0.424040900390625 0.7668592421875 0.37491989453125 0.637233224609375 0.51108594140625
0 0.90577167578125 0.2970491875 0.949969984375 0.24246882421875 0.82699063671875 0.106429775390625 0.76249433203125 0.17825570703125 0.883791861328125 0.305105833984375 0.892490248046875 0.312149650390625 0.892796111328125 0.312285828125 0.90577167578125 0.2970491875
0 0.548480052734375 0.892568638671875 0.58274381640625 0.902393615234375 0.67975096875 0.74030168359375 0.6807741640625 0.736733375 0.5978920859375 0.71399961328125 0.5027235625 0.877493828125 0.512103201171875 0.881669912109375 0.548480052734375 0.892568638671875
0 0.77311139453125 0.61421012109375 0.792850611328125 0.58894507421875 0.672843162109375 0.448148802734375 0.66939186328125 0.45256626171875 0.621422017578125 0.519303638671875 0.732854146484375 0.656694791015625 0.736909806640625 0.658500486328125 0.77311139453125 0.61421012109375
0 0.722277705078125 0.28767721875 0.721976318359375 0.287543033203125 0.68217024609375 0.37571587890625 0.839106595703125 0.479773669921875 0.84678730078125 0.462522521484375 0.8719046640625 0.39376800390625 0.722277705078125 0.28767721875
0 0.53584030078125 0.7173884296875 0.692072287109375 0.816490896484375 0.69672148828125 0.81791230078125 0.71715876953125 0.75891005859375 0.726477412109375 0.72843015234375 0.565388267578125 0.62932414453125 0.53584030078125 0.7173884296875
0 0.693272146484375 0.5511379921875 0.569169908203125 0.692346552734375 0.57459330078125 0.694991720703125 0.656579125 0.72923383203125 0.669471751953125 0.713745068359375 0.76266251171875 0.597688162109375 0.76699839453125 0.587949609375 0.693272146484375 0.5511379921875
0 0.226423939453125 0 0.1984691796875 0.02862523828125 0.19800575 0.029666119140625 0.2636643125 0.0723052890625 0.330221423828125 0.00161349609375 0.330939798828125 0 0.226423939453125 0
0 0.200462484375 0.130197736328125 0.24157878125 0.143591779296875 0.2946300859375 0.0593408125 0.295997130859375 0.055370625 0.2216653671875 0.03234240234375 0.171480705078125 0.11941320703125 0.179461794921875 0.122966619140625 0.200462484375 0.130197736328125
0 0.1645676171875 0.19857181640625 0.212298607421875 0.214502265625 0.264996576171875 0.13203083984375 0.2669980234375 0.1265319140625 0.198225625 0.104340259765625 0.140769806640625 0.18954792578125 0.145227150390625 0.191532462890625 0.1645676171875 0.19857181640625
0 0.12126328515625 0.22529439453125 0.183755763671875 0.295915333984375 0.186756189453125 0.297251208984375 0.230474203125 0.2348154140625 0.162320291015625 0.1566368515625 0.12126328515625 0.22529439453125
0 0.7508235546875 1 0.826520701171875 0.85867587109375 0.82673783203125 0.857558833984375 0.823555185546875 0.856141828125 0.73525751171875 0.8397048046875 0.65608641796875 1 0.7508235546875 1
0 0.81180149609375 0.75787361328125 0.67280633984375 0.8742573203125 0.671759427734375 0.87575246484375 0.72246387109375 0.915470921875 0.7436709140625 0.93032025390625 0.88497737890625 0.814683140625 0.886260892578125 0.8118003203125 0.81180149609375 0.75787361328125
0 0.740600130859375 1 0.663278130859375 0.90450773046875 0.66231434765625 0.904078625 0.65318850390625 0.9176082421875 0.611894876953125 0.98100559765625 0.627776146484375 1 0.740600130859375 1
0 0.7088821640625 0.79674812109375 0.79043881640625 0.85112736328125 0.924051705078125 0.729462484375 0.9256409609375 0.727192791015625 0.92704023046875 0.724049982421875 0.854614974609375 0.6769677890625 0.7088821640625 0.79674812109375
0 1 0.3082808046875 0.990010681640625 0.304709642578125 0.88931023828125 0.46979815234375 0.907871548828125 0.4780621796875 0.981624583984375 0.50490608984375 1 0.471167423828125 1 0.3082808046875
0 1 0.48272419140625 0.90320072265625 0.3842286796875 0.90197088671875 0.38339914453125 0.85856766015625 0.44719496484375 0.848702865234375 0.461820123046875 0.97933203125 0.598817634765625 0.98318912890625 0.60053492578125 1 0.57561178515625 1 0.48272419140625
0 0.987933322265625 0.51219769140625 0.989383734375 0.505374048828125 0.89567537109375 0.48732128125 0.814922478515625 0.65902658203125 0.822728095703125 0.662501865234375 0.91202933203125 0.6814834296875 0.987933322265625 0.51219769140625
0 0.768554828125 0.64102179296875 0.90273662109375 0.781932048828125 0.90752112109375 0.784062244140625 0.949900328125 0.718803986328125 0.957629552734375 0.70144386328125 0.821006076171875 0.563413341796875 0.768554828125 0.64102179296875
0 1 0.232552162109375 0.97040446875 0.209427236328125 0.957547912109375 0.231695443359375 0.92166370703125 0.300550193359375 1 0.358675322265625 1 0.232552162109375
0 0 0.50410584765625 0.082673060546875 0.56747432421875 0.08622819921875 0.568839013671875 0.089721634765625 0.560992630859375 0.09990758203125 0.535755595703125 0.11278721875 0.502203 0.02286214453125 0.436739654296875 0 0.4913326328125 0 0.50410584765625
0 0.197184265625 0.288003646484375 0.113745880859375 0.240044396484375 0.0949207265625 0.30582121484375 0.1736315703125 0.357161619140625 0.18122531640625 0.34010578515625 0.181800640625 0.338321220703125 0.197184265625 0.288003646484375
0 0 0.617787009765625 0.006460533203125 0.6211768125 0.09594334375 0.55085999609375 0.09700310546875 0.548479732421875 0.03318982421875 0.513113716796875 0 0.54553975 0 0.617787009765625
0 0.151955138671875 0.40451174609375 0.081162072265625 0.38071659765625 0.021521212890625 0.46135868359375 0.0211659765625 0.4623346875 0.068285099609375 0.482145751953125 0.089112271484375 0.48972622265625 0.15132168359375 0.4062521484375 0.151955138671875 0.40451174609375
0 0.1266642265625 0.434691986328125 0.132236654296875 0.4270221953125 0.16693351953125 0.377115849609375 0.10778804296875 0.29689086328125 0.10729747265625 0.29653444140625 0.103374392578125 0.30193409765625 0.0651227578125 0.358377373046875 0.12408338671875 0.433542923828125 0.1266642265625 0.434691986328125
0 0 0.68592455078125 0.020257365234375 0.705445267578125 0.02707552734375 0.70848091015625 0.049146984375 0.66346616015625 0.050952181640625 0.65959490234375 0.0537014765625 0.65341988671875 0.037094416015625 0.633876037109375 0 0.59169908984375 0 0.68592455078125