0 0.61102708203125 0 0.580845060546875 0.07036053515625 0.62849871484375 0.11476738671875 0.63396181640625 0.10890892578125 0.67879283203125 0.011405875 0.666737681640625 0 0.61102708203125 0
0 0.654962078125 0.08689124609375 0.6530729375 0.085129591796875 0.542429833984375 0.05010748046875 0.50279820703125 0.104859794921875 0.61567742578125 0.141175404296875 0.654962078125 0.08689124609375
0 0.33629265234375 0.292552025390625 0.44310983203125 0.331158740234375 0.488322298828125 0.274366279296875 0.490672390625 0.271247599609375 0.48918941796875 0.26986470703125 0.38061560546875 0.229657595703125 0.33629265234375 0.292552025390625
0 0.48580233203125 0.2952832578125 0.48658181640625 0.294127625 0.51819237890625 0.19105370703125 0.47653862890625 0.15875380859375 0.4546866328125 0.144014451171875 0.42194955078125 0.25644990625 0.48330879296875 0.297957248046875 0.48580233203125 0.2952832578125
0 0.60000426171875 0.17968986328125 0.60590986328125 0.1733568828125 0.5109318125 0.09936562890625 0.445724298828125 0.143858892578125 0.5404716484375 0.219845119140625 0.60000426171875 0.17968986328125
0 0.34418702734375 0.262682529296875 0.34352629296875 0.26378217578125 0.31502359375 0.376094576171875 0.37891715234375 0.414485701171875 0.38084679296875 0.4124164140625 0.41280932421875 0.30106716796875 0.34418702734375 0.262682529296875
0 0.353577150390625 0.359192765625 0.296159083984375 0.3194109296875 0.251946646484375 0.43130808203125 0.318651314453125 0.47682183984375 0.321378689453125 0.473897087890625 0.363538458984375 0.36643008203125 0.353577150390625 0.359192765625
0 0.088375443359375 0.566057046875 0.078126265625 0.5603758359375 0.03108344140625 0.69314572265625 0.10213316015625 0.73191974609375 0.105893162109375 0.72788763671875 0.14887122265625 0.600346404296875 0.088375443359375 0.566057046875
0 0.19956954296875 0.53882286328125 0.17254127734375 0.51083427734375 0.16061401171875 0.499711921875 0.07945703515625 0.614654689453125 0.128786130859375 0.666585265625 0.137761560546875 0.67495498828125 0.14308266796875 0.669816455078125 0.22126305078125 0.562097427734375 0.19956954296875 0.53882286328125
0 0.261922603515625 0.55598442578125 0.263776333984375 0.553996541015625 0.32579837109375 0.4274451171875 0.263525416015625 0.37701747265625 0.20064603515625 0.509316087890625 0.261922603515625 0.55598442578125
0 0.172248279296875 0.45790088671875 0.121808326171875 0.523112349609375 0.24960337890625 0.583736587890625 0.296535029296875 0.52818366015625 0.29506841015625 0.526816015625 0.29026399609375 0.5229254765625 0.172248279296875 0.45790088671875
0 0.67477637109375 0.09207676953125 0.61577368359375 0.14366084375 0.746736216796875 0.229107525390625 0.803209453125 0.181720853515625 0.810288623046875 0.174129373046875 0.8099853046875 0.173767890625 0.67477637109375 0.09207676953125
0 0.74641046484375 0.20597333203125 0.751306150390625 0.2007233515625 0.781860724609375 0.08004387890625 0.7416580625 0.054922466796875 0.678232763671875 0.159489732421875 0.74641046484375 0.20597333203125
0 0.481328037109375 0.49814788671875 0.48288933984375 0.496586587890625 0.55921676953125 0.371086642578125 0.53347489453125 0.34534476953125 0.49778459765625 0.31206302734375 0.426690029296875 0.445025263671875 0.481328037109375 0.49814788671875
0 0.74968166015625 0.224357015625 0.618020912109375 0.16359759765625 0.561721328125 0.22427 0.56194123828125 0.2244750703125 0.70113452734375 0.286600685546875 0.71135536328125 0.27564018359375 0.751049244140625 0.22563230859375 0.74968166015625 0.224357015625
0 0.512262720703125 0.28022558984375 0.4527268984375 0.328964611328125 0.574338 0.411949642578125 0.63703781640625 0.36679130078125 0.640906435546875 0.36264271484375 0.63745542578125 0.3585299609375 0.512262720703125 0.28022558984375
0 0.56490942578125 0.222790869140625 0.509227818359375 0.27488476953125 0.6398911796875 0.35155573046875 0.68404903515625 0.311795818359375 0.69848903515625 0.296310814453125 0.697862869140625 0.29561538671875 0.56490942578125 0.222790869140625
0 0.419298796875 0.560759990234375 0.42430129296875 0.55625572265625 0.43335766015625 0.544668623046875 0.50786580078125 0.435692451171875 0.482483951171875 0.40750305078125 0.45127173046875 0.376382646484375 0.45066923046875 0.376925138671875 0.36595951953125 0.504296822265625 0.419298796875 0.560759990234375
0 0.22708978515625 0.774316990234375 0.1833604609375 0.7094856015625 0.17810979296875 0.701898080078125 0.17781842578125 0.701626373046875 0.08489066015625 0.78424037109375 0.1073026796875 0.8174675546875 0.139128306640625 0.84714543359375 0.22708978515625 0.774316990234375
0 0.12664853125 0.70563023046875 0.22801447265625 0.796141236328125 0.2430068671875 0.783561123046875 0.29282121484375 0.73966565234375 0.290209466796875 0.736553095703125 0.19318544140625 0.653761810546875 0.127560841796875 0.70465189453125 0.12664853125 0.70563023046875
0 0.324447552734375 0.681807119140625 0.32971039453125 0.676357287109375 0.39363362890625 0.5694415 0.359560744140625 0.53568130859375 0.334126744140625 0.511963720703125 0.2625571171875 0.623752421875 0.324447552734375 0.681807119140625
0 0.35203574609375 0.661123982421875 0.24104462109375 0.594694533203125 0.185234208984375 0.6558873515625 0.30007055859375 0.72786839453125 0.31881406640625 0.708044494140625 0.32289348828125 0.703669849609375 0.357018357421875 0.66577034375 0.35203574609375 0.661123982421875
0 0.402880783203125 0.454300296875 0.321622765625 0.553919626953125 0.371726947265625 0.620072494140625 0.37416426953125 0.61816825 0.45278566015625 0.515605056640625 0.44464642578125 0.50518730859375 0.409641857421875 0.4606051015625 0.402880783203125 0.454300296875
0 0.9257637890625 0.235443720703125 0.8917921953125 0.39858262109375 0.95049745703125 0.436164826171875 0.95428377734375 0.43210449609375 0.95438875390625 0.43192266796875 0.996522625 0.279351107421875 0.987921673828125 0.271330591796875 0.9257637890625 0.235443720703125
0 0.41546095703125 0.9824284921875 0.42141006640625 0.97604885546875 0.5236688046875 0.8285228828125 0.476396541015625 0.783501646484375 0.45441029296875 0.762999140625 0.352708193359375 0.919570453125 0.41546095703125 0.9824284921875
0 0.90337556640625 0.288410248046875 0.881916380859375 0.27602078125 0.88152713671875 0.2764381953125 0.827035728515625 0.459482791015625 0.896633896484375 0.496217486328125 0.896968623046875 0.49585853515625 0.89776261328125 0.494483302734375 0.945295259765625 0.31392060546875 0.90337556640625 0.288410248046875
0 0.66485643359375 0.76696978515625 0.53854984375 0.638844607421875 0.460820716796875 0.690668201171875 0.59931884765625 0.824747048828125 0.61775748046875 0.81231003515625 0.6693422890625 0.77362034375 0.66485643359375 0.76696978515625
0 0.444443455078125 1 0.47812115625 0.952041728515625 0.47109971875 0.94655598046875 0.3171685859375 0.86083117578125 0.262607486328125 0.93434548828125 0.3731025234375 1 0.444443455078125 1
0 0.931074736328125 0.4768303125 0.92248882421875 0.4688238203125 0.763382603515625 0.38846499609375 0.70559494140625 0.453412140625 0.8780064140625 0.53787843359375 0.931074736328125 0.4768303125
0 0.7358718828125 0.662269962890625 0.570993791015625 0.59883373828125 0.52234626953125 0.665078755859375 0.51921152734375 0.66972620703125 0.690201078125 0.740351630859375 0.7081298125 0.71377119140625 0.739229083984375 0.665400603515625 0.7358718828125 0.662269962890625
0 0.51836825 0.692779890625 0.517080798828125 0.6916607265625 0.418192869140625 0.853326529296875 0.49059228515625 0.915606375 0.494384044921875 0.9115402109375 0.582521490234375 0.756780517578125 0.51836825 0.692779890625
0 0.8206556015625 0.46472219140625 0.780987982421875 0.41996173046875 0.670733791015625 0.57510933984375 0.73385653125 0.644956072265625 0.73727003125 0.6420918046875 0.84206999609375 0.490242875 0.8206556015625 0.46472219140625
0 0.627379373046875 0.658957384765625 0.7032616328125 0.712748095703125 0.70604038671875 0.70976824609375 0.70617687109375 0.709549828125 0.758882734375 0.53375083203125 0.73244420703125 0.51723020703125 0.686311025390625 0.488996314453125 0.63368253515625 0.639816025390625 0.627379373046875 0.658957384765625
0 0 0.447761734375 0.03504241796875 0.468652966796875 0.077512501953125 0.42611829296875 0.087202201171875 0.415727361328125 0.00227923828125 0.360488544921875 0 0.362706025390625 0 0.447761734375
0 0 0.364776857421875 0.091132982421875 0.41122761328125 0.138232525390625 0.360924134765625 0.13906043359375 0.359971732421875 0.129513412109375 0.351068990234375 0.050033888671875 0.308055037109375 0.00295198828125 0.35935798828125 0 0.36275386328125 0 0.364776857421875
0 0.1261153046875 0.3762892265625 0.1309353515625 0.371120359375 0.17270977734375 0.290891650390625 0.116262576171875 0.234206115234375 0.06900040234375 0.326640001953125 0.1261153046875 0.3762892265625
0 1 0.4502444921875 0.98133633984375 0.437655693359375 0.92719168359375 0.61670617578125 0.99780632421875 0.66494175 1 0.662589318359375 1 0.4502444921875
0 1 0.56756159765625 0.984939111328125 0.55301746484375 0.93627552734375 0.510823244140625 0.93500761328125 0.51213620703125 0.84728373046875 0.67078469140625 0.915498373046875 0.734588291015625 1 0.57761844921875 1 0.56756159765625
0 0.849581806640625 0.805357849609375 0.853868142578125 0.800919220703125 0.947803154296875 0.64654642578125 0.889442095703125 0.5875586875 0.878563615234375 0.577414341796875 0.789088771484375 0.74277469921875 0.849581806640625 0.805357849609375
0 0.7020519375 1 0.71208394921875 0.98619212109375 0.708795904296875 0.983125966796875 0.54114848828125 0.896130986328125 0.484259369140625 0.9769660703125 0.53452878515625 1 0.7020519375 1
0 0.65226766015625 1 0.75874286328125 0.875344 0.710554865234375 0.81366617578125 0.698298810546875 0.79822248828125 0.69781951953125 0.79859694921875 0.57484465234375 0.947053427734375 0.612198701171875 0.994864431640625 0.616244244140625 1 0.65226766015625 1
0 0.622563619140625 0.79928612109375 0.62225375390625 0.79961841015625 0.76127161328125 0.93316289453125 0.81103079296875 0.89959990234375 0.83762686328125 0.871079109375 0.70356043359375 0.746878205078125 0.622563619140625 0.79928612109375
0 0.687060458984375 0.7324127890625 0.686660599609375 0.7328415859375 0.843041900390625 0.85767415625 0.872146005859375 0.834061861328125 0.90979644921875 0.793686705078125 0.76380437890625 0.672453865234375 0.687060458984375 0.7324127890625
0 0.352349646484375 0.0366697421875 0.3248763046875 0.014406029296875 0.27955078125 0.118498421875 0.33210767578125 0.159971576171875 0.33793259375 0.1537251171875 0.3811438359375 0.06083093359375 0.352349646484375 0.0366697421875
0 0.1118015390625 0.26899405078125 0.2037815546875 0.29730889453125 0.230089890625 0.25174151953125 0.23918508203125 0.235421662109375 0.23585180078125 0.232313326171875 0.14706893359375 0.210366521484375 0.1118015390625 0.26899405078125
0 0.37026408203125 0 0.33250735546875 0.057784685546875 0.365153146484375 0.108663609375 0.368544591796875 0.10628889453125 0.437533828125 0.022099755859375 0.422059412109375 0 0.37026408203125 0
0 0.34648079296875 0.138923208984375 0.338806638671875 0.131766943359375 0.256367560546875 0.0941724375 0.205609015625 0.14971857421875 0.30328104296875 0.19382846484375 0.34648079296875 0.138923208984375
0 0.2878751953125 0.215035765625 0.29230974609375 0.211813875 0.295846943359375 0.2080206953125 0.21923037109375 0.14792187109375 0.16278709765625 0.18617350390625 0.157387439453125 0.190096583984375 0.157743861328125 0.19058715625 0.23796884765625 0.249732630859375 0.2878751953125 0.215035765625
0 0.37984764453125 0 0.375635568359375 0.006470951171875 0.4235278046875 0.06271852734375 0.42355201953125 0.062699609375 0.457356712890625 0 0.37984764453125 0