0 0.08888698828125 0.721208599609375 0.0638708984375 0.787814916015625 0.14823180859375 0.856881861328125 0.15332481640625 0.858939572265625 0.158761337890625 0.8472809140625 0.177749796875 0.797865537109375 0.08888698828125 0.721208599609375
0 0.155636728515625 0.6663290078125 0.089044810546875 0.764441486328125 0.15398384765625 0.78318723046875 0.22113695703125 0.68524370703125 0.155636728515625 0.6663290078125
0 0.18790126171875 0.5202992578125 0.191905048828125 0.5228011015625 0.254467119140625 0.55961873046875 0.3391328828125 0.486353220703125 0.3397991171875 0.48492447265625 0.276435748046875 0.44246332421875 0.18790126171875 0.5202992578125
0 0.1553936328125 0.600555322265625 0.178879021484375 0.6125217265625 0.227323291015625 0.6332936171875 0.3011546015625 0.5567063359375 0.303850490234375 0.55092498046875 0.23786064453125 0.51741303515625 0.1553936328125 0.600555322265625
0 0.132108900390625 0.649376529296875 0.224649703125 0.72724834375 0.225009775390625 0.727393822265625 0.233395833984375 0.70940986328125 0.256097302734375 0.653221755859375 0.16252362890625 0.57671216796875 0.15750979296875 0.587464376953125 0.132108900390625 0.649376529296875
0 0.28696065234375 0.494152265625 0.3711380625 0.417717890625 0.37257959765625 0.41462650390625 0.3072983046875 0.372589353515625 0.2219279140625 0.455076654296875 0.28696065234375 0.494152265625
0 0.3323014296875 0.42028262890625 0.344194736328125 0.423469427734375 0.403182107421875 0.319547201171875 0.32438741015625 0.295917255859375 0.26525077734375 0.4006959296875 0.3323014296875 0.42028262890625
0 0.445546896484375 0 0.40880756640625 0.048092455078125 0.501184103515625 0.145402388671875 0.50595751171875 0.147628265625 0.5536205078125 0.08437733203125 0.47597047265625 0 0.445546896484375 0
0 0.477153595703125 0.227294291015625 0.47852814453125 0.2252564375 0.523955546875 0.155267845703125 0.42444880859375 0.059079330078125 0.422072671875 0.05747660546875 0.41763927734375 0.06404937890625 0.37517741015625 0.128133404296875 0.47331414453125 0.22550392578125 0.477153595703125 0.227294291015625
0 0.454792564453125 0.28864333203125 0.3239761953125 0.22031517578125 0.31456226171875 0.25687630859375 0.30432188671875 0.29794821484375 0.427723095703125 0.360528376953125 0.43444448828125 0.36220420703125 0.452144587890625 0.299263779296875 0.454792564453125 0.28864333203125
0 0.389716865234375 0.1371050859375 0.33978225 0.20270430859375 0.43313589453125 0.299869130859375 0.439748802734375 0.304673689453125 0.439759375 0.304678619140625 0.48135117578125 0.244854919921875 0.389716865234375 0.1371050859375
0 0.20606948046875 0.8876179765625 0.25590570703125 0.90190828515625 0.345537794921875 0.77323371875 0.346275255859375 0.770661884765625 0.265429728515625 0.748126681640625 0.18097375390625 0.878788185546875 0.18782886328125 0.88198477734375 0.20606948046875 0.8876179765625
0 0.27858567578125 0.93045826953125 0.30511526171875 0.81554601171875 0.269746013671875 0.81107909375 0.207610533203125 0.91534551171875 0.23366518359375 0.92749499609375 0.27546724609375 0.93714576171875 0.27858567578125 0.93045826953125
0 0.46145135546875 0.6048509765625 0.461596427734375 0.60453986328125 0.4749376015625 0.5603675625 0.48327755859375 0.53128267578125 0.3571248671875 0.449774814453125 0.35671340234375 0.449656828125 0.3339062265625 0.51934648828125 0.330725400390625 0.53043934765625 0.4609903046875 0.6047187734375 0.46145135546875 0.6048509765625
0 0.3860119921875 0.715301603515625 0.388236384765625 0.70950686328125 0.31869571484375 0.67624954296875 0.220328091796875 0.793697736328125 0.23021497265625 0.798308064453125 0.29712504296875 0.82418142578125 0.3860119921875 0.715301603515625
0 0.33024270703125 0.51724926953125 0.304288845703125 0.598267755859375 0.41443305078125 0.683369662109375 0.41883590625 0.68514853125 0.432007138671875 0.65690273046875 0.4484063359375 0.616313294921875 0.33024270703125 0.51724926953125
0 0.246572572265625 0.69347281640625 0.309894326171875 0.74474976171875 0.43327646484375 0.663382919921875 0.43535351171875 0.66081798046875 0.43537913671875 0.66076303125 0.377868876953125 0.612346212890625 0.246572572265625 0.69347281640625
0 0.474390583984375 0.52771077734375 0.489471203125 0.534742986328125 0.519170685546875 0.477374279296875 0.52388794140625 0.467258091796875 0.40917978515625 0.36972441015625 0.40672784765625 0.368581052734375 0.36848212109375 0.43733911328125 0.36743205078125 0.439492072265625 0.47058962109375 0.52495031640625 0.474390583984375 0.52771077734375
0 0.60686983984375 0.00898944921875 0.567322951171875 0.12624662890625 0.56997866015625 0.127485005859375 0.57653292578125 0.128840390625 0.653296943359375 0.1437618046875 0.685785189453125 0.03494409765625 0.64674880859375 0.016741134765625 0.60686983984375 0.00898944921875
0 0.670862603515625 0.154518142578125 0.57079373046875 0.068973775390625 0.5244183828125 0.14208939453125 0.623842375 0.22328721484375 0.63017866015625 0.226241875 0.64500908984375 0.2015598984375 0.670862603515625 0.154518142578125
0 0.486675259765625 0.231050693359375 0.485677359375 0.23068748828125 0.45496169921875 0.31141270703125 0.56655555078125 0.379454302734375 0.573927845703125 0.363644365234375 0.59618051171875 0.302505666015625 0.486675259765625 0.231050693359375
0 0.61600537890625 0.29559194140625 0.61711719921875 0.29320763671875 0.635130482421875 0.215183533203125 0.510533994140625 0.159451439453125 0.510051939453125 0.160485208984375 0.49298863671875 0.243577189453125 0.61600537890625 0.29559194140625
0 0.424182310546875 0.374978224609375 0.51739457421875 0.45466635546875 0.52599173046875 0.458675275390625 0.560469998046875 0.38520657421875 0.45913800390625 0.303744095703125 0.424182310546875 0.374978224609375
0 0.587748455078125 1 0.460456111328125 0.874638765625 0.458822978515625 0.87387722265625 0.42580245703125 0.93765311328125 0.48147462109375 1 0.587748455078125 1
0 0.81554266015625 0.39554525390625 0.9118504609375 0.23522382421875 0.8224314765625 0.20197424609375 0.73120494921875 0.36472469140625 0.740678142578125 0.36914211328125 0.75785926953125 0.375737330078125 0.81554266015625 0.39554525390625
0 0.4375504921875 0.937864955078125 0.498625953125 0.987631466796875 0.499093955078125 0.987984130859375 0.6436779765625 0.868467349609375 0.645567556640625 0.8644151328125 0.5868595 0.82226442578125 0.4375504921875 0.937864955078125
0 0.64605220703125 0.448008654296875 0.776362224609375 0.57205991015625 0.78309005859375 0.576429017578125 0.820873576171875 0.5241768359375 0.8329868984375 0.505523958984375 0.696511345703125 0.36938691796875 0.64605220703125 0.448008654296875
0 0.84684181640625 0.120655361328125 0.78388355078125 0.29101953125 0.7847590546875 0.29142778515625 0.819552197265625 0.300372673828125 0.87299797265625 0.31271160546875 0.9374414921875 0.152293357421875 0.89190361328125 0.1310586953125 0.84684181640625 0.120655361328125
0 0.62519696484375 0.915254099609375 0.668257095703125 0.85375786328125 0.67347587890625 0.84611842578125 0.549365515625 0.7023184296875 0.548855126953125 0.702080431640625 0.499997150390625 0.77012728125 0.6198947265625 0.912506466796875 0.621071119140625 0.913330185546875 0.62519696484375 0.915254099609375
0 0.70070485546875 0.467067056640625 0.62203830078125 0.62867255078125 0.6216994296875 0.630140365234375 0.67004201953125 0.642428158203125 0.7101215 0.651681234375 0.786847115234375 0.4837685703125 0.78535991796875 0.483075080078125 0.70070485546875 0.467067056640625
0 0.68137153515625 0.43878471484375 0.68284887890625 0.43963766015625 0.764248912109375 0.479459177734375 0.882682263671875 0.344829431640625 0.884535595703125 0.34085494921875 0.802034794921875 0.29265110546875 0.68137153515625 0.43878471484375
0 0.52575306640625 0.7819204375 0.58015539453125 0.806768078125 0.61082191015625 0.819785240234375 0.725395220703125 0.675168205078125 0.7271363203125 0.671066427734375 0.64188625390625 0.63112305859375 0.52575306640625 0.7819204375
0 0.77339974609375 0.60876406640625 0.695099873046875 0.55855761328125 0.67971351953125 0.57157228515625 0.5595908984375 0.67686662890625 0.603050701171875 0.70906396875 0.628272404296875 0.727388607421875 0.77152643359375 0.612665119140625 0.771677818359375 0.612456751953125 0.77339974609375 0.60876406640625
0 0.23588672265625 0 0.21256239453125 0.03840032421875 0.23220294921875 0.04755886328125 0.283538455078125 0.06726471875 0.326096076171875 0 0.23588672265625 0
0 0.186885375 0.1229725 0.21229903125 0.12883970703125 0.25459014453125 0.13786255078125 0.298544208984375 0.048527748046875 0.29948505859375 0.04445246875 0.29942243359375 0.044423263671875 0.223157095703125 0.02930412890625 0.182454234375 0.1209062265625 0.186885375 0.1229725
0 0.2263924921875 0.21957537109375 0.26380733203125 0.16170537109375 0.1957918046875 0.083484728515625 0.192145546875 0.088692126953125 0.15375665234375 0.146786802734375 0.217520501953125 0.21656318359375 0.2257987109375 0.220423375 0.2263924921875 0.21957537109375
0 0.24551987109375 0.19907789453125 0.17309748046875 0.16999467578125 0.1111851015625 0.24511541015625 0.165703365234375 0.271705744140625 0.18114833984375 0.278907853515625 0.242471095703125 0.205616013671875 0.24551987109375 0.19907789453125
0 0.71776937890625 1 0.84058699609375 0.90464615234375 0.84165908984375 0.902347041015625 0.765388599609375 0.849839201171875 0.62331625390625 0.967852203125 0.66922806640625 1 0.71776937890625 1
0 0.7964121875 0.75972933984375 0.670343869140625 0.89000443359375 0.6694589765625 0.8916008203125 0.724037365234375 0.925801638671875 0.746680412109375 0.938352884765625 0.87496356640625 0.808742220703125 0.876367642578125 0.80573116796875 0.7964121875 0.75972933984375
0 0.763268986328125 1 0.792934193359375 0.960636107421875 0.7948079375 0.9554880390625 0.708917767578125 0.925782736328125 0.6547957890625 1 0.763268986328125 1
0 0.9059312734375 0.772884265625 0.74523078515625 0.67408784765625 0.72036644921875 0.768905326171875 0.88306973046875 0.85790791015625 0.884731884765625 0.854343412109375 0.89132230859375 0.831359876953125 0.9059312734375 0.772884265625
0 1 0.32409016015625 0.87718144921875 0.45317749609375 0.9504679375 0.50449324609375 1 0.4572953046875 1 0.32409016015625
0 1 0.486619337890625 0.88867725390625 0.398502587890625 0.887232951171875 0.39782909765625 0.868273025390625 0.43596445703125 0.844110326171875 0.485505328125 0.99580764453125 0.60189680078125 0.997344244140625 0.602613330078125 1 0.59716822265625 1 0.486619337890625
0 0.994650693359375 0.61026124609375 0.849772986328125 0.483485904296875 0.80278470703125 0.571858001953125 0.940860369140625 0.68833628515625 0.95217362109375 0.6936117421875 0.95618019921875 0.686076462890625 0.994650693359375 0.61026124609375
0 0.79607691015625 0.57861868359375 0.79512070703125 0.58066926953125 0.75926984765625 0.66940325390625 0.92119886328125 0.779836916015625 0.94006478125 0.739378822265625 0.959155837890625 0.69451762109375 0.79607691015625 0.57861868359375
0 1 0.269607064453125 0.935445240234375 0.3910023828125 0.94066237890625 0.393435173828125 0.96906079296875 0.4037713515625 1 0.41354226171875 1 0.269607064453125
0 0 0.49112378515625 0.06613574609375 0.55973803125 0.07564427734375 0.56417193359375 0.0904801953125 0.541082732421875 0.11039939453125 0.5079316171875 0.034466802734375 0.425152845703125 0 0.480355087890625 0 0.49112378515625
0 0.199080248046875 0.29906666015625 0.132503087890625 0.22984639453125 0.09483205078125 0.292868166015625 0.16025820703125 0.35364399609375 0.166035138671875 0.35633782421875 0.19860344921875 0.299927857421875 0.199080248046875 0.29906666015625
0 0 0.61265026171875 0.02290466015625 0.616149328125 0.085528912109375 0.519121552734375 0.085729291015625 0.518090705078125 0.012995798828125 0.50527145703125 0 0.53114794140625 0 0.61265026171875
0 0.059673205078125 0.36330746484375 0.032451875 0.43135137890625 0.11421403515625 0.490093671875 0.119338375 0.491858123046875 0.121806427734375 0.486565369140625 0.142213265625 0.422151634765625 0.059673205078125 0.36330746484375
0 0.0874561875 0.301426400390625 0.068018486328125 0.36577244921875 0.1468199140625 0.42219016796875 0.148172142578125 0.422629533203125 0.15085916796875 0.4168671875 0.160494478515625 0.387212751953125 0.17063678125 0.352132546875 0.08929047265625 0.297492763671875 0.0874561875 0.301426400390625
0 0 0.671730306640625 0.02617046875 0.696711865234375 0.02882483203125 0.697677974609375 0.05426384765625 0.63599763671875 0.056326712890625 0.63032995703125 0 0.58481658984375 0 0.671730306640625