0 0.89715996484375 0.1752148046875 0.822583470703125 0.097154619140625 0.81543655859375 0.0948324453125 0.785354767578125 0.15136075390625 0.86421307421875 0.238275951171875 0.89715996484375 0.1752148046875
0 0.821171177734375 0.17674526171875 0.74632605078125 0.267747412109375 0.746053751953125 0.26858546875 0.80933972265625 0.293014744140625 0.8842293046875 0.201079482421875 0.821171177734375 0.17674526171875
0 0.808220603515625 0.444397197265625 0.804014001953125 0.442253826171875 0.73848112890625 0.41102894140625 0.6605114609375 0.49140671484375 0.66002641015625 0.492899546875 0.72680686328125 0.52965323046875 0.808220603515625 0.444397197265625
0 0.68984403515625 0.42641212109375 0.76434629296875 0.446666005859375 0.829460662109375 0.356880232421875 0.76777643359375 0.335640650390625 0.7573130234375 0.332240880859375 0.69207085546875 0.419558671875 0.68984403515625 0.42641212109375
0 0.85137194921875 0.26422789453125 0.848153146484375 0.26318204296875 0.836881890625 0.26133396875 0.771754068359375 0.251018734375 0.718984330078125 0.35792727734375 0.718542583984375 0.360716345703125 0.720108017578125 0.361224986328125 0.7677778671875 0.36903722265625 0.79553623828125 0.37343371484375 0.85137194921875 0.26422789453125
0 0.663892611328125 0.47968079296875 0.661386318359375 0.47932855859375 0.64809465234375 0.556447193359375 0.75738148046875 0.602800693359375 0.767940455078125 0.5276696875 0.663892611328125 0.47968079296875
0 0.74404863671875 0.60439122265625 0.635122955078125 0.5545678046875 0.61845033984375 0.63512215234375 0.72798439453125 0.684901685546875 0.74404863671875 0.60439122265625
0 0.614946587890625 1 0.64596740234375 0.92823727734375 0.53645938671875 0.85850032421875 0.52744856640625 0.855572533203125 0.496677916015625 0.928063640625 0.605868298828125 1 0.614946587890625 1
0 0.593820654296875 0.77316553515625 0.519915259765625 0.88366648046875 0.517082166015625 0.892385845703125 0.595736880859375 0.924142599609375 0.67224719140625 0.80645562109375 0.593820654296875 0.77316553515625
0 0.64922343359375 0.617262517578125 0.568657154296875 0.72859799609375 0.566745955078125 0.73448006640625 0.635691119140625 0.766201564453125 0.722983779296875 0.64857192578125 0.64922343359375 0.617262517578125
0 0.70189049609375 0.73442773828125 0.67435101171875 0.71788034765625 0.63783980859375 0.6969629453125 0.540224939453125 0.79587793359375 0.539453974609375 0.798250716796875 0.608188134765625 0.841666826171875 0.70189049609375 0.73442773828125
0 0.6215958359375 0.126644193359375 0.73474762109375 0.239245478515625 0.771374705078125 0.162714859375 0.65969133203125 0.05901394140625 0.65575236328125 0.05773409375 0.64468959765625 0.079294966796875 0.6215958359375 0.126644193359375
0 0.63379904296875 0.06337280859375 0.62167607421875 0.10132749609375 0.749376078125 0.149736951171875 0.771063169921875 0.157630408203125 0.78013846484375 0.121759919921875 0.654802041015625 0.02456712109375 0.64865062890625 0.022568404296875 0.63379904296875 0.06337280859375
0 0.550530841796875 0.376771138671875 0.51845357421875 0.43679205078125 0.511593048828125 0.450858212890625 0.627278125 0.546876501953125 0.653137576171875 0.49569606640625 0.66167721484375 0.478187212890625 0.55374723828125 0.378009328125 0.55256109765625 0.37743080859375 0.550530841796875 0.376771138671875
0 0.711198564453125 0.30613552734375 0.71226616015625 0.306382001953125 0.7360180234375 0.231320869140625 0.606891068359375 0.150797693359375 0.603834568359375 0.1602046328125 0.58746299609375 0.231117705078125 0.711198564453125 0.30613552734375
0 0.536727865234375 0.43609626953125 0.53541193359375 0.441796193359375 0.60897459765625 0.45784282421875 0.6871972421875 0.327530888671875 0.672634484375 0.322799162109375 0.604482609375 0.31229424609375 0.536727865234375 0.43609626953125
0 0.649981376953125 0.231669501953125 0.550325162109375 0.34005871875 0.54911043359375 0.34379726953125 0.616057279296875 0.376584630859375 0.72382722265625 0.266104384765625 0.649981376953125 0.231669501953125
0 0.48749709765625 0.59348089453125 0.485982833984375 0.600039890625 0.56122602734375 0.6193175859375 0.63155973046875 0.48347778515625 0.631742107421875 0.482687822265625 0.5893916015625 0.47047647265625 0.552431234375 0.461943498046875 0.4932407890625 0.579942482421875 0.48749709765625 0.59348089453125
0 0.47568634765625 1 0.503018990234375 0.94316571875 0.38648155859375 0.874181578125 0.384087263671875 0.873065099609375 0.376890830078125 0.870726837890625 0.344727169921875 0.945214859375 0.4302688671875 1 0.47568634765625 1
0 0.47740359375 0.79808521875 0.42256637109375 0.7925222109375 0.38425899609375 0.91382837109375 0.3836473046875 0.918180767578125 0.46834596484375 0.932181123046875 0.50607780078125 0.80262727734375 0.503300029296875 0.801724724609375 0.47740359375 0.79808521875
0 0.42693825 0.706526908203125 0.54243164453125 0.76890030078125 0.54347742578125 0.76922002734375 0.566647765625 0.6897990390625 0.4532395625 0.623991220703125 0.4531500625 0.62396385546875 0.43672959375 0.67450086328125 0.42693825 0.706526908203125
0 0.481265912109375 0.710777009765625 0.46479109765625 0.705424017578125 0.40050427734375 0.8163290625 0.397838708984375 0.82453283203125 0.47804021875 0.8499813515625 0.542458572265625 0.73338359765625 0.542907509765625 0.732001912109375 0.481265912109375 0.710777009765625
0 0.59817869140625 0.577411490234375 0.536917806640625 0.552488802734375 0.5246601484375 0.54753638671875 0.45028661328125 0.6479457109375 0.448053369140625 0.6548189375 0.523983212890625 0.684179181640625 0.59817869140625 0.577411490234375
0 0.35107626171875 0 0.348981259765625 0.02227379296875 0.517241365234375 0.10520299609375 0.5295857578125 0.027548619140625 0.530274376953125 0.02264883984375 0.475762373046875 0 0.35107626171875 0
0 0.1217394453125 0.799529369140625 0.119043873046875 0.807825486328125 0.2044438984375 0.832236107421875 0.29207809765625 0.66737816796875 0.263487056640625 0.658088376953125 0.201192546875 0.6385698515625 0.1217394453125 0.799529369140625
0 0.391189546875 0.198469384765625 0.502213767578125 0.04237015625 0.478997052734375 0.03298999609375 0.43308627734375 0.015662572265625 0.32006494921875 0.1642843046875 0.31936820703125 0.16600880078125 0.31930544140625 0.1662019765625 0.391189546875 0.198469384765625
0 0.19394227734375 0.6306888203125 0.193147263671875 0.639775876953125 0.27864737890625 0.65159538671875 0.33464166015625 0.46762964453125 0.331212330078125 0.46651538671875 0.24193042578125 0.45870423046875 0.19394227734375 0.6306888203125
0 0.273147611328125 0.82279980078125 0.113316337890625 0.74865467578125 0.104751177734375 0.746198654296875 0.07925731640625 0.820565470703125 0.074676048828125 0.836542248046875 0.2457434921875 0.910151287109375 0.273147611328125 0.82279980078125
0 0.283443822265625 0.197929607421875 0.281942560546875 0.20705883984375 0.455716404296875 0.285167943359375 0.4712829296875 0.2026149296875 0.302446779296875 0.124246470703125 0.2970999296875 0.12330367578125 0.29601198046875 0.12665204296875 0.283443822265625 0.197929607421875
0 0.227579638671875 0.433335896484375 0.225672517578125 0.439205416015625 0.29923296875 0.468230634765625 0.303341435546875 0.469807728515625 0.414143853515625 0.31902849609375 0.41442245703125 0.31830270703125 0.408523599609375 0.31603834765625 0.32434768359375 0.289225708984375 0.31285405078125 0.305779197265625 0.227579638671875 0.433335896484375
0 0.27499012890625 0.55701988671875 0.38553730078125 0.415301552734375 0.38617394140625 0.41393626953125 0.341442529296875 0.39186600390625 0.304162705078125 0.374482138671875 0.19603803125 0.52029826953125 0.194984806640625 0.523539765625 0.27499012890625 0.55701988671875
0 0.133845451171875 0.6356049296875 0.29173661328125 0.74029581640625 0.3234249609375 0.65355433984375 0.180627759765625 0.552306091796875 0.1724494921875 0.5496488125 0.14823853515625 0.6032775390625 0.133845451171875 0.6356049296875
0 0.451380908203125 0.24285925 0.39829455859375 0.213305533203125 0.367191279296875 0.19745762109375 0.244555951171875 0.33558097265625 0.24323598046875 0.339643431640625 0.32328934375 0.38319574609375 0.451380908203125 0.24285925
0 0.7980848203125 1 0.84972174609375 0.93905678125 0.78314175 0.90061680078125 0.7217124453125 0.97048847265625 0.720098810546875 0.97545473046875 0.761648328125 1 0.7980848203125 1
0 0.871656767578125 0.850975943359375 0.84805586328125 0.84238591796875 0.797239396484375 0.825665388671875 0.74945920703125 0.905318146484375 0.746762013671875 0.91361925390625 0.81520820703125 0.937245359375 0.871656767578125 0.850975943359375
0 0.80022929296875 0.74734373828125 0.77566390625 0.81172812109375 0.858456119140625 0.874098232421875 0.86094001953125 0.86824652734375 0.886411458984375 0.80343986328125 0.809507943359375 0.748427103515625 0.80094977734375 0.74564638671875 0.80022929296875 0.74734373828125
0 0.8758500859375 0.804348525390625 0.909876294921875 0.73458445703125 0.834387326171875 0.67142337890625 0.832275818359375 0.67039352734375 0.829625216796875 0.669532294921875 0.8004433203125 0.74220040625 0.8758500859375 0.804348525390625
0 0.21096123046875 0.18653522265625 0.307624666015625 0.026766033203125 0.3034183359375 0.025399314453125 0.217017955078125 0.003857279296875 0.126131828125 0.1659129296875 0.21096123046875 0.18653522265625
0 0.16137733984375 0.27570599609375 0.289700072265625 0.147650939453125 0.290612689453125 0.1460702421875 0.236639498046875 0.11092210546875 0.214218951171875 0.09797759765625 0.08301436328125 0.22599212109375 0.08225570703125 0.228327021484375 0.16137733984375 0.27570599609375
0 0.18056721484375 0 0.295333751953125 0.11477541796875 0.296337111328125 0.1151014296875 0.30399873046875 0.10069201953125 0.338439318359375 0.0333256015625 0.30405106640625 0 0.18056721484375 0
0 0.062705048828125 0.29264213671875 0.23993066796875 0.35255976953125 0.246141662109375 0.264337630859375 0.07308353515625 0.1958797890625 0.070642806640625 0.203391576171875 0.067857330078125 0.229893615234375 0.062705048828125 0.29264213671875
0 0 0.73867165234375 0.01779817578125 0.74808073046875 0.130369892578125 0.59069407421875 0.050654849609375 0.550077232421875 0 0.614028337890625 0 0.73867165234375
0 0 0.564800859375 0.109294623046875 0.65813946484375 0.110592076171875 0.658858654296875 0.148269970703125 0.591522755859375 0.15682255859375 0.57609348046875 0.01432287109375 0.4506259765625 0.010833423828125 0.449492185546875 0 0.46903619921875 0 0.564800859375
0 0 0.5273277109375 0.086216169921875 0.555182005859375 0.188264697265625 0.393053716796875 0.141155259765625 0.37683263671875 0.093180689453125 0.36124475390625 0.001035115234375 0.513692791015625 0 0.516878548828125 0 0.5273277109375
0 0.042021009765625 0.45068632421875 0.041841453125 0.45239467578125 0.134433380859375 0.463849796875 0.20000376171875 0.277664173828125 0.193007865234375 0.2753910703125 0.103096509765625 0.26594100390625 0.042021009765625 0.45068632421875
0 0 0.84243358984375 0.0048179296875 0.843955138671875 0.090231802734375 0.673203203125 0.022148185546875 0.64645835546875 0 0.638397076171875 0 0.84243358984375
0 1 0.406165931640625 0.99956425390625 0.40602434765625 0.97405239453125 0.40026438671875 0.93516391015625 0.39270523046875 0.88528312890625 0.488648017578125 0.88451692578125 0.49258978515625 0.954559544921875 0.507451681640625 1 0.414506296875 1 0.406165931640625
0 0.82083951953125 0.662673646484375 0.89248328515625 0.7269326875 0.924572833984375 0.666507220703125 0.858332265625 0.60000011328125 0.856293396484375 0.59933764453125 0.846348587890625 0.616654068359375 0.82083951953125 0.662673646484375
0 1 0.356543939453125 0.92569442578125 0.320835916015625 0.92153527734375 0.320102544921875 0.91848964453125 0.32947603515625 0.91178144140625 0.379184234375 1 0.43396576171875 1 0.356543939453125
0 0.947229546875 0.58540840234375 0.97325919921875 0.51689976953125 0.8941555 0.46213500390625 0.884608576171875 0.45903301953125 0.87986323046875 0.473637697265625 0.8636750859375 0.52801371484375 0.947229546875 0.58540840234375
0 0.93148960546875 0.652721966796875 0.93173333984375 0.652773775390625 0.932789322265625 0.64952380078125 0.93347040625 0.646319546875 0.94545746484375 0.579197708984375 0.859127162109375 0.533509388671875 0.85879010546875 0.53343774609375 0.857734125 0.53668771875 0.85622550390625 0.54378522265625 0.84482708203125 0.603489423828125 0.93148960546875 0.652721966796875
0 1 0.19473833984375 0.978558583984375 0.174120560546875 0.97743977734375 0.173757037109375 0.96349204296875 0.21009212890625 0.953781072265625 0.23964814453125 1 0.28464430859375 1 0.19473833984375
0 1 0.25845964453125 0.97810901953125 0.256928876953125 0.966386662109375 0.278389673828125 0.923504056640625 0.360178107421875 0.923501912109375 0.360208763671875 0.996914267578125 0.36845998046875 1 0.361168900390625 1 0.25845964453125
0 1 0.15174377734375 0.98129999609375 0.140055228515625 0.97855079296875 0.13957047265625 0.97451651953125 0.151986689453125 0.96254540625 0.221162435546875 1 0.22776669140625 1 0.15174377734375