0 0.103581560546875 0.144291595703125 0.064526578125 0.165940126953125 0.15057178125 0.2440090859375 0.207406201171875 0.213764392578125 0.20446287109375 0.206479396484375 0.12671773046875 0.13220388671875 0.103581560546875 0.144291595703125
0 0.180704951171875 0.18242278125 0.179864916015625 0.182762177734375 0.11265898046875 0.27933625390625 0.15379055859375 0.333707564453125 0.22116319140625 0.235914916015625 0.180704951171875 0.18242278125
0 0.204410900390625 0.4928997265625 0.24151013671875 0.56030803515625 0.32303519140625 0.4812254609375 0.291810306640625 0.41569258984375 0.28966693359375 0.411485986328125 0.204410900390625 0.4928997265625
0 0.232577251953125 0.465235791015625 0.305485185546875 0.4398342265625 0.302785716796875 0.43315280859375 0.231611494140625 0.350598783203125 0.221410728515625 0.35472016015625 0.161358357421875 0.38021087890625 0.232577251953125 0.465235791015625
0 0.275396044921875 0.37074611328125 0.2738864296875 0.36580837890625 0.2066438515625 0.27006137890625 0.13423748828125 0.29219822265625 0.131183767578125 0.2934320078125 0.19990037890625 0.3942771171875 0.275396044921875 0.37074611328125
0 0.2658996953125 0.627625853515625 0.266348146484375 0.62743549609375 0.35605578515625 0.552799755859375 0.326855857421875 0.484009037109375 0.323154908203125 0.48550431640625 0.232845462890625 0.5560211953125 0.2658996953125 0.627625853515625
0 0.365387771484375 0.561782865234375 0.263345951171875 0.624509609375 0.2891022109375 0.702462220703125 0.39175321875 0.639704890625 0.365387771484375 0.561782865234375
0 0.426636271484375 1 0.5345356171875 0.93897878515625 0.52303533203125 0.90738201171875 0.50452328515625 0.86156308984375 0.3860246640625 0.931023359375 0.41038987109375 1 0.426636271484375 1
0 0.512473828125 0.877070330078125 0.511112720703125 0.875052404296875 0.4186060703125 0.77935454296875 0.39191805859375 0.79667689453125 0.34602479296875 0.82763229296875 0.44574051171875 0.92813268359375 0.51465539453125 0.882469900390625 0.512473828125 0.877070330078125
0 0.439974974609375 0.75648003125 0.4395405234375 0.75459821484375 0.3776566328125 0.627101412109375 0.308654509765625 0.64303180859375 0.300234 0.6464339140625 0.365120365234375 0.7761276015625 0.439974974609375 0.75648003125
0 0.43317362109375 0.6955206640625 0.42774069140625 0.697715708984375 0.32963086328125 0.79121294140625 0.365451287109375 0.856347017578125 0.474830197265625 0.76409121484375 0.43317362109375 0.6955206640625
0 0.2054953203125 0.123737158203125 0.18407863671875 0.139970998046875 0.308984541015625 0.23451369921875 0.376574083984375 0.186168056640625 0.37543783203125 0.183355728515625 0.247438482421875 0.09326366796875 0.2054953203125 0.123737158203125
0 0.333450849609375 0.0502370078125 0.331013583984375 0.050623033203125 0.1868524765625 0.12341872265625 0.188871048828125 0.159546193359375 0.18918350390625 0.160319546875 0.21171140234375 0.1567514765625 0.34630215625 0.13359774609375 0.341644017578125 0.0940272265625 0.33551912109375 0.05535616015625 0.333450849609375 0.0502370078125
0 0.366081111328125 0.40641755859375 0.330224359375 0.41955459765625 0.41659119140625 0.5435120234375 0.488728931640625 0.51894637109375 0.488046619140625 0.51684642578125 0.41087727734375 0.39186240234375 0.366081111328125 0.40641755859375
0 0.393215447265625 0.231527916015625 0.36215153515625 0.15464203125 0.24672984375 0.25479118359375 0.281931427734375 0.325212578125 0.28294732421875 0.32480212890625 0.393215447265625 0.231527916015625
0 0.341001083984375 0.479628708984375 0.450941494140625 0.381705875 0.42084419140625 0.3063145546875 0.42078236328125 0.306187791015625 0.412175330078125 0.3096652578125 0.308112837890625 0.410070322265625 0.341001083984375 0.479628708984375
0 0.43118266015625 0.366717775390625 0.430256791015625 0.36348888671875 0.3484754921875 0.240381072265625 0.28216242578125 0.259396037109375 0.27092725 0.26393534375 0.35931220703125 0.388818955078125 0.43118266015625 0.366717775390625
0 0.522665505859375 0.55573462890625 0.522012447265625 0.550415890625 0.51163743359375 0.479904115234375 0.49887471875 0.4814711796875 0.490734974609375 0.48395806640625 0.365375095703125 0.5311756015625 0.36566701953125 0.533553130859375 0.379571693359375 0.611736841796875 0.522665505859375 0.55573462890625
0 0.597190154296875 1 0.6298087421875 0.986821236328125 0.67582437890625 0.96437791015625 0.675576771484375 0.96376505859375 0.6083034453125 0.862654248046875 0.53263166015625 0.896908080078125 0.596112142578125 1 0.597190154296875 1
0 0.646392671875 0.83974735546875 0.61628718359375 0.781632982421875 0.6099109375 0.78420915234375 0.50839605859375 0.856687576171875 0.54202901953125 0.93297038671875 0.546486806640625 0.93116932421875 0.654590142578125 0.857597771484375 0.65213450390625 0.85151985546875 0.646392671875 0.83974735546875
0 0.57983790625 0.753153046875 0.578640869140625 0.74463567578125 0.53717305859375 0.62669566796875 0.45521369140625 0.639430001953125 0.451883658203125 0.640775421875 0.499271890625 0.76342251171875 0.57983790625 0.753153046875
0 0.579369830078125 0.6954359296875 0.57471158984375 0.69731798046875 0.47717606640625 0.78186531640625 0.51965815234375 0.85663330078125 0.62113512109375 0.76494504296875 0.579369830078125 0.6954359296875
0 0.415868025390625 0.57106615625 0.4758377421875 0.684826255859375 0.556309041015625 0.66455309765625 0.55550851171875 0.661565484375 0.49181841796875 0.54911948046875 0.479048580078125 0.5525411484375 0.42660048828125 0.566729958984375 0.415868025390625 0.57106615625
0 0.450551580078125 0 0.55622403125 0.115070689453125 0.561389412109375 0.11232420703125 0.62832552734375 0.0751712734375 0.62738915234375 0.072853662109375 0.627243970703125 0.07258061328125 0.551459734375 0 0.450551580078125 0
0 0.712388796875 0.71492409375 0.74099457421875 0.79616744921875 0.744440845703125 0.80469726953125 0.906050548828125 0.711414611328125 0.891353330078125 0.666051884765625 0.882433806640625 0.641545693359375 0.876730984375 0.62743071484375 0.871599958984375 0.629298255859375 0.712388796875 0.71492409375
0 0.66393115625 0.1382720390625 0.66386613671875 0.138179181640625 0.52310751171875 0.013304486328125 0.522627484375 0.013640603515625 0.45985240234375 0.061245296875 0.605036056640625 0.18198621484375 0.66535400390625 0.141793708984375 0.66393115625 0.1382720390625
0 0.72348651171875 0.4408771640625 0.640348744140625 0.48323797265625 0.761701443359375 0.63347714453125 0.83653142578125 0.59049895703125 0.836448865234375 0.590294609375 0.83240691015625 0.582361822265625 0.72348651171875 0.4408771640625
0 0.928220181640625 0.729844697265625 0.917250791015625 0.731778896484375 0.74966341796875 0.783918310546875 0.771251255859375 0.878007115234375 0.94476445703125 0.818646251953125 0.93256883203125 0.749481423828125 0.92898565234375 0.731739302734375 0.928220181640625 0.729844697265625
0 0.647048369140625 0.09849086328125 0.51196866015625 0.224011396484375 0.551907126953125 0.297025421875 0.553954826171875 0.29619809765625 0.693415296875 0.1697284140625 0.68916642578125 0.161509916015625 0.65413600390625 0.0956272734375 0.647048369140625 0.09849086328125
0 0.619156095703125 0.40151420703125 0.605272056640625 0.41018991796875 0.605340220703125 0.41035862890625 0.73269496484375 0.54429333203125 0.742972078125 0.53787148046875 0.80811615625 0.495142435546875 0.8069783984375 0.492326390625 0.681046697265625 0.36620094140625 0.619156095703125 0.40151420703125
0 0.8706466953125 0.687450333984375 0.868332525390625 0.6817225625 0.77080258984375 0.53346171484375 0.688901865234375 0.56018074609375 0.68323357421875 0.5624708828125 0.782222083984375 0.7237105625 0.8706466953125 0.687450333984375
0 0.52859305859375 0.245428990234375 0.671258734375 0.37120193359375 0.747320962890625 0.315725955078125 0.744829193359375 0.3120317578125 0.604766685546875 0.19193336328125 0.57714739453125 0.21056280859375 0.52853935546875 0.245296072265625 0.52859305859375 0.245428990234375
0 0.763613130859375 0.36974463671875 0.74538687890625 0.28148743359375 0.74373667578125 0.27740304296875 0.7427950078125 0.277655361328125 0.5817880546875 0.37178121875 0.60458580078125 0.45380364453125 0.60481358984375 0.453742607421875 0.7459489140625 0.37944499609375 0.763613130859375 0.36974463671875
0 0.279598927734375 1 0.302735341796875 0.983605728515625 0.2934016015625 0.960503908203125 0.272587935546875 0.913755650390625 0.268380310546875 0.915455640625 0.1906333359375 0.96844026953125 0.20506409765625 1 0.279598927734375 1
0 0.173073404296875 0.87046940234375 0.151322693359375 0.883027181640625 0.22189419921875 0.958183779296875 0.28503824609375 0.9231197109375 0.282575400390625 0.91702394921875 0.22021436328125 0.84517870703125 0.173073404296875 0.87046940234375
0 0.21172442578125 0.77151026171875 0.135968771484375 0.825701900390625 0.16144021484375 0.89050856640625 0.16392411328125 0.89636026953125 0.246716326171875 0.83399016015625 0.222150939453125 0.76960577734375 0.2213146328125 0.76763556640625 0.21172442578125 0.77151026171875
0 0.22402857421875 0.800123244140625 0.22324702734375 0.79610252734375 0.18147239453125 0.706184802734375 0.109262513671875 0.72022098046875 0.105597646484375 0.72170168359375 0.14563616015625 0.80958102734375 0.22402857421875 0.800123244140625
0 0.689951154296875 0 0.673742248046875 0.00344530859375 0.66764309765625 0.00590952734375 0.751767185546875 0.16900073828125 0.843090517578125 0.150345802734375 0.842685384765625 0.148439798828125 0.75981103125 0 0.689951154296875 0
0 0.891725951171875 0.209900935546875 0.76772574609375 0.07554706640625 0.7446584609375 0.087300435546875 0.688919728515625 0.119575662109375 0.6897483671875 0.12120195703125 0.811193353515625 0.25579741015625 0.8928015546875 0.2125631484375 0.891725951171875 0.209900935546875
0 0.654417923828125 0 0.630665814453125 0.027325810546875 0.68020904296875 0.09971323828125 0.680424771484375 0.09957843359375 0.769768515625 0 0.654417923828125 0
0 0.929251265625 0.30277934765625 0.926044189453125 0.294841556640625 0.804441314453125 0.16251888671875 0.72430467578125 0.1999333359375 0.8437545859375 0.34391514453125 0.929251265625 0.30277934765625
0 1 0.554346212890625 0.87788155078125 0.609696099609375 0.89677516015625 0.693725958984375 0.89801112890625 0.69678508984375 1 0.65645741015625 1 0.554346212890625
0 1 0.453209224609375 0.84444731640625 0.507875490234375 0.84659723046875 0.525385123046875 0.856302248046875 0.60189407421875 0.8563171796875 0.601931029296875 0.857779484375 0.60175148046875 1 0.55417170703125 1 0.453209224609375
0 0.84471400390625 0.34392796875 0.82654740625 0.346158546875 0.823422984375 0.34742089453125 0.8865733359375 0.529270615234375 0.982150021484375 0.5175352734375 0.984792263671875 0.51646773828125 0.98433911328125 0.51277713671875 0.91941580078125 0.336202556640625 0.84471400390625 0.34392796875
0 0.950827619140625 0.42346672265625 0.950588552734375 0.421765681640625 0.88310273828125 0.239264404296875 0.792740345703125 0.25196401171875 0.78668283984375 0.25441140234375 0.858691875 0.43814627734375 0.950827619140625 0.42346672265625
0 1 0.66163354296875 0.91429483203125 0.69283248828125 0.937011876953125 0.787849724609375 1 0.7666821953125 1 0.66163354296875
0 0 0.441306654296875 0.044037072265625 0.5380715078125 0.111063068359375 0.526587228515625 0.110193837890625 0.52040232421875 0.06916080078125 0.42398607421875 0.0319384609375 0.429217333984375 0 0.43426420703125 0 0.441306654296875
0 0.165912828125 0.628273951171875 0.161351201171875 0.629934248046875 0.085267287109375 0.67913574609375 0.11142240234375 0.74774158203125 0.189008078125 0.6911339296875 0.188688068359375 0.690203021484375 0.1682821796875 0.63413830078125 0.165912828125 0.628273951171875
0 0 0.42518758984375 0.04639072265625 0.4616420546875 0.099192244140625 0.4339374140625 0.097418083984375 0.42954621484375 0.01999524609375 0.35390509375 0 0.36544935546875 0 0.42518758984375
0 0.15133531640625 0.567167091796875 0.07842184765625 0.496002583984375 0.05903694140625 0.5067478125 0.015597064453125 0.533686025390625 0.01610060546875 0.53459444140625 0.087622390625 0.604913806640625 0.15282614453125 0.57085701953125 0.15133531640625 0.567167091796875
0 0.132009271484375 0.560753705078125 0.127110947265625 0.55291474609375 0.12382108984375 0.55424393359375 0.060270443359375 0.62454968359375 0.09449161328125 0.683523765625 0.098028474609375 0.6891839296875 0.098542716796875 0.68886259765625 0.163140328125 0.6129588125 0.132009271484375 0.560753705078125
0 0 0.399469435546875 0.06322577734375 0.3385428359375 0.0606767890625 0.333076513671875 0.030601595703125 0.275087474609375 0.025571 0.27711996484375 0 0.30619460546875 0 0.399469435546875