0 0.592113392578125 1 0.61376798046875 0.995876025390625 0.624283064453125 0.929337001953125 0.62351315234375 0.92905677734375 0.51012065234375 0.947640669921875 0.504594640625 0.9809673125 0.50191976953125 1 0.592113392578125 1
0 0.53864827734375 0.84152227734375 0.53858419921875 0.841698330078125 0.564115970703125 0.957479060546875 0.631348677734375 0.964424900390625 0.60635930859375 0.84851082421875 0.53864827734375 0.84152227734375
0 0.6961040859375 0.739366037109375 0.696577625 0.738250451171875 0.70806767578125 0.626515634765625 0.64421528125 0.597385068359375 0.637628923828125 0.59498783203125 0.624700271484375 0.711708865234375 0.6961040859375 0.739366037109375
0 0.576564654296875 0.79391169921875 0.579081779296875 0.79422076171875 0.68517930078125 0.775607703125 0.700062162109375 0.69752500390625 0.699702513671875 0.697394103515625 0.585191416015625 0.71916862890625 0.576037669921875 0.793719892578125 0.576564654296875 0.79391169921875
0 0.64041295703125 0.888950775390625 0.65506422265625 0.891716095703125 0.65507943359375 0.891674298828125 0.639901126953125 0.769470421875 0.6123131015625 0.764107853515625 0.565082494140625 0.755189533203125 0.56299822265625 0.76091601953125 0.575684806640625 0.876368896484375 0.64041295703125 0.888950775390625
0 0.64609374609375 0.639831720703125 0.719875869140625 0.66700888671875 0.7203564453125 0.665819416015625 0.73093869921875 0.550430962890625 0.6605938515625 0.52200980078125 0.64609374609375 0.639831720703125
0 0.7842291875 0.477196517578125 0.664674298828125 0.4784061953125 0.66237658203125 0.48762182421875 0.646777994140625 0.556748376953125 0.651462177734375 0.558453279296875 0.7666959765625 0.557567939453125 0.7842291875 0.477196517578125
0 0.86820425 0.14883541796875 0.79373648046875 0.12239942578125 0.7895660859375 0.13385748828125 0.76840906640625 0.2601490234375 0.78913335546875 0.267692048828125 0.847213400390625 0.287263716796875 0.86820425 0.14883541796875
0 0.753557046875 0.205380841796875 0.75278376171875 0.20807761328125 0.73893707421875 0.340455220703125 0.76936148828125 0.349764830078125 0.822574322265625 0.36502336328125 0.83546605859375 0.2240362890625 0.755385107421875 0.200358291015625 0.753557046875 0.205380841796875
0 0.65219994140625 0.477245693359375 0.659844546875 0.4800281015625 0.798980099609375 0.4713255859375 0.810205791015625 0.394310025390625 0.66553558984375 0.401615474609375 0.65219994140625 0.477245693359375
0 0.681338443359375 0.39972401953125 0.685982546875 0.4007961953125 0.820559271484375 0.407505224609375 0.83730500390625 0.3267945390625 0.83727197265625 0.326782515625 0.695870228515625 0.32831508984375 0.67810952734375 0.3985487890625 0.681338443359375 0.39972401953125
0 0.3994234609375 0.808310880859375 0.396570083984375 0.81615046875 0.396254216796875 0.96389628515625 0.476827904296875 0.988530134765625 0.477142544921875 0.987665666015625 0.47198577734375 0.82889577734375 0.3994234609375 0.808310880859375
0 0.48845730078125 0.967891880859375 0.50219937890625 0.93353772265625 0.480014494140625 0.927176310546875 0.34824865625 0.89128020703125 0.335747138671875 0.92911189453125 0.3245319921875 0.96822375390625 0.33666771484375 0.972640794921875 0.48845730078125 0.967891880859375
0 0.517190244140625 0.496912423828125 0.515398603515625 0.50134688671875 0.50247090234375 0.645254189453125 0.55164179296875 0.66512051953125 0.574072587890625 0.67328466015625 0.5956818828125 0.52529253515625 0.517190244140625 0.496912423828125
0 0.541499064453125 0.768646953125 0.54044071875 0.76836337109375 0.395969962890625 0.776509845703125 0.37488712109375 0.855192078125 0.37810565234375 0.85636352734375 0.52723164453125 0.846072822265625 0.541499064453125 0.768646953125
0 0.46748163671875 0.580206576171875 0.465737216796875 0.58499933203125 0.4914062890625 0.7309448515625 0.56672835546875 0.741530677734375 0.5671909921875 0.740259591796875 0.54793264453125 0.59765568359375 0.46748163671875 0.580206576171875
0 0.57616162890625 0.701390224609375 0.424724986328125 0.697679513671875 0.42444606640625 0.6984458359375 0.39894826171875 0.77249683984375 0.40497807421875 0.77469151171875 0.552717021484375 0.773947552734375 0.57616162890625 0.701390224609375
0 0.653912599609375 0.460496755859375 0.50051666015625 0.46953960546875 0.49949417578125 0.47479983203125 0.487790900390625 0.543776806640625 0.495646921875 0.5466361640625 0.50019437890625 0.547520099609375 0.50870422265625 0.547670251953125 0.64251957421875 0.5415020390625 0.64297663671875 0.5391506640625 0.653912599609375 0.460496755859375
0 0.62643423828125 0.10694034375 0.62935838671875 0.108697349609375 0.75575054296875 0.163293900390625 0.800558267578125 0.09335241015625 0.66965140234375 0.031258603515625 0.635494931640625 0.088104515625 0.62965453125 0.098092658203125 0.62643423828125 0.10694034375
0 0.761669751953125 0.16739408984375 0.638336609375 0.12134461328125 0.609726994140625 0.16676290234375 0.59601868359375 0.190506392578125 0.594963572265625 0.1934052890625 0.72020460546875 0.2434020390625 0.761669751953125 0.16739408984375
0 0.69376749609375 0.30330299609375 0.692732771484375 0.303064111328125 0.561976771484375 0.30335045703125 0.543621748046875 0.382854796875 0.54698470703125 0.3840788125 0.675561712890625 0.387733810546875 0.69376749609375 0.30330299609375
0 0.613542638671875 0.183475720703125 0.6115222890625 0.189026583984375 0.60258994921875 0.320017216796875 0.6824302421875 0.341410359375 0.6825306875 0.341134384765625 0.69443036328125 0.20727519921875 0.613542638671875 0.183475720703125
0 0.639672318359375 0.467914912109375 0.669219669921875 0.394272833984375 0.54087691015625 0.373477525390625 0.51789883203125 0.427981138671875 0.51000155859375 0.44967872265625 0.514501884765625 0.45149697265625 0.639672318359375 0.467914912109375
0 0.20041907421875 0.755196615234375 0.139268037109375 0.72453874609375 0.136869451171875 0.72366573046875 0.13468044140625 0.72858233203125 0.10827725 0.887418580078125 0.13405776953125 0.898896806640625 0.18407881640625 0.91710298046875 0.20041907421875 0.755196615234375
0 0.303107443359375 0.131837423828125 0.30592982421875 0.133670298828125 0.47360905859375 0.2048668046875 0.52534779296875 0.131107884765625 0.35425770703125 0.052313712890625 0.3359393203125 0.079882140625 0.304265619140625 0.128655361328125 0.303107443359375 0.131837423828125
0 0.07601932421875 0.755756900390625 0.08081972265625 0.758874314453125 0.254560615234375 0.820665470703125 0.29522942578125 0.752512146484375 0.11538714453125 0.694949873046875 0.1044095546875 0.711028708984375 0.076856572265625 0.75345658203125 0.07601932421875 0.755756900390625
0 0.304271609375 0.39492469140625 0.36960005859375 0.4201712734375 0.413199123046875 0.23729640234375 0.32909216796875 0.199306869140625 0.326914259765625 0.20419852734375 0.28770403515625 0.38754833203125 0.304271609375 0.39492469140625
0 0.41128044140625 0 0.364655490234375 0.10128537109375 0.37241004296875 0.106130955078125 0.448826681640625 0.14862487890625 0.512262240234375 0 0.41128044140625 0
0 0.2915499765625 0.71885042578125 0.3332466171875 0.642568474609375 0.1462532578125 0.59905119140625 0.109689134765625 0.6678183046875 0.1081579765625 0.672025126953125 0.114417392578125 0.67535331640625 0.2915499765625 0.71885042578125
0 0.272971564453125 0.296867072265625 0.26840159375 0.478339947265625 0.30848107421875 0.487593025390625 0.357317720703125 0.49774082421875 0.357656591796875 0.49627301171875 0.357794748046875 0.31653780859375 0.274137275390625 0.293664306640625 0.272971564453125 0.296867072265625
0 0.48838744921875 0.19488546875 0.488079453125 0.194767240234375 0.30725969921875 0.16398251953125 0.27252617578125 0.23870098828125 0.26917916015625 0.247896833984375 0.4541869765625 0.28538023046875 0.48838744921875 0.19488546875
0 0.207512349609375 0.65294927734375 0.25909738671875 0.68505171875 0.3197384296875 0.504983826171875 0.24224766796875 0.45570799609375 0.23996088671875 0.459098291015625 0.178572283203125 0.63342895703125 0.207512349609375 0.65294927734375
0 0.230069134765625 0.387329861328125 0.2470036328125 0.569502353515625 0.277705744140625 0.57491596484375 0.331056287109375 0.583812177734375 0.323354515625 0.42425959765625 0.322028224609375 0.40415083203125 0.23173476171875 0.38275358984375 0.230069134765625 0.387329861328125
0 1 0.26475914453125 0.964435732421875 0.26101018359375 0.9636683671875 0.263118501953125 0.97089268359375 0.3597750078125 1 0.362834310546875 1 0.26475914453125
0 0 0.85010376953125 0.0452164140625 0.86656119921875 0.07931540234375 0.80582330078125 0 0.7818016328125 0 0.85010376953125
0 1 0.343552271484375 0.96272383203125 0.32029890234375 0.96133293359375 0.3226137421875 0.927389271484375 0.415659359375 0.97236340234375 0.444628599609375 0.984278693359375 0.45178803125 0.994546345703125 0.455525150390625 1 0.438541166015625 1 0.343552271484375
0 1 0.43970469921875 0.923656830078125 0.4097522421875 0.88694437890625 0.461138974609375 0.88259877734375 0.467581595703125 0.881139552734375 0.47159078125 0.883208642578125 0.472986400390625 0.977023150390625 0.50714706640625 1 0.47565643359375 1 0.43970469921875
0 0.90590838671875 0.461625892578125 0.9037988046875 0.46513682421875 0.874676703125 0.559911400390625 0.937731140625 0.597798328125 0.94144544921875 0.5991502265625 0.970493796875 0.50705215234375 0.90590838671875 0.461625892578125
0 0 0.73181288671875 0.03577081640625 0.7550427265625 0.038823095703125 0.756153666015625 0.09479112109375 0.580939587890625 0.019856974609375 0.53142667578125 0.016583236328125 0.530235130859375 0.015963466796875 0.5311894921875 0 0.587508423828125 0 0.73181288671875
0 0 0.58980588671875 0.129319951171875 0.617152603515625 0.13585549609375 0.604325875 0.170623216796875 0.533313228515625 0 0.499235052734375 0 0.58980588671875
0 0 0.843631779296875 0.011987951171875 0.849478693359375 0.01723864453125 0.8513897890625 0.04891398046875 0.651349513671875 0 0.629967751953125 0 0.843631779296875
0 0 0.4882051875 0.158083771484375 0.525916732421875 0.203598162109375 0.450086908203125 0.02405608984375 0.397516119140625 0 0.4386733359375 0 0.4882051875
0 0.11849542578125 0.14498258203125 0.12339926171875 0.146767431640625 0.31257033203125 0.135587265625 0.325481095703125 0.04739031640625 0.324608443359375 0.047072697265625 0.132060486328125 0.049003306640625 0.13193659375 0.0493436953125 0.11849542578125 0.14498258203125
0 0.18250209765625 0.071837994140625 0.181527373046875 0.07148322265625 0.18045364453125 0.07313662109375 0.11308496484375 0.252018509765625 0.164730123046875 0.28555726953125 0.191941724609375 0.303074291015625 0.192973408203125 0.30344979296875 0.19318817578125 0.30311908203125 0.263617880859375 0.12434454296875 0.1983755859375 0.081975701171875 0.18250209765625 0.071837994140625
0 0.12613806640625 0.166791830078125 0.123412291015625 0.1732133515625 0.088490888671875 0.355420849609375 0.16747249609375 0.388946552734375 0.18073523046875 0.39377379296875 0.213254103515625 0.20575277734375 0.12613806640625 0.166791830078125
0 0.05877584765625 0.45413920703125 0.150832013671875 0.487644912109375 0.173684953125 0.29009905859375 0.086762658203125 0.2602585078125 0.083975708984375 0.267915587890625 0.05877584765625 0.45413920703125
0 0.14989623046875 0 0.142524673828125 0.0202531875 0.154968126953125 0.02553512109375 0.32439456640625 0.0754796484375 0.357788763671875 0.00538342578125 0.360073892578125 0 0.14989623046875 0
0 0.84386244921875 0.88122347265625 0.856734943359375 0.768766916015625 0.793367611328125 0.74408992578125 0.790927224609375 0.749839109375 0.77644136328125 0.85361754296875 0.81104143359375 0.8683043984375 0.83508820703125 0.87802991015625 0.84386244921875 0.88122347265625
0 0.881250447265625 0.64734164453125 0.9175300859375 0.663594083984375 0.93236378515625 0.568705072265625 0.8724342109375 0.539437888671875 0.869265044921875 0.546234189453125 0.850633837890625 0.633064884765625 0.881250447265625 0.64734164453125
0 0.85985881640625 0.84690151953125 0.746228232421875 0.844257224609375 0.74490137109375 0.84833984375 0.7251783359375 0.91285098828125 0.72938205078125 0.914381013671875 0.839475654296875 0.905060236328125 0.85985881640625 0.84690151953125
0 0.79475966796875 0.7137263828125 0.7895436015625 0.78482603515625 0.796327525390625 0.78565899609375 0.88937965234375 0.77011128515625 0.900399384765625 0.695677630859375 0.79475966796875 0.7137263828125
0 0.8365617421875 0.70596546875 0.879916888671875 0.733056771484375 0.88677734765625 0.735553775390625 0.910877841796875 0.641683857421875 0.852027662109375 0.603185923828125 0.8518040546875 0.603104537109375 0.849710115234375 0.606455541015625 0.82350010546875 0.697196853515625 0.8365617421875 0.70596546875
0 0.773540234375 1 0.77235990234375 0.96971576171875 0.707670408203125 0.941168830078125 0.707036107421875 0.942821244140625 0.708911076171875 1 0.773540234375 1
0 0.809916837890625 1 0.791242888671875 0.893432126953125 0.717855970703125 0.8849576796875 0.71785116015625 0.88498803125 0.741236294921875 0.97432672265625 0.747830580078125 0.997874435546875 0.76125086328125 1 0.809916837890625 1