0 0.6401056953125 0 0.605993423828125 0.09736871484375 0.60598139453125 0.0977131484375 0.606747333984375 0.103163095703125 0.6717570625 0.104320404296875 0.711348185546875 0 0.6401056953125 0
0 0.659983916015625 0.06546489453125 0.608334130859375 0.170588869140625 0.60853383203125 0.172009806640625 0.67461064453125 0.18141589453125 0.72747912109375 0.07507964453125 0.659983916015625 0.06546489453125
0 0.64897188671875 0.310232818359375 0.638651685546875 0.38531009375 0.7469753515625 0.4305770546875 0.747447681640625 0.430510673828125 0.747914623046875 0.42606801953125 0.75358068359375 0.35369781640625 0.6518589921875 0.31024954296875 0.650139111328125 0.31006877734375 0.64897188671875 0.310232818359375
0 0.63197568359375 0.305707228515625 0.736074755859375 0.349788228515625 0.74393577734375 0.274016810546875 0.639343908203125 0.22795959765625 0.6365741796875 0.228348857421875 0.6340230703125 0.252621033203125 0.63197568359375 0.305707228515625
0 0.709902611328125 0.132839017578125 0.70671407421875 0.13328713671875 0.695748583984375 0.13699628515625 0.633401421875 0.1584641328125 0.63699902734375 0.277632666015625 0.63789424609375 0.280232568359375 0.639617560546875 0.27999037109375 0.68529696875 0.264534986328125 0.71187018359375 0.25538509375 0.709902611328125 0.132839017578125
0 0.76033735546875 0.419125873046875 0.65205019140625 0.396582248046875 0.645722998046875 0.397471478515625 0.65003672265625 0.47412525390625 0.766949806640625 0.49470653125 0.76033735546875 0.419125873046875
0 0.709078244140625 0.467172791015625 0.69685716796875 0.46567223046875 0.65290703515625 0.576792548828125 0.734223560546875 0.589226427734375 0.778202306640625 0.47723722265625 0.709078244140625 0.467172791015625
0 0.809026994140625 0.808986537109375 0.671891314453125 0.824908185546875 0.67281227734375 0.83146118359375 0.695208568359375 0.904716146484375 0.833527595703125 0.88648110546875 0.809026994140625 0.808986537109375
0 0.712594576171875 0.700798169921875 0.67790231640625 0.832331263671875 0.6778245078125 0.833443970703125 0.678533712890625 0.83849023046875 0.763559728515625 0.842925927734375 0.79739741796875 0.70749819921875 0.797288123046875 0.70672051953125 0.712594576171875 0.700798169921875
0 0.7986235234375 0.637633201171875 0.78804044140625 0.60419184765625 0.774959978515625 0.56393432421875 0.637147384765625 0.576256013671875 0.630559265625 0.578396623046875 0.64890207421875 0.641152755859375 0.65228444140625 0.651562619140625 0.7989871328125 0.64022041796875 0.7986235234375 0.637633201171875
0 0.80653656640625 0.715548958984375 0.781442150390625 0.63701875 0.64830393359375 0.657758126953125 0.64087035546875 0.66031771484375 0.641083564453125 0.66183478515625 0.6657137890625 0.728808626953125 0.80653656640625 0.715548958984375
0 0.44562119921875 0.11112591796875 0.59668250390625 0.1627288046875 0.59605389453125 0.077887283203125 0.4502140546875 0.03364028515625 0.446112685546875 0.034216693359375 0.445621201171875 0.058445076171875 0.44562119921875 0.11112591796875
0 0.488983330078125 0 0.42123581640625 0.018152892578125 0.42255846875 0.02756405078125 0.42336466796875 0.03057282421875 0.431547201171875 0.05211123046875 0.597554546875 0.0602070546875 0.59663804296875 0.05368578515625 0.579930978515625 0 0.488983330078125 0
0 0.52473180859375 0.507085345703125 0.526130140625 0.51165908984375 0.606796583984375 0.49022796875 0.59817505078125 0.34103968359375 0.592137267578125 0.34188823828125 0.5243956484375 0.362598931640625 0.52473180859375 0.507085345703125
0 0.60131287890625 0.23846434375 0.602395068359375 0.23829294140625 0.596299015625 0.1597998671875 0.446928375 0.1336027890625 0.457771689453125 0.210756984375 0.4584850859375 0.21526119140625 0.60131287890625 0.23846434375
0 0.6158605390625 0.277411845703125 0.605185607421875 0.27666537890625 0.531106794921875 0.27697232421875 0.483999244140625 0.40860275390625 0.485009712890625 0.415792615234375 0.55831229296875 0.420026255859375 0.6158605390625 0.277411845703125
0 0.6093279453125 0.24416016796875 0.46798645703125 0.204706650390625 0.462466767578125 0.205482390625 0.465063736328125 0.2798498046875 0.61153727734375 0.325439033203125 0.6093279453125 0.24416016796875
0 0.498134640625 0.53896159765625 0.499065166015625 0.544238865234375 0.652279919921875 0.555957466796875 0.64271832421875 0.477124681640625 0.642302369140625 0.4747656875 0.508615048828125 0.466263013671875 0.50010387890625 0.466264625 0.48744066796875 0.468497490234375 0.498134640625 0.53896159765625
0 0.65080342578125 0.85117987890625 0.645864349609375 0.85187401953125 0.573302720703125 0.880669857421875 0.5975299921875 0.99120683984375 0.639781203125 0.985268818359375 0.68129995703125 0.97015723046875 0.65080342578125 0.85117987890625
0 0.541502666015625 0.860420234375 0.540819640625 0.87997949609375 0.671232958984375 0.903533638671875 0.6747604765625 0.90303787890625 0.674459052734375 0.819767619140625 0.54987006640625 0.79436163671875 0.545373568359375 0.794993576171875 0.541502666015625 0.860420234375
0 0.649461892578125 0.730455140625 0.650522380859375 0.7303995625 0.647254439453125 0.644090041015625 0.52420719140625 0.62598205859375 0.516528177734375 0.6270612734375 0.52074209375 0.707467603515625 0.649461892578125 0.730455140625
0 0.544430251953125 0.827364689453125 0.545252361328125 0.83321430859375 0.62932068359375 0.826752408203125 0.645511935546875 0.69334428515625 0.6454710625 0.69305345703125 0.5629275859375 0.697379376953125 0.544430251953125 0.827364689453125
0 0.63314586328125 0.5364095703125 0.56738849609375 0.5293381328125 0.554240609375 0.527956234375 0.50962880859375 0.64710170703125 0.510347330078125 0.65221425390625 0.59125375390625 0.659492306640625 0.63314586328125 0.5364095703125
0 0.136774572265625 0.090783169921875 0.15581327734375 0.14937828515625 0.34339674609375 0.1381091796875 0.31787458203125 0.0703046796875 0.13315859375 0.069540646484375 0.13187945703125 0.069956263671875 0.133125763671875 0.07882420703125 0.136774572265625 0.090783169921875
0 0.4111125078125 0.75729274609375 0.39416479296875 0.755211826171875 0.316359265625 0.746488443359375 0.2677556875 0.92449562890625 0.2682950390625 0.928333310546875 0.35650414453125 0.935976119140625 0.4111125078125 0.75729274609375
0 0.21395743359375 0.0952552109375 0.19944940625 0.28286170703125 0.200049173828125 0.286648486328125 0.27219914453125 0.27350704296875 0.292761837890625 0.08580025390625 0.21456037109375 0.095160650390625 0.21450801171875 0.0951680078125 0.21395743359375 0.0952552109375
0 0.260655279296875 0.750476322265625 0.346524763671875 0.744276931640625 0.36311803515625 0.551863447265625 0.302923537109375 0.55925440234375 0.270469396484375 0.56381553515625 0.259342822265625 0.741137701171875 0.260655279296875 0.750476322265625
0 0.41274596484375 1 0.377519015625 0.830166474609375 0.34235009765625 0.84131068359375 0.290486873046875 0.85916862109375 0.31560723046875 1 0.41274596484375 1
0 0.291215919921875 0.18063660546875 0.249212849609375 0.19293624609375 0.215125775390625 0.203357708984375 0.22205032421875 0.39213332421875 0.223030890625 0.39534061328125 0.22514475 0.39504352734375 0.30502809375 0.369608552734375 0.2957655078125 0.179997201171875 0.291215919921875 0.18063660546875
0 0.37921787890625 0.523913134765625 0.201669212890625 0.514745048828125 0.19830466796875 0.51533830859375 0.207188615234375 0.573135478515625 0.21275608984375 0.60471019140625 0.397081232421875 0.609721853515625 0.395566974609375 0.598947359375 0.37921787890625 0.523913134765625
0 0.4287432265625 0.78704781640625 0.429063337890625 0.78696800390625 0.40614632421875 0.692979787109375 0.218339658203125 0.7076066171875 0.219325630859375 0.71462218359375 0.245519564453125 0.795566689453125 0.4287432265625 0.78704781640625
0 0.179002291015625 0.36343855859375 0.1764577890625 0.392522337890625 0.353798087890625 0.458432814453125 0.365593044921875 0.363806400390625 0.190655298828125 0.3015109375 0.186159677734375 0.30111762109375 0.18615569921875 0.3011181796875 0.179002291015625 0.36343855859375
0 0.178232447265625 0.43345600390625 0.20657665234375 0.51900211328125 0.226724490234375 0.51857076171875 0.386100072265625 0.51234671875 0.386327861328125 0.51228568359375 0.365060076171875 0.429853306640625 0.17856103515625 0.4288413984375 0.1776193671875 0.42909371875 0.178232447265625 0.43345600390625
0 1 0.83408646875 0.929067046875 0.8120724765625 0.924561740234375 0.81270565625 0.91521353515625 0.88884066796875 1 0.91229486328125 1 0.83408646875
0 1 0.757462484375 0.91327855859375 0.735398625 0.911886421875 0.73559427734375 0.90656134375 0.811746451171875 1 0.8373453125 1 0.757462484375
0 0 0.114438576171875 0.147319943359375 0.135537544921875 0.140541482421875 0.045604814453125 0 0.065356630859375 0 0.114438576171875
0 1 0.7236208671875 0.98589954296875 0.670836837890625 0.883359765625 0.67227245703125 0.882417548828125 0.672507376953125 0.882767267578125 0.674995759765625 0.903443583984375 0.748128384765625 1 0.74299658203125 1 0.7236208671875
0 0.992051041015625 0.671461818359375 0.97535364453125 0.599799763671875 0.875649296875 0.59458857421875 0.873113892578125 0.59508140625 0.87533735546875 0.610902171875 0.88817449609375 0.6686002890625 0.992051041015625 0.671461818359375
0 0.89073499609375 0.50977785546875 0.89032926171875 0.50983487890625 0.8732676640625 0.607402568359375 0.873845541015625 0.611514375 0.951710392578125 0.60040385546875 0.96771048828125 0.50473339453125 0.967663419921875 0.50439849609375 0.89073499609375 0.50977785546875
0 0.1071245703125 0.343048865234375 0.11420489453125 0.156600359375 0.11051602734375 0.157118794921875 0.023857873046875 0.18033877734375 0.02293321484375 0.366138310546875 0.1071245703125 0.343048865234375
0 0.14877841796875 0.26387748046875 0.14842429296875 0.263878015625 0.05500216015625 0.265508705078125 0.01168506640625 0.43847455078125 0.012142158203125 0.441726935546875 0.101257212890625 0.44495222265625 0.14877841796875 0.26387748046875
0 0 0.20163170703125 0.16021546484375 0.224154841796875 0.16112115234375 0.224011396484375 0.15853369921875 0.207674869140625 0.1454970546875 0.13314679296875 0 0.1150218125 0 0.20163170703125
0 0 0.4584735234375 0.00943428515625 0.489383927734375 0.19806540625 0.49130211328125 0.17054369140625 0.397221591796875 0 0.40413181640625 0 0.4584735234375
0 0.235024033203125 0.90488029296875 0.236403193359375 0.90468646484375 0.24055179296875 0.8157882578125 0.057599654296875 0.76887439453125 0.051827369140625 0.76968563671875 0.046762806640625 0.866323244140625 0.235024033203125 0.90488029296875
0 0.05260144921875 0.802381951171875 0.241097396484375 0.76698033984375 0.24238093359375 0.76643551171875 0.226011279296875 0.727041375 0.204474466796875 0.6763038203125 0.024997048828125 0.7128266484375 0.030149548828125 0.749488587890625 0.05260144921875 0.802381951171875
0 0.19381863671875 0.58227240234375 0.01020644921875 0.60758605859375 0.01515654296875 0.642807802734375 0.036896060546875 0.699159826171875 0.228050611328125 0.676323970703125 0.19381863671875 0.58227240234375
0 0.140330052734375 0.435364857421875 0.083824513671875 0.449398205078125 0.051265787109375 0.458122291015625 0.05669052734375 0.652466451171875 0.05785459765625 0.656810818359375 0.061907435546875 0.65624123046875 0.15148526953125 0.632238921875 0.142166416015625 0.4351067734375 0.140330052734375 0.435364857421875
0 0.11109628515625 1 0.26597098046875 0.965878380859375 0.23650579296875 0.872732568359375 0.05249587890625 0.908491 0.05860834765625 0.95198346484375 0.063623650390625 0.966548962890625 0.076782404296875 1 0.11109628515625 1
0 0.927422177734375 0.206840154296875 0.89719923828125 0.2059311796875 0.857582888671875 0.205931181640625 0.826925306640625 0.309628927734375 0.826925306640625 0.311340634765625 0.827249869140625 0.3136500234375 0.898516826171875 0.314868552734375 0.927473451171875 0.207204982421875 0.927422177734375 0.206840154296875
0 0.9508831015625 0.431270966796875 0.899713744140625 0.435747705078125 0.88297432421875 0.43751566015625 0.86523623828125 0.52780195703125 0.86577849609375 0.5316603203125 0.93769112109375 0.52646609765625 0.9508831015625 0.431270966796875
0 0.83016073046875 0.251162970703125 0.831371205078125 0.25512225390625 0.888420630859375 0.23512787109375 0.8979826640625 0.12218464453125 0.8898279921875 0.123330708984375 0.82762848046875 0.14234701171875 0.83016073046875 0.251162970703125
0 0.90614314453125 0.38622169140625 0.93960051953125 0.29166598046875 0.939654876953125 0.29062876171875 0.888802439453125 0.28545964453125 0.866669001953125 0.284299681640625 0.83200206640625 0.381144748046875 0.83243007421875 0.384190171875 0.90614314453125 0.38622169140625
0 0.922299193359375 0.4547437890625 0.942426462890625 0.35914208203125 0.8991810546875 0.36216609765625 0.87121100390625 0.364707361328125 0.8491073359375 0.456068173828125 0.8493688125 0.459807455078125 0.84970686328125 0.462212810546875 0.922299193359375 0.4547437890625
0 0.792677630859375 0 0.790587 0.05986782421875 0.895193349609375 0.10837595703125 0.89594934765625 0.108269708984375 0.89494365625 0.03726486328125 0.81586638671875 0 0.792677630859375 0
0 0.8695948984375 0.174833984375 0.906723298828125 0.066631580078125 0.906723298828125 0.064886349609375 0.843055443359375 0.064886349609375 0.832858669921875 0.087112580078125 0.7961404296875 0.17088404296875 0.7962612734375 0.17174388671875 0.8695948984375 0.174833984375
0 0.79130913671875 0 0.81032355859375 0.055221890625 0.84893817578125 0.03933433203125 0.85100489453125 0 0.79130913671875 0