0 0.0419921875 0.0673828125 0.080078125 0.033203125
0 0.1875 0.0693359375 0.078125 0.029296875
0 0.2568359375 0.068359375 0.0751953125 0.03125
0 0.041015625 0.091796875 0.0751953125 0.029296875
0 0.1875 0.091796875 0.0810546875 0.0263671875
0 0.255859375 0.0927734375 0.080078125 0.0283203125
0 0.0419921875 0.1142578125 0.076171875 0.0283203125
0 0.1865234375 0.115234375 0.080078125 0.03125
0 0.2548828125 0.1142578125 0.076171875 0.033203125
0 0.041015625 0.1357421875 0.078125 0.033203125
0 0.1884765625 0.1357421875 0.076171875 0.029296875
0 0.255859375 0.134765625 0.080078125 0.033203125
0 0.0400390625 0.1591796875 0.078125 0.0283203125
0 0.189453125 0.1591796875 0.076171875 0.0283203125
0 0.2578125 0.1591796875 0.0732421875 0.0283203125
0 0.0390625 0.1806640625 0.078125 0.0283203125
0 0.189453125 0.181640625 0.076171875 0.029296875
0 0.255859375 0.1806640625 0.078125 0.033203125
0 0.0400390625 0.203125 0.080078125 0.0283203125
0 0.189453125 0.201171875 0.0732421875 0.0263671875
0 0.255859375 0.203125 0.0751953125 0.029296875
0 0.0400390625 0.2255859375 0.078125 0.029296875
0 0.189453125 0.2265625 0.072265625 0.03125
0 0.255859375 0.224609375 0.072265625 0.0283203125
0 0.041015625 0.248046875 0.0810546875 0.0263671875
0 0.1884765625 0.248046875 0.0732421875 0.03125
0 0.255859375 0.248046875 0.078125 0.0283203125
0 0.0390625 0.267578125 0.078125 0.029296875
0 0.1884765625 0.26953125 0.0751953125 0.029296875
0 0.2568359375 0.26953125 0.0703125 0.03125
0 0.1865234375 0.2919921875 0.0751953125 0.0283203125
0 0.255859375 0.2919921875 0.0732421875 0.0283203125
0 0.1865234375 0.314453125 0.0732421875 0.0263671875
0 0.255859375 0.314453125 0.0751953125 0.0283203125
0 0.041015625 0.3369140625 0.078125 0.0263671875
0 0.1875 0.3359375 0.0732421875 0.029296875
0 0.2548828125 0.3359375 0.076171875 0.0263671875
0 0.1875 0.3583984375 0.072265625 0.0283203125
0 0.255859375 0.359375 0.072265625 0.0263671875
0 0.0400390625 0.3583984375 0.076171875 0.0263671875
0 0.041015625 0.380859375 0.0751953125 0.025390625
0 0.1875 0.380859375 0.072265625 0.0283203125
0 0.2548828125 0.3798828125 0.0751953125 0.0263671875
0 0.0400390625 0.40234375 0.0751953125 0.0263671875
0 0.1884765625 0.40234375 0.0703125 0.029296875
0 0.2529296875 0.4033203125 0.0732421875 0.0263671875
0 0.0400390625 0.4248046875 0.0732421875 0.0283203125
0 0.1884765625 0.4248046875 0.068359375 0.029296875
0 0.2548828125 0.4248046875 0.078125 0.0263671875
0 0.0400390625 0.447265625 0.076171875 0.0263671875
0 0.1875 0.447265625 0.072265625 0.0283203125
0 0.2548828125 0.447265625 0.0732421875 0.0263671875
0 0.041015625 0.46875 0.0732421875 0.0283203125
0 0.1875 0.4697265625 0.072265625 0.0263671875
0 0.255859375 0.4697265625 0.072265625 0.0263671875
0 0.041015625 0.490234375 0.0732421875 0.0263671875
0 0.1875 0.490234375 0.072265625 0.025390625
0 0.25390625 0.4912109375 0.0751953125 0.0263671875
0 0.0400390625 0.513671875 0.0732421875 0.025390625
0 0.1884765625 0.513671875 0.0732421875 0.0283203125
0 0.2529296875 0.5126953125 0.0732421875 0.025390625
0 0.0390625 0.53515625 0.0751953125 0.0283203125
0 0.1884765625 0.53515625 0.0703125 0.0263671875
0 0.25390625 0.5341796875 0.072265625 0.0263671875
0 0.0400390625 0.556640625 0.0732421875 0.0283203125
0 0.1875 0.556640625 0.072265625 0.0263671875
0 0.25390625 0.556640625 0.0732421875 0.025390625
0 0.041015625 0.5791015625 0.0751953125 0.0263671875
0 0.1875 0.580078125 0.072265625 0.0263671875
0 0.25390625 0.578125 0.072265625 0.025390625
0 0.041015625 0.6015625 0.072265625 0.0263671875
0 0.2548828125 0.6015625 0.0673828125 0.0263671875
0 0.25390625 0.623046875 0.072265625 0.0263671875
0 0.0400390625 0.64453125 0.072265625 0.025390625
0 0.25390625 0.6455078125 0.072265625 0.0283203125
0 0.0419921875 0.8330078125 0.072265625 0.0283203125
0 0.041015625 0.8544921875 0.0751953125 0.0263671875
0 0.185546875 0.8330078125 0.0703125 0.0263671875
0 0.251953125 0.8330078125 0.072265625 0.0283203125
0 0.185546875 0.8564453125 0.072265625 0.0283203125
0 0.251953125 0.8564453125 0.072265625 0.0263671875
0 0.041015625 0.876953125 0.072265625 0.0283203125
0 0.1865234375 0.8779296875 0.0703125 0.0263671875
0 0.251953125 0.8779296875 0.0732421875 0.025390625
0 0.041015625 0.8984375 0.072265625 0.0263671875
0 0.185546875 0.8994140625 0.0732421875 0.0283203125
0 0.25390625 0.8994140625 0.072265625 0.0263671875
0 0.0419921875 0.919921875 0.076171875 0.0263671875
0 0.1865234375 0.9208984375 0.072265625 0.0263671875
0 0.2529296875 0.9208984375 0.072265625 0.0263671875
0 0.044921875 0.9423828125 0.0732421875 0.0263671875
0 0.1865234375 0.943359375 0.0703125 0.0283203125
0 0.2529296875 0.9443359375 0.0703125 0.0263671875
0 0.04296875 0.962890625 0.072265625 0.025390625
0 0.0419921875 0.9833984375 0.068359375 0.0263671875
0 0.185546875 0.96484375 0.072265625 0.0263671875
0 0.1875 0.986328125 0.072265625 0.025390625
0 0.40234375 0.068359375 0.0732421875 0.0283203125
0 0.40234375 0.091796875 0.072265625 0.0283203125
0 0.40234375 0.1123046875 0.0732421875 0.029296875
0 0.400390625 0.1337890625 0.0751953125 0.029296875
0 0.4697265625 0.1337890625 0.072265625 0.029296875
0 0.40234375 0.1572265625 0.072265625 0.0283203125
0 0.46875 0.158203125 0.072265625 0.025390625
0 0.40234375 0.1796875 0.072265625 0.0263671875
0 0.46875 0.1796875 0.076171875 0.0283203125
0 0.4013671875 0.201171875 0.072265625 0.029296875
0 0.46875 0.201171875 0.072265625 0.0263671875
0 0.40234375 0.2236328125 0.072265625 0.0283203125
0 0.46875 0.2236328125 0.072265625 0.029296875
0 0.40234375 0.24609375 0.0703125 0.0283203125
0 0.46875 0.24609375 0.072265625 0.0283203125
0 0.4033203125 0.2685546875 0.0703125 0.0263671875
0 0.4697265625 0.2685546875 0.0732421875 0.0263671875
0 0.400390625 0.291015625 0.0732421875 0.0283203125
0 0.4697265625 0.291015625 0.072265625 0.0283203125
0 0.40234375 0.3134765625 0.072265625 0.029296875
0 0.4677734375 0.3134765625 0.0751953125 0.0283203125
0 0.40234375 0.3349609375 0.072265625 0.03125
0 0.4697265625 0.3349609375 0.072265625 0.0283203125
0 0.400390625 0.357421875 0.072265625 0.0263671875
0 0.46875 0.3583984375 0.072265625 0.0263671875
0 0.4013671875 0.3798828125 0.072265625 0.0263671875
0 0.4697265625 0.3798828125 0.0751953125 0.0283203125
0 0.4013671875 0.400390625 0.072265625 0.03125
0 0.4677734375 0.40234375 0.072265625 0.025390625
0 0.4013671875 0.423828125 0.072265625 0.0283203125
0 0.46875 0.423828125 0.0703125 0.0263671875
0 0.4013671875 0.4462890625 0.0703125 0.0263671875
0 0.4677734375 0.447265625 0.076171875 0.0263671875
0 0.400390625 0.4677734375 0.0703125 0.0283203125
0 0.4677734375 0.46875 0.0732421875 0.0263671875
0 0.400390625 0.490234375 0.0703125 0.0283203125
0 0.466796875 0.4912109375 0.072265625 0.0263671875
0 0.4013671875 0.513671875 0.0703125 0.0263671875
0 0.466796875 0.513671875 0.0732421875 0.0283203125
0 0.400390625 0.53515625 0.072265625 0.025390625
0 0.466796875 0.5361328125 0.0732421875 0.0263671875
0 0.400390625 0.556640625 0.0732421875 0.0263671875
0 0.4677734375 0.5576171875 0.072265625 0.0263671875
0 0.4013671875 0.5791015625 0.072265625 0.0263671875
0 0.4677734375 0.580078125 0.0732421875 0.0263671875
0 0.4013671875 0.6005859375 0.0703125 0.0283203125
0 0.466796875 0.6015625 0.0751953125 0.0263671875
0 0.400390625 0.623046875 0.0703125 0.0263671875
0 0.466796875 0.623046875 0.072265625 0.0263671875
0 0.40234375 0.64453125 0.0703125 0.0283203125
0 0.466796875 0.6455078125 0.0751953125 0.0263671875
0 0.4033203125 0.6669921875 0.068359375 0.0263671875
0 0.466796875 0.6669921875 0.072265625 0.0234375
0 0.400390625 0.689453125 0.072265625 0.0234375
0 0.6318359375 0.115234375 0.0703125 0.0283203125
0 0.7001953125 0.115234375 0.072265625 0.0263671875
0 0.6328125 0.1357421875 0.0703125 0.0283203125
0 0.6982421875 0.1357421875 0.0751953125 0.0263671875
0 0.6328125 0.158203125 0.0703125 0.0283203125
0 0.69921875 0.158203125 0.0703125 0.0283203125
0 0.6328125 0.181640625 0.0703125 0.0283203125
0 0.7001953125 0.181640625 0.0703125 0.0283203125
0 0.6337890625 0.203125 0.0703125 0.0283203125
0 0.69921875 0.203125 0.0751953125 0.0263671875
0 0.6337890625 0.224609375 0.0703125 0.0263671875
0 0.69921875 0.2255859375 0.0751953125 0.0263671875
0 0.6318359375 0.248046875 0.068359375 0.025390625
0 0.7001953125 0.2470703125 0.0703125 0.0263671875
0 0.6337890625 0.26953125 0.0703125 0.0263671875
0 0.7001953125 0.2705078125 0.0703125 0.025390625
0 0.6318359375 0.291015625 0.0703125 0.0263671875
0 0.69921875 0.2919921875 0.0732421875 0.0283203125
0 0.6318359375 0.3134765625 0.068359375 0.029296875
0 0.697265625 0.314453125 0.072265625 0.025390625
0 0.6318359375 0.3369140625 0.068359375 0.0263671875
0 0.6982421875 0.3359375 0.0732421875 0.0263671875
0 0.6318359375 0.3583984375 0.0703125 0.0283203125
0 0.6982421875 0.3583984375 0.0732421875 0.0283203125
0 0.6318359375 0.380859375 0.0703125 0.029296875
0 0.697265625 0.380859375 0.072265625 0.0263671875
0 0.630859375 0.4033203125 0.0673828125 0.0283203125
0 0.6982421875 0.40234375 0.0751953125 0.03125
0 0.6318359375 0.423828125 0.068359375 0.029296875
0 0.697265625 0.4248046875 0.0751953125 0.0283203125
0 0.6318359375 0.4462890625 0.0703125 0.029296875
0 0.6982421875 0.4482421875 0.0703125 0.0283203125
0 0.6318359375 0.46875 0.068359375 0.0263671875
0 0.6982421875 0.46875 0.0732421875 0.0283203125
0 0.6318359375 0.490234375 0.068359375 0.0283203125
0 0.6962890625 0.4912109375 0.0732421875 0.0283203125
0 0.630859375 0.513671875 0.068359375 0.0283203125
0 0.6982421875 0.513671875 0.072265625 0.0283203125
0 0.630859375 0.53515625 0.0673828125 0.0283203125
0 0.697265625 0.5361328125 0.0732421875 0.0263671875
0 0.630859375 0.556640625 0.0703125 0.0283203125
0 0.6982421875 0.5576171875 0.0751953125 0.0283203125
0 0.62890625 0.580078125 0.0703125 0.0263671875
0 0.697265625 0.580078125 0.072265625 0.0283203125
0 0.630859375 0.55859375 0.072265625 0.03125
0 0.6962890625 0.6015625 0.072265625 0.029296875
0 0.6298828125 0.623046875 0.072265625 0.0283203125
0 0.6962890625 0.623046875 0.072265625 0.0283203125
0 0.630859375 0.6455078125 0.0703125 0.0283203125
0 0.6962890625 0.6455078125 0.0732421875 0.0263671875
0 0.630859375 0.666015625 0.0673828125 0.0263671875
0 0.697265625 0.6669921875 0.076171875 0.0283203125
0 0.6298828125 0.689453125 0.072265625 0.0263671875
0 0.6962890625 0.689453125 0.072265625 0.0263671875
0 0.6298828125 0.732421875 0.0703125 0.0283203125
0 0.697265625 0.732421875 0.072265625 0.029296875
0 0.6298828125 0.75390625 0.0703125 0.0263671875
0 0.6953125 0.798828125 0.0751953125 0.0263671875
0 0.693359375 0.865234375 0.072265625 0.025390625
0 0.845703125 0.11328125 0.0751953125 0.0283203125
0 0.9140625 0.11328125 0.0732421875 0.029296875
0 0.8466796875 0.134765625 0.0732421875 0.0263671875
0 0.9140625 0.1357421875 0.0751953125 0.029296875
0 0.84765625 0.1572265625 0.076171875 0.029296875
0 0.9140625 0.1572265625 0.072265625 0.0283203125
0 0.8486328125 0.1796875 0.072265625 0.03125
0 0.9140625 0.1806640625 0.0732421875 0.0263671875
0 0.8486328125 0.2021484375 0.072265625 0.0283203125
0 0.9140625 0.203125 0.076171875 0.0283203125
0 0.84765625 0.224609375 0.0703125 0.0283203125
0 0.9140625 0.224609375 0.0751953125 0.0263671875
0 0.84765625 0.24609375 0.068359375 0.0283203125
0 0.916015625 0.2470703125 0.080078125 0.0283203125
0 0.84765625 0.26953125 0.0703125 0.0263671875
0 0.9140625 0.26953125 0.076171875 0.0283203125
0 0.8486328125 0.291015625 0.0703125 0.0283203125
0 0.9150390625 0.2919921875 0.076171875 0.0263671875
0 0.8486328125 0.314453125 0.068359375 0.029296875
0 0.912109375 0.314453125 0.076171875 0.0263671875
0 0.8486328125 0.3369140625 0.0703125 0.0283203125
0 0.9140625 0.3369140625 0.076171875 0.0283203125
0 0.8466796875 0.3583984375 0.0703125 0.0283203125
0 0.9130859375 0.3583984375 0.0732421875 0.029296875
0 0.8466796875 0.380859375 0.0703125 0.03125
0 0.912109375 0.380859375 0.0751953125 0.0283203125
0 0.84765625 0.4033203125 0.068359375 0.0283203125
0 0.912109375 0.40234375 0.076171875 0.0283203125
0 0.845703125 0.4248046875 0.0703125 0.029296875
0 0.912109375 0.42578125 0.076171875 0.029296875
0 0.8447265625 0.447265625 0.0732421875 0.0283203125
0 0.9111328125 0.447265625 0.078125 0.029296875
0 0.845703125 0.46875 0.072265625 0.0283203125
0 0.912109375 0.4697265625 0.0751953125 0.0283203125
0 0.8447265625 0.4912109375 0.068359375 0.0263671875
0 0.9111328125 0.4921875 0.076171875 0.0283203125
0 0.845703125 0.513671875 0.0703125 0.0283203125
0 0.9111328125 0.513671875 0.076171875 0.0283203125
0 0.845703125 0.53515625 0.068359375 0.029296875
0 0.9111328125 0.537109375 0.0751953125 0.0263671875
0 0.8447265625 0.5576171875 0.0703125 0.0263671875
0 0.9111328125 0.5576171875 0.0732421875 0.029296875
0 0.8447265625 0.5810546875 0.0703125 0.0263671875
0 0.9111328125 0.580078125 0.072265625 0.0283203125
0 0.845703125 0.6015625 0.0703125 0.029296875
0 0.91015625 0.6025390625 0.0732421875 0.0283203125
0 0.8447265625 0.623046875 0.0703125 0.0263671875
0 0.9111328125 0.6240234375 0.072265625 0.0283203125
0 0.84375 0.646484375 0.0732421875 0.0283203125
0 0.91015625 0.646484375 0.072265625 0.0263671875
0 0.84375 0.66796875 0.072265625 0.029296875
0 0.9091796875 0.66796875 0.0703125 0.0283203125
0 0.8447265625 0.689453125 0.0703125 0.0263671875
0 0.9091796875 0.69140625 0.0703125 0.0263671875
0 0.8427734375 0.7119140625 0.072265625 0.025390625
0 0.841796875 0.734375 0.0732421875 0.0283203125
0 0.9091796875 0.734375 0.0703125 0.0263671875
0 0.841796875 0.755859375 0.072265625 0.0283203125
0 0.8447265625 0.779296875 0.0751953125 0.029296875
0 0.8427734375 0.80078125 0.072265625 0.0283203125
0 0.841796875 0.8447265625 0.072265625 0.0263671875
0 0.041015625 0.623046875 0.0732421875 0.0234375
0 0.185546875 0.6005859375 0.0732421875 0.0234375
0 0.1875 0.623046875 0.068359375 0.025390625
0 0.1875 0.64453125 0.072265625 0.0234375
0 0.041015625 0.66796875 0.0732421875 0.0263671875
0 0.185546875 0.6669921875 0.076171875 0.0234375
0 0.255859375 0.6669921875 0.072265625 0.0263671875
0 0.185546875 0.6884765625 0.072265625 0.0283203125
0 0.2548828125 0.689453125 0.076171875 0.0263671875
0 0.1875 0.7119140625 0.076171875 0.025390625
0 0.255859375 0.7119140625 0.076171875 0.03125
0 0.46875 0.689453125 0.076171875 0.0234375
0 0.2529296875 0.96484375 0.0703125 0.029296875
0 0.251953125 0.9853515625 0.0751953125 0.029296875
0 0.0400390625 0.291015625 0.078125 0.0283203125
0 0.041015625 0.3125 0.080078125 0.0263671875
0 0.908203125 0.7119140625 0.076171875 0.0263671875
0 0.6279296875 0.7109375 0.0732421875 0.025390625
0 0.697265625 0.7119140625 0.0732421875 0.0283203125
0 0.6953125 0.75390625 0.0751953125 0.0283203125
0 0.908203125 0.755859375 0.0703125 0.0283203125
0 0.9091796875 0.779296875 0.0703125 0.0263671875
0 0.91015625 0.8017578125 0.0751953125 0.025390625
0 0.62890625 0.7763671875 0.072265625 0.0283203125
0 0.6953125 0.77734375 0.0732421875 0.0263671875
0 0.626953125 0.798828125 0.0751953125 0.0283203125
0 0.6279296875 0.822265625 0.0751953125 0.025390625
0 0.6962890625 0.8212890625 0.0732421875 0.0283203125
0 0.841796875 0.8212890625 0.0751953125 0.0283203125
0 0.9130859375 0.8232421875 0.078125 0.0263671875
0 0.6279296875 0.845703125 0.068359375 0.0234375
0 0.693359375 0.84375 0.0732421875 0.025390625
0 0.9091796875 0.845703125 0.072265625 0.0234375
0 0.6298828125 0.8671875 0.0673828125 0.0234375
0 0.8408203125 0.865234375 0.0751953125 0.029296875
0 0.908203125 0.8681640625 0.076171875 0.0263671875
0 0.6357421875 0.888671875 0.0673828125 0.025390625
0 0.697265625 0.88671875 0.0703125 0.0263671875
0 0.8427734375 0.890625 0.072265625 0.021484375
0 0.90625 0.888671875 0.076171875 0.0263671875
0 0.634765625 0.912109375 0.0625 0.0234375
0 0.6953125 0.912109375 0.072265625 0.025390625
0 0.8427734375 0.916015625 0.0732421875 0.0283203125
0 0.90625 0.912109375 0.078125 0.029296875
0 0.6318359375 0.93359375 0.0673828125 0.025390625
0 0.6943359375 0.931640625 0.076171875 0.025390625
0 0.630859375 0.955078125 0.064453125 0.0263671875
0 0.6943359375 0.955078125 0.076171875 0.03125
0 0.8447265625 0.939453125 0.0732421875 0.0263671875
0 0.9052734375 0.935546875 0.076171875 0.025390625
0 0.84375 0.9599609375 0.072265625 0.0263671875
0 0.90625 0.958984375 0.0703125 0.025390625