0 0.181640625 0.2041015625 0.0703125 0.1845703125
0 0.029296875 0.3681640625 0.0576171875 0.177734375
0 0.078125 0.3623046875 0.0654296875 0.1845703125
0 0.1298828125 0.3623046875 0.064453125 0.1748046875
0 0.2333984375 0.361328125 0.0673828125 0.1796875
0 0.2861328125 0.19921875 0.0673828125 0.1796875
0 0.3408203125 0.3603515625 0.060546875 0.177734375
0 0.392578125 0.1962890625 0.0673828125 0.1845703125
0 0.392578125 0.3603515625 0.064453125 0.1767578125
0 0.443359375 0.197265625 0.068359375 0.1845703125
0 0.4453125 0.359375 0.0673828125 0.177734375
0 0.4990234375 0.197265625 0.064453125 0.1845703125
0 0.4990234375 0.3564453125 0.068359375 0.1875
0 0.5517578125 0.1982421875 0.064453125 0.185546875
0 0.55078125 0.3564453125 0.064453125 0.181640625
0 0.6044921875 0.3564453125 0.0654296875 0.181640625
0 0.6572265625 0.3583984375 0.0673828125 0.1767578125
0 0.70703125 0.1962890625 0.0625 0.181640625
0 0.0283203125 0.7099609375 0.056640625 0.1748046875
0 0.029296875 0.875 0.0576171875 0.169921875
0 0.080078125 0.708984375 0.068359375 0.1845703125
0 0.0771484375 0.869140625 0.068359375 0.1796875
0 0.12890625 0.708984375 0.068359375 0.1845703125
0 0.130859375 0.8662109375 0.0673828125 0.1689453125
0 0.185546875 0.869140625 0.0625 0.169921875
0 0.236328125 0.87109375 0.0673828125 0.1796875
0 0.2890625 0.708984375 0.0654296875 0.1845703125
0 0.2900390625 0.8701171875 0.064453125 0.181640625
0 0.345703125 0.869140625 0.064453125 0.177734375
0 0.3974609375 0.7041015625 0.064453125 0.1875
0 0.396484375 0.869140625 0.0703125 0.1796875
0 0.4521484375 0.8662109375 0.064453125 0.1875
0 0.5048828125 0.8662109375 0.068359375 0.1796875
0 0.5546875 0.703125 0.072265625 0.189453125
0 0.5556640625 0.865234375 0.072265625 0.1826171875
0 0.607421875 0.8671875 0.0703125 0.1845703125
0 0.6591796875 0.705078125 0.072265625 0.1845703125
0 0.662109375 0.865234375 0.076171875 0.1748046875
0 0.716796875 0.8623046875 0.0654296875 0.1767578125
0 0.96484375 0.3603515625 0.060546875 0.169921875
0 0.9658203125 0.6982421875 0.068359375 0.181640625
0 0.9697265625 0.861328125 0.060546875 0.17578125
0 0.0263671875 0.201171875 0.052734375 0.1689453125
0 0.0771484375 0.2041015625 0.0625 0.1796875
0 0.12890625 0.19921875 0.064453125 0.1796875
0 0.232421875 0.201171875 0.0732421875 0.1748046875
0 0.33984375 0.19921875 0.0625 0.171875
0 0.603515625 0.197265625 0.068359375 0.1748046875
0 0.6552734375 0.1943359375 0.064453125 0.177734375
0 0.7099609375 0.3603515625 0.064453125 0.1796875
0 0.2861328125 0.365234375 0.0703125 0.177734375
0 0.1845703125 0.3623046875 0.064453125 0.171875
0 0.18359375 0.7080078125 0.0673828125 0.1767578125
0 0.236328125 0.705078125 0.064453125 0.1767578125
0 0.34375 0.703125 0.0654296875 0.189453125
0 0.44921875 0.70703125 0.068359375 0.1923828125
0 0.498046875 0.701171875 0.0673828125 0.1875
0 0.609375 0.7060546875 0.0703125 0.1826171875
0 0.712890625 0.7041015625 0.072265625 0.1826171875
0 0.962890625 0.19921875 0.0732421875 0.1640625