0 0.205078125 0.2880859375 0.0625 0.1513671875
0 0.289867857421875 0.213233462890625 0.23020405859375 0.21061224609375 0.2169677734375 0.36171571484375 0.2800752890625 0.363347361328125 0.289867857421875 0.213233462890625
0 0.329038052734375 0.213233462890625 0.27782310546875 0.208571431640625 0.267018583984375 0.35682070703125 0.32577391796875 0.360084001953125 0.329038052734375 0.213233462890625
0 0.478515625 0.287109375 0.0576171875 0.15625
0 0.525390625 0.2890625 0.0546875 0.1533203125
0 0.572265625 0.294921875 0.052734375 0.140625
0 0.705078125 0.2958984375 0.060546875 0.142578125
0 0.794921875 0.296875 0.0625 0.1484375
0 0.8837890625 0.296875 0.0654296875 0.1435546875
0 0.9697265625 0.2939453125 0.060546875 0.138671875
0 0.21875 0.591796875 0.0576171875 0.1611328125
0 0.267578125 0.587890625 0.0625 0.171875
0 0.3125 0.7421875 0.060546875 0.1767578125
0 0.416015625 0.591796875 0.0546875 0.1533203125
0 0.4140625 0.740234375 0.0546875 0.169921875
0 0.4638671875 0.58984375 0.056640625 0.1640625
0 0.46484375 0.7451171875 0.060546875 0.1826171875
0 0.513671875 0.7431640625 0.0595703125 0.1904296875
0 0.55859375 0.587890625 0.0673828125 0.1640625
0 0.5634765625 0.7421875 0.0625 0.1826171875
0 0.658203125 0.591796875 0.0625 0.1591796875
0 0.6630859375 0.740234375 0.0673828125 0.173828125
0 0.7080078125 0.5908203125 0.0625 0.1640625
0 0.7158203125 0.7421875 0.0654296875 0.173828125
0 0.755859375 0.58984375 0.060546875 0.1669921875
0 0.802734375 0.5947265625 0.0654296875 0.1689453125
0 0.810546875 0.7431640625 0.068359375 0.1875
0 0.9013671875 0.595703125 0.0703125 0.1748046875
0 0.9130859375 0.744140625 0.0751953125 0.1875
0 0.9619140625 0.751953125 0.076171875 0.203125
0 0.16015625 0.287109375 0.048828125 0.1435546875
0 0.341796875 0.2861328125 0.052734375 0.158203125
0 0.388671875 0.2861328125 0.056640625 0.154296875
0 0.435546875 0.28515625 0.052734375 0.158203125
0 0.615234375 0.2939453125 0.052734375 0.150390625
0 0.6611328125 0.2958984375 0.060546875 0.158203125
0 0.751953125 0.2919921875 0.0654296875 0.146484375
0 0.8408203125 0.291015625 0.0654296875 0.1484375
0 0.931640625 0.2958984375 0.0703125 0.1513671875
0 0.3173828125 0.5859375 0.0546875 0.171875
0 0.365234375 0.5849609375 0.056640625 0.173828125
0 0.2099609375 0.74609375 0.0595703125 0.173828125
0 0.2607421875 0.7412109375 0.060546875 0.1669921875
0 0.3623046875 0.74609375 0.060546875 0.181640625
0 0.513671875 0.5888671875 0.0673828125 0.1640625
0 0.6083984375 0.5888671875 0.0625 0.15625
0 0.6123046875 0.740234375 0.0654296875 0.169921875
0 0.763671875 0.7470703125 0.0654296875 0.1748046875
0 0.8505859375 0.58984375 0.0751953125 0.169921875
0 0.865234375 0.7470703125 0.0703125 0.1826171875
0 0.947265625 0.58984375 0.0751953125 0.169921875