0 0.462890625 0.0791015625 0.181640625 0.158203125
0 0.6826171875 0.064453125 0.181640625 0.12890625
0 0.650390625 0.087890625 0.1875 0.17578125
0 0.619140625 0.123046875 0.1826171875 0.1826171875
0 0.5546875 0.205078125 0.1796875 0.1796875
0 0.39453125 0.146484375 0.1845703125 0.1845703125
0 0.48828125 0.2880859375 0.181640625 0.181640625
0 0.326171875 0.228515625 0.177734375 0.177734375
0 0.455078125 0.330078125 0.1826171875 0.1826171875
0 0.2958984375 0.26953125 0.1845703125 0.1845703125
0 0.4228515625 0.3701171875 0.189453125 0.189453125
0 0.2626953125 0.3134765625 0.1845703125 0.1845703125
0 0.3876953125 0.4111328125 0.193359375 0.1748046875
0 0.23046875 0.3544921875 0.1904296875 0.171875
0 0.35546875 0.451171875 0.193359375 0.1767578125
0 0.322265625 0.494140625 0.189453125 0.1689453125
0 0.2919921875 0.537109375 0.181640625 0.181640625
0 0.1328125 0.4755859375 0.1767578125 0.1767578125
0 0.9345703125 0.2568359375 0.130859375 0.1513671875
0 0.9169921875 0.296875 0.166015625 0.177734375
0 0.9755859375 0.3935546875 0.048828125 0.1845703125
0 0.8935546875 0.3369140625 0.189453125 0.189453125
0 0.9609375 0.4345703125 0.078125 0.171875
0 0.9453125 0.478515625 0.109375 0.1669921875
0 0.93359375 0.5205078125 0.1328125 0.1748046875
0 0.794921875 0.462890625 0.201171875 0.1826171875
0 0.9111328125 0.5625 0.177734375 0.181640625
0 0.884765625 0.60546875 0.1953125 0.177734375
0 0.7236328125 0.544921875 0.1904296875 0.189453125
0 0.8544921875 0.646484375 0.1982421875 0.181640625
0 0.818359375 0.6884765625 0.1826171875 0.1826171875
0 0.7861328125 0.728515625 0.1875 0.1875
0 0.626953125 0.66796875 0.197265625 0.1767578125
0 0.7529296875 0.767578125 0.1796875 0.1796875
0 0.72265625 0.810546875 0.193359375 0.193359375
0 0.564453125 0.751953125 0.197265625 0.177734375
0 0.6884765625 0.8525390625 0.1953125 0.1953125
0 0.65234375 0.8935546875 0.197265625 0.1796875
0 0.103515625 0.7802734375 0.1767578125 0.158203125
0 0.369140625 0.953125 0.1845703125 0.09375
0 0.5244140625 0.037109375 0.181640625 0.07421875
0 0.4912109375 0.0546875 0.1923828125 0.109375
0 0.4287109375 0.10546875 0.185546875 0.185546875
0 0.361328125 0.1884765625 0.1767578125 0.158203125
0 0.1982421875 0.3955078125 0.185546875 0.1669921875
0 0.1630859375 0.4345703125 0.1845703125 0.1845703125
0 0.259765625 0.580078125 0.185546875 0.185546875
0 0.525390625 0.248046875 0.1953125 0.177734375
0 0.5859375 0.166015625 0.1845703125 0.1845703125
0 0.8583984375 0.37890625 0.1826171875 0.1826171875
0 0.8232421875 0.4189453125 0.1826171875 0.1826171875
0 0.755859375 0.501953125 0.197265625 0.197265625
0 0.6943359375 0.587890625 0.189453125 0.189453125
0 0.6591796875 0.623046875 0.2001953125 0.181640625
0 0.595703125 0.712890625 0.185546875 0.185546875
0 0.529296875 0.7939453125 0.1796875 0.1796875
0 0.0302734375 0.66796875 0.060546875 0.1513671875