0 0.3203125 0.185546875 0.158203125 0.0810546875
0 0.34581441015625 0.307740830078125 0.347282279296875 0.293774984375 0.340063681640625 0.156319935546875 0.339322951171875 0.156294068359375 0.2803430390625 0.15682480078125 0.2848589296875 0.3061371328125 0.295807642578125 0.307287888671875 0.34581441015625 0.307740830078125
0 0.22793769140625 0.28691255078125 0.24553287109375 0.29162716796875 0.37366062890625 0.316142109375 0.38241285546875 0.26546564453125 0.23972130859375 0.230610841796875 0.22793769140625 0.28691255078125
0 0.2900390625 0.45703125 0.1201171875 0.1201171875
0 0.287109375 0.5029296875 0.1142578125 0.115234375
0 0.2890625 0.55078125 0.150390625 0.080078125
0 0.275390625 0.681640625 0.150390625 0.078125
0 0.267578125 0.771484375 0.15625 0.080078125
0 0.2578125 0.8603515625 0.15625 0.09375
0 0.248046875 0.93359375 0.1123046875 0.095703125
0 0.6201171875 0.2294921875 0.169921875 0.0859375
0 0.611328125 0.2783203125 0.134765625 0.134765625
0 0.759765625 0.3388671875 0.1796875 0.076171875
0 0.599609375 0.42578125 0.1201171875 0.1201171875
0 0.748046875 0.439453125 0.1767578125 0.080078125
0 0.5927734375 0.4736328125 0.173828125 0.0859375
0 0.748046875 0.490234375 0.1953125 0.099609375
0 0.740234375 0.5390625 0.2001953125 0.0888671875
0 0.58203125 0.5673828125 0.1767578125 0.103515625
0 0.734375 0.587890625 0.138671875 0.1376953125
0 0.5751953125 0.6669921875 0.1328125 0.1328125
0 0.720703125 0.6875 0.185546875 0.0986328125
0 0.568359375 0.716796875 0.1357421875 0.1376953125
0 0.7177734375 0.740234375 0.1376953125 0.1376953125
0 0.5625 0.763671875 0.1796875 0.0986328125
0 0.5625 0.810546875 0.1376953125 0.1376953125
0 0.708984375 0.833984375 0.1455078125 0.1455078125
0 0.5537109375 0.9091796875 0.181640625 0.091796875
0 0.7001953125 0.9365234375 0.193359375 0.095703125
0 0.7041015625 0.9501953125 0.1611328125 0.099609375
0 0.3232421875 0.1396484375 0.1484375 0.0673828125
0 0.3037109375 0.3193359375 0.1220703125 0.123046875
0 0.298828125 0.3671875 0.126953125 0.126953125
0 0.29296875 0.4130859375 0.1171875 0.1171875
0 0.283203125 0.5927734375 0.1591796875 0.0810546875
0 0.2802734375 0.638671875 0.126953125 0.126953125
0 0.267578125 0.728515625 0.126953125 0.126953125
0 0.255859375 0.8173828125 0.123046875 0.123046875
0 0.251953125 0.908203125 0.1591796875 0.0908203125
0 0.6044921875 0.3271484375 0.181640625 0.087890625
0 0.5986328125 0.375 0.1826171875 0.087890625
0 0.775390625 0.2373046875 0.1826171875 0.0888671875
0 0.7646484375 0.287109375 0.126953125 0.126953125
0 0.759765625 0.388671875 0.138671875 0.138671875
0 0.587890625 0.5224609375 0.138671875 0.138671875
0 0.5771484375 0.6171875 0.1220703125 0.1220703125
0 0.7275390625 0.63671875 0.1767578125 0.083984375
0 0.7177734375 0.787109375 0.181640625 0.0859375
0 0.552734375 0.8583984375 0.138671875 0.140625
0 0.70703125 0.888671875 0.1923828125 0.0966796875
0 0.541015625 0.94140625 0.1376953125 0.1171875