0 0.8505859375 0.7509765625 0.064453125 0.064453125
0 0.8544921875 0.70703125 0.0654296875 0.0654296875
0 0.857421875 0.662109375 0.0576171875 0.056640625
0 0.8583984375 0.623046875 0.0576171875 0.056640625
0 0.861328125 0.5771484375 0.060546875 0.056640625
0 0.86328125 0.5361328125 0.060546875 0.0595703125
0 0.8662109375 0.4931640625 0.064453125 0.060546875
0 0.947265625 0.75390625 0.056640625 0.0546875
0 0.9482421875 0.712890625 0.060546875 0.0576171875
0 0.951171875 0.6669921875 0.0595703125 0.060546875
0 0.9541015625 0.6240234375 0.0625 0.0546875
0 0.958984375 0.58203125 0.060546875 0.060546875
0 0.9619140625 0.5380859375 0.064453125 0.0576171875
0 0.966796875 0.4951171875 0.0595703125 0.060546875
0 0.9677734375 0.453125 0.0595703125 0.0576171875
0 0.970703125 0.408203125 0.056640625 0.0595703125
0 0.9716796875 0.3642578125 0.056640625 0.0595703125
0 0.9736328125 0.322265625 0.052734375 0.0595703125
0 0.974609375 0.279296875 0.0498046875 0.056640625
0 0.9765625 0.236328125 0.046875 0.0576171875
0 0.978515625 0.1904296875 0.0419921875 0.056640625
0 0.9794921875 0.1494140625 0.041015625 0.060546875
0 0.9794921875 0.1044921875 0.041015625 0.0595703125
0 0.9814453125 0.068359375 0.037109375 0.052734375
0 0.87109375 0.44921875 0.0595703125 0.0576171875
0 0.8740234375 0.4052734375 0.056640625 0.056640625
0 0.8779296875 0.361328125 0.052734375 0.0498046875
0 0.8798828125 0.3193359375 0.0498046875 0.0546875
0 0.8828125 0.275390625 0.056640625 0.056640625
0 0.884765625 0.232421875 0.0595703125 0.0595703125
0 0.8876953125 0.1904296875 0.0576171875 0.0546875
0 0.890625 0.146484375 0.0546875 0.0546875
0 0.896484375 0.103515625 0.060546875 0.0595703125
0 0.951958005859375 1 0.95467431640625 0.98270901953125 0.886492923828125 0.972047923828125 0.879523689453125 1 0.951958005859375 1
0 0.95871315234375 1 0.95272498046875 0.94986384375 0.94960364453125 0.949645578125 0.922836005859375 0.94897626953125 0.92150554296875 0.968002763671875 0.92074968359375 1 0.95871315234375 1
0 0.6455078125 0.6923828125 0.0595703125 0.056640625
0 0.728515625 0.744140625 0.0576171875 0.0576171875
0 0.732421875 0.701171875 0.0625 0.0595703125
0 0.736328125 0.6591796875 0.064453125 0.060546875
0 0.7421875 0.5712890625 0.0576171875 0.0595703125
0 0.646484375 0.6494140625 0.0576171875 0.0576171875
0 0.650390625 0.607421875 0.0595703125 0.0595703125
0 0.6533203125 0.5634765625 0.064453125 0.064453125
0 0.654296875 0.51953125 0.0654296875 0.064453125
0 0.6591796875 0.4736328125 0.060546875 0.0595703125
0 0.666015625 0.3896484375 0.0595703125 0.0595703125
0 0.66796875 0.345703125 0.0595703125 0.0595703125
0 0.669921875 0.3046875 0.0654296875 0.0673828125
0 0.673828125 0.259765625 0.0625 0.0576171875
0 0.744140625 0.52734375 0.060546875 0.060546875
0 0.748046875 0.484375 0.064453125 0.064453125
0 0.751953125 0.4404296875 0.0673828125 0.064453125
0 0.755859375 0.396484375 0.0654296875 0.0576171875
0 0.7568359375 0.353515625 0.0576171875 0.0576171875
0 0.759765625 0.3125 0.0595703125 0.0595703125
0 0.7626953125 0.2685546875 0.0595703125 0.0576171875
0 0.7666015625 0.2255859375 0.064453125 0.060546875
0 0.7685546875 0.1826171875 0.060546875 0.0576171875
0 0.7705078125 0.138671875 0.0595703125 0.0546875
0 0.6787109375 0.173828125 0.0625 0.0595703125
0 0.6796875 0.1318359375 0.064453125 0.0654296875
0 0.68359375 0.0869140625 0.0595703125 0.060546875
0 0.0791015625 0.685546875 0.0419921875 0.091796875
0 0.091796875 0.4892578125 0.0419921875 0.087890625
0 0.1181640625 0.1279296875 0.0498046875 0.099609375
0 0.1376953125 0.216796875 0.041015625 0.0986328125
0 0.1689453125 0.130859375 0.0732421875 0.0732421875
0 0.2158203125 0.2197265625 0.0390625 0.09375
0 0.2919921875 0.2255859375 0.072265625 0.072265625
0 0.298828125 0.1376953125 0.0732421875 0.0732421875
0 0.1455078125 0.4921875 0.0673828125 0.068359375
0 0.1494140625 0.41015625 0.0439453125 0.09375
0 0.169921875 0.49609375 0.0703125 0.068359375
0 0.17578125 0.412109375 0.068359375 0.0703125
0 0.099609375 0.7685546875 0.0419921875 0.095703125
0 0.1328125 0.6875 0.0673828125 0.0673828125
0 0.150390625 0.7724609375 0.048828125 0.095703125
0 0.1572265625 0.689453125 0.072265625 0.072265625
0 0.17578125 0.775390625 0.0439453125 0.0966796875
0 0.181640625 0.689453125 0.046875 0.1015625
0 0.228515625 0.7783203125 0.044921875 0.0966796875
0 0.2333984375 0.693359375 0.0439453125 0.0986328125
0 0.25390625 0.779296875 0.0439453125 0.0966796875
0 0.287109375 0.6982421875 0.0703125 0.0703125
0 0.3056640625 0.7841796875 0.046875 0.0986328125
0 0.3125 0.69921875 0.072265625 0.0703125
0 0.337890625 0.69921875 0.072265625 0.072265625
0 0.3583984375 0.7861328125 0.068359375 0.0673828125
0 0.384765625 0.7890625 0.048828125 0.103515625
0 0.412109375 0.7919921875 0.044921875 0.0966796875
0 0.416015625 0.7060546875 0.072265625 0.0732421875
0 0.4365234375 0.7939453125 0.0419921875 0.0986328125
0 0.4697265625 0.7109375 0.044921875 0.0986328125
0 0.486328125 0.798828125 0.046875 0.0986328125
0 0.498046875 0.7119140625 0.072265625 0.0732421875
0 0.509765625 0.517578125 0.046875 0.1044921875
0 0.482421875 0.517578125 0.0439453125 0.103515625
0 0.4619140625 0.427734375 0.0673828125 0.0673828125
0 0.435546875 0.427734375 0.0751953125 0.0751953125
0 0.41015625 0.42578125 0.078125 0.078125
0 0.501953125 0.2353515625 0.0703125 0.0703125
0 0.4560546875 0.1494140625 0.0703125 0.0703125
0 0.3974609375 0.232421875 0.0439453125 0.103515625
0 0.37109375 0.232421875 0.044921875 0.1064453125
0 0.345703125 0.2255859375 0.0419921875 0.0966796875
0 0.3837890625 0.421875 0.0751953125 0.0732421875
0 0.376953125 0.509765625 0.0361328125 0.087890625
0 0.3515625 0.5087890625 0.0390625 0.091796875
0 0.3564453125 0.423828125 0.0703125 0.0703125
0 0.326171875 0.505859375 0.0625 0.0625
0 0.306640625 0.41796875 0.041015625 0.091796875
0 0.2197265625 0.501953125 0.0419921875 0.091796875
0 0.228515625 0.416015625 0.048828125 0.0966796875
0 0.2470703125 0.501953125 0.0419921875 0.095703125
0 0.255859375 0.416015625 0.072265625 0.072265625
0 0.2734375 0.501953125 0.0390625 0.091796875
0 0.279296875 0.4169921875 0.052734375 0.103515625
0 0.0703125 0.767578125 0.076171875 0.076171875
0 0.103515625 0.6845703125 0.0751953125 0.0751953125
0 0.1240234375 0.771484375 0.064453125 0.0654296875
0 0.201171875 0.775390625 0.0703125 0.068359375
0 0.2080078125 0.6845703125 0.068359375 0.068359375
0 0.259765625 0.6953125 0.0517578125 0.107421875
0 0.0947265625 0.404296875 0.0703125 0.068359375
0 0.1162109375 0.4931640625 0.044921875 0.09375
0 0.1220703125 0.4072265625 0.041015625 0.09375
0 0.193359375 0.498046875 0.0751953125 0.076171875
0 0.2021484375 0.4140625 0.076171875 0.076171875
0 0.083984375 0.212890625 0.0673828125 0.0703125
0 0.0654296875 0.125 0.0703125 0.0703125
0 0.08984375 0.126953125 0.0732421875 0.0732421875
0 0.111328125 0.21484375 0.046875 0.099609375
0 0.14453125 0.12890625 0.0732421875 0.072265625
0 0.162109375 0.21875 0.0703125 0.0703125
0 0.1865234375 0.2197265625 0.0419921875 0.0966796875
0 0.1943359375 0.1318359375 0.076171875 0.076171875
0 0.220703125 0.1337890625 0.0732421875 0.0732421875
0 0.2412109375 0.220703125 0.046875 0.0966796875
0 0.248046875 0.13671875 0.0498046875 0.1015625
0 0.267578125 0.22265625 0.068359375 0.068359375
0 0.2744140625 0.1357421875 0.078125 0.078125
0 0.298828125 0.50390625 0.0439453125 0.0966796875
0 0.2783203125 0.783203125 0.0439453125 0.099609375
0 0.3203125 0.224609375 0.0732421875 0.0751953125
0 0.3232421875 0.138671875 0.0439453125 0.1044921875
0 0.349609375 0.142578125 0.0732421875 0.072265625
0 0.3310546875 0.4189453125 0.076171875 0.076171875
0 0.33203125 0.787109375 0.0732421875 0.0732421875
0 0.3642578125 0.703125 0.0732421875 0.0732421875
0 0.3916015625 0.7021484375 0.048828125 0.099609375
0 0.40234375 0.5107421875 0.0419921875 0.09375
0 0.4228515625 0.234375 0.048828125 0.1015625
0 0.376953125 0.1435546875 0.0654296875 0.0673828125
0 0.40234375 0.146484375 0.0703125 0.068359375
0 0.431640625 0.14453125 0.046875 0.1015625
0 0.44921875 0.236328125 0.0498046875 0.099609375
0 0.4765625 0.2333984375 0.0390625 0.0888671875
0 0.482421875 0.150390625 0.0703125 0.0703125
0 0.4296875 0.5146484375 0.0390625 0.09375
0 0.4560546875 0.5146484375 0.0419921875 0.107421875
0 0.443359375 0.70703125 0.0732421875 0.0732421875
0 0.4619140625 0.798828125 0.041015625 0.0986328125
0 0.4873046875 0.427734375 0.0439453125 0.1044921875
0 0.517578125 0.431640625 0.046875 0.1015625
0 0.0869140625 0.94140625 0.048828125 0.0498046875
0 0.11328125 0.94140625 0.052734375 0.052734375
0 0.2939453125 0.9560546875 0.0390625 0.060546875
0 0.138671875 0.9462890625 0.0419921875 0.0625
0 0.1650390625 0.94921875 0.046875 0.046875
0 0.2666015625 0.9560546875 0.0419921875 0.060546875
0 0.3203125 0.958984375 0.0498046875 0.0517578125
0 0.373046875 0.962890625 0.0419921875 0.060546875