0 0.2744140625 0.8671875 0.0546875 0.052734375
0 0.318359375 0.8681640625 0.0546875 0.056640625
0 0.3623046875 0.8671875 0.0517578125 0.0517578125
0 0.40234375 0.8662109375 0.052734375 0.0546875
0 0.447265625 0.865234375 0.0498046875 0.0546875
0 0.490234375 0.865234375 0.0546875 0.056640625
0 0.533203125 0.865234375 0.0517578125 0.056640625
0 0.2783203125 0.962890625 0.048828125 0.0546875
0 0.3193359375 0.962890625 0.052734375 0.056640625
0 0.365234375 0.9619140625 0.0546875 0.0546875
0 0.408203125 0.9619140625 0.048828125 0.0576171875
0 0.4501953125 0.9638671875 0.052734375 0.0546875
0 0.494140625 0.962890625 0.0498046875 0.0576171875
0 0.537109375 0.96484375 0.056640625 0.0546875
0 0.580078125 0.962890625 0.0517578125 0.052734375
0 0.6240234375 0.962890625 0.052734375 0.0498046875
0 0.6689453125 0.962890625 0.0517578125 0.052734375
0 0.7109375 0.962890625 0.052734375 0.0517578125
0 0.7529296875 0.962890625 0.0498046875 0.052734375
0 0.7958984375 0.962890625 0.0517578125 0.052734375
0 0.841796875 0.962890625 0.0517578125 0.0546875
0 0.884765625 0.9638671875 0.0517578125 0.052734375
0 0.927734375 0.9609375 0.052734375 0.0546875
0 0.96484375 0.9619140625 0.044921875 0.0546875
0 0.576171875 0.8662109375 0.0517578125 0.0498046875
0 0.6201171875 0.8662109375 0.0498046875 0.0498046875
0 0.6640625 0.8671875 0.048828125 0.0498046875
0 0.7060546875 0.8662109375 0.0517578125 0.046875
0 0.7509765625 0.8662109375 0.0517578125 0.0498046875
0 0.79296875 0.865234375 0.0498046875 0.0546875
0 0.8359375 0.865234375 0.048828125 0.0517578125
0 0.880859375 0.865234375 0.0517578125 0.0517578125
0 0.9228515625 0.8671875 0.0546875 0.0498046875
0 0 0.97147283203125 0.07210148046875 0.9694227734375 0.068735265625 0.931496828125 0 0.937646982421875 0 0.97147283203125
0 0.08334208203125 0.99371794921875 0.068735265625 0.953534888671875 0.0005696796875 0.96532265625 0.001411248046875 0.99607341796875 0.08334208203125 0.99371794921875
0 0.318359375 0.658203125 0.052734375 0.0546875
0 0.271484375 0.7451171875 0.0517578125 0.0546875
0 0.3154296875 0.7451171875 0.0517578125 0.0546875
0 0.357421875 0.74609375 0.0517578125 0.056640625
0 0.4462890625 0.7470703125 0.052734375 0.0546875
0 0.361328125 0.6572265625 0.046875 0.0546875
0 0.4033203125 0.658203125 0.052734375 0.056640625
0 0.447265625 0.6572265625 0.056640625 0.056640625
0 0.4912109375 0.6552734375 0.0546875 0.0576171875
0 0.537109375 0.6572265625 0.0517578125 0.0546875
0 0.6220703125 0.658203125 0.0517578125 0.052734375
0 0.666015625 0.6572265625 0.0517578125 0.0576171875
0 0.70703125 0.6552734375 0.0546875 0.0576171875
0 0.751953125 0.65625 0.0517578125 0.0576171875
0 0.490234375 0.74609375 0.0498046875 0.0595703125
0 0.533203125 0.7470703125 0.0517578125 0.0595703125
0 0.576171875 0.748046875 0.0546875 0.056640625
0 0.6201171875 0.748046875 0.0517578125 0.0595703125
0 0.6630859375 0.74609375 0.0498046875 0.0595703125
0 0.705078125 0.74609375 0.0498046875 0.0595703125
0 0.7490234375 0.74609375 0.0546875 0.056640625
0 0.7919921875 0.7470703125 0.0517578125 0.0576171875
0 0.8349609375 0.74609375 0.0517578125 0.056640625
0 0.87890625 0.744140625 0.0517578125 0.056640625
0 0.837890625 0.6552734375 0.052734375 0.0576171875
0 0.8798828125 0.654296875 0.0546875 0.0595703125
0 0.9248046875 0.654296875 0.0517578125 0.0595703125
0 0.2861328125 0.0927734375 0.0888671875 0.03125
0 0.482421875 0.091796875 0.0859375 0.029296875
0 0.8447265625 0.0927734375 0.09375 0.033203125
0 0.7568359375 0.119140625 0.095703125 0.03125
0 0.845703125 0.1435546875 0.095703125 0.033203125
0 0.759765625 0.197265625 0.09375 0.03125
0 0.759765625 0.2734375 0.095703125 0.03125
0 0.84765625 0.2744140625 0.099609375 0.03125
0 0.482421875 0.1455078125 0.0908203125 0.033203125
0 0.564453125 0.1435546875 0.0888671875 0.029296875
0 0.4814453125 0.169921875 0.0966796875 0.033203125
0 0.564453125 0.169921875 0.095703125 0.03125
0 0.2041015625 0.119140625 0.091796875 0.03125
0 0.287109375 0.146484375 0.0908203125 0.029296875
0 0.2041015625 0.169921875 0.0908203125 0.0361328125
0 0.287109375 0.1708984375 0.0966796875 0.033203125
0 0.203125 0.1962890625 0.091796875 0.033203125
0 0.2890625 0.1962890625 0.095703125 0.033203125
0 0.2041015625 0.2490234375 0.09375 0.0361328125
0 0.2880859375 0.248046875 0.0966796875 0.0361328125
0 0.2041015625 0.2744140625 0.09375 0.0341796875
0 0.287109375 0.30078125 0.095703125 0.03125
0 0.203125 0.326171875 0.091796875 0.033203125
0 0.2880859375 0.326171875 0.09375 0.03125
0 0.2900390625 0.3525390625 0.0966796875 0.0341796875
0 0.205078125 0.37890625 0.09375 0.033203125
0 0.2041015625 0.4052734375 0.0986328125 0.0341796875
0 0.2021484375 0.431640625 0.09375 0.033203125
0 0.2880859375 0.431640625 0.099609375 0.0341796875
0 0.2021484375 0.45703125 0.0966796875 0.0341796875
0 0.287109375 0.484375 0.095703125 0.0341796875
0 0.201171875 0.5078125 0.09375 0.0341796875
0 0.2880859375 0.5126953125 0.0986328125 0.0341796875
0 0.482421875 0.51171875 0.099609375 0.033203125
0 0.48046875 0.4833984375 0.0986328125 0.0341796875
0 0.568359375 0.45703125 0.09375 0.0283203125
0 0.568359375 0.4306640625 0.0966796875 0.0341796875
0 0.568359375 0.4052734375 0.0986328125 0.0341796875
0 0.763671875 0.4833984375 0.091796875 0.029296875
0 0.8466796875 0.431640625 0.09375 0.03125
0 0.759765625 0.37890625 0.0986328125 0.03125
0 0.7587890625 0.3525390625 0.1015625 0.03125
0 0.7626953125 0.326171875 0.095703125 0.03125
0 0.5693359375 0.3779296875 0.0986328125 0.03125
0 0.482421875 0.376953125 0.087890625 0.029296875
0 0.4814453125 0.3525390625 0.0908203125 0.03125
0 0.56640625 0.3515625 0.0966796875 0.033203125
0 0.482421875 0.326171875 0.0888671875 0.029296875
0 0.568359375 0.30078125 0.0888671875 0.03125
0 0.478515625 0.220703125 0.0908203125 0.0341796875
0 0.564453125 0.22265625 0.0908203125 0.0341796875
0 0.48046875 0.248046875 0.09375 0.0341796875
0 0.56640625 0.25 0.091796875 0.033203125
0 0.482421875 0.2744140625 0.0908203125 0.03125
0 0.5673828125 0.2744140625 0.0966796875 0.0361328125
0 0.2021484375 0.08984375 0.09375 0.037109375
0 0.2880859375 0.1181640625 0.0966796875 0.03125
0 0.2021484375 0.1435546875 0.0888671875 0.029296875
0 0.2041015625 0.220703125 0.0986328125 0.0283203125
0 0.294921875 0.220703125 0.0986328125 0.0283203125
0 0.2880859375 0.2734375 0.103515625 0.033203125
0 0.568359375 0.0888671875 0.0966796875 0.0283203125
0 0.48046875 0.1171875 0.0908203125 0.033203125
0 0.56640625 0.1162109375 0.091796875 0.0341796875
0 0.4814453125 0.1943359375 0.095703125 0.0341796875
0 0.564453125 0.197265625 0.095703125 0.0341796875
0 0.7578125 0.0654296875 0.0966796875 0.03125
0 0.84375 0.041015625 0.091796875 0.03125
0 0.84375 0.064453125 0.095703125 0.033203125
0 0.7568359375 0.091796875 0.09375 0.0341796875
0 0.845703125 0.119140625 0.1015625 0.03125
0 0.7568359375 0.1435546875 0.09375 0.033203125
0 0.7578125 0.16796875 0.095703125 0.033203125
0 0.845703125 0.169921875 0.099609375 0.033203125
0 0.845703125 0.1953125 0.09375 0.033203125
0 0.759765625 0.22265625 0.091796875 0.033203125
0 0.8447265625 0.22265625 0.0966796875 0.033203125
0 0.759765625 0.248046875 0.095703125 0.03125
0 0.84765625 0.2490234375 0.1015625 0.03125
0 0.482421875 0.298828125 0.091796875 0.03125
0 0.2021484375 0.298828125 0.095703125 0.03125
0 0.76171875 0.3017578125 0.095703125 0.03125
0 0.8486328125 0.298828125 0.103515625 0.0361328125
0 0.845703125 0.3251953125 0.091796875 0.029296875
0 0.5693359375 0.326171875 0.0986328125 0.033203125
0 0.2021484375 0.3525390625 0.09375 0.0341796875
0 0.2880859375 0.37890625 0.099609375 0.033203125
0 0.291015625 0.4052734375 0.095703125 0.033203125
0 0.482421875 0.4033203125 0.091796875 0.033203125
0 0.759765625 0.404296875 0.0966796875 0.033203125
0 0.8466796875 0.3525390625 0.091796875 0.033203125
0 0.845703125 0.3779296875 0.0888671875 0.0361328125
0 0.849609375 0.40625 0.0966796875 0.033203125
0 0.759765625 0.431640625 0.095703125 0.0341796875
0 0.763671875 0.4580078125 0.0888671875 0.033203125
0 0.84765625 0.4580078125 0.0908203125 0.03125
0 0.48046875 0.431640625 0.09375 0.033203125
0 0.482421875 0.45703125 0.1064453125 0.03125
0 0.2900390625 0.458984375 0.0966796875 0.03125
0 0.2001953125 0.482421875 0.0966796875 0.03125
0 0.5712890625 0.482421875 0.1015625 0.0341796875
0 0.5693359375 0.5126953125 0.0966796875 0.033203125
0 0.0302734375 0.119140625 0.0595703125 0.029296875
0 0.033203125 0.1455078125 0.0654296875 0.03125
0 0.0302734375 0.326171875 0.0595703125 0.033203125
0 0.029296875 0.1708984375 0.05859375 0.033203125
0 0.0283203125 0.197265625 0.056640625 0.033203125
0 0.029296875 0.298828125 0.0576171875 0.03125
0 0.029296875 0.353515625 0.056640625 0.033203125
0 0.029296875 0.40625 0.0576171875 0.0361328125