0 0.15625 0.123046875 0.216796875 0.1455078125
0 0.1533203125 0.251953125 0.224609375 0.140625
0 0.36328125 0.376953125 0.2236328125 0.150390625
0 0.154296875 0.6357421875 0.2236328125 0.1533203125
0 0.3642578125 0.767578125 0.224609375 0.1533203125
0 0.158203125 0.8994140625 0.216796875 0.1591796875
0 0.841796875 0.189453125 0.2294921875 0.150390625
0 0.8427734375 0.318359375 0.2451171875 0.146484375
0 0.8466796875 0.4443359375 0.2392578125 0.150390625
0 0.84765625 0.572265625 0.2548828125 0.1533203125
0 0.8525390625 0.70703125 0.244140625 0.1533203125
0 0.849609375 0.837890625 0.248046875 0.1533203125
0 0.361328125 0.123046875 0.2138671875 0.1484375
0 0.3623046875 0.2451171875 0.2216796875 0.1455078125
0 0.154296875 0.380859375 0.2216796875 0.15625
0 0.150390625 0.50390625 0.224609375 0.142578125
0 0.359375 0.5048828125 0.2216796875 0.162109375
0 0.361328125 0.6376953125 0.216796875 0.142578125
0 0.1591796875 0.763671875 0.2236328125 0.1455078125
0 0.36328125 0.8896484375 0.2236328125 0.158203125