0 0.0654296875 0.3310546875 0.130859375 0.265625
0 0.1357421875 0.2783203125 0.25 0.248046875
0 0.3330078125 0.4228515625 0.2626953125 0.2626953125
0 0.4892578125 0.1357421875 0.255859375 0.271484375
0 0.693359375 0.2705078125 0.232421875 0.2705078125
0 0.7333984375 0.0791015625 0.2578125 0.158203125
0 0.3466796875 0.9033203125 0.259765625 0.193359375
0 0.466796875 0.869140625 0.2451171875 0.2607421875
0 0.583984375 0.8408203125 0.271484375 0.271484375
0 0.7021484375 0.791015625 0.283203125 0.283203125
0 0.828125 0.744140625 0.271484375 0.271484375
0 0.9140625 0.6904296875 0.171875 0.291015625
0 0.111328125 0.5205078125 0.2216796875 0.2783203125
0 0.2119140625 0.47265625 0.2421875 0.2783203125
0 0.255859375 0.228515625 0.2373046875 0.271484375
0 0.3671875 0.1767578125 0.265625 0.265625
0 0.44921875 0.369140625 0.267578125 0.267578125
0 0.572265625 0.318359375 0.240234375 0.275390625
0 0.6083984375 0.111328125 0.244140625 0.22265625
0 0.8056640625 0.2216796875 0.2470703125 0.279296875