0 0.173828125 0.517578125 0.3466796875 0.5078125
0 0.2431640625 0.6025390625 0.486328125 0.486328125
0 0.388671875 0.669921875 0.462890625 0.4658203125
0 0.5380859375 0.736328125 0.421875 0.421875
0 0.6962890625 0.775390625 0.466796875 0.4482421875
0 0.775390625 0.8076171875 0.3955078125 0.384765625
0 0.185546875 0.283203125 0.365234375 0.365234375
0 0.2880859375 0.3310546875 0.369140625 0.369140625
0 0.4013671875 0.3837890625 0.3857421875 0.3857421875
0 0.5146484375 0.4208984375 0.3544921875 0.3544921875
0 0.6171875 0.4990234375 0.3798828125 0.3798828125
0 0.744140625 0.53515625 0.375 0.375
0 0.8408203125 0.5751953125 0.318359375 0.3623046875
0 0.9072265625 0.6005859375 0.185546875 0.279296875
0 0.2822265625 0.072265625 0.169921875 0.1435546875
0 0.326171875 0.083984375 0.2109375 0.1669921875
0 0.4033203125 0.091796875 0.197265625 0.18359375
0 0.474609375 0.12109375 0.1904296875 0.1904296875
0 0.5595703125 0.15234375 0.1767578125 0.1767578125
0 0.6279296875 0.197265625 0.1904296875 0.1904296875
0 0.7060546875 0.236328125 0.193359375 0.193359375
0 0.775390625 0.2646484375 0.197265625 0.197265625
0 0.8603515625 0.2939453125 0.203125 0.203125
0 0.9150390625 0.328125 0.169921875 0.212890625
0 0.9501953125 0.3720703125 0.099609375 0.1904296875
0 0.9775390625 0.3994140625 0.044921875 0.162109375
0 0.36328125 0.01953125 0.1328125 0.0390625
0 0.412109375 0.041015625 0.189453125 0.0810546875
0 0.474609375 0.0595703125 0.173828125 0.119140625
0 0.5322265625 0.0673828125 0.1640625 0.134765625
0 0.6025390625 0.087890625 0.189453125 0.17578125
0 0.6689453125 0.1240234375 0.173828125 0.173828125
0 0.7333984375 0.158203125 0.150390625 0.150390625
0 0.80078125 0.1796875 0.1376953125 0.1376953125
0 0.861328125 0.21484375 0.1298828125 0.1298828125
0 0.9150390625 0.2421875 0.0966796875 0.095703125
0 0.9619140625 0.2841796875 0.076171875 0.076171875