0 0.0859375 0.46484375 0.171875 0.185546875
0 0.146484375 0.435546875 0.1796875 0.1796875
0 0.2265625 0.416015625 0.1533203125 0.228515625
0 0.310546875 0.396484375 0.1484375 0.220703125
0 0.3798828125 0.376953125 0.1845703125 0.1845703125
0 0.4560546875 0.35546875 0.1796875 0.1796875
0 0.595703125 0.322265625 0.162109375 0.251953125
0 0.5234375 0.359375 0.1591796875 0.244140625
0 0.095703125 0.830078125 0.19140625 0.23046875
0 0.177734375 0.822265625 0.2626953125 0.2607421875
0 0.27734375 0.796875 0.275390625 0.275390625
0 0.3681640625 0.7861328125 0.2548828125 0.2548828125
0 0.458984375 0.759765625 0.185546875 0.3154296875
0 0.552734375 0.740234375 0.1875 0.302734375
0 0.634765625 0.7373046875 0.234375 0.234375
0 0.736328125 0.7060546875 0.1826171875 0.2939453125
0 0.8330078125 0.7001953125 0.197265625 0.302734375
0 0.66796875 0.30078125 0.1484375 0.2109375
0 0.7392578125 0.2900390625 0.146484375 0.232421875
0 0.8125 0.2685546875 0.1767578125 0.1748046875
0 0.888671875 0.259765625 0.1435546875 0.224609375
0 0.9384765625 0.2294921875 0.123046875 0.1748046875
0 0.986328125 0.216796875 0.0263671875 0.2060546875
0 0.89453125 0.654296875 0.2080078125 0.248046875
0 0.9365234375 0.626953125 0.123046875 0.185546875
0 0.767578125 0.90234375 0.21875 0.1953125
0 0.880859375 0.8876953125 0.171875 0.224609375
0 0.279296875 0.9462890625 0.09375 0.0810546875
0 0.4736328125 0.9365234375 0.162109375 0.126953125
0 0.3701171875 0.939453125 0.1171875 0.1123046875
0 0.9287109375 0.859375 0.091796875 0.125