0 0.37109375 0.8203125 0.5234375 0.359375
0 0.3603515625 0.7685546875 0.4609375 0.443359375
0 0.3515625 0.59765625 0.46875 0.447265625
0 0.37890625 0.4521484375 0.408203125 0.392578125
0 0.3857421875 0.31640625 0.484375 0.466796875
0 0.3720703125 0.197265625 0.4658203125 0.3935546875
0 0.8955078125 0.3154296875 0.208984375 0.275390625
0 0.88671875 0.392578125 0.2265625 0.365234375
0 0.8671875 0.5302734375 0.265625 0.3701171875
0 0.8525390625 0.6748046875 0.294921875 0.314453125
0 0.115234375 0.736328125 0.23046875 0.234375
0 0.1298828125 0.658203125 0.259765625 0.3701171875
0 0.1357421875 0.533203125 0.271484375 0.384765625
0 0.1552734375 0.404296875 0.310546875 0.3701171875
0 0.1787109375 0.287109375 0.326171875 0.326171875
0 0.224609375 0.177734375 0.2373046875 0.2392578125
0 0.443359375 0.0400390625 0.2626953125 0.080078125