0 0.76171875 0.03515625 0.154296875 0.0703125
0 0.779296875 0.080078125 0.1796875 0.1591796875
0 0.8017578125 0.142578125 0.1982421875 0.173828125
0 0.826171875 0.224609375 0.2216796875 0.1953125
0 0.857421875 0.2978515625 0.208984375 0.208984375
0 0.8779296875 0.369140625 0.216796875 0.216796875
0 0.9013671875 0.4365234375 0.197265625 0.201171875
0 0.912109375 0.521484375 0.1748046875 0.2001953125
0 0.91796875 0.603515625 0.1640625 0.1875
0 0.923828125 0.685546875 0.1513671875 0.1875
0 0.935546875 0.7646484375 0.1279296875 0.1953125
0 0.939453125 0.822265625 0.1201171875 0.1123046875
0 0.7080078125 0.9248046875 0.1904296875 0.1220703125
0 0.55078125 0.9375 0.1640625 0.125
0 0.7041015625 0.87890625 0.2314453125 0.173828125
0 0.521484375 0.896484375 0.1513671875 0.1533203125
0 0.673828125 0.8134765625 0.1923828125 0.1923828125
0 0.66015625 0.7431640625 0.216796875 0.171875
0 0.6376953125 0.68359375 0.216796875 0.1767578125
0 0.6181640625 0.6123046875 0.212890625 0.169921875
0 0.595703125 0.5419921875 0.1923828125 0.1923828125
0 0.578125 0.4794921875 0.1796875 0.1796875
0 0.5625 0.4130859375 0.2421875 0.1923828125
0 0.5400390625 0.345703125 0.2158203125 0.2158203125
0 0.53125 0.2783203125 0.189453125 0.189453125
0 0.513671875 0.2119140625 0.1904296875 0.1904296875
0 0.494140625 0.1494140625 0.2080078125 0.1669921875
0 0.4755859375 0.080078125 0.1923828125 0.1484375
0 0.46484375 0.0576171875 0.1767578125 0.115234375
0 0.3056640625 0.091796875 0.1455078125 0.1328125
0 0.3134765625 0.130859375 0.1845703125 0.1513671875
0 0.3310546875 0.201171875 0.1689453125 0.1689453125
0 0.3466796875 0.26953125 0.1923828125 0.1923828125
0 0.3583984375 0.333984375 0.189453125 0.150390625
0 0.376953125 0.3935546875 0.169921875 0.169921875
0 0.400390625 0.4580078125 0.1513671875 0.1513671875
0 0.4189453125 0.517578125 0.173828125 0.1435546875
0 0.43359375 0.5859375 0.1591796875 0.1591796875
0 0.447265625 0.6513671875 0.162109375 0.1611328125
0 0.478515625 0.7060546875 0.1640625 0.1640625
0 0.49609375 0.7685546875 0.1435546875 0.1435546875
0 0.5078125 0.8330078125 0.2060546875 0.166015625
0 0.0908203125 0.2119140625 0.146484375 0.146484375
0 0.080078125 0.169921875 0.16015625 0.12109375
0 0.1044921875 0.2734375 0.1767578125 0.177734375
0 0.1044921875 0.3271484375 0.1875 0.1875
0 0.1181640625 0.392578125 0.1640625 0.166015625
0 0.1435546875 0.455078125 0.1923828125 0.15625
0 0.2041015625 0.640625 0.1953125 0.1533203125
0 0.212890625 0.708984375 0.166015625 0.125
0 0.267578125 0.8955078125 0.185546875 0.1484375
0 0.2666015625 0.9345703125 0.208984375 0.130859375
0 0.294921875 0.962890625 0.1875 0.0732421875