0 0.9560546875 0.345703125 0.087890625 0.220703125
0 0.8369140625 0.4384765625 0.326171875 0.455078125
0 0.7275390625 0.634765625 0.544921875 0.6220703125
0 0.603515625 0.6943359375 0.732421875 0.611328125
0 0.4677734375 0.7978515625 0.5078125 0.404296875
0 0.841796875 0.23046875 0.3154296875 0.298828125
0 0.7890625 0.296875 0.3701171875 0.375
0 0.658203125 0.392578125 0.431640625 0.431640625
0 0.5078125 0.4892578125 0.384765625 0.384765625
0 0.369140625 0.5986328125 0.341796875 0.341796875
0 0.2509765625 0.7099609375 0.359375 0.359375
0 0.154296875 0.783203125 0.3076171875 0.275390625