0 0.8408203125 0.681640625 0.318359375 0.375
0 0.8125 0.603515625 0.375 0.455078125
0 0.7392578125 0.4736328125 0.521484375 0.578125
0 0.638671875 0.3681640625 0.443359375 0.4951171875
0 0.53125 0.279296875 0.55078125 0.55859375
0 0.4267578125 0.201171875 0.494140625 0.40234375
0 0.0927734375 0.61328125 0.185546875 0.3515625
0 0.15234375 0.677734375 0.3046875 0.419921875
0 0.24609375 0.78125 0.375 0.3671875
0 0.396484375 0.8623046875 0.3466796875 0.275390625
0 0.9208984375 0.3583984375 0.158203125 0.345703125
0 0.8720703125 0.29296875 0.255859375 0.34375
0 0.7958984375 0.2109375 0.298828125 0.2919921875
0 0.671875 0.130859375 0.296875 0.2607421875
0 0.5537109375 0.0830078125 0.232421875 0.166015625
0 0.251953125 0.052734375 0.162109375 0.1044921875