0 0.9189453125 0.587890625 0.162109375 0.3515625
0 0.8076171875 0.6494140625 0.384765625 0.4765625
0 0.646484375 0.728515625 0.5048828125 0.5048828125
0 0.466796875 0.732421875 0.556640625 0.5341796875
0 0.287109375 0.794921875 0.439453125 0.4091796875
0 0.8525390625 0.3818359375 0.294921875 0.314453125
0 0.751953125 0.44140625 0.2783203125 0.279296875
0 0.619140625 0.4765625 0.322265625 0.330078125
0 0.4697265625 0.5078125 0.2998046875 0.298828125
0 0.3271484375 0.552734375 0.2705078125 0.2705078125
0 0.19921875 0.603515625 0.275390625 0.2783203125
0 0.107421875 0.6357421875 0.21484375 0.255859375