0 0.16796875 0.587890625 0.3359375 0.4638671875
0 0.2646484375 0.64453125 0.470703125 0.470703125
0 0.419921875 0.6875 0.4375 0.4375
0 0.5791015625 0.7265625 0.4140625 0.443359375
0 0.75 0.751953125 0.447265625 0.4716796875
0 0.7998046875 0.7451171875 0.3564453125 0.375
0 0.16015625 0.3359375 0.3203125 0.365234375
0 0.263671875 0.3701171875 0.3388671875 0.3486328125
0 0.3828125 0.40234375 0.3779296875 0.3779296875
0 0.501953125 0.419921875 0.3544921875 0.365234375
0 0.615234375 0.478515625 0.3486328125 0.3486328125
0 0.7470703125 0.4912109375 0.3544921875 0.3544921875
0 0.8447265625 0.5107421875 0.310546875 0.3623046875
0 0.9130859375 0.521484375 0.173828125 0.279296875
0 0.208984375 0.1005859375 0.1513671875 0.177734375
0 0.2568359375 0.1044921875 0.216796875 0.208984375
0 0.333984375 0.109375 0.203125 0.203125
0 0.41015625 0.130859375 0.181640625 0.1826171875
0 0.4990234375 0.146484375 0.181640625 0.181640625
0 0.57421875 0.1796875 0.1845703125 0.185546875
0 0.658203125 0.205078125 0.2001953125 0.2001953125
0 0.73046875 0.220703125 0.1953125 0.201171875
0 0.8193359375 0.2353515625 0.2158203125 0.21875
0 0.900390625 0.251953125 0.193359375 0.193359375
0 0.9384765625 0.2822265625 0.123046875 0.173828125
0 0.9697265625 0.306640625 0.060546875 0.1484375
0 0.2744140625 0.037109375 0.130859375 0.07421875
0 0.3251953125 0.05078125 0.1845703125 0.1015625
0 0.392578125 0.060546875 0.16015625 0.12109375
0 0.4541015625 0.0654296875 0.1513671875 0.130859375
0 0.5302734375 0.080078125 0.185546875 0.16015625
0 0.6015625 0.099609375 0.171875 0.171875
0 0.6708984375 0.1220703125 0.1513671875 0.150390625
0 0.740234375 0.1328125 0.1435546875 0.1435546875
0 0.806640625 0.154296875 0.1201171875 0.1201171875
0 0.865234375 0.1748046875 0.0966796875 0.0888671875
0 0.9228515625 0.203125 0.091796875 0.078125