0 0.8818359375 0.51171875 0.236328125 0.3330078125
0 0.8642578125 0.7548828125 0.1796875 0.197265625
0 0.7646484375 0.537109375 0.470703125 0.556640625
0 0.7265625 0.7412109375 0.5185546875 0.517578125
0 0.548828125 0.498046875 0.5732421875 0.560546875
0 0.546875 0.72265625 0.583984375 0.5546875
0 0.330078125 0.4697265625 0.5732421875 0.5595703125
0 0.3349609375 0.68359375 0.509765625 0.5107421875
0 0.1875 0.64453125 0.375 0.439453125
0 0.185546875 0.4326171875 0.37109375 0.431640625
0 0.09765625 0.4345703125 0.1953125 0.2626953125
0 0.0986328125 0.623046875 0.197265625 0.3232421875
0 0.263671875 0.0810546875 0.2294921875 0.162109375
0 0.36328125 0.072265625 0.234375 0.14453125
0 0.509765625 0.0751953125 0.2578125 0.150390625
0 0.650390625 0.076171875 0.169921875 0.1513671875