0 0.93359375 0.736328125 0.1279296875 0.3935546875
0 0.8330078125 0.6796875 0.333984375 0.4921875
0 0.693359375 0.6142578125 0.4345703125 0.513671875
0 0.5517578125 0.57421875 0.3935546875 0.478515625
0 0.42578125 0.4931640625 0.3984375 0.3984375
0 0.296875 0.4365234375 0.3359375 0.388671875
0 0.1943359375 0.388671875 0.357421875 0.390625
0 0.142578125 0.3662109375 0.2841796875 0.314453125
0 0.09375 0.3271484375 0.1767578125 0.216796875
0 0.3232421875 0.7734375 0.525390625 0.453125
0 0.205078125 0.7431640625 0.41015625 0.486328125
0 0.4833984375 0.8017578125 0.458984375 0.396484375
0 0.173828125 0.701171875 0.3466796875 0.4375
0 0.111328125 0.583984375 0.2216796875 0.2890625
0 0.509765625 0.111328125 0.2265625 0.22265625
0 0.4189453125 0.103515625 0.216796875 0.20703125
0 0.3388671875 0.09375 0.203125 0.1875
0 0.2626953125 0.0869140625 0.1904296875 0.173828125
0 0.1787109375 0.0830078125 0.1513671875 0.138671875