0 0.24609375 0.208984375 0.43359375 0.41796875
0 0.318359375 0.302734375 0.4765625 0.5595703125
0 0.4375 0.412109375 0.447265625 0.5283203125
0 0.51953125 0.55078125 0.4169921875 0.4716796875
0 0.6171875 0.669921875 0.4111328125 0.4111328125
0 0.6923828125 0.767578125 0.408203125 0.439453125
0 0.7685546875 0.8173828125 0.376953125 0.365234375
0 0.7939453125 0.8798828125 0.267578125 0.240234375
0 0.7392578125 0.3056640625 0.521484375 0.591796875
0 0.8134765625 0.3984375 0.373046875 0.578125
0 0.6337890625 0.2255859375 0.501953125 0.451171875
0 0.8466796875 0.4990234375 0.306640625 0.529296875
0 0.8642578125 0.6376953125 0.271484375 0.318359375
0 0.25390625 0.849609375 0.244140625 0.2392578125
0 0.3369140625 0.900390625 0.2216796875 0.1875
0 0.4130859375 0.931640625 0.158203125 0.1357421875
0 0.4873046875 0.958984375 0.125 0.0810546875