0 0.9287109375 0.3515625 0.142578125 0.1904296875
0 0.919921875 0.3828125 0.1591796875 0.240234375
0 0.8984375 0.4326171875 0.203125 0.291015625
0 0.8837890625 0.490234375 0.232421875 0.2685546875
0 0.861328125 0.5556640625 0.2763671875 0.298828125
0 0.8408203125 0.6201171875 0.2548828125 0.2548828125
0 0.814453125 0.68359375 0.291015625 0.294921875
0 0.783203125 0.7509765625 0.2919921875 0.298828125
0 0.7509765625 0.8115234375 0.2470703125 0.2470703125
0 0.69921875 0.865234375 0.2607421875 0.2607421875
0 0.626953125 0.900390625 0.248046875 0.1982421875
0 0.5576171875 0.908203125 0.287109375 0.1826171875
0 0.486328125 0.908203125 0.2763671875 0.1826171875
0 0.416015625 0.90625 0.2373046875 0.1875
0 0.35546875 0.888671875 0.2548828125 0.2216796875
0 0.2919921875 0.8876953125 0.2373046875 0.224609375
0 0.236328125 0.86328125 0.189453125 0.1904296875
0 0.673828125 0.353515625 0.1767578125 0.177734375
0 0.6171875 0.3818359375 0.2158203125 0.2158203125
0 0.564453125 0.408203125 0.1982421875 0.203125
0 0.5224609375 0.439453125 0.197265625 0.2001953125
0 0.470703125 0.466796875 0.181640625 0.181640625
0 0.4189453125 0.494140625 0.193359375 0.193359375
0 0.37890625 0.525390625 0.15625 0.15625
0 0.587890625 0.5400390625 0.1796875 0.1796875
0 0.533203125 0.576171875 0.2060546875 0.2060546875
0 0.4814453125 0.5966796875 0.1982421875 0.1982421875
0 0.42578125 0.638671875 0.181640625 0.1845703125
0 0.3828125 0.650390625 0.205078125 0.205078125
0 0.3359375 0.6796875 0.189453125 0.1923828125
0 0.326171875 0.541015625 0.1826171875 0.1845703125
0 0.2822265625 0.568359375 0.181640625 0.181640625
0 0.140625 0.654296875 0.1875 0.1875
0 0.18359375 0.62890625 0.1796875 0.1826171875
0 0.23046875 0.607421875 0.1923828125 0.1923828125
0 0.0185546875 0.53515625 0.037109375 0.1455078125
0 0.04296875 0.5185546875 0.0859375 0.150390625
0 0.0615234375 0.4912109375 0.123046875 0.154296875
0 0.080078125 0.4775390625 0.138671875 0.138671875
0 0.12109375 0.458984375 0.1455078125 0.1455078125
0 0.1650390625 0.4287109375 0.1533203125 0.1533203125
0 0.208984375 0.40234375 0.140625 0.140625
0 0.251953125 0.369140625 0.158203125 0.158203125
0 0.294921875 0.345703125 0.138671875 0.140625
0 0.33984375 0.3173828125 0.150390625 0.150390625
0 0.3798828125 0.294921875 0.1455078125 0.1455078125
0 0.4208984375 0.263671875 0.1533203125 0.1533203125
0 0.466796875 0.224609375 0.150390625 0.150390625
0 0.515625 0.19921875 0.154296875 0.1533203125
0 0.5615234375 0.166015625 0.1455078125 0.1455078125
0 0.6044921875 0.130859375 0.1357421875 0.1357421875
0 0.662109375 0.1015625 0.1455078125 0.1455078125
0 0.7119140625 0.072265625 0.154296875 0.14453125
0 0.7333984375 0.05078125 0.1015625 0.1015625