0 0.189453125 0.6396484375 0.3779296875 0.419921875
0 0.396484375 0.6494140625 0.404296875 0.404296875
0 0.580078125 0.6943359375 0.4267578125 0.4453125
0 0.771484375 0.71484375 0.4404296875 0.4375
0 0.876953125 0.7119140625 0.2080078125 0.228515625
0 0.3515625 0.427734375 0.388671875 0.322265625
0 0.54296875 0.4482421875 0.390625 0.3310546875
0 0.7265625 0.47265625 0.3779296875 0.3251953125
0 0.8681640625 0.5126953125 0.263671875 0.251953125
0 0.9462890625 0.4970703125 0.107421875 0.193359375
0 0.5302734375 0.255859375 0.2216796875 0.220703125
0 0.63671875 0.2939453125 0.2158203125 0.1904296875
0 0.759765625 0.318359375 0.193359375 0.193359375
0 0.876953125 0.33984375 0.197265625 0.171875
0 0.9423828125 0.353515625 0.115234375 0.185546875
0 0.1005859375 0.1923828125 0.060546875 0.060546875
0 0.1240234375 0.1591796875 0.060546875 0.068359375
0 0.1435546875 0.1376953125 0.0830078125 0.0810546875
0 0.1640625 0.107421875 0.0986328125 0.083984375
0 0.1787109375 0.0849609375 0.0888671875 0.0888671875
0 0.193359375 0.072265625 0.125 0.09375
0 0.208984375 0.05078125 0.134765625 0.0966796875