0 0.537109375 0.8056640625 0.494140625 0.388671875
0 0.6123046875 0.642578125 0.4453125 0.4326171875
0 0.708984375 0.48046875 0.4951171875 0.4951171875
0 0.767578125 0.302734375 0.4638671875 0.4970703125
0 0.8125 0.19921875 0.2451171875 0.236328125
0 0.3876953125 0.62109375 0.3857421875 0.4169921875
0 0.462890625 0.443359375 0.396484375 0.423828125
0 0.5400390625 0.275390625 0.3955078125 0.3955078125
0 0.625 0.1533203125 0.337890625 0.306640625
0 0.6298828125 0.072265625 0.171875 0.1435546875
0 0.275390625 0.400390625 0.2421875 0.2470703125
0 0.3427734375 0.3095703125 0.21875 0.2314453125
0 0.4013671875 0.1982421875 0.2314453125 0.2451171875
0 0.455078125 0.1025390625 0.2236328125 0.205078125
0 0.498046875 0.0537109375 0.212890625 0.107421875
0 0.087890625 0.7919921875 0.072265625 0.072265625
0 0.064453125 0.759765625 0.0732421875 0.0703125
0 0.048828125 0.734375 0.091796875 0.091796875
0 0.037109375 0.7060546875 0.0732421875 0.103515625
0 0.03125 0.6845703125 0.0625 0.1064453125
0 0.0302734375 0.6669921875 0.060546875 0.134765625
0 0.021484375 0.64453125 0.04296875 0.13671875