0 0.2666015625 0.2666015625 0.3330078125 0.203125
0 0.2607421875 0.3486328125 0.3359375 0.220703125
0 0.2587890625 0.4365234375 0.2919921875 0.2919921875
0 0.2568359375 0.529296875 0.2529296875 0.251953125
0 0.248046875 0.619140625 0.3310546875 0.212890625
0 0.2294921875 0.7080078125 0.3388671875 0.2314453125
0 0.21875 0.779296875 0.3076171875 0.3076171875
0 0.2314453125 0.841796875 0.296875 0.265625
0 0.720703125 0.2578125 0.2060546875 0.2060546875
0 0.7216796875 0.3251953125 0.208984375 0.208984375
0 0.7177734375 0.388671875 0.1875 0.189453125
0 0.724609375 0.45703125 0.220703125 0.154296875
0 0.71875 0.5234375 0.193359375 0.1923828125
0 0.708984375 0.5966796875 0.1953125 0.1953125
0 0.7109375 0.669921875 0.265625 0.1923828125
0 0.7080078125 0.734375 0.2392578125 0.1826171875
0 0.7109375 0.798828125 0.2060546875 0.2060546875