0 0.7705078125 0.357421875 0.421875 0.421875
0 0.6923828125 0.4912109375 0.4970703125 0.3876953125
0 0.60546875 0.615234375 0.447265625 0.447265625
0 0.52734375 0.7451171875 0.431640625 0.431640625
0 0.4453125 0.818359375 0.4345703125 0.3623046875
0 0.3876953125 0.896484375 0.4345703125 0.2060546875
0 0.1044921875 0.728515625 0.208984375 0.302734375
0 0.13671875 0.615234375 0.2734375 0.3779296875
0 0.1767578125 0.490234375 0.353515625 0.388671875
0 0.23046875 0.3671875 0.4580078125 0.373046875
0 0.3056640625 0.234375 0.431640625 0.431640625
0 0.38671875 0.154296875 0.466796875 0.3076171875