0 0.326171875 0.791015625 0.4609375 0.4169921875
0 0.53515625 0.7529296875 0.427734375 0.443359375
0 0.7138671875 0.7314453125 0.4736328125 0.484375
0 0.8271484375 0.6767578125 0.345703125 0.462890625
0 0.9443359375 0.6494140625 0.111328125 0.2734375
0 0.4189453125 0.5703125 0.3671875 0.3671875
0 0.595703125 0.5224609375 0.390625 0.3544921875
0 0.7705078125 0.482421875 0.3779296875 0.3779296875
0 0.8837890625 0.47265625 0.232421875 0.28515625
0 0.9580078125 0.431640625 0.083984375 0.166015625
0 0.5185546875 0.3544921875 0.232421875 0.2265625
0 0.626953125 0.353515625 0.224609375 0.2109375
0 0.7470703125 0.330078125 0.21875 0.21875
0 0.857421875 0.310546875 0.2109375 0.2109375
0 0.921875 0.302734375 0.119140625 0.1484375
0 0.0517578125 0.4892578125 0.103515625 0.134765625
0 0.06640625 0.4443359375 0.1328125 0.1640625
0 0.072265625 0.4052734375 0.1435546875 0.173828125
0 0.087890625 0.3798828125 0.1748046875 0.1533203125
0 0.099609375 0.3466796875 0.150390625 0.150390625
0 0.107421875 0.322265625 0.173828125 0.1328125
0 0.111328125 0.3046875 0.189453125 0.189453125
0 0.138671875 0.279296875 0.1689453125 0.1279296875