0 0.201171875 0.7158203125 0.296875 0.3515625
0 0.419921875 0.7431640625 0.283203125 0.3203125
0 0.591796875 0.8017578125 0.3154296875 0.341796875
0 0.7734375 0.8369140625 0.3310546875 0.326171875
0 0.8896484375 0.8564453125 0.130859375 0.2265625
0 0.396484375 0.52734375 0.3173828125 0.228515625
0 0.576171875 0.5625 0.3125 0.232421875
0 0.7509765625 0.6025390625 0.2998046875 0.224609375
0 0.880859375 0.65625 0.2158203125 0.1826171875
0 0.962890625 0.6494140625 0.0625 0.146484375
0 0.580078125 0.376953125 0.173828125 0.1611328125
0 0.6787109375 0.423828125 0.171875 0.138671875
0 0.7958984375 0.455078125 0.1767578125 0.1328125
0 0.904296875 0.486328125 0.1611328125 0.126953125
0 0.966796875 0.5087890625 0.0654296875 0.1298828125
0 0.087890625 0.287109375 0.109375 0.0830078125
0 0.12109375 0.2529296875 0.146484375 0.0859375
0 0.142578125 0.220703125 0.162109375 0.0751953125
0 0.1767578125 0.208984375 0.162109375 0.080078125
0 0.2080078125 0.1865234375 0.1484375 0.0703125
0 0.2255859375 0.16796875 0.158203125 0.0654296875
0 0.236328125 0.154296875 0.185546875 0.0751953125
0 0.271484375 0.142578125 0.158203125 0.0654296875