0 0.5908203125 0.8173828125 0.2861328125 0.2861328125
0 0.5166015625 0.783203125 0.2861328125 0.2861328125
0 0.4375 0.7412109375 0.294921875 0.2939453125
0 0.35546875 0.697265625 0.21875 0.333984375
0 0.2734375 0.662109375 0.2265625 0.3359375
0 0.1875 0.634765625 0.236328125 0.337890625
0 0.138671875 0.6083984375 0.2763671875 0.3173828125
0 0.103515625 0.5673828125 0.20703125 0.302734375
0 0.818359375 0.423828125 0.1640625 0.2421875
0 0.759765625 0.390625 0.2216796875 0.2216796875
0 0.701171875 0.3623046875 0.1484375 0.2158203125
0 0.646484375 0.3232421875 0.158203125 0.2216796875
0 0.5859375 0.2958984375 0.197265625 0.197265625
0 0.515625 0.26953125 0.177734375 0.236328125
0 0.453125 0.232421875 0.2392578125 0.2392578125
0 0.396484375 0.205078125 0.1953125 0.2451171875
0 0.341796875 0.1708984375 0.236328125 0.236328125