0 0.1962890625 0.5439453125 0.392578125 0.421875
0 0.259765625 0.591796875 0.3798828125 0.3798828125
0 0.349609375 0.638671875 0.4013671875 0.396484375
0 0.443359375 0.6865234375 0.3828125 0.3779296875
0 0.5302734375 0.73828125 0.404296875 0.404296875
0 0.6103515625 0.7939453125 0.423828125 0.412109375
0 0.666015625 0.8076171875 0.435546875 0.384765625
0 0.7177734375 0.8330078125 0.3388671875 0.333984375
0 0.396484375 0.1171875 0.3232421875 0.234375
0 0.4658203125 0.12890625 0.2998046875 0.2578125
0 0.529296875 0.14453125 0.251953125 0.25
0 0.6025390625 0.169921875 0.2783203125 0.2783203125
0 0.6689453125 0.208984375 0.2626953125 0.2607421875
0 0.7392578125 0.255859375 0.310546875 0.3095703125
0 0.810546875 0.2939453125 0.3330078125 0.3330078125
0 0.859375 0.330078125 0.28125 0.3046875
0 0.8916015625 0.375 0.216796875 0.28125