0 0.6123046875 0.955078125 0.068359375 0.0888671875
0 0.6650390625 0.892578125 0.091796875 0.091796875
0 0.6357421875 0.880859375 0.0908203125 0.0908203125
0 0.609375 0.865234375 0.0908203125 0.091796875
0 0.505859375 0.912109375 0.0888671875 0.087890625
0 0.48828125 0.9013671875 0.0673828125 0.09375
0 0.5849609375 0.85546875 0.0859375 0.0859375
0 0.564453125 0.8447265625 0.0654296875 0.095703125
0 0.48046875 0.8056640625 0.0751953125 0.1015625
0 0.4599609375 0.798828125 0.083984375 0.083984375
0 0.3486328125 0.7470703125 0.0673828125 0.095703125
0 0.6611328125 0.6943359375 0.0859375 0.0859375
0 0.73828125 0.640625 0.060546875 0.0908203125
0 0.71875 0.630859375 0.0673828125 0.0986328125
0 0.67578125 0.607421875 0.0810546875 0.0810546875
0 0.59765625 0.666015625 0.0654296875 0.095703125
0 0.611328125 0.58203125 0.078125 0.078125
0 0.591796875 0.572265625 0.076171875 0.076171875
0 0.5341796875 0.6376953125 0.083984375 0.083984375
0 0.513671875 0.625 0.0859375 0.0859375
0 0.529296875 0.5400390625 0.0703125 0.099609375
0 0.2919921875 0.810546875 0.0703125 0.099609375
0 0.2646484375 0.7099609375 0.0751953125 0.0732421875
0 0.244140625 0.7001953125 0.0751953125 0.0986328125
0 0.2216796875 0.69140625 0.072265625 0.0986328125
0 0.1796875 0.6708984375 0.0625 0.0908203125
0 0.1591796875 0.6611328125 0.064453125 0.0966796875
0 0.138671875 0.6513671875 0.0888671875 0.0888671875
0 0.0966796875 0.634765625 0.078125 0.078125
0 0.0634765625 0.7060546875 0.0830078125 0.0810546875
0 0.0498046875 0.607421875 0.080078125 0.0986328125
0 0.359375 0.5576171875 0.083984375 0.083984375
0 0.458984375 0.509765625 0.078125 0.078125
0 0.4365234375 0.4990234375 0.0703125 0.0986328125
0 0.416015625 0.4921875 0.0673828125 0.095703125
0 0.373046875 0.4716796875 0.083984375 0.083984375
0 0.3173828125 0.5380859375 0.0830078125 0.0830078125
0 0.330078125 0.453125 0.0703125 0.099609375
0 0.2744140625 0.517578125 0.0908203125 0.0908203125
0 0.310546875 0.443359375 0.072265625 0.0966796875
0 0.25390625 0.5087890625 0.0673828125 0.0986328125
0 0.287109375 0.4345703125 0.087890625 0.087890625
0 0.232421875 0.498046875 0.072265625 0.099609375
0 0.267578125 0.4267578125 0.083984375 0.083984375
0 0.212890625 0.486328125 0.0673828125 0.0966796875
0 0.24609375 0.4140625 0.087890625 0.087890625
0 0.2255859375 0.404296875 0.0654296875 0.091796875
0 0.203125 0.3955078125 0.083984375 0.083984375
0 0.150390625 0.4619140625 0.0673828125 0.09375
0 0.033203125 0.4033203125 0.06640625 0.083984375
0 0.0810546875 0.337890625 0.0908203125 0.0908203125
0 0.7724609375 0.458984375 0.0751953125 0.1015625
0 0.810546875 0.3798828125 0.0888671875 0.0888671875
0 0.787109375 0.3701171875 0.0673828125 0.0986328125
0 0.7294921875 0.435546875 0.0810546875 0.0810546875
0 0.765625 0.3623046875 0.0830078125 0.0830078125
0 0.744140625 0.3505859375 0.0888671875 0.0888671875
0 0.6875 0.41796875 0.0859375 0.0859375
0 0.7236328125 0.3427734375 0.0673828125 0.0966796875
0 0.705078125 0.330078125 0.0908203125 0.0908203125
0 0.6455078125 0.3994140625 0.068359375 0.099609375
0 0.6806640625 0.3232421875 0.078125 0.078125
0 0.6611328125 0.3115234375 0.0654296875 0.0986328125
0 0.638671875 0.3017578125 0.0732421875 0.1064453125
0 0.533203125 0.345703125 0.0908203125 0.0908203125
0 0.51171875 0.337890625 0.078125 0.1064453125
0 0.4912109375 0.328125 0.0703125 0.103515625
0 0.5693359375 0.26953125 0.068359375 0.0966796875
0 0.548828125 0.259765625 0.0703125 0.099609375
0 0.5263671875 0.2509765625 0.0751953125 0.099609375
0 0.505859375 0.2412109375 0.0810546875 0.0830078125
0 0.8447265625 0.1962890625 0.076171875 0.1044921875
0 0.8212890625 0.185546875 0.0810546875 0.0830078125
0 0.80078125 0.17578125 0.0703125 0.1015625
0 0.779296875 0.16796875 0.095703125 0.09375
0 0.759765625 0.1533203125 0.087890625 0.087890625
0 0.7373046875 0.1455078125 0.078125 0.107421875
0 0.716796875 0.134765625 0.068359375 0.1015625
0 0.427734375 0.2978515625 0.0908203125 0.0908203125
0 0.4833984375 0.2314453125 0.0673828125 0.0986328125
0 0.46484375 0.21875 0.0888671875 0.0888671875
0 0.44140625 0.2109375 0.0751953125 0.099609375
0 0.3837890625 0.279296875 0.0673828125 0.099609375
0 0.419921875 0.203125 0.083984375 0.083984375
0 0.646484375 0.103515625 0.080078125 0.080078125
0 0.6240234375 0.095703125 0.072265625 0.1015625
0 0.5810546875 0.076171875 0.072265625 0.099609375
0 0.560546875 0.0654296875 0.0859375 0.0859375
0 0.517578125 0.048828125 0.0703125 0.09765625
0 0.49609375 0.0400390625 0.0888671875 0.080078125
0 0.474609375 0.037109375 0.0673828125 0.0732421875
0 0.455078125 0.0283203125 0.0810546875 0.056640625
0 0.4326171875 0.02734375 0.0751953125 0.0546875
0 0.4111328125 0.0234375 0.0751953125 0.046875
0 0.388671875 0.013671875 0.08203125 0.02734375
0 0.396484375 0.193359375 0.072265625 0.0986328125
0 0.3779296875 0.181640625 0.0830078125 0.0830078125
0 0.3193359375 0.251953125 0.083984375 0.083984375
0 0.35546875 0.173828125 0.0908203125 0.0908203125
0 0.333984375 0.1640625 0.078125 0.078125
0 0.2783203125 0.23046875 0.0908203125 0.0908203125
0 0.3125 0.154296875 0.0908203125 0.0908203125
0 0.29296875 0.1416015625 0.072265625 0.1015625
0 0.154296875 0.171875 0.087890625 0.087890625
0 0.13671875 0.16796875 0.083984375 0.0859375
0 0.189453125 0.095703125 0.0888671875 0.0888671875
0 0.171875 0.0888671875 0.0810546875 0.0859375
0 0.954353330078125 0.506647458984375 0.9478518203125 0.47364700390625 0.94044248046875 0.4700332265625 0.85606388671875 0.446602708984375 0.8617225625 0.479161509765625 0.954353330078125 0.506647458984375
0 1 0.45477741015625 0.940035630859375 0.4314672109375 0.93893156640625 0.43337950390625 0.943169533203125 0.468366935546875 1 0.48937485546875 1 0.45477741015625
0 1 0.365018162109375 0.96346783984375 0.353461267578125 0.96263053515625 0.35503601171875 0.9647054375 0.38587251171875 1 0.39693054296875 1 0.365018162109375
0 1 0.378447115234375 0.93344416015625 0.35533559765625 0.940113736328125 0.38630580078125 1 0.40783304296875 1 0.378447115234375
0 0.942689423828125 0.3548770859375 0.930105796875 0.442970099609375 0.9619098828125 0.435756431640625 0.979743548828125 0.33856303515625 0.979311373046875 0.338405734375 0.944483541015625 0.349947791015625 0.942689423828125 0.3548770859375
0 0.88031278125 0.372093943359375 0.885695009765625 0.399096302734375 0.978192642578125 0.419946708984375 0.97037166015625 0.38832453125 0.969539021484375 0.387936265625 0.96636169921875 0.386587572265625 0.882341876953125 0.367742533203125 0.88031278125 0.372093943359375
0 1 0.22114800390625 0.940008779296875 0.186269150390625 0.937011529296875 0.189841134765625 0.924986134765625 0.209323009765625 1 0.25199887109375 1 0.22114800390625
0 0.906231759765625 0.67528720703125 0.901294638671875 0.64575008984375 0.8966402421875 0.6435797109375 0.817537068359375 0.621329783203125 0.815526134765625 0.62564224609375 0.8219079453125 0.65351277734375 0.906231759765625 0.67528720703125
0 0.789429982421875 0.71286080078125 0.8004921796875 0.740648380859375 0.887908341796875 0.746572431640625 0.8749828671875 0.7153157578125 0.874981400390625 0.715315390625 0.78963559765625 0.71203612890625 0.789429982421875 0.71286080078125
0 0.93151562109375 0.67226097265625 0.92435447265625 0.64098681640625 0.9170007265625 0.63755770703125 0.84068424609375 0.61975397265625 0.839383892578125 0.622542587890625 0.8447283671875 0.649132482421875 0.93151562109375 0.67226097265625
0 0.885400376953125 0.69178334375 0.917890642578125 0.683026236328125 0.939165044921875 0.60134434375 0.9375170859375 0.60057588671875 0.9071119375 0.60300378515625 0.90551259375 0.60643358984375 0.885264833984375 0.691720138671875 0.885400376953125 0.69178334375
0 0.94969427734375 0.70452380078125 0.945967341796875 0.70278590234375 0.8676277109375 0.70090119921875 0.86710706640625 0.703579681640625 0.87810976171875 0.73261857421875 0.94305661328125 0.73296281640625 0.944959521484375 0.728882017578125 0.94969427734375 0.70452380078125
0 0.983851404296875 0.64547810546875 0.98270769921875 0.64492028125 0.893863427734375 0.62060246875 0.8929913515625 0.6223904921875 0.90418134375 0.65877363671875 0.90494551953125 0.65914634765625 0.970312181640625 0.67415484375 0.9741148203125 0.66635827734375 0.983851404296875 0.64547810546875
0 0.99569973046875 0.597706158203125 0.96248586328125 0.5979533203125 0.960785486328125 0.60129049609375 0.936781890625 0.683841515625 0.96699044140625 0.6781200390625 0.99569973046875 0.597706158203125
0 0.8792469765625 0.69058501953125 0.87540730859375 0.77877041015625 0.906111943359375 0.765187330078125 0.9095069140625 0.674244041015625 0.90723310546875 0.6736771171875 0.881441181640625 0.681784548828125 0.8792469765625 0.69058501953125
0 0.91586409765625 0.75396819140625 0.90398550390625 0.7162151328125 0.902087880859375 0.715409640625 0.8117244375 0.702034904296875 0.8200470859375 0.73276313671875 0.91586409765625 0.75396819140625
0 0.941072322265625 0.516655400390625 0.950591505859375 0.420724791015625 0.9485885 0.42011241015625 0.92309737890625 0.43119776171875 0.910670384765625 0.524489576171875 0.941072322265625 0.516655400390625
0 0.945711798828125 0.43235622265625 0.9460047578125 0.526976185546875 0.97483501953125 0.514199431640625 0.97651430859375 0.414505017578125 0.975567568359375 0.41432098828125 0.946259091796875 0.429540640625 0.945711798828125 0.43235622265625
0 1 0.450009244140625 0.958035458984375 0.44594380859375 0.95716490625 0.448791259765625 0.967508376953125 0.47480389453125 1 0.47924317578125 1 0.450009244140625
0 0.634765625 0.9580078125 0.078125 0.083984375
0 0.5908203125 0.9501953125 0.072265625 0.099609375
0 0.5693359375 0.943359375 0.0908203125 0.0908203125
0 0.5498046875 0.931640625 0.064453125 0.09375
0 0.529296875 0.9228515625 0.0673828125 0.0986328125
0 0.5439453125 0.8359375 0.060546875 0.0888671875
0 0.521484375 0.8251953125 0.072265625 0.0986328125
0 0.466796875 0.892578125 0.068359375 0.095703125
0 0.501953125 0.818359375 0.083984375 0.083984375
0 0.4462890625 0.8828125 0.087890625 0.087890625
0 0.423828125 0.873046875 0.0888671875 0.087890625
0 0.40234375 0.8642578125 0.0673828125 0.099609375
0 0.439453125 0.7880859375 0.0654296875 0.095703125
0 0.380859375 0.853515625 0.0830078125 0.0830078125
0 0.4169921875 0.77734375 0.080078125 0.080078125
0 0.314453125 0.8203125 0.0810546875 0.0810546875
0 0.326171875 0.7373046875 0.064453125 0.091796875
0 0.3056640625 0.728515625 0.060546875 0.0888671875
0 0.2724609375 0.802734375 0.080078125 0.080078125
0 0.25 0.791015625 0.0830078125 0.0830078125
0 0.2841796875 0.71875 0.0830078125 0.0830078125
0 0.703125 0.7158203125 0.072265625 0.1015625
0 0.681640625 0.708984375 0.072265625 0.0966796875
0 0.638671875 0.685546875 0.087890625 0.087890625
0 0.6962890625 0.6220703125 0.068359375 0.09375
0 0.619140625 0.6767578125 0.0625 0.095703125
0 0.6552734375 0.6015625 0.0751953125 0.107421875
0 0.6328125 0.591796875 0.0673828125 0.095703125
0 0.5771484375 0.65625 0.080078125 0.080078125
0 0.5556640625 0.6474609375 0.0673828125 0.0986328125
0 0.5712890625 0.5576171875 0.0810546875 0.0810546875
0 0.548828125 0.552734375 0.0732421875 0.099609375
0 0.494140625 0.6171875 0.0751953125 0.103515625
0 0.7490234375 0.44921875 0.0888671875 0.0888671875
0 0.708984375 0.4296875 0.068359375 0.1015625
0 0.6669921875 0.41015625 0.0732421875 0.1015625
0 0.6240234375 0.3896484375 0.083984375 0.083984375
0 0.603515625 0.3818359375 0.0703125 0.099609375
0 0.423828125 0.587890625 0.0732421875 0.0986328125
0 0.400390625 0.576171875 0.0654296875 0.095703125
0 0.380859375 0.5654296875 0.0654296875 0.0908203125
0 0.3955078125 0.478515625 0.068359375 0.095703125
0 0.4677734375 0.3203125 0.080078125 0.080078125
0 0.6025390625 0.0859375 0.072265625 0.0986328125
0 0.44921875 0.306640625 0.0751953125 0.1015625
0 0.5380859375 0.056640625 0.0703125 0.1015625
0 0.3408203125 0.5478515625 0.0732421875 0.099609375
0 0.3515625 0.46484375 0.087890625 0.087890625
0 0.2314453125 0.7841796875 0.0859375 0.0859375
0 0.208984375 0.7744140625 0.083984375 0.083984375
0 0.1865234375 0.7646484375 0.0673828125 0.09375
0 0.1689453125 0.751953125 0.072265625 0.0986328125
0 0.201171875 0.6796875 0.0859375 0.0859375
0 0.146484375 0.744140625 0.0751953125 0.1015625
0 0.125 0.736328125 0.0654296875 0.0966796875
0 0.10546875 0.724609375 0.0673828125 0.099609375
0 0.083984375 0.71484375 0.0703125 0.0966796875
0 0.1181640625 0.642578125 0.0654296875 0.09375
0 0.0419921875 0.6962890625 0.068359375 0.0986328125
0 0.029296875 0.6845703125 0.05859375 0.091796875
0 0.076171875 0.623046875 0.083984375 0.083984375
0 0.2978515625 0.5283203125 0.0830078125 0.083984375
0 0.19140625 0.48046875 0.083984375 0.083984375
0 0.169921875 0.4716796875 0.0703125 0.0986328125
0 0.18359375 0.3828125 0.0888671875 0.0888671875
0 0.4052734375 0.2890625 0.076171875 0.1044921875
0 0.3642578125 0.26953125 0.083984375 0.083984375
0 0.3427734375 0.2587890625 0.0830078125 0.0830078125
0 0.2998046875 0.240234375 0.068359375 0.103515625
0 0.2578125 0.2197265625 0.0732421875 0.1015625
0 0.044921875 0.416015625 0.076171875 0.107421875
0 0.01953125 0.3974609375 0.0390625 0.095703125
0 0.0634765625 0.326171875 0.083984375 0.0888671875