0 0.203125 0.130859375 0.029296875 0.0908203125
0 0.1845703125 0.212890625 0.037109375 0.0908203125
0 0.2158203125 0.212890625 0.0361328125 0.0908203125
0 0.24609375 0.21484375 0.0361328125 0.0966796875
0 0.3203125 0.12890625 0.029296875 0.09375
0 0.341796875 0.130859375 0.029296875 0.087890625
0 0.2724609375 0.2138671875 0.0283203125 0.091796875
0 0.2958984375 0.21484375 0.0283203125 0.0908203125
0 0.388671875 0.21484375 0.029296875 0.09375
0 0.41015625 0.212890625 0.0283203125 0.0966796875
0 0.533203125 0.212890625 0.0283203125 0.0908203125
0 0.271484375 0.3916015625 0.0283203125 0.09375
0 0.224609375 0.4736328125 0.0263671875 0.0888671875
0 0.2470703125 0.474609375 0.0283203125 0.091796875
0 0.294921875 0.4775390625 0.029296875 0.0908203125
0 0.341796875 0.3916015625 0.0283203125 0.0908203125
0 0.3642578125 0.47265625 0.0263671875 0.0888671875
0 0.38671875 0.47265625 0.029296875 0.087890625
0 0.4111328125 0.3896484375 0.029296875 0.0966796875
0 0.4345703125 0.392578125 0.0283203125 0.095703125
0 0.45703125 0.4755859375 0.0283203125 0.09375
0 0.556640625 0.130859375 0.0263671875 0.09375
0 0.6240234375 0.2099609375 0.0283203125 0.0859375
0 0.646484375 0.2109375 0.029296875 0.087890625
0 0.6708984375 0.208984375 0.0283203125 0.0888671875
0 0.7177734375 0.208984375 0.0283203125 0.0859375
0 0.740234375 0.2099609375 0.0263671875 0.09375
0 0.763671875 0.2099609375 0.029296875 0.09375
0 0.80859375 0.20703125 0.029296875 0.0859375
0 0.80859375 0.1279296875 0.0283203125 0.09375
0 0.8623046875 0.2119140625 0.041015625 0.083984375
0 0.603515625 0.388671875 0.0283203125 0.09375
0 0.533203125 0.4736328125 0.03125 0.083984375
0 0.5576171875 0.474609375 0.0283203125 0.0908203125
0 0.580078125 0.470703125 0.0283203125 0.0888671875
0 0.626953125 0.4716796875 0.0283203125 0.0908203125
0 0.6494140625 0.388671875 0.029296875 0.09375
0 0.673828125 0.470703125 0.0263671875 0.091796875
0 0.697265625 0.388671875 0.0283203125 0.0986328125
0 0.6962890625 0.4716796875 0.029296875 0.087890625
0 0.7197265625 0.388671875 0.0283203125 0.091796875
0 0.720703125 0.4697265625 0.0283203125 0.09375
0 0.7431640625 0.388671875 0.0283203125 0.09375
0 0.7421875 0.4677734375 0.03125 0.0908203125
0 0.7666015625 0.390625 0.0283203125 0.09375
0 0.7666015625 0.470703125 0.03125 0.087890625
0 0.7890625 0.470703125 0.0283203125 0.087890625
0 0.8134765625 0.4697265625 0.03125 0.09375
0 0.833984375 0.38671875 0.03125 0.087890625
0 0.96875 0.2119140625 0.03125 0.091796875
0 0.970703125 0.3876953125 0.033203125 0.09375
0 0.9482421875 0.470703125 0.03125 0.09375
0 0.2705078125 0.6533203125 0.029296875 0.09375
0 0.2685546875 0.740234375 0.029296875 0.0986328125
0 0.294921875 0.7392578125 0.0263671875 0.09375
0 0.318359375 0.6552734375 0.029296875 0.09375
0 0.3173828125 0.736328125 0.0283203125 0.0908203125
0 0.341796875 0.73828125 0.029296875 0.09375
0 0.365234375 0.6533203125 0.029296875 0.0966796875
0 0.3642578125 0.736328125 0.03125 0.0908203125
0 0.38671875 0.740234375 0.0283203125 0.0966796875
0 0.4111328125 0.6533203125 0.0283203125 0.095703125
0 0.4111328125 0.736328125 0.0283203125 0.0888671875
0 0.43359375 0.7392578125 0.0263671875 0.0966796875
0 0.4580078125 0.73828125 0.0283203125 0.1015625
0 0.53515625 0.654296875 0.0283203125 0.0966796875
0 0.5576171875 0.6513671875 0.03125 0.0966796875
0 0.580078125 0.65234375 0.03125 0.0986328125
0 0.5341796875 0.73828125 0.0283203125 0.0888671875
0 0.556640625 0.73828125 0.033203125 0.091796875
0 0.5810546875 0.7373046875 0.029296875 0.087890625
0 0.6044921875 0.736328125 0.0263671875 0.0908203125
0 0.31640625 0.9208984375 0.029296875 0.095703125
0 0.341796875 0.919921875 0.0283203125 0.091796875
0 0.3642578125 0.9208984375 0.029296875 0.095703125
0 0.38671875 0.9189453125 0.033203125 0.0986328125
0 0.412109375 0.923828125 0.029296875 0.09375
0 0.4345703125 0.921875 0.029296875 0.1015625
0 0.4580078125 0.921875 0.029296875 0.0966796875
0 0.6513671875 0.65234375 0.033203125 0.0986328125
0 0.6279296875 0.736328125 0.0283203125 0.095703125
0 0.650390625 0.740234375 0.0283203125 0.0986328125
0 0.6748046875 0.7373046875 0.03125 0.0908203125
0 0.6982421875 0.650390625 0.0283203125 0.0966796875
0 0.6982421875 0.7353515625 0.0283203125 0.0888671875
0 0.53515625 0.919921875 0.03125 0.091796875
0 0.5576171875 0.9189453125 0.0283203125 0.0966796875
0 0.60546875 0.91796875 0.029296875 0.091796875
0 0.6279296875 0.919921875 0.0283203125 0.091796875
0 0.673828125 0.916015625 0.0283203125 0.09375
0 0.69921875 0.9189453125 0.029296875 0.0986328125
0 0.7236328125 0.9189453125 0.0283203125 0.0908203125
0 0.74609375 0.919921875 0.029296875 0.09375
0 0.7705078125 0.9208984375 0.03125 0.09375
0 0.7939453125 0.9189453125 0.029296875 0.09375
0 0.81640625 0.9189453125 0.03125 0.09375
0 0.72265625 0.734375 0.0283203125 0.0908203125
0 0.744140625 0.736328125 0.0283203125 0.09375
0 0.767578125 0.6484375 0.0283203125 0.099609375
0 0.7685546875 0.734375 0.029296875 0.095703125
0 0.79296875 0.734375 0.0263671875 0.0888671875
0 0.814453125 0.650390625 0.033203125 0.095703125
0 0.81640625 0.734375 0.033203125 0.099609375
0 0.8388671875 0.7373046875 0.0283203125 0.09375
0 0.9521484375 0.650390625 0.029296875 0.091796875
0 0.974609375 0.6484375 0.033203125 0.091796875
0 0.953125 0.7353515625 0.029296875 0.0908203125
0 0.9765625 0.7353515625 0.03125 0.099609375
0 0.12046048046875 0.65766437109375 0.137727994140625 0.75100498828125 0.16451105078125 0.73164616796875 0.1486086015625 0.63634113671875 0.12046048046875 0.65766437109375
0 0.04981683984375 0.6977090703125 0.066585513671875 0.79567921484375 0.09546099609375 0.7755758359375 0.07997702734375 0.6750588203125 0.04981683984375 0.6977090703125
0 0.00381273828125 0.72345590234375 0.02180761328125 0.8209946796875 0.049009150390625 0.80238036328125 0.03268822265625 0.695162201171875 0.00381273828125 0.72345590234375
0 0 0.823430806640625 0.012600919921875 0.9140659609375 0.040220935546875 0.896940818359375 0.021389103515625 0.80238036328125 0 0.823430806640625
0 0.021559384765625 0.806667908203125 0.036454595703125 0.90140823046875 0.062819142578125 0.88577226171875 0.047753681640625 0.78972266015625 0.021559384765625 0.806667908203125
0 0.04249083203125 0.79456137109375 0.06030823828125 0.891728876953125 0.08667281640625 0.867158 0.069933408203125 0.771852982421875 0.04249083203125 0.79456137109375
0 0.06551542578125 0.78245483203125 0.08290644140625 0.875348263671875 0.11052645703125 0.85822320703125 0.093368572265625 0.765151837890625 0.06551542578125 0.78245483203125
0 0.09010987890625 0.76662320703125 0.1071785625 0.86492429296875 0.13103223828125 0.844076298828125 0.115548267578125 0.74877128125 0.09010987890625 0.76662320703125
0 0.111564615234375 0.75079158203125 0.128102822265625 0.84854373828125 0.1582337734375 0.824717533203125 0.1389834609375 0.7331353125 0.111564615234375 0.75079158203125
0 0.1345892109375 0.73961631640625 0.151538015625 0.832907740234375 0.17832104296875 0.812804361328125 0.16158163671875 0.72122216796875 0.1345892109375 0.73961631640625
0 0.16860281640625 0.92214565234375 0.182087416015625 1 0.209288951171875 0.99602464453125 0.19213112890625 0.90220871875 0.16860281640625 0.92214565234375
0 0.09010987890625 0.481653939453125 0.104667658203125 0.57065125 0.13145071484375 0.549803251953125 0.115548267578125 0.4641776484375 0.09010987890625 0.481653939453125
0 0.075457865234375 0.402495810546875 0.09085766796875 0.48874849609375 0.118059203125 0.468645087890625 0.100482806640625 0.38450864453125 0.075457865234375 0.402495810546875
0 0.06760857421875 0.495623021484375 0.083324919921875 0.58405351171875 0.110107978515625 0.563205544921875 0.092113103515625 0.477579939453125 0.06760857421875 0.495623021484375
0 0.04406069140625 0.510523375 0.059471279296875 0.59447748046875 0.08834673046875 0.578096955078125 0.069933408203125 0.48874849609375 0.04406069140625 0.510523375
0 0.00638408203125 0.444403056640625 0.020970625 0.530444431640625 0.049846107421875 0.512574728515625 0.03268822265625 0.42173715234375 0.00638408203125 0.444403056640625
0 0.016849806640625 0.525423728515625 0.034780646484375 0.602667771484375 0.06449308984375 0.59298836328125 0.04649821484375 0.4976833203125 0.016849806640625 0.525423728515625
0 0 0.53659899609375 0.01092697265625 0.62128203515625 0.04105792578125 0.6056460390625 0.02431851953125 0.517786728515625 0 0.53659899609375
0 0.026268958984375 0.42670888671875 0.04524277734375 0.51704216796875 0.072025833984375 0.50066161328125 0.052775490234375 0.406101154296875 0.026268958984375 0.42670888671875
0 0.050340126953125 0.410877259765625 0.0682594609375 0.5073627578125 0.098808859375 0.48130279296875 0.075373697265625 0.39120974609375 0.050340126953125 0.410877259765625
0 0.098482458984375 0.6707021796875 0.1138743515625 0.763550888671875 0.140657376953125 0.747170361328125 0.12140706640625 0.6511207578125 0.098482458984375 0.6707021796875
0 0.073364720703125 0.6818774453125 0.09085766796875 0.78073190625 0.118059203125 0.75913937890625 0.09922737109375 0.66383436328125 0.073364720703125 0.6818774453125
0 0.02836210546875 0.70795306640625 0.044405787109375 0.80679187109375 0.07286279296875 0.78743310546875 0.052775490234375 0.688405181640625 0.02836210546875 0.70795306640625
0 0.177734375 0.1318359375 0.033203125 0.091796875
0 0.2255859375 0.1298828125 0.0263671875 0.0888671875
0 0.2490234375 0.126953125 0.029296875 0.0966796875
0 0.271484375 0.1298828125 0.0283203125 0.091796875
0 0.294921875 0.1298828125 0.029296875 0.095703125
0 0.318359375 0.2138671875 0.0283203125 0.0859375
0 0.3427734375 0.21484375 0.0283203125 0.0908203125
0 0.3642578125 0.130859375 0.0234375 0.0888671875
0 0.3642578125 0.212890625 0.029296875 0.0888671875
0 0.3876953125 0.130859375 0.0283203125 0.09375
0 0.412109375 0.12890625 0.0283203125 0.095703125
0 0.4345703125 0.12890625 0.0263671875 0.095703125
0 0.43359375 0.212890625 0.0263671875 0.0908203125
0 0.4580078125 0.12890625 0.0263671875 0.0888671875
0 0.4580078125 0.212890625 0.0263671875 0.0908203125
0 0.533203125 0.130859375 0.03125 0.0908203125
0 0.556640625 0.2109375 0.0283203125 0.087890625
0 0.580078125 0.2109375 0.0283203125 0.0859375
0 0.578125 0.12890625 0.0283203125 0.091796875
0 0.603515625 0.130859375 0.029296875 0.09375
0 0.603515625 0.2099609375 0.0283203125 0.091796875
0 0.224609375 0.390625 0.0263671875 0.095703125
0 0.248046875 0.3876953125 0.03125 0.0888671875
0 0.2958984375 0.390625 0.0283203125 0.09375
0 0.271484375 0.47265625 0.0263671875 0.087890625
0 0.318359375 0.3896484375 0.0234375 0.09375
0 0.31640625 0.4736328125 0.0283203125 0.099609375
0 0.3408203125 0.47265625 0.0283203125 0.0888671875
0 0.3642578125 0.3916015625 0.0283203125 0.09375
0 0.3876953125 0.3896484375 0.0283203125 0.09375
0 0.4111328125 0.4775390625 0.0283203125 0.0908203125
0 0.43359375 0.4736328125 0.0283203125 0.0908203125
0 0.455078125 0.3916015625 0.0283203125 0.095703125
0 0.294921875 0.6513671875 0.029296875 0.09375
0 0.3408203125 0.6513671875 0.0263671875 0.0966796875
0 0.38671875 0.65234375 0.0283203125 0.091796875
0 0.4345703125 0.65234375 0.029296875 0.09375
0 0.4560546875 0.650390625 0.0283203125 0.091796875
0 0.5322265625 0.388671875 0.03125 0.087890625
0 0.5576171875 0.388671875 0.0263671875 0.0908203125
0 0.580078125 0.3896484375 0.0283203125 0.083984375
0 0.603515625 0.474609375 0.0263671875 0.0859375
0 0.6044921875 0.6494140625 0.0283203125 0.0888671875
0 0.58203125 0.9189453125 0.0263671875 0.0908203125
0 0.626953125 0.6533203125 0.0263671875 0.095703125
0 0.65234375 0.91796875 0.0283203125 0.0966796875
0 0.6240234375 0.388671875 0.0283203125 0.091796875
0 0.6494140625 0.4697265625 0.0283203125 0.0908203125
0 0.623046875 0.12890625 0.0283203125 0.091796875
0 0.6484375 0.1279296875 0.0263671875 0.0908203125
0 0.671875 0.126953125 0.0263671875 0.087890625
0 0.693359375 0.1318359375 0.0283203125 0.0908203125
0 0.6943359375 0.2109375 0.0263671875 0.0908203125
0 0.716796875 0.1298828125 0.0283203125 0.095703125
0 0.740234375 0.126953125 0.0283203125 0.091796875
0 0.7626953125 0.1298828125 0.0283203125 0.095703125
0 0.787109375 0.12890625 0.03125 0.0888671875
0 0.7861328125 0.208984375 0.029296875 0.0888671875
0 0.83203125 0.12890625 0.029296875 0.091796875
0 0.861328125 0.126953125 0.037109375 0.095703125
0 0.8330078125 0.208984375 0.03125 0.091796875
0 0.671875 0.388671875 0.03125 0.091796875
0 0.7880859375 0.3876953125 0.0283203125 0.095703125
0 0.8115234375 0.3857421875 0.0263671875 0.091796875
0 0.8359375 0.47265625 0.029296875 0.0986328125
0 0.6748046875 0.650390625 0.0283203125 0.095703125
0 0.720703125 0.6513671875 0.03125 0.09375
0 0.744140625 0.65234375 0.0283203125 0.095703125
0 0.791015625 0.650390625 0.029296875 0.099609375
0 0.837890625 0.6513671875 0.0341796875 0.09375
0 0.9482421875 0.384765625 0.03125 0.0986328125
0 0.990234375 0.384765625 0.0185546875 0.091796875
0 0.9775390625 0.474609375 0.0341796875 0.1015625
0 0.966796875 0.12890625 0.029296875 0.095703125
0 0.9892578125 0.1259765625 0.021484375 0.091796875
0 0.943359375 0.1279296875 0.0263671875 0.087890625
0 0.9453125 0.208984375 0.029296875 0.095703125