0 0.9130859375 0.3291015625 0.0888671875 0.1513671875
0 0.845703125 0.4599609375 0.0732421875 0.150390625
0 0.916015625 0.458984375 0.0888671875 0.1533203125
0 0.7783203125 0.767578125 0.0859375 0.1513671875
0 0.919921875 0.771484375 0.0810546875 0.15625
0 0.91796875 0.908203125 0.091796875 0.154296875
0 0.7822265625 0.9072265625 0.0830078125 0.146484375
0 0.7158203125 0.9072265625 0.0830078125 0.150390625
0 0.6484375 0.904296875 0.0830078125 0.1455078125
0 0.513671875 0.7685546875 0.080078125 0.1533203125
0 0.310546875 0.7666015625 0.076171875 0.1513671875
0 0.3125 0.9072265625 0.0830078125 0.1435546875
0 0.1123046875 0.9013671875 0.0859375 0.1484375
0 0.1142578125 0.322265625 0.080078125 0.142578125
0 0.181640625 0.318359375 0.076171875 0.146484375
0 0.2431640625 0.3173828125 0.0810546875 0.1533203125
0 0.31640625 0.3154296875 0.080078125 0.150390625
0 0.3818359375 0.3203125 0.087890625 0.150390625
0 0.447265625 0.322265625 0.0830078125 0.146484375
0 0.5146484375 0.3212890625 0.0751953125 0.150390625
0 0.578125 0.32421875 0.0732421875 0.1484375
0 0.64453125 0.326171875 0.0732421875 0.1513671875
0 0.7119140625 0.3232421875 0.078125 0.146484375
0 0.77734375 0.3203125 0.080078125 0.150390625
0 0.841796875 0.322265625 0.083984375 0.150390625
0 0.1123046875 0.458984375 0.076171875 0.1484375
0 0.1796875 0.458984375 0.080078125 0.1484375
0 0.2451171875 0.4580078125 0.0830078125 0.150390625
0 0.31640625 0.45703125 0.080078125 0.158203125
0 0.380859375 0.4619140625 0.0751953125 0.150390625
0 0.4482421875 0.4599609375 0.080078125 0.1513671875
0 0.513671875 0.4599609375 0.0830078125 0.1484375
0 0.5771484375 0.462890625 0.0751953125 0.146484375
0 0.642578125 0.4638671875 0.0810546875 0.150390625
0 0.7080078125 0.462890625 0.0810546875 0.1455078125
0 0.7783203125 0.4619140625 0.0810546875 0.1455078125
0 0.8515625 0.765625 0.0830078125 0.150390625
0 0.8505859375 0.912109375 0.0908203125 0.1611328125
0 0.7109375 0.763671875 0.078125 0.1513671875
0 0.64453125 0.763671875 0.0732421875 0.154296875
0 0.5751953125 0.759765625 0.0732421875 0.15625
0 0.58203125 0.904296875 0.080078125 0.154296875
0 0.447265625 0.7626953125 0.0810546875 0.1484375
0 0.4443359375 0.904296875 0.080078125 0.1591796875
0 0.513671875 0.90625 0.078125 0.1591796875
0 0.380859375 0.90625 0.078125 0.1513671875
0 0.37890625 0.763671875 0.0732421875 0.1435546875
0 0.24609375 0.7626953125 0.076171875 0.1533203125
0 0.1787109375 0.759765625 0.0810546875 0.1591796875
0 0.1103515625 0.763671875 0.072265625 0.158203125
0 0.1796875 0.9033203125 0.0830078125 0.158203125
0 0.2451171875 0.904296875 0.0859375 0.150390625
0 0.1162109375 0.046875 0.0732421875 0.09375
0 0.1826171875 0.04296875 0.0908203125 0.0859375
0 0.7099609375 0.048828125 0.080078125 0.09765625
0 0.64453125 0.044921875 0.080078125 0.0888671875
0 0.912109375 0.0498046875 0.087890625 0.099609375
0 0.84375 0.046875 0.0810546875 0.09375