0 0.896882138671875 0.039957037109375 0.968511783203125 0.136919845703125 0.971371212890625 0.059630087890625 0.92390466796875 0.01153866796875 0.896882138671875 0.039957037109375
0 0.90117275390625 0.09795918359375 0.96965553515625 0.191881474609375 0.973658763671875 0.123179453125 0.9227609140625 0.0647827421875 0.90117275390625 0.09795918359375
0 0.90160111328125 0.16440066015625 0.97482836328125 0.252631580078125 0.96965553515625 0.179858607421875 0.9216171171875 0.11974435546875 0.90160111328125 0.16440066015625
0 0.970799333984375 0.306957375 0.969822640625 0.23974221484375 0.919901484375 0.181576166015625 0.898169806640625 0.2150684140625 0.970799333984375 0.306957375
0 0.96908374609375 0.36191897265625 0.969822640625 0.2912996796875 0.91818580859375 0.235679001953125 0.898169806640625 0.272606365234375 0.96908374609375 0.36191897265625
0 0.92562034375 0.29149939453125 0.858266578125 0.2128893671875 0.85699404296875 0.272606365234375 0.90274491015625 0.33186183984375 0.92562034375 0.29149939453125
0 0.89831234375 0.32244898046875 0.973086841796875 0.425468357421875 0.970799333984375 0.34388470703125 0.9227609140625 0.29149939453125 0.89831234375 0.32244898046875
0 0.92562034375 0.350754966796875 0.86041188671875 0.267669173828125 0.854706490234375 0.33100307421875 0.90160111328125 0.38768223046875 0.92562034375 0.350754966796875
0 0.899027447265625 0.38045112890625 0.971371212890625 0.47448303125 0.970799333984375 0.403204658203125 0.924476546875 0.34738426171875 0.899027447265625 0.38045112890625
0 0.85755147265625 0.391192267578125 0.90560433984375 0.44528472265625 0.92790789453125 0.408357326171875 0.858137796875 0.31990348046875 0.85755147265625 0.391192267578125
0 0.973658763671875 0.459089525390625 0.9187576875 0.40241037109375 0.901607810546875 0.44264978515625 0.97251496484375 0.53294421875 0.973658763671875 0.459089525390625
0 0.92676409765625 0.46595975390625 0.855406166015625 0.37185821875 0.857565919921875 0.44191401953125 0.90274491015625 0.50116952734375 0.92676409765625 0.46595975390625
0 0.89545193359375 0.49108485546875 0.973658763671875 0.59305848828125 0.97480260546875 0.51490991796875 0.92333279296875 0.453078125 0.89545193359375 0.49108485546875
0 0.93076732421875 0.5209213515625 0.85683637109375 0.429860365234375 0.85699404296875 0.497734412109375 0.90274491015625 0.558707478515625 0.93076732421875 0.5209213515625
0 0.89831234375 0.545864662109375 0.974230640625 0.652378439453125 0.97651819140625 0.56650091015625 0.92905165234375 0.515833189453125 0.89831234375 0.545864662109375
0 0.92962352734375 0.57601193359375 0.86112698828125 0.486788400390625 0.858709673828125 0.557118873046875 0.9038886640625 0.615515583984375 0.92962352734375 0.57601193359375
0 0.89974255078125 0.60708915234375 0.97537439453125 0.707404544921875 0.97537439453125 0.62582089453125 0.924476546875 0.57429437890625 0.89974255078125 0.60708915234375
0 0.93248295703125 0.636984966796875 0.858266578125 0.5426423203125 0.861569103515625 0.6198094609375 0.907891890625 0.675629853515625 0.93248295703125 0.636984966796875
0 0.90331806640625 0.668313642578125 0.977090068359375 0.76230166796875 0.978805701171875 0.68243557421875 0.92962352734375 0.629191533203125 0.90331806640625 0.668313642578125
0 0.855406166015625 0.67475832421875 0.905032462890625 0.73832044140625 0.93362675390625 0.68937027734375 0.86042534765625 0.60005763671875 0.855406166015625 0.67475832421875
0 0.92619222265625 0.68679392578125 0.905032462890625 0.726297607421875 0.902602962890625 0.7241675625 0.977090068359375 0.82162165234375 0.97537439453125 0.740038 0.92619222265625 0.68679392578125
0 0.934198630859375 0.75291962890625 0.8625571953125 0.65972073046875 0.859281595703125 0.733167869140625 0.907891890625 0.79070575390625 0.934198630859375 0.75291962890625
0 0.90045765234375 0.772502685546875 0.975946271484375 0.8783008046875 0.97823382421875 0.805304939453125 0.92905165234375 0.746908193359375 0.90045765234375 0.772502685546875
0 0.93648618359375 0.81395716796875 0.863272296875 0.719871107421875 0.86042534765625 0.79506410546875 0.910179400390625 0.8483081796875 0.93648618359375 0.81395716796875
0 0.906893580078125 0.84124597265625 0.97537439453125 0.94105590234375 0.97766203515625 0.857754759765625 0.93248295703125 0.80708694140625 0.906893580078125 0.84124597265625
0 0.93591426171875 0.8714950859375 0.863272296875 0.77572502734375 0.861569103515625 0.8440143046875 0.910179400390625 0.90756365234375 0.93591426171875 0.8714950859375
0 0.90331678515625 0.89382326171875 0.975946271484375 0.991723658203125 0.979949498046875 0.91443384765625 0.92905165234375 0.86376612890625 0.90331678515625 0.89382326171875
0 0.937058060546875 0.93160935546875 0.8625571953125 0.83372717578125 0.861569103515625 0.905846095703125 0.913038828125 0.967677921875 0.937058060546875 0.93160935546875
0 0.979949498046875 1 0.97823382421875 0.972830560546875 0.92962352734375 0.92216290625 0.905463373046875 0.952953814453125 0.9404893671875 1 0.979949498046875 1
0 0.92562034375 1 0.9376299375 0.98828854296875 0.8668478125 0.896025779296875 0.865000453125 0.96424280859375 0.8975979296875 1 0.92562034375 1
0 0.746710513671875 0.081847478515625 0.771211166015625 0.120538658203125 0.82039333984375 0.050119080078125 0.81639015625 0 0.746710513671875 0.081847478515625
0 0.748335732421875 0.19009944140625 0.77178304296875 0.23303820703125 0.820965216796875 0.162618626953125 0.815246359375 0.083611328125 0.748335732421875 0.19009944140625
0 0.746710513671875 0.30526316015625 0.770067369140625 0.34130838671875 0.820965216796875 0.271747568359375 0.81696203515625 0.203904341796875 0.746710513671875 0.30526316015625
0 0.744565203125 0.47067669140625 0.774070595703125 0.51484547265625 0.818105787109375 0.452154853515625 0.8192495859375 0.36971244140625 0.744565203125 0.47067669140625
0 0.748335732421875 0.53294421875 0.774070595703125 0.573306662109375 0.820965216796875 0.50116952734375 0.81696203515625 0.4273148671875 0.748335732421875 0.53294421875
0 0.70594964453125 0.58990333203125 0.70715992578125 0.66090174609375 0.776358146484375 0.56643643359375 0.752338916015625 0.523497671875 0.70594964453125 0.58990333203125
0 0.776930025390625 0.62318009765625 0.82608694140625 0.551235232421875 0.81753391015625 0.49178748828125 0.74490442578125 0.59140540625 0.776930025390625 0.62318009765625
0 0.703804333984375 0.645757251953125 0.70544429296875 0.72193925390625 0.776930025390625 0.619744984375 0.75005136328125 0.58539397265625 0.703804333984375 0.645757251953125
0 0.748855822265625 0.648979591796875 0.774070595703125 0.68672944921875 0.82325276953125 0.611157232421875 0.8186776640625 0.54503152734375 0.748855822265625 0.648979591796875
0 0.703804333984375 0.70483351171875 0.70487241796875 0.78119476171875 0.77464247265625 0.6790004921875 0.74776385546875 0.64207316015625 0.703804333984375 0.70483351171875
0 0.748855822265625 0.701611171875 0.770067369140625 0.742549875 0.822109015625 0.66955394140625 0.8192495859375 0.596558044921875 0.748855822265625 0.701611171875
0 0.77521434765625 0.73739723828125 0.746710513671875 0.69731471484375 0.70372862109375 0.7640192578125 0.70715992578125 0.83272127734375 0.77521434765625 0.73739723828125
0 0.752431337890625 0.763909775390625 0.772926796875 0.807022462890625 0.822680892578125 0.7288739921875 0.81753391015625 0.65416047265625 0.752431337890625 0.763909775390625
0 0.74957092578125 0.815467240234375 0.776930025390625 0.857690251953125 0.8243965234375 0.78641187890625 0.820965216796875 0.7091221015625 0.74957092578125 0.815467240234375
0 0.75291079296875 0.81223961328125 0.71001935546875 0.88008283984375 0.70594964453125 0.87132116015625 0.70773184765625 0.9470673046875 0.776930025390625 0.8526020546875 0.75291079296875 0.81223961328125
0 0.74814071875 0.872395275390625 0.774070595703125 0.91443384765625 0.822680892578125 0.84744938671875 0.8186776640625 0.76930084765625 0.74814071875 0.872395275390625
0 0.77521434765625 0.90756365234375 0.751716234375 0.864876478515625 0.70773184765625 0.93160935546875 0.7094474765625 0.9985938203125 0.77521434765625 0.90756365234375
0 0.75005136328125 0.93676202734375 0.776358146484375 0.971113037109375 0.820965216796875 0.90756365234375 0.82039333984375 0.828556322265625 0.75005136328125 0.93676202734375
0 0.755291748046875 0.99699248046875 0.7815050859375 1 0.82325276953125 0.9659603984375 0.81982146484375 0.88952938671875 0.755291748046875 0.99699248046875
0 0.599645390625 0.516756427734375 0.66598416015625 0.606069068359375 0.667127916015625 0.5399433671875 0.621567494140625 0.48034371484375 0.62538027734375 0.48584053125 0.599645390625 0.516756427734375
0 0.669987345703125 0.5871760078125 0.617373865234375 0.53479074609375 0.599645390625 0.57085926171875 0.66541228515625 0.66618333984375 0.669987345703125 0.5871760078125
0 0.59621412890625 0.6292560078125 0.667699837890625 0.728015166015625 0.66827171484375 0.64900783203125 0.62013728515625 0.58882921484375 0.621948970703125 0.59748131640625 0.59621412890625 0.6292560078125
0 0.66598416015625 0.7048282265625 0.617991978515625 0.64790548046875 0.597357861328125 0.685935162109375 0.667127916015625 0.777824125 0.66598416015625 0.7048282265625
0 0.624808400390625 0.70826330859375 0.555062916015625 0.62212674609375 0.55217887109375 0.68507640234375 0.59907355859375 0.753778421875 0.624808400390625 0.70826330859375
0 0.66884358984375 0.76494249609375 0.62013728515625 0.703759400390625 0.596785962890625 0.746049498046875 0.667699837890625 0.83020940234375 0.66884358984375 0.76494249609375
0 0.62538027734375 0.76923637109375 0.557923328125 0.67475832421875 0.55217887109375 0.745190671875 0.6059361484375 0.8010110625 0.62538027734375 0.76923637109375
0 0.66941546875 0.82591552734375 0.616561771484375 0.764983888671875 0.59564220703125 0.7967171875 0.6665560390625 0.885171033203125 0.66941546875 0.82591552734375
0 0.62538027734375 0.82505676171875 0.55649312109375 0.73061224609375 0.556753953125 0.803587380859375 0.600217291015625 0.86112530078125 0.62538027734375 0.82505676171875
0 0.67170301953125 0.88437671484375 0.617276875 0.82191192578125 0.59507030859375 0.857754759765625 0.664840408203125 0.94878489453125 0.67170301953125 0.88437671484375
0 0.62595215234375 0.88180039453125 0.557208224609375 0.79291084765625 0.553322646484375 0.86118980859375 0.60136106640625 0.91615140625 0.62595215234375 0.88180039453125
0 0.6722748984375 0.93933837890625 0.61513156640625 0.877765845703125 0.599645390625 0.9187277265625 0.66827171484375 1 0.6722748984375 0.93933837890625
0 0.62595215234375 0.93933837890625 0.557208224609375 0.84339419921875 0.55503830078125 0.9238803984375 0.599645390625 0.977983265625 0.62595215234375 0.93933837890625
0 0.61394255859375 0 0.600217291015625 0.010615447265625 0.66661898046875 0.0893662734375 0.667699837890625 0.026932140625 0.633958564453125 0 0.61394255859375 0
0 0.58306071484375 0 0.56190093359375 0.001168880859375 0.554466421875 0.01662683203125 0.6025048203125 0.06815334765625 0.62657321484375 0.0292158984375 0.620805171875 0.03294357421875 0.596785962890625 0 0.58306071484375 0
0 0.66884358984375 0.083611328125 0.617276875 0.02706766796875 0.59621412890625 0.06128315234375 0.66598416015625 0.14801947265625 0.66884358984375 0.083611328125
0 0.632242888671875 0.088763966796875 0.558638431640625 0.013104189453125 0.556753953125 0.06815334765625 0.604792416015625 0.12397373828125 0.632242888671875 0.088763966796875
0 0.600829505859375 0.102255640625 0.6665560390625 0.213286447265625 0.667699837890625 0.12912641015625 0.62309272265625 0.081034974609375 0.600829505859375 0.102255640625
0 0.630527255859375 0.15059579296875 0.56006863671875 0.06036519921875 0.55503830078125 0.11967986328125 0.60422049609375 0.181511689453125 0.630527255859375 0.15059579296875
0 0.59582378515625 0.173147154296875 0.667699837890625 0.27340071484375 0.66827171484375 0.18838188671875 0.624236478515625 0.140290484375 0.59582378515625 0.173147154296875
0 0.632242888671875 0.2099157421875 0.557923328125 0.11299677734375 0.55503830078125 0.178141083984375 0.60364859765625 0.24254923046875 0.632242888671875 0.2099157421875
0 0.596538888671875 0.22900107421875 0.664840408203125 0.316403955078125 0.66827171484375 0.238255353515625 0.62538027734375 0.200469228515625 0.596538888671875 0.22900107421875
0 0.627667828125 0.258007177734375 0.557208224609375 0.1645542421875 0.55561019921875 0.23482023828125 0.60307671875 0.29064069921875 0.627667828125 0.258007177734375
0 0.59939930078125 0.282706767578125 0.663124732421875 0.37222434765625 0.667699837890625 0.300087146484375 0.61680198828125 0.2459843125 0.59939930078125 0.282706767578125
0 0.629383458984375 0.3164683671875 0.557208224609375 0.222556392578125 0.5538945234375 0.293281427734375 0.60307671875 0.3448079453125 0.629383458984375 0.3164683671875
0 0.596538888671875 0.3364124609375 0.661980978515625 0.431544267578125 0.6665560390625 0.351678140625 0.621377048828125 0.311315728515625 0.596538888671875 0.3364124609375
0 0.626524029296875 0.371429998046875 0.5543478125 0.27196562890625 0.55561019921875 0.35081937890625 0.60136106640625 0.408357326171875 0.626524029296875 0.371429998046875
0 0.597969095703125 0.397636951171875 0.6665560390625 0.490799740234375 0.66541228515625 0.410074884765625 0.621948970703125 0.36455976953125 0.597969095703125 0.397636951171875
0 0.624808400390625 0.426391595703125 0.557208224609375 0.331041892578125 0.556182076171875 0.404063451171875 0.599645390625 0.46331892578125 0.624808400390625 0.426391595703125
0 0.59939930078125 0.45026852734375 0.667127916015625 0.5466201328125 0.66884358984375 0.471906677734375 0.62252084765625 0.41952146484375 0.59939930078125 0.45026852734375
0 0.626524029296875 0.48221198828125 0.555062916015625 0.3890440390625 0.556182076171875 0.46331892578125 0.60364859765625 0.516562998046875 0.626524029296875 0.48221198828125
0 0.626524029296875 0.53974996875 0.55220250390625 0.439527388671875 0.55789773046875 0.52171563671875 0.60422049609375 0.575818505859375 0.626524029296875 0.53974996875
0 0.628239705078125 0.5982756015625 0.55577801953125 0.501825994140625 0.55275076953125 0.57422990234375 0.604792416015625 0.6317678515625 0.628239705078125 0.5982756015625
0 0.624808400390625 0.65409599609375 0.555062916015625 0.56412459765625 0.551606994140625 0.629191533203125 0.599645390625 0.692740880859375 0.624808400390625 0.65409599609375
0 0.70737984765625 0.80902255859375 0.70544429296875 0.89382326171875 0.779217576171875 0.7916289921875 0.75348271484375 0.75298410546875 0.70737984765625 0.80902255859375
0 0.70165902734375 0.531901181640625 0.706016171875 0.605940115234375 0.776358146484375 0.50803972265625 0.748335732421875 0.471112392578125 0.70165902734375 0.531901181640625
0 0.7757862265625 0.445349134765625 0.75405458984375 0.41443323828125 0.70384233203125 0.4694135 0.70715992578125 0.546684611328125 0.7757862265625 0.445349134765625
0 0.75028602734375 0.41374866015625 0.772926796875 0.459089525390625 0.81753391015625 0.391246298828125 0.818105787109375 0.319109162109375 0.75028602734375 0.41374866015625
0 0.74599541015625 0.363265306640625 0.774070595703125 0.4032691328125 0.81982146484375 0.325120595703125 0.81753391015625 0.25641857421875 0.74599541015625 0.363265306640625
0 0.70165902734375 0.41374866015625 0.706016171875 0.49687565234375 0.776930025390625 0.391246298828125 0.75119516015625 0.357754048828125 0.70165902734375 0.41374866015625
0 0.703804333984375 0.36004296484375 0.70715992578125 0.43933769921875 0.77464247265625 0.3328496015625 0.75062328515625 0.300216115234375 0.703804333984375 0.36004296484375
0 0.7438501015625 0.298818474609375 0.767779859375 0.344872419921875 0.823824646484375 0.2770292109375 0.81753391015625 0.2031745 0.7438501015625 0.298818474609375
0 0.748855822265625 0.250483353515625 0.772354919921875 0.2881287890625 0.8192495859375 0.2177092109375 0.81639015625 0.14557208984375 0.748855822265625 0.250483353515625
0 0.703089232421875 0.297744361328125 0.70430049609375 0.380017751953125 0.776930025390625 0.27782348046875 0.75005136328125 0.247766345703125 0.703089232421875 0.297744361328125
0 0.703804333984375 0.24940923828125 0.70201298828125 0.324197357421875 0.776930025390625 0.22543821875 0.75291079296875 0.18765207421875 0.703804333984375 0.24940923828125
0 0.740989689453125 0.192481205078125 0.771211166015625 0.233961478515625 0.82153709375 0.160965580078125 0.8186776640625 0.08968722265625 0.740989689453125 0.192481205078125
0 0.748335732421875 0.146366392578125 0.77349871875 0.1772822890625 0.8186776640625 0.099992513671875 0.81753391015625 0.035584369140625 0.748335732421875 0.146366392578125
0 0.703089232421875 0.188184748046875 0.70830372265625 0.269171251953125 0.776930025390625 0.16268310546875 0.75005136328125 0.136061083984375 0.703089232421875 0.188184748046875
0 0.776930025390625 0.11115660546875 0.75062328515625 0.07508806640625 0.702043162109375 0.140491984375 0.706588048828125 0.21163330078125 0.776930025390625 0.11115660546875
0 0.703804333984375 0.078625134765625 0.7094474765625 0.156671701171875 0.77807377734375 0.051042333984375 0.749479486328125 0.021843978515625 0.703804333984375 0.078625134765625
0 0.851115546875 0.04532760546875 0.90446054296875 0.113732955078125 0.92619222265625 0.063923962890625 0.86328477734375 0 0.851115546875 0.04532760546875
0 0.92962352734375 0.128332091796875 0.853562736328125 0.03730192578125 0.85585024609375 0.109439080078125 0.90274491015625 0.165259455078125 0.92962352734375 0.128332091796875
0 0.92562034375 0.18329372265625 0.85755147265625 0.093662728515625 0.855278369140625 0.16268310546875 0.90331678515625 0.21850349609375 0.92562034375 0.18329372265625
0 0.924476546875 0.23482023828125 0.853562736328125 0.146366392578125 0.85585024609375 0.22279737109375 0.89988548046875 0.2760414453125 0.924476546875 0.23482023828125
0 0.48867791796875 0 0.45190216015625 0.05020408203125 0.47346573828125 0.082950111328125 0.518558953125 0.016051525390625 0.507149796875 0 0.48867791796875 0
0 0.407065205078125 0.045102041015625 0.40772755078125 0.119662767578125 0.4761821953125 0.0225782109375 0.455537099609375 0 0.407065205078125 0.045102041015625
0 0.40502716015625 0.098163265625 0.406097578125 0.18003465234375 0.47672551953125 0.07805510546875 0.45662375 0.042974125 0.40502716015625 0.098163265625
0 0.457336943359375 0.1022448984375 0.4740090625 0.14576954296875 0.526708328125 0.060106724609375 0.51910227734375 0.01115653515625 0.457336943359375 0.1022448984375
0 0.40842390234375 0.15530612109375 0.40990064453125 0.23224819921875 0.47726876171875 0.136795322265625 0.460426775390625 0.095187658203125 0.40842390234375 0.15530612109375
0 0.45190216015625 0.15836734765625 0.47183584765625 0.2020622421875 0.52616500390625 0.119662767578125 0.520732087890625 0.0535800078125 0.45190216015625 0.15836734765625
0 0.407065205078125 0.210408162109375 0.409357359375 0.29349719140625 0.47672551953125 0.190701818359375 0.453363966796875 0.151541640625 0.407065205078125 0.210408162109375
0 0.44374998828125 0.215510205078125 0.470206037109375 0.25025786328125 0.51747238671875 0.18499092578125 0.518558953125 0.114828998046875 0.44374998828125 0.215510205078125
0 0.4471467265625 0.269591837890625 0.46803282421875 0.30247137890625 0.52399187109375 0.23475695703125 0.51964551953125 0.17601673828125 0.4471467265625 0.269591837890625
0 0.4761821953125 0.295128869140625 0.44918476953125 0.265510205078125 0.406097578125 0.32613065234375 0.40501101171875 0.40200344140625 0.4761821953125 0.295128869140625
0 0.406385857421875 0.3859183671875 0.40881403515625 0.45584866796875 0.4761821953125 0.357948287109375 0.450647509765625 0.3204197890625 0.406385857421875 0.3859183671875
0 0.448505421875 0.32061224609375 0.4740090625 0.36610665234375 0.522361978515625 0.295944693359375 0.518558953125 0.225782767578125 0.448505421875 0.32061224609375
0 0.44646737890625 0.386938775390625 0.47183584765625 0.424908111328125 0.520732087890625 0.3522986796875 0.51801562890625 0.27968921484375 0.44646737890625 0.386938775390625
0 0.44578803125 0.4440816328125 0.47509562890625 0.478753337890625 0.525078435546875 0.4110389140625 0.5169290625 0.3335344453125 0.44578803125 0.4440816328125
0 0.40366846484375 0.497142857421875 0.407184185546875 0.58318043359375 0.47509562890625 0.471410794921875 0.452820642578125 0.437145658203125 0.40366846484375 0.497142857421875
0 0.449017619140625 0.50159681640625 0.47129260546875 0.52933520703125 0.520732087890625 0.46162075390625 0.5163858203125 0.3955380078125 0.449017619140625 0.50159681640625
0 0.47672551953125 0.52444016796875 0.44918476953125 0.4940816328125 0.402837837890625 0.55381030078125 0.407184185546875 0.626419732421875 0.47672551953125 0.52444016796875
0 0.446844484375 0.548160693359375 0.472379171875 0.58732090234375 0.522361978515625 0.518790560546875 0.5169290625 0.4502603125 0.446844484375 0.548160693359375
0 0.402989119140625 0.610408162109375 0.40501101171875 0.681142068359375 0.4761821953125 0.581609978515625 0.451190833984375 0.543265654296875 0.402989119140625 0.610408162109375
0 0.44782607421875 0.60836734765625 0.472379171875 0.64769275390625 0.520732087890625 0.57508335546875 0.5169290625 0.504921365234375 0.44782607421875 0.60836734765625
0 0.4745523046875 0.6379027109375 0.448474376953125 0.606900927734375 0.402294552734375 0.66645698828125 0.3990348125 0.7521198203125 0.4745523046875 0.6379027109375
0 0.404347814453125 0.72061224609375 0.405554294921875 0.799499615234375 0.475638953125 0.694256662109375 0.451734076171875 0.65591237109375 0.404347814453125 0.72061224609375
0 0.4471467265625 0.66653061328125 0.466946255859375 0.71628425390625 0.51964551953125 0.633884779296875 0.5163858203125 0.558827814453125 0.4471467265625 0.66653061328125
0 0.44646737890625 0.72163265234375 0.47129260546875 0.758707822265625 0.520732087890625 0.68365079296875 0.515299171875 0.6134888671875 0.44646737890625 0.72163265234375
0 0.522905302734375 0.72852180078125 0.51366936328125 0.67467660546875 0.450647509765625 0.7807353515625 0.45227740234375 0.7839987109375 0.44575791796875 0.77991952734375 0.47292249609375 0.81581634765625 0.522905302734375 0.72852180078125
0 0.4444293359375 0.95530612109375 0.47183584765625 0.98889616796875 0.522905302734375 0.916286705078125 0.515299171875 0.84449309765625 0.4444293359375 0.95530612109375
0 0.297439267578125 1 0.32418476953125 0.957346939453125 0.25343266015625 0.8640731875 0.24962963671875 0.941577654296875 0.297439267578125 1
0 0.295266134765625 0.876310734375 0.363177578125 0.970947818359375 0.36806716796875 0.89589079296875 0.320257537109375 0.83715055859375 0.295266134765625 0.876310734375
0 0.133365234375 1 0.16976575390625 0.946472724609375 0.143687783203125 0.912207521484375 0.097961943359375 0.97979591796875 0.11000368359375 1 0.133365234375 1
0 0.10271737890625 0.85938775390625 0.104027484375 0.934173892578125 0.1741121015625 0.83627354296875 0.150750548828125 0.79548171484375 0.10271737890625 0.85938775390625
0 0.15183715625 0.738373099609375 0.10348419921875 0.81016670703125 0.10271737890625 0.80122448828125 0.106200658203125 0.875433626953125 0.17628527734375 0.7734540625 0.15183715625 0.738373099609375
0 0 0.78487578515625 0.068170248046875 0.885223701171875 0.06980016015625 0.79303415234375 0.0171008359375 0.748978966796875 0 0.78487578515625
0 0 0.7277551015625 0.062194029296875 0.82077257421875 0.068170248046875 0.739188921875 0.021990466796875 0.689422908203125 0 0.7277551015625
0 0.10407607421875 0.741020408203125 0.1023976328125 0.823220107421875 0.17519866796875 0.721240544921875 0.15401033203125 0.6820803671875 0.10407607421875 0.741020408203125
0 0.0676269453125 0.68201911328125 0.0230770546875 0.63306892578125 0.0036957578125 0.67268278125 0.06110746484375 0.755444400390625 0.0676269453125 0.68201911328125
0 0.297439267578125 0.649385654296875 0.363177578125 0.74402270703125 0.3669806015625 0.661623201171875 0.320257537109375 0.616752193359375 0.297439267578125 0.649385654296875
0 0.3017856171875 0.717100111328125 0.324864119140625 0.66755101953125 0.258865576171875 0.58167123046875 0.25506255078125 0.651017333984375 0.3017856171875 0.717100111328125
0 0.255605833984375 0.59554045703125 0.300155724609375 0.6567281953125 0.32752497265625 0.612540259765625 0.257779009765625 0.52619435546875 0.255605833984375 0.59554045703125
0 0.29904890234375 0.59204081640625 0.36806716796875 0.690993333984375 0.36752388671875 0.608593828125 0.32188738671875 0.557196134765625 0.29904890234375 0.59204081640625
0 0.252889376953125 0.537616078125 0.30287218359375 0.5979879609375 0.32338686328125 0.561386341796875 0.25832229296875 0.472349173828125 0.252889376953125 0.537616078125
0 0.29904890234375 0.531836734375 0.3669806015625 0.6379639609375 0.37024034375 0.54903776953125 0.32351727734375 0.499271740234375 0.29904890234375 0.531836734375
0 0.303958791015625 0.543326908203125 0.329619552734375 0.50428571484375 0.257235724609375 0.41116143359375 0.25234609375 0.47969166796875 0.303958791015625 0.543326908203125
0 0.30176629296875 0.47877551171875 0.366437318359375 0.56617035546875 0.3653507109375 0.49356089453125 0.322430712890625 0.442979025390625 0.30176629296875 0.47877551171875
0 0.297010857421875 0.419591837890625 0.368610494140625 0.518790560546875 0.368610494140625 0.43475940625 0.324603845703125 0.3866250859375 0.297010857421875 0.419591837890625
0 0.29961244140625 0.43394358203125 0.329619552734375 0.3859183671875 0.261582033203125 0.306673083984375 0.257235724609375 0.368676646484375 0.29961244140625 0.43394358203125
0 0.301086943359375 0.365510205078125 0.36752388671875 0.46168200390625 0.36915377734375 0.380098369140625 0.32677701953125 0.3311481796875 0.301086943359375 0.365510205078125
0 0.305588640625 0.37187873828125 0.33301629296875 0.3359183671875 0.258865576171875 0.240529072265625 0.257235724609375 0.312322677734375 0.305588640625 0.37187873828125
0 0.37024034375 0.327823583984375 0.32351727734375 0.2715308515625 0.303903724609375 0.3112921328125 0.37024034375 0.402064693359375 0.37024034375 0.327823583984375
0 0.302328900390625 0.326946474609375 0.3350543359375 0.27571428515625 0.260495466796875 0.1809117421875 0.25234609375 0.254337044921875 0.302328900390625 0.326946474609375
0 0.297690205078125 0.253265306640625 0.371870234375 0.351360318359375 0.372413517578125 0.27140834765625 0.324060560546875 0.21837897265625 0.297690205078125 0.253265306640625
0 0.25180280859375 0.193088052734375 0.3121081640625 0.272224201171875 0.324603845703125 0.231432375 0.262668640625 0.1294528125 0.25180280859375 0.193088052734375
0 0.25489129296875 0.14612244921875 0.3121081640625 0.211036462890625 0.3294934765625 0.170244638671875 0.260495466796875 0.070712560546875 0.25489129296875 0.14612244921875
0 0.300155724609375 0.199614740234375 0.36969705859375 0.287725078125 0.370783626953125 0.21266811328125 0.328950193359375 0.1620862734375 0.300155724609375 0.199614740234375
0 0.301086943359375 0.136938775390625 0.37024034375 0.23551155859375 0.37024034375 0.1588229140625 0.328950193359375 0.109872724609375 0.301086943359375 0.136938775390625
0 0.306675248046875 0.147401189453125 0.33301629296875 0.10428571484375 0.259408859375 0.020946546875 0.25832229296875 0.096003498046875 0.306675248046875 0.147401189453125
0 0.30040759765625 0.086938775390625 0.368610494140625 0.1848684375 0.36915377734375 0.093494740234375 0.328950193359375 0.05433459375 0.30040759765625 0.086938775390625
0 0.25397594140625 0.02904364453125 0.30830509765625 0.10165310546875 0.33052469140625 0.05976393359375 0.277880779296875 0 0.25397594140625 0.02904364453125
0 0.30176629296875 0.03387755078125 0.371326951171875 0.1318390625 0.37295680078125 0.045360373046875 0.3294934765625 0 0.30176629296875 0.03387755078125
0 0.11000368359375 0.07228300390625 0.111090291015625 0.14489243359375 0.18497793359375 0.03964954296875 0.16249998828125 0.00632653125 0.162159703125 0.003752724609375 0.11000368359375 0.07228300390625
0 0.155706509765625 0.06755101953125 0.179545017578125 0.108995646484375 0.226811365234375 0.038017865234375 0.20888276953125 0 0.155706509765625 0.06755101953125
0 0.187151107421875 0.10165310546875 0.1605298125 0.057597921875 0.109460400390625 0.12368069921875 0.112720140625 0.19792180859375 0.187151107421875 0.10165310546875
0 0.152989119140625 0.122653060546875 0.1828047578125 0.164472521484375 0.225181515625 0.092678916015625 0.225724798828125 0.0249644609375 0.152989119140625 0.122653060546875
0 0.11000368359375 0.176710072265625 0.10837383203125 0.2574778671875 0.1838913671875 0.15712998046875 0.15978259765625 0.111428572265625 0.157270072265625 0.11878566015625 0.11000368359375 0.176710072265625
0 0.15366846484375 0.181836734375 0.18008830078125 0.2175631484375 0.224638232421875 0.151480373046875 0.221921775390625 0.07887092578125 0.15366846484375 0.181836734375
0 0.18334804296875 0.210220607421875 0.157065205078125 0.17367346875 0.11000368359375 0.23551155859375 0.109460400390625 0.3105684921875 0.18334804296875 0.210220607421875
0 0.15095107421875 0.238979591796875 0.175741994140625 0.272224201171875 0.225724798828125 0.20695728125 0.22246505859375 0.137611177734375 0.15095107421875 0.238979591796875
0 0.184434650390625 0.265697484375 0.156385857421875 0.2277551015625 0.107830548828125 0.291804259765625 0.112720140625 0.36196621875 0.184434650390625 0.265697484375
0 0.14959237890625 0.29204081640625 0.17628527734375 0.326946474609375 0.23061443359375 0.2584162265625 0.22137844921875 0.185806765625 0.14959237890625 0.29204081640625
0 0.18171819140625 0.31634060546875 0.157744552734375 0.2859183671875 0.107830548828125 0.3481582421875 0.109460400390625 0.418320171875 0.18171819140625 0.31634060546875
0 0.150750548828125 0.33999987890625 0.178458451171875 0.38323926953125 0.224638232421875 0.313077279296875 0.22137844921875 0.24536282421875 0.150750548828125 0.33999987890625
0 0.179545017578125 0.37834419921875 0.161820640625 0.33795918359375 0.108917115234375 0.40200344140625 0.112720140625 0.479507908203125 0.179545017578125 0.37834419921875
0 0.14823368359375 0.682857142578125 0.17302553515625 0.72689012109375 0.21920531640625 0.65428069140625 0.21920531640625 0.586566267578125 0.14823368359375 0.682857142578125
0 0.106114119140625 0.62877551171875 0.108917115234375 0.68930043359375 0.177371841796875 0.60445339453125 0.15238044140625 0.563661568359375 0.106114119140625 0.62877551171875
0 0.10679346484375 0.67571428515625 0.108917115234375 0.76109401171875 0.17628527734375 0.6623778046875 0.15238044140625 0.6224018046875 0.10679346484375 0.67571428515625
0 0.14959237890625 0.626734693359375 0.17519866796875 0.664825369140625 0.221921775390625 0.589768341796875 0.2186619921875 0.52042223828125 0.14959237890625 0.626734693359375
0 0.175741994140625 0.543265654296875 0.15230976953125 0.518571427734375 0.107830548828125 0.57671497265625 0.106200658203125 0.6501402578125 0.175741994140625 0.543265654296875
0 0.15095107421875 0.51244898046875 0.17628527734375 0.55468737890625 0.22626808203125 0.48207791796875 0.2186619921875 0.4086526328125 0.15095107421875 0.51244898046875
0 0.004211943359375 0.55632653125 0.07088670703125 0.653403583984375 0.071973294921875 0.5661091015625 0.028509970703125 0.5228697421875 0.004211943359375 0.55632653125
0 0.10407607421875 0.51653061328125 0.11163357421875 0.58970708984375 0.178458451171875 0.488543380859375 0.153467005859375 0.4542782421875 0.10407607421875 0.51653061328125
0 0.14823368359375 0.46346938671875 0.174655384765625 0.50159681640625 0.22083516796875 0.43225065234375 0.219748599609375 0.36208872265625 0.14823368359375 0.46346938671875
0 0.152989119140625 0.40836734765625 0.18008830078125 0.443672373046875 0.223551625 0.373510416015625 0.219748599609375 0.300085130859375 0.152989119140625 0.40836734765625
0 0.179545017578125 0.43469815234375 0.15502716015625 0.399183673828125 0.10728722265625 0.460804927734375 0.109460400390625 0.53994107421875 0.179545017578125 0.43469815234375
0 0.00217390234375 0.499183673828125 0.069256837890625 0.595417984375 0.071973294921875 0.51383436328125 0.027966666015625 0.46569993359375 0.00217390234375 0.499183673828125
0 0.001494552734375 0.4440816328125 0.07034340234375 0.539125220703125 0.071973294921875 0.457541568359375 0.026880078125 0.40859137890625 0.001494552734375 0.4440816328125
0 0.00353259765625 0.3859183671875 0.0736031640625 0.48609584765625 0.071973294921875 0.406143875 0.02905325390625 0.354746181640625 0.00353259765625 0.3859183671875
0 0.07251662109375 0.349789921875 0.02579351171875 0.29186551171875 0.00479480859375 0.330564869140625 0.0736031640625 0.42811027734375 0.07251662109375 0.349789921875
0 0.00760868359375 0.27469387890625 0.07088670703125 0.36686125390625 0.0736031640625 0.290172580078125 0.02959653515625 0.239590740234375 0.00760868359375 0.27469387890625
0 0.00760868359375 0.17163265234375 0.071973294921875 0.2534599375 0.075233076171875 0.18329801171875 0.031226427734375 0.13190031640625 0.00760868359375 0.17163265234375
0 0.0069293359375 0.110408162109375 0.071973294921875 0.2020622421875 0.07577631640625 0.124557775390625 0.02959653515625 0.07479174609375 0.0069293359375 0.110408162109375
0 0.00828803125 0.060408162109375 0.07577631640625 0.150664548828125 0.075233076171875 0.07152840234375 0.026880078125 0.017683205078125 0.00828803125 0.060408162109375
0 0.40366846484375 0.268571427734375 0.406097578125 0.353053248046875 0.477812087890625 0.2429153203125 0.451734076171875 0.209466037109375 0.40366846484375 0.268571427734375
0 0.405706509765625 0.438979591796875 0.40881403515625 0.51057094140625 0.47292249609375 0.415118095703125 0.451734076171875 0.3767737734375 0.405706509765625 0.438979591796875
0 0.404347814453125 0.780816326171875 0.404467728515625 0.85911689453125 0.47292249609375 0.75305815234375 0.44956094140625 0.717977185546875 0.404347814453125 0.780816326171875
0 0.40230976953125 0.834897958984375 0.40664090234375 0.916225451171875 0.4740090625 0.810982560546875 0.44575791796875 0.77590156640625 0.40230976953125 0.834897958984375
0 0.44103259765625 0.834897958984375 0.47346573828125 0.875433626953125 0.523448544921875 0.80364008203125 0.51584249609375 0.735109740234375 0.44103259765625 0.834897958984375
0 0.404347814453125 0.89204081640625 0.403924443359375 0.978290267578125 0.47509562890625 0.868968193359375 0.4473877265625 0.83225555078125 0.404347814453125 0.89204081640625
0 0.449864119140625 0.90020408203125 0.46966271484375 0.93097175390625 0.525078435546875 0.85836232421875 0.5147559296875 0.777594498046875 0.449864119140625 0.90020408203125
0 0.477812087890625 0.924445068359375 0.45190216015625 0.886938775390625 0.40066466015625 0.95707853125 0.41913658203125 1 0.477812087890625 0.924445068359375
0 0.294972814453125 0.932857142578125 0.35013857421875 1 0.3669806015625 0.966052751953125 0.320257537109375 0.895074966796875 0.294972814453125 0.932857142578125
0 0.328950193359375 0.899969974609375 0.246913177734375 0.80125376953125 0.249038265625 0.874649955078125 0.29961244140625 0.9432093046875 0.328950193359375 0.899969974609375
0 0.24877716015625 0.822653060546875 0.29906916015625 0.8934433515625 0.325690453125 0.84286141796875 0.251259484375 0.74414521484375 0.24877716015625 0.822653060546875
0 0.29565216015625 0.82163265234375 0.370783626953125 0.922813388671875 0.36752388671875 0.835518908203125 0.318627646484375 0.779226177734375 0.29565216015625 0.82163265234375
0 0.250815205078125 0.764489794921875 0.302328900390625 0.8314397265625 0.325690453125 0.781673681640625 0.252889376953125 0.693563345703125 0.250815205078125 0.764489794921875
0 0.24854302734375 0.70172170703125 0.3017856171875 0.776778673828125 0.327320302734375 0.727828484375 0.257779009765625 0.639718162109375 0.24854302734375 0.70172170703125
0 0.3669806015625 0.775962818359375 0.3191709296875 0.72374930078125 0.29495381640625 0.759402005859375 0.363720861328125 0.86488901171875 0.3669806015625 0.775962818359375
0 0.297690205078125 0.70836734765625 0.37404341015625 0.806148775390625 0.36915377734375 0.7139592578125 0.321344103515625 0.669904087890625 0.297690205078125 0.70836734765625
0 0.14279890234375 0.97571428515625 0.16759262109375 1 0.219748599609375 0.941577654296875 0.213229078125 0.868968193359375 0.14279890234375 0.97571428515625
0 0.142119552734375 0.91755101953125 0.16976575390625 0.9554468515625 0.2186619921875 0.876310734375 0.21377240234375 0.8037012734375 0.142119552734375 0.91755101953125
0 0 0.90632653125 0.062737333984375 0.995422884765625 0.062737333984375 0.91710255859375 0.021447162109375 0.867336513671875 0 0.90632653125
0 0 0.838979591796875 0.0632806171875 0.945656837890625 0.06491048828125 0.8624415078125 0.0171008359375 0.805332951171875 0 0.838979591796875
0 0.1033967265625 0.91653061328125 0.104027484375 0.995422884765625 0.17139564453125 0.89099578515625 0.14912069921875 0.855098966796875 0.1033967265625 0.91653061328125
0 0.141440205078125 0.810408162109375 0.169222470703125 0.84938810546875 0.217032142578125 0.76862030859375 0.21594553515625 0.69274753515625 0.141440205078125 0.810408162109375
0 0.146404240234375 0.74659271484375 0.1724822109375 0.782489537109375 0.21920531640625 0.70988007421875 0.21594553515625 0.641349810546875 0.146404240234375 0.74659271484375
0 0 0.610408162109375 0.068713533203125 0.705739638671875 0.069256837890625 0.6249718125 0.018187421875 0.57765330078125 0 0.610408162109375
0 0.1475543359375 0.57367346875 0.174655384765625 0.6118571875 0.224094908203125 0.53843190234375 0.219748599609375 0.472349173828125 0.1475543359375 0.57367346875
0 0.00489129296875 0.214489794921875 0.07414644921875 0.318788111328125 0.073059861328125 0.23475695703125 0.026336796875 0.18499092578125 0.00489129296875 0.214489794921875