0 0.626953125 0.0810546875 0.1826171875 0.162109375
0 0.6865234375 0.2060546875 0.162109375 0.1513671875
0 0.7294921875 0.150390625 0.1875 0.1875
0 0.8837890625 0.4521484375 0.1748046875 0.166015625
0 0.9423828125 0.3427734375 0.115234375 0.177734375
0 0.9541015625 0.53515625 0.091796875 0.16796875
0 0.9306640625 0.587890625 0.138671875 0.173828125
0 0.9072265625 0.638671875 0.1640625 0.1640625
0 0.7177734375 0.658203125 0.181640625 0.169921875
0 0.587890625 0.814453125 0.1767578125 0.1767578125
0 0.6982421875 0.9013671875 0.162109375 0.1533203125
0 0.119140625 0.6875 0.171875 0.1640625
0 0.1591796875 0.6328125 0.158203125 0.15625
0 0.1962890625 0.583984375 0.171875 0.171875
0 0.2412109375 0.5263671875 0.1669921875 0.158203125
0 0.2861328125 0.478515625 0.169921875 0.169921875
0 0.328125 0.4287109375 0.162109375 0.162109375
0 0.3701171875 0.3759765625 0.166015625 0.154296875
0 0.412109375 0.3291015625 0.166015625 0.166015625
0 0.4560546875 0.279296875 0.1591796875 0.1591796875
0 0.49609375 0.224609375 0.173828125 0.1640625
0 0.53515625 0.1708984375 0.1767578125 0.1669921875
0 0.576171875 0.1220703125 0.171875 0.171875
0 0.224609375 0.775390625 0.169921875 0.1611328125
0 0.267578125 0.7236328125 0.1796875 0.171875
0 0.306640625 0.6708984375 0.169921875 0.1611328125
0 0.3505859375 0.615234375 0.1796875 0.1796875
0 0.3955078125 0.568359375 0.171875 0.162109375
0 0.4365234375 0.5146484375 0.1748046875 0.1748046875
0 0.4775390625 0.46484375 0.169921875 0.169921875
0 0.51953125 0.416015625 0.1669921875 0.158203125
0 0.5615234375 0.3671875 0.173828125 0.1640625
0 0.6025390625 0.3154296875 0.1689453125 0.1689453125
0 0.6455078125 0.259765625 0.1748046875 0.166015625
0 0.919921875 0.3935546875 0.1591796875 0.171875
0 0.974609375 0.486328125 0.0498046875 0.169921875
0 0.837890625 0.501953125 0.177734375 0.177734375
0 0.794921875 0.552734375 0.1826171875 0.171875
0 0.7490234375 0.60546875 0.1611328125 0.1611328125
0 0.865234375 0.6904296875 0.181640625 0.171875
0 0.6708984375 0.7060546875 0.1689453125 0.1689453125
0 0.779296875 0.7978515625 0.1796875 0.1689453125
0 0.82421875 0.7451171875 0.173828125 0.1611328125
0 0.740234375 0.8486328125 0.166015625 0.154296875
0 0.6279296875 0.759765625 0.1669921875 0.158203125
0 0.544921875 0.8623046875 0.171875 0.171875
0 0.4990234375 0.9111328125 0.1826171875 0.177734375
0 0.458984375 0.9423828125 0.177734375 0.115234375
0 0.611328125 0.955078125 0.1826171875 0.0888671875
0 0.6533203125 0.93359375 0.177734375 0.1328125
0 0.2822265625 0.056640625 0.126953125 0.11328125
0 0.2373046875 0.1025390625 0.126953125 0.126953125