0 0.47366235546875 0.994918494140625 0.58484624609375 0.98411373046875 0.588087375 0.98098380859375 0.59934811328125 0.94535748828125 0.59791684375 0.94387536328125 0.523948345703125 0.945330693359375 0.47366235546875 0.994918494140625
0 0.432326109375 0.93903730078125 0.525358970703125 0.97966352734375 0.529010595703125 0.97854711328125 0.558224755859375 0.947716130859375 0.55778930078125 0.94629182421875 0.48906170703125 0.92036080859375 0.432326109375 0.93903730078125
0 0.52799996484375 0.958571830078125 0.593656162109375 0.985796345703125 0.63812854296875 0.97100759765625 0.6612960546875 0.962575314453125 0.667479017578125 0.959005578125 0.548721158203125 0.925012306640625 0.52799996484375 0.958571830078125
0 0.563424546875 0.884854537109375 0.526003244140625 0.86582186328125 0.51373088671875 0.938354763671875 0.54953644921875 0.989211140625 0.550588294921875 0.98860385546875 0.565009939453125 0.88760051953125 0.563424546875 0.884854537109375
0 0.697471171875 0.892774955078125 0.69646104296875 0.891434470703125 0.625365302734375 0.8880969453125 0.568095697265625 0.93053662109375 0.68673048046875 0.931723107421875 0.697471171875 0.892774955078125
0 0.52274547265625 0.891366630859375 0.62970564453125 0.920558330078125 0.63268284765625 0.91929458203125 0.65580513671875 0.887315626953125 0.6550375859375 0.88550739453125 0.588138052734375 0.862972169921875 0.52274547265625 0.891366630859375
0 0.706424154296875 0.85369894140625 0.671065888671875 0.8299243984375 0.65589165234375 0.9073608046875 0.694602595703125 0.964996408203125 0.69755998828125 0.96328895703125 0.7073004375 0.85504830078125 0.706424154296875 0.85369894140625
0 0.600764734375 0.846533669921875 0.57589341796875 0.881146775390625 0.64702750390625 0.9033345625 0.708164986328125 0.883193154296875 0.711983443359375 0.88098856640625 0.711949126953125 0.88089428125 0.600764734375 0.846533669921875
0 0.660981796875 0.885765314453125 0.78638653125 0.87144565234375 0.78906113671875 0.86886281640625 0.796374466796875 0.826244193359375 0.795025359375 0.82484715234375 0.71640259375 0.830655947265625 0.660981796875 0.885765314453125
0 0.675638109375 0.915786615234375 0.719364845703125 0.80795269140625 0.7193261875 0.80782624609375 0.681549837890625 0.7799352578125 0.65562486328125 0.85162034765625 0.67505412109375 0.915702630859375 0.675182951171875 0.915925771484375 0.675638109375 0.915786615234375
0 0.79237678515625 0.781430154296875 0.751396583984375 0.7804768046875 0.751237060546875 0.84990493359375 0.80292557421875 0.90245610546875 0.80980603515625 0.898483671875 0.7946791640625 0.78389915234375 0.79237678515625 0.781430154296875
0 0.80018768359375 0.791815322265625 0.728607224609375 0.782102203125 0.66890790234375 0.81936089453125 0.7781464765625 0.833768224609375 0.78158725390625 0.83178169140625 0.80108748046875 0.793373814453125 0.80018768359375 0.791815322265625
0 0.833825630859375 0.880062552734375 0.860933462890625 0.7627775546875 0.860413587890625 0.7616098984375 0.82517926171875 0.74209831640625 0.79971471875 0.80967250390625 0.830257603515625 0.878272947265625 0.831809169921875 0.88096033984375 0.833825630859375 0.880062552734375
0 0.7251989921875 0.800112310546875 0.7252449765625 0.8002321015625 0.793850673828125 0.82343747265625 0.858771919921875 0.801652859375 0.86481156640625 0.798165869140625 0.752402703125 0.763388837890625 0.7251989921875 0.800112310546875
0 0.879777494140625 0.74762373046875 0.81547365234375 0.77132194140625 0.92798580078125 0.810345828125 0.9286223671875 0.810126642578125 0.955541892578125 0.774511154296875 0.95465262109375 0.7719285234375 0.890758923828125 0.74384251953125 0.879777494140625 0.74762373046875
0 0.806635421875 0.769792974609375 0.8431500703125 0.833437865234375 0.84433773046875 0.832858603515625 0.8703623671875 0.723094771484375 0.86975565234375 0.7218508203125 0.82337544140625 0.69090898828125 0.806635421875 0.769792974609375
0 0.97158962890625 0.80507787109375 0.977704021484375 0.744131935546875 0.95304078125 0.70992955859375 0.929966615234375 0.67930910546875 0.92913972265625 0.8002384765625 0.929196994140625 0.80031448046875 0.929795630859375 0.79743833203125 0.9603448515625 0.811570044921875 0.97158962890625 0.80507787109375
0 0.88067777734375 0.77566855078125 0.92268110546875 0.7894414453125 0.92453749609375 0.7880425546875 0.928595814453125 0.71528231640625 0.924239423828125 0.709501189453125 0.88180467578125 0.65812170703125 0.88067777734375 0.77566855078125
0 1 0.6696726015625 0.9672396328125 0.66221055078125 0.952536533203125 0.737122896484375 0.95260593359375 0.737248095703125 0.987288923828125 0.79544100390625 0.990641708984375 0.7935825234375 1 0.71155346484375 1 0.6696726015625
0 1 0.70251299609375 0.902781734375 0.682046130859375 0.901546572265625 0.68264855859375 0.882594216796875 0.72057107421875 0.95151771875 0.7417211484375 0.96461933984375 0.735331060546875 1 0.716385318359375 1 0.70251299609375
0 1 0.61626329296875 0.98939419140625 0.607522962890625 0.958888033203125 0.68148819140625 0.978105794921875 0.74666394921875 0.978378533203125 0.74659087109375 1 0.69355738671875 1 0.61626329296875
0 0.26638559765625 1 0.313115 0.93343408203125 0.312960494140625 0.933009578125 0.2686152109375 0.923305498046875 0.22506246484375 1 0.26638559765625 1
0 0.39337119140625 0.917080556640625 0.27411515234375 0.880944962890625 0.32046554296875 0.942767892578125 0.32187045703125 0.944384064453125 0.40343286328125 0.964824107421875 0.404637349609375 0.963777064453125 0.39475003515625 0.918666734375 0.39337119140625 0.917080556640625
0 0.39542428515625 0.8559420703125 0.512900119140625 0.892473865234375 0.5130459296875 0.8923599453125 0.495458404296875 0.86688735546875 0.471043814453125 0.8356381015625 0.391638080078125 0.81315812890625 0.39542428515625 0.8559420703125
0 0.560525763671875 0.7942646796875 0.623434033203125 0.83656119140625 0.62427731640625 0.836237484375 0.635176123046875 0.7880463046875 0.633522201171875 0.7837376875 0.52991321875 0.71770795703125 0.560525763671875 0.7942646796875
0 0.6860145078125 0.805770759765625 0.689708072265625 0.759062134765625 0.689106216796875 0.7579302109375 0.5799131015625 0.697431794921875 0.57972097265625 0.697542720703125 0.608063408203125 0.75860851953125 0.61127209375 0.7646431796875 0.6857873671875 0.805901900390625 0.6860145078125 0.805770759765625
0 0.672663310546875 0.684520982421875 0.74772176953125 0.71342773046875 0.74821059765625 0.713098009765625 0.744257642578125 0.665806498046875 0.74321902734375 0.664266689453125 0.63396487109375 0.62498384765625 0.672663310546875 0.684520982421875
0 0.7424443359375 0.726175908203125 0.63239822265625 0.677398833984375 0.654714951171875 0.733158607421875 0.73192267578125 0.770244568359375 0.73371476953125 0.76920990234375 0.7444716015625 0.729687234375 0.7424443359375 0.726175908203125
0 0.77772742578125 0.658989544921875 0.806395224609375 0.593192095703125 0.80373308203125 0.58858112890625 0.76502623046875 0.58242137890625 0.710302076171875 0.69448897265625 0.77772742578125 0.658989544921875
0 0.70822219140625 0.702894744140625 0.786293220703125 0.74607059765625 0.78722700390625 0.74553148046875 0.791667318359375 0.70136265234375 0.681217630859375 0.642361330078125 0.70822219140625 0.702894744140625
0 0.82540570703125 0.5737684296875 0.824586359375 0.572825876953125 0.75026416015625 0.554307294921875 0.754205119140625 0.59981066796875 0.87286786328125 0.630892275390625 0.8731335703125 0.63066130078125 0.872382892578125 0.62936108984375 0.82540570703125 0.5737684296875
0 0.76891517578125 0.63182209765625 0.7376463046875 0.715394685546875 0.737880130859375 0.71574134765625 0.783301193359375 0.710477923828125 0.83087616796875 0.59375251171875 0.830741455078125 0.593552791015625 0.76891517578125 0.63182209765625
0 0.893470705078125 0.52314450390625 0.84471663671875 0.529634333984375 0.82141405078125 0.64441702734375 0.873999671875 0.600071861328125 0.893470705078125 0.52314450390625
0 0.82983810546875 0.60214091015625 0.7818121328125 0.68046099609375 0.78212887890625 0.681110421875 0.825577759765625 0.68067518359375 0.830792150390625 0.678131955078125 0.898669943359375 0.57489159765625 0.898368978515625 0.574370310546875 0.82983810546875 0.60214091015625
0 0.96316037890625 0.639626513671875 0.963435833984375 0.6393784921875 0.91459827734375 0.580045240234375 0.831629251953125 0.558836373046875 0.839550189453125 0.60852099609375 0.96316037890625 0.639626513671875
0 1 0.54075551171875 0.994821197265625 0.51689054296875 0.992505818359375 0.51440760546875 0.8793254375 0.49286584375 0.92968076171875 0.549478525390625 0.9266817109375 0.5402951015625 1 0.55952754296875 1 0.54075551171875
0 0.93088577734375 0.62494728515625 0.934331130859375 0.62270984765625 0.981468544921875 0.50958171484375 0.91374735546875 0.5487870703125 0.88404451953125 0.62603744921875 0.93088577734375 0.62494728515625
0 1 0.46447550390625 0.95263297265625 0.44074482421875 0.951918896484375 0.44115709765625 0.95289665234375 0.48909636328125 1 0.510218912109375 1 0.46447550390625
0 1 0.504658787109375 0.968561310546875 0.517360841796875 0.92663398046875 0.58208656640625 0.96786171484375 0.59347797265625 0.96865458984375 0.59315762890625 1 0.548346908203125 1 0.504658787109375
0 0.61850407421875 0.554525064453125 0.61768230078125 0.55325964453125 0.580145412109375 0.54162175390625 0.58034930078125 0.53493514453125 0.574599412109375 0.609733603515625 0.61077075390625 0.66337814453125 0.611681357421875 0.66285240625 0.61850407421875 0.554525064453125
0 0.587531412109375 0.5789745703125 0.656482646484375 0.60288414453125 0.671215681640625 0.59569836328125 0.725771904296875 0.56506516796875 0.72542919921875 0.564362513671875 0.6121779296875 0.54722892578125 0.587531412109375 0.5789745703125
0 0.735842640625 0.518351720703125 0.72334949609375 0.50495446484375 0.681525587890625 0.460749666015625 0.69658704296875 0.581644060546875 0.696678359375 0.58174198828125 0.73708939453125 0.58741809765625 0.74142980859375 0.5945924453125 0.741621958984375 0.59441326171875 0.735842640625 0.518351720703125
0 0.690191138671875 0.536241427734375 0.76453408203125 0.540312728515625 0.815677869140625 0.50301486328125 0.821961955078125 0.49827946484375 0.82138975 0.497288375 0.708145072265625 0.49687545703125 0.690191138671875 0.536241427734375
0 0.67301253125 0.495213884765625 0.69289896484375 0.55422624609375 0.693509080078125 0.554051298828125 0.735790271484375 0.454430376953125 0.734927392578125 0.45142116015625 0.69915375390625 0.416247337890625 0.67301253125 0.495213884765625
0 0.72563274609375 0.4920051796875 0.8353813671875 0.4979831171875 0.83559998828125 0.497818373046875 0.855244064453125 0.4538908125 0.77721544921875 0.451817029296875 0.772962369140625 0.455021955078125 0.72563274609375 0.4920051796875
0 0.78058940234375 0.438216083984375 0.77542119921875 0.4330478828125 0.726709353515625 0.3916827109375 0.745816154296875 0.506188044921875 0.782033328125 0.514907068359375 0.78058940234375 0.438216083984375
0 0.888263259765625 0.470691818359375 0.916314775390625 0.45332440234375 0.916276763671875 0.453255828125 0.8046917109375 0.434143552734375 0.80462678515625 0.4341810390625 0.787037548828125 0.46781769921875 0.8642169765625 0.484137146484375 0.883217677734375 0.47360488671875 0.888263259765625 0.470691818359375
0 0.731190970703125 0.45151318359375 0.84581858203125 0.435621037109375 0.84721451953125 0.434272998046875 0.855089546875 0.394128783203125 0.85354994921875 0.392534482421875 0.783866078125 0.40100801953125 0.731190970703125 0.45151318359375
0 0.838872396484375 0.444396083984375 0.91930498046875 0.45436593359375 0.92963909765625 0.447395486328125 0.9697538125 0.413637470703125 0.969269001953125 0.41279775390625 0.85616969921875 0.405942947265625 0.838872396484375 0.444396083984375
0 0.792288115234375 0.42168592578125 0.86187718359375 0.43540767578125 0.88392953515625 0.42267574609375 0.9210939921875 0.39830312890625 0.809741421875 0.383213916015625 0.792288115234375 0.42168592578125
0 0.94401216015625 0.3343268671875 0.914258765625 0.412393197265625 0.940684830078125 0.4671176171875 0.940703943359375 0.46710989453125 0.97303860546875 0.368634607421875 0.97054612890625 0.3624655078125 0.944419681640625 0.334162216796875 0.94401216015625 0.3343268671875
0 0.879485779296875 0.412766384765625 0.91748765234375 0.437215337890625 0.91927640234375 0.43645605859375 0.938292369140625 0.3722803125 0.92388035546875 0.33832773828125 0.905276521484375 0.29758891015625 0.879485779296875 0.412766384765625
0 0.124606865234375 0.849800017578125 0.127597205078125 0.8549794375 0.134895908203125 0.86712651953125 0.173574359375 0.881513427734375 0.20390632421875 0.86400126171875 0.21833792578125 0.85532987890625 0.227379259765625 0.849682025390625 0.226909388671875 0.848868185546875 0.12661708203125 0.8327372421875 0.124606865234375 0.849800017578125
0 0.10515632421875 0.810186681640625 0.11021025390625 0.82486435546875 0.112477193359375 0.82879080859375 0.150069630859375 0.840352771484375 0.1488420390625 0.84532324609375 0.15019055859375 0.84485891015625 0.176906294921875 0.8121937265625 0.17656934765625 0.8112151640625 0.113044064453125 0.782940462890625 0.1008487265625 0.795002548828125 0.10515632421875 0.810186681640625
0 0.216680173828125 0.7777096875 0.215251765625 0.77628127734375 0.17747143359375 0.767291939453125 0.18098725390625 0.8436633671875 0.18182270703125 0.8444988203125 0.227614619140625 0.88639766015625 0.2284126953125 0.885936892578125 0.216680173828125 0.7777096875
0 0.19357928125 0.75945328125 0.1513816875 0.744874802734375 0.14149520703125 0.817853345703125 0.171645970703125 0.8609761484375 0.173691875 0.8597949453125 0.1935800390625 0.759454451171875 0.19357928125 0.75945328125
0 0.19095884765625 0.81100718359375 0.31365583984375 0.788541453125 0.318013685546875 0.784753234375 0.31919965234375 0.7589007109375 0.31753715234375 0.75698822265625 0.253724833984375 0.75492999609375 0.19095884765625 0.81100718359375
0 0.158025724609375 0.783570408203125 0.23257141796875 0.804242916015625 0.244891736328125 0.79901325390625 0.28503662109375 0.77780468359375 0.28436705859375 0.776227296875 0.1762050859375 0.74727510546875 0.158025724609375 0.783570408203125
0 0.384855091796875 0.775043904296875 0.38455541796875 0.77412160546875 0.268569060546875 0.737243095703125 0.246100515625 0.77441844140625 0.30544579296875 0.80143737890625 0.384855091796875 0.775043904296875
0 0.236888638671875 0.76544614453125 0.27915501953125 0.81487117578125 0.27926691796875 0.81478375390625 0.278173779296875 0.693928658203125 0.27720891015625 0.692693685546875 0.235540458984375 0.684764345703125 0.236888638671875 0.76544614453125
0 0.394157484375 0.729175384765625 0.35566264453125 0.668783384765625 0.340213232421875 0.7786272578125 0.378254072265625 0.78860061328125 0.379878822265625 0.787662564453125 0.39758522265625 0.73511240234375 0.394157484375 0.729175384765625
0 0.32835637109375 0.673345875 0.327684298828125 0.67196791796875 0.292131810546875 0.653853009765625 0.27393926171875 0.72483205859375 0.30617814453125 0.787286189453125 0.32835637109375 0.673345875
0 0.434172697265625 0.700331123046875 0.42454561328125 0.68605838671875 0.390281162109375 0.641611591796875 0.38751190234375 0.751304494140625 0.387689033203125 0.751567103515625 0.42086027734375 0.7712187890625 0.422809048828125 0.770093666015625 0.434172697265625 0.700331123046875
0 0.42797950390625 0.67928950390625 0.30957958203125 0.67609858984375 0.302115095703125 0.7140387734375 0.3727094921875 0.723541478515625 0.42797950390625 0.67928950390625
0 0.464114076171875 0.629702896484375 0.4305482734375 0.62238640234375 0.4146409296875 0.680843412109375 0.460292837890625 0.74303973046875 0.462064361328125 0.74201694140625 0.46501640625 0.631092365234375 0.464114076171875 0.629702896484375
0 0.41889898046875 0.72537523828125 0.420476578125 0.724801037109375 0.4432386953125 0.65673158984375 0.419805138671875 0.59234842578125 0.4163014765625 0.58627990234375 0.3837405625 0.700084578125 0.41889898046875 0.72537523828125
0 0.51584670703125 0.60649574609375 0.480741609375 0.591551751953125 0.46692829296875 0.65295108203125 0.506848609375 0.72157340234375 0.507678212890625 0.7210944296875 0.51808251171875 0.610216748046875 0.51584670703125 0.60649574609375
0 0.485900291015625 0.61096217578125 0.46709196484375 0.5914855859375 0.43435208984375 0.55852221484375 0.451960060546875 0.67407008203125 0.495712693359375 0.68315368359375 0.485900291015625 0.61096217578125
0 0.581733123046875 0.60675421484375 0.556331369140625 0.5530539296875 0.533762603515625 0.668038953125 0.534145921875 0.66889990234375 0.566688619140625 0.68698105078125 0.56749204296875 0.68662334375 0.5881278046875 0.621116904296875 0.581733123046875 0.60675421484375
0 0.514991251953125 0.556668201171875 0.47857070703125 0.54243979296875 0.470227953125 0.6132804609375 0.511318515625 0.6738872109375 0.51196795703125 0.673512255859375 0.51692629296875 0.55943173046875 0.514991251953125 0.556668201171875
0 0.5577828984375 0.5238296640625 0.520236078125 0.51070391015625 0.51828456640625 0.581901595703125 0.564889158203125 0.648370845703125 0.56552359765625 0.64800455078125 0.56036682421875 0.527020544921875 0.5577828984375 0.5238296640625
0 0.55464501953125 0.53558234765625 0.54341531640625 0.5747324375 0.543543740234375 0.57489102734375 0.618149015625 0.57896880078125 0.653288265625 0.550513599609375 0.67505439453125 0.531328107421875 0.67498383203125 0.53120588671875 0.55464501953125 0.53558234765625
0 0.724598994140625 0.492747982421875 0.611541291015625 0.50307144921875 0.60050991015625 0.547545751953125 0.60074562890625 0.54779853125 0.677295880859375 0.539869552734375 0.698583044921875 0.52001894921875 0.724737759765625 0.4928967890625 0.724598994140625 0.492747982421875
0 0.95012133984375 0.498784990234375 0.94862559765625 0.496800072265625 0.904277287109375 0.49938753515625 0.86764495703125 0.61791226953125 0.874382630859375 0.614022271484375 0.933619193359375 0.567227404296875 0.95012133984375 0.498784990234375
0 0.684102181640625 0.66793821875 0.62073721875 0.62759962890625 0.60703465234375 0.671884197265625 0.70512755859375 0.73880502734375 0.70613996484375 0.738220515625 0.689919689453125 0.683921689453125 0.684102181640625 0.66793821875
0 0.664616365234375 0.75499625 0.66542728125 0.754469634765625 0.626807693359375 0.689015166015625 0.554751755859375 0.67025239453125 0.553364078125 0.70801654296875 0.664616365234375 0.75499625
0 0.546664078125 0.759656505859375 0.509128140625 0.8663991015625 0.52077254296875 0.859676203125 0.566915509765625 0.82736655078125 0.5967913515625 0.752196287109375 0.546664078125 0.759656505859375
0 0.454611966796875 0.767311140625 0.454555740234375 0.767337359375 0.4460276171875 0.81540025 0.555022140625 0.88139923828125 0.555615478515625 0.88105667578125 0.52905739453125 0.818770861328125 0.454611966796875 0.767311140625
0 0.610207822265625 0.703385546875 0.607454099609375 0.698615962890625 0.5701231484375 0.69301146484375 0.56979238671875 0.69319480859375 0.511897427734375 0.8062112265625 0.58181652734375 0.77211007421875 0.58690974609375 0.769169501953125 0.610207822265625 0.703385546875
0 0.5610694453125 0.7276503828125 0.561047013671875 0.72761153125 0.52081244921875 0.72313110546875 0.462348546875 0.83478576953125 0.462358533203125 0.83480306640625 0.532681375 0.79807541796875 0.5610694453125 0.7276503828125
0 0.49197708984375 0.868918349609375 0.490381595703125 0.8651596015625 0.38699324609375 0.80692831640625 0.410059927734375 0.877369921875 0.48815787890625 0.91792148046875 0.49197708984375 0.868918349609375
0 0.42986763671875 0.8169205546875 0.37372684765625 0.86035814453125 0.372894884765625 0.861056244140625 0.34917668359375 0.94196130078125 0.349329771484375 0.942143744140625 0.39298131640625 0.93598817578125 0.393079529296875 0.935905765625 0.4299487265625 0.81701719140625 0.42986763671875 0.8169205546875
0 0.40101112109375 0.8342809375 0.437956306640625 0.848318599609375 0.439213849609375 0.847835873046875 0.50678519921875 0.74612730859375 0.50608164453125 0.744908716796875 0.43083989453125 0.7725274921875 0.40101112109375 0.8342809375
0 0.45830038671875 0.83804530859375 0.43342024609375 0.80426428125 0.35777213671875 0.78184208203125 0.3597699765625 0.826571544921875 0.47545400390625 0.86375071484375 0.4754604296875 0.86374621484375 0.471532103515625 0.856942154296875 0.45830038671875 0.83804530859375
0 0.407772517578125 0.87084967578125 0.35709305859375 0.86275379296875 0.30077255078125 0.97864177734375 0.3655801875 0.948829849609375 0.407772517578125 0.87084967578125
0 0.278644630859375 1 0.317700775390625 0.97162405078125 0.3521364453125 0.89314769921875 0.351394087890625 0.892125931640625 0.3127548671875 0.89000439453125 0.268292064453125 1 0.278644630859375 1
0 0.312914080078125 0.802121701171875 0.331546658203125 0.88084502734375 0.391647447265625 0.916931431640625 0.39172472265625 0.9169078046875 0.409190251953125 0.8844366484375 0.408714609375 0.8828808984375 0.3130871875 0.80206877734375 0.312914080078125 0.802121701171875
0 0.261413291015625 0.87970894921875 0.37297889453125 0.92479526953125 0.374196990234375 0.9240042265625 0.345519021484375 0.8729937890625 0.33910730078125 0.863120599609375 0.26383164453125 0.835131650390625 0.261413291015625 0.87970894921875
0 0.3288844140625 0.9502343203125 0.32931417578125 0.94992208203125 0.28839437890625 0.88409063671875 0.21806727734375 0.8650008984375 0.212096375 0.905430166015625 0.3288844140625 0.9502343203125
0 0.44715790234375 1 0.45303271484375 0.98153379296875 0.451929169921875 0.980218642578125 0.379805697265625 0.97931865234375 0.35674485546875 1 0.44715790234375 1
0 0.475713419921875 1 0.47752908203125 0.971078638671875 0.43445471484375 0.90790011328125 0.430080310546875 1 0.475713419921875 1
0 0.0642685234375 0.730474978515625 0.124354044921875 0.746323650390625 0.13879273828125 0.734631427734375 0.13756348046875 0.715068021484375 0.060491828125 0.691478478515625 0.06042626953125 0.69153156640625 0.0642685234375 0.730474978515625
0 0.139267783203125 0.67699305078125 0.025098267578125 0.64466005859375 0.05112310546875 0.67738826953125 0.07190254296875 0.703048740234375 0.1372410234375 0.707546048828125 0.137577162109375 0.707273849609375 0.139388044921875 0.6771415625 0.139267783203125 0.67699305078125
0 0.0804201328125 0.688690763671875 0.11997109765625 0.690634236328125 0.12114849609375 0.690034322265625 0.17842387890625 0.583638818359375 0.17770053125 0.582385943359375 0.10616965625 0.617662521484375 0.0804201328125 0.688690763671875
0 0.16813976953125 0.69546351953125 0.07414640234375 0.662362466796875 0.088461619140625 0.706314029296875 0.088815177734375 0.70675063671875 0.192542318359375 0.73818534375 0.1933057265625 0.73756714453125 0.170594455078125 0.698494802734375 0.16813976953125 0.69546351953125
0 0.136107470703125 0.617915306640625 0.24724484375 0.653568873046875 0.24729957421875 0.653527630859375 0.22076341796875 0.6168699921875 0.20132312109375 0.591071845703125 0.124517958984375 0.5745501875 0.136107470703125 0.617915306640625
0 0.139709158203125 0.696018390625 0.234181619140625 0.71887646484375 0.23520312890625 0.717923890625 0.22111973828125 0.67577794921875 0.218791791015625 0.67328153125 0.09861420703125 0.643983279296875 0.139709158203125 0.696018390625
0 0.2483659765625 0.556254755859375 0.17753431640625 0.54014294921875 0.18402327734375 0.58527802734375 0.3000612734375 0.62244596875 0.29772098828125 0.6183924765625 0.28122786328125 0.5968358046875 0.2483659765625 0.556254755859375
0 0.170451892578125 0.62029689453125 0.26633030859375 0.6962527265625 0.2670062890625 0.69586244921875 0.24954030078125 0.6306784921875 0.187013119140625 0.579885908203125 0.170451892578125 0.62029689453125
0 0.308203306640625 0.668032220703125 0.3137215546875 0.630775080078125 0.312916251953125 0.62896633984375 0.2097669375 0.573582349609375 0.20966403515625 0.573628166015625 0.229540236328125 0.62893261328125 0.308203306640625 0.668032220703125
0 0.36732237109375 0.467070603515625 0.30269738671875 0.505626126953125 0.271742138671875 0.573250951171875 0.308997986328125 0.58140755078125 0.311936525390625 0.579710984375 0.367527025390625 0.467425076171875 0.36732237109375 0.467070603515625
0 0.357057439453125 0.550928228515625 0.39255700390625 0.53361393359375 0.4300723359375 0.468505755859375 0.429294607421875 0.46691117578125 0.385936537109375 0.460638708984375 0.32759786328125 0.56389073828125 0.327671669921875 0.564018578125 0.357057439453125 0.550928228515625
0 0.274417072265625 0.654942943359375 0.323568015625 0.627813072265625 0.33646863671875 0.619751869140625 0.368895580078125 0.54491400390625 0.3676405078125 0.54290547265625 0.3177143125 0.545282212890625 0.274417072265625 0.654942943359375
0 0.306297978515625 0.60512325390625 0.35091304296875 0.608828982421875 0.35199672265625 0.608228291015625 0.409610365234375 0.496565560546875 0.408868466796875 0.495280556640625 0.35581744140625 0.522145365234375 0.345610994140625 0.527802892578125 0.306214662109375 0.60497894921875 0.306297978515625 0.60512325390625
0 0.376728267578125 0.554093154296875 0.44747905078125 0.59756391796875 0.448808181640625 0.597026916015625 0.46252645703125 0.555320845703125 0.46232180078125 0.554814306640625 0.355250548828125 0.479179453125 0.376728267578125 0.554093154296875
0 0.44872565234375 0.46620560546875 0.51242887890625 0.5070619375 0.514462294921875 0.506401240234375 0.52418819921875 0.470171921875 0.523318716796875 0.4674959296875 0.4254822265625 0.38329258984375 0.44872565234375 0.46620560546875
0 0.4970450078125 0.44294975390625 0.4965457890625 0.44220962890625 0.44043301171875 0.47491666796875 0.411941392578125 0.55376930078125 0.447393576171875 0.55672498828125 0.4970450078125 0.44294975390625
0 0.5547517578125 0.40126177734375 0.551634365234375 0.395143548828125 0.483785962890625 0.363230916015625 0.47305625 0.402685306640625 0.47313623828125 0.402842287109375 0.57969572265625 0.46120453125 0.580664224609375 0.4606453671875 0.5547517578125 0.40126177734375
0 0.448208939453125 0.512018951171875 0.493279494140625 0.522512705078125 0.493992021484375 0.5222533671875 0.5617668046875 0.423278265625 0.498666740234375 0.440738576171875 0.4952663984375 0.44197619921875 0.448208939453125 0.512018951171875
0 0.600750037109375 0.37951557421875 0.537636712890625 0.32781123046875 0.52342115234375 0.371317240234375 0.61729562109375 0.44851731640625 0.61774312109375 0.448258953125 0.6065967265625 0.4013357109375 0.600750037109375 0.37951557421875
0 0.605136771484375 0.460729984375 0.5981537890625 0.44813234765625 0.58786037109375 0.430303626953125 0.51371122265625 0.391968314453125 0.511301935546875 0.43826666796875 0.6196336953125 0.494077138671875 0.62095658984375 0.4933133671875 0.605136771484375 0.460729984375
0 0.661417982421875 0.41768344140625 0.67390816796875 0.379401146484375 0.673749876953125 0.37900935546875 0.561762978515625 0.30196136328125 0.5614421796875 0.302146578125 0.596290705078125 0.3797632890625 0.661417982421875 0.41768344140625
0 0.635948095703125 0.3980554765625 0.667249625 0.37684377734375 0.69400546875 0.3581091328125 0.71896718359375 0.284704421875 0.71781535546875 0.2830594453125 0.675360771484375 0.285328578125 0.674115923828125 0.28620023046875 0.62880670703125 0.40217855859375 0.635948095703125 0.3980554765625
0 0.579243802734375 0.4345584921875 0.66831088671875 0.471266958984375 0.6693671796875 0.4705273359375 0.657708091796875 0.42120533984375 0.656388345703125 0.419320544921875 0.5388630859375 0.37120573828125 0.579243802734375 0.4345584921875
0 0.66097640234375 0.34298275 0.61010994140625 0.45983429296875 0.666520568359375 0.427824794921875 0.671612513671875 0.424390234375 0.70576709765625 0.342449646484375 0.705562896484375 0.34214691015625 0.6619968203125 0.342294470703125 0.66097640234375 0.34298275
0 0.750315712890625 0.41501940234375 0.75514890234375 0.376305859375 0.754702169921875 0.375532099609375 0.7518060859375 0.3809866171875 0.751585935546875 0.377345517578125 0.64397803515625 0.317006875 0.66290207421875 0.368256154296875 0.746758935546875 0.417072908203125 0.750315712890625 0.41501940234375
0 0.91387902734375 0.237628255859375 0.913803609375 0.23745886328125 0.872122345703125 0.22612540234375 0.799714970703125 0.335939935546875 0.86839538671875 0.313687392578125 0.91387902734375 0.237628255859375
0 0.69961778515625 0.11026265234375 0.7691326015625 0.1373583671875 0.78061316796875 0.13362810546875 0.842490654296875 0.110111728515625 0.732791767578125 0.071949462890625 0.731243556640625 0.072452505859375 0.69961778515625 0.11026265234375
0 0.8062970390625 0.169454017578125 0.809454525390625 0.16755680859375 0.82874799609375 0.128783232421875 0.8282447421875 0.1279115703125 0.75414546484375 0.11730933203125 0.69316729296875 0.15957556640625 0.69356154296875 0.16025842578125 0.8062970390625 0.169454017578125
0 0.623505376953125 0 0.594609623046875 0.07009943359375 0.596577697265625 0.068963166015625 0.632218900390625 0.04755082421875 0.659024642578125 0.030800736328125 0.67089155078125 0 0.623505376953125 0
0 0.52000123046875 0 0.558031021484375 0.0601279375 0.55353012109375 0.052363072265625 0.632168974609375 0.0826123203125 0.634312498046875 0.081111408203125 0.63422726953125 0.04270358984375 0.632308732421875 0.039963638671875 0.52542979296875 0 0.52000123046875 0
0 0.5830568125 0.071799642578125 0.473857146484375 0.0150077421875 0.512670533203125 0.087486212890625 0.580735458984375 0.115998296875 0.58400009375 0.114113458984375 0.58495427734375 0.07552362890625 0.5830568125 0.071799642578125
0 0.422683458984375 0 0.41867737890625 0.03385210546875 0.45345919140625 0.059057291015625 0.45473173046875 0.05838066796875 0.46961878515625 0 0.422683458984375 0
0 0.57664773046875 0.219579298828125 0.574853138671875 0.2176548359375 0.5377801328125 0.209749275390625 0.53745347265625 0.210053892578125 0.53390475390625 0.2743656015625 0.59215526171875 0.33132408203125 0.59273173828125 0.330991251953125 0.57664773046875 0.219579298828125
0 0.486837923828125 0.2309031640625 0.46722696484375 0.281924138671875 0.54721950390625 0.269628943359375 0.59446111328125 0.21872142578125 0.486837923828125 0.2309031640625
0 0.4924979609375 0.236749521484375 0.49212112109375 0.23619083203125 0.44547278515625 0.21520016796875 0.4451163828125 0.2154405625 0.442412767578125 0.290685083984375 0.48231769140625 0.34602490234375 0.48311252734375 0.34556600390625 0.4924979609375 0.236749521484375
0 0.525406576171875 0.24567026171875 0.48624432421875 0.236803224609375 0.48912001171875 0.30547740625 0.543798771484375 0.36285115234375 0.54545095703125 0.36189726171875 0.52710687890625 0.247430978515625 0.525406576171875 0.24567026171875
0 0.41560133203125 0.2352376796875 0.390685525390625 0.30918008984375 0.3917435546875 0.31193634765625 0.41862316015625 0.367642623046875 0.4193414453125 0.367366900390625 0.447870283203125 0.262056427734375 0.41560133203125 0.2352376796875
0 0.54451840234375 0.315049234375 0.543451673828125 0.31156012109375 0.48485649609375 0.28273576171875 0.400769013671875 0.3118525703125 0.522120291015625 0.34578737890625 0.54451840234375 0.315049234375
0 0.409895587890625 0.315809580078125 0.4077305 0.3120595390625 0.39230621484375 0.286389216796875 0.37092350390625 0.255943396484375 0.35684100390625 0.37304691015625 0.396351994140625 0.39204878125 0.3993664453125 0.39030838671875 0.409895587890625 0.315809580078125
0 0.431084181640625 0.31300647265625 0.3958833515625 0.296589638671875 0.3897379140625 0.36264178125 0.428790615234375 0.42023004296875 0.430587935546875 0.419192361328125 0.433287810546875 0.316153583984375 0.431084181640625 0.31300647265625
0 0.404253833984375 0.438708689453125 0.40438871875 0.438621091796875 0.414815212890625 0.375877748046875 0.36920834375 0.305649326171875 0.363271916015625 0.4261238203125 0.404253833984375 0.438708689453125
0 0.213393578125 0.385205271484375 0.312703486328125 0.4111630859375 0.31561677734375 0.4097421796875 0.34375077734375 0.364721927734375 0.34312136328125 0.36343143359375 0.26721671484375 0.35411826171875 0.213393578125 0.385205271484375
0 0.39166318359375 0.39774437109375 0.3329738984375 0.37175753515625 0.25583381640625 0.397037146484375 0.25592175390625 0.39732478515625 0.36346844140625 0.43151769140625 0.3688010703125 0.429887345703125 0.391862787109375 0.39839724609375 0.39166318359375 0.39774437109375
0 0.256244705078125 0.4792043671875 0.25804583984375 0.47798948828125 0.264378115234375 0.406654822265625 0.223123251953125 0.345491970703125 0.21504135546875 0.465284607421875 0.256244705078125 0.4792043671875
0 0.271123009765625 0.48184802734375 0.312120373046875 0.49656247265625 0.31278425390625 0.49592137109375 0.30735867578125 0.423885728515625 0.2558841640625 0.37058230859375 0.255810822265625 0.37065313671875 0.271123009765625 0.48184802734375
0 0.25930077734375 0.418533466796875 0.13957535546875 0.428621171875 0.124531984375 0.487080328125 0.1248588359375 0.48743083203125 0.20761899609375 0.47512530078125 0.225154203125 0.45877345703125 0.25952180078125 0.41877048828125 0.25930077734375 0.418533466796875
0 0.23863663671875 0.5028725703125 0.302596615234375 0.45808730859375 0.301835111328125 0.45676834375 0.18385413671875 0.45244880078125 0.17040233984375 0.494060111328125 0.23863663671875 0.5028725703125
0 0.20974973046875 0.464093625 0.115248310546875 0.434643326171875 0.059323447265625 0.466529248046875 0.059370666015625 0.46665898046875 0.17412327734375 0.489529560546875 0.1791461953125 0.487701369140625 0.209898251953125 0.46450168359375 0.20974973046875 0.464093625
0 0.0122268671875 0.506267408203125 0.093334013671875 0.536420857421875 0.1617268515625 0.504164423828125 0.0440789765625 0.47541833984375 0.0122268671875 0.506267408203125
0 0.192001087890625 0.55544449609375 0.19427493359375 0.554661548828125 0.216033833984375 0.49674918359375 0.19377321484375 0.432099646484375 0.190506896484375 0.42644222265625 0.154142693359375 0.53038462109375 0.192001087890625 0.55544449609375
0 0.14250312109375 0.556359796875 0.20240857421875 0.509556529296875 0.2022874375 0.50934671484375 0.08456848828125 0.51541011328125 0.08039448046875 0.554030177734375 0.14250312109375 0.556359796875
0 0 0.557436080078125 0.04412626953125 0.569467669921875 0.10988751171875 0.53327118359375 0.001746798828125 0.507405046875 0 0.51036137109375 0 0.557436080078125
0 0.02657091015625 0.5690740625 0.02679811328125 0.569561296875 0.07784455859375 0.58890437890625 0.156061291015625 0.5524313203125 0.16029151953125 0.54998899609375 0.04390612109375 0.52977026171875 0.02657091015625 0.5690740625
0 0 0.563146279296875 0.04597290625 0.5613843828125 0.049057466796875 0.5588865546875 0.056083228515625 0.52448712109375 0.0560346484375 0.524427130859375 0 0.52210241796875 0 0.563146279296875
0 0 0.610208478515625 0.04603514453125 0.61649526953125 0.08732569140625 0.5864959296875 0.115470689453125 0.5652256953125 0.115077431640625 0.564544552734375 0 0.5657941640625 0 0.610208478515625
0 0 0.42892009765625 0.00246097265625 0.42862417578125 0.004974435546875 0.426660443359375 0.03436166015625 0.3112881015625 0.03401875390625 0.310849201171875 0 0.3351019140625 0 0.42892009765625
0 0 0.45104444140625 0.054071119140625 0.477803123046875 0.05476488671875 0.47740257421875 0.0246779375 0.418353611328125 0 0.4026632421875 0 0.45104444140625
0 0.10687466796875 0.390341783203125 0.079863111328125 0.33011480078125 0.013721298828125 0.295263548828125 0.00853386328125 0.28947303515625 0.0041985859375 0.34096144921875 0.111626787109375 0.40307629296875 0.11215154296875 0.40277332421875 0.10687466796875 0.390341783203125
0 0 0.39868061328125 0.102635169921875 0.449764654296875 0.10286223046875 0.4496335625 0.083355765625 0.412726015625 0.06724947265625 0.384829099609375 0 0.352009021484375 0 0.39868061328125
0 0.0668850546875 0.3398132734375 0.129096912109375 0.384561927734375 0.13030824609375 0.3841915859375 0.1437316328125 0.344583435546875 0.14272687890625 0.341297041015625 0.044420986328125 0.268194810546875 0.0668850546875 0.3398132734375
0 0.12057498828125 0.360913419921875 0.052955841796875 0.319388099609375 0.041725330078125 0.35930888671875 0.14393369921875 0.427725158203125 0.144510783203125 0.427391978515625 0.13462409765625 0.3975126015625 0.12057498828125 0.360913419921875
0 0.177646443359375 0.27555306640625 0.1057695234375 0.24075308984375 0.09800334765625 0.287293890625 0.20493830859375 0.34018176171875 0.205362205078125 0.339937025390625 0.17986125 0.27989987109375 0.177646443359375 0.27555306640625
0 0.09683298828125 0.367424232421875 0.168165458984375 0.41480566796875 0.170276083984375 0.414119884765625 0.183987900390625 0.3751954375 0.18352770703125 0.37377910546875 0.083179373046875 0.29551445703125 0.09683298828125 0.367424232421875
0 0.21244076171875 0.29796160546875 0.21702094140625 0.29520955859375 0.243935921875 0.2223383828125 0.242824541015625 0.220488732421875 0.206475125 0.215871484375 0.20595802734375 0.2161821875 0.15591634765625 0.330286037109375 0.19632215234375 0.30726769140625 0.21244076171875 0.29796160546875
0 0.15842276953125 0.294482189453125 0.13865723828125 0.37588733203125 0.138823986328125 0.376066146484375 0.18912410546875 0.36688138671875 0.210127294921875 0.2509161953125 0.21002531640625 0.2508068359375 0.15842276953125 0.294482189453125
0 0.2710992734375 0.215131193359375 0.195747421875 0.182458384765625 0.19828930078125 0.22648839453125 0.30257337109375 0.2856163515625 0.3032744765625 0.285211568359375 0.276957611328125 0.226628826171875 0.2710992734375 0.215131193359375
0 0.50793017578125 0.13356994921875 0.438873068359375 0.087786546875 0.43413441015625 0.138096431640625 0.53562246484375 0.19576784765625 0.50793017578125 0.13356994921875
0 0.399647421875 0.14559106640625 0.47358475 0.170480236328125 0.475210734375 0.16929888671875 0.471701771484375 0.124772771484375 0.47047321484375 0.12308180859375 0.3663394375 0.094977814453125 0.399647421875 0.14559106640625
0 0.55204926171875 0.13446759765625 0.55222107421875 0.1343560234375 0.5076526875 0.061840767578125 0.44038417578125 0.04195760546875 0.4421083828125 0.088503806640625 0.55204926171875 0.13446759765625
0 0.378532123046875 0.158845392578125 0.47308448046875 0.24100611328125 0.4739365703125 0.24076178125 0.46061716796875 0.18445473828125 0.457570640625 0.173830236328125 0.3926472578125 0.115172236328125 0.378532123046875 0.158845392578125
0 0.3334991171875 0.1766623515625 0.36229304296875 0.19165017578125 0.3650033359375 0.19087301171875 0.4450671015625 0.098603427734375 0.44416307421875 0.09703760546875 0.377130142578125 0.11787964453125 0.3334991171875 0.1766623515625
0 0.26305585546875 0.2742266015625 0.307794931640625 0.28451837890625 0.31303290234375 0.28281645703125 0.387406326171875 0.190584607421875 0.38695697265625 0.1892016484375 0.316666017578125 0.204252568359375 0.26305585546875 0.2742266015625
0 0.344568203125 0.01489084765625 0.32765226953125 0.098167888671875 0.361034662109375 0.1182347265625 0.364129208984375 0.11692116796875 0.385398267578125 0.064667431640625 0.364296271484375 0.014954248046875 0.3603837421875 0.008177548828125 0.344568203125 0.01489084765625
0 0.386557009765625 0.1285895546875 0.344798509765625 0.12851279296875 0.302455732421875 0.241446482421875 0.302692306640625 0.241772099609375 0.348740611328125 0.215075041015625 0.366756119140625 0.2019860078125 0.3870286328125 0.12923869140625 0.386557009765625 0.1285895546875
0 0.22792501171875 0.316252298828125 0.2523778125 0.30872367578125 0.29524040625 0.294796775390625 0.345109236328125 0.23174042578125 0.344517837890625 0.22992028515625 0.30180737890625 0.2170891875 0.301686603515625 0.2171284296875 0.227753462890625 0.315955166015625 0.22792501171875 0.316252298828125
0 0.18270917578125 0.28824276171875 0.302688271484375 0.32802622265625 0.303039095703125 0.32773184765625 0.26963851171875 0.2834641328125 0.25754705078125 0.26905409375 0.18077471875 0.243778525390625 0.18270917578125 0.28824276171875
0 0.24592636328125 0.196587443359375 0.36061105078125 0.246071255859375 0.344481748046875 0.218134486328125 0.31868339453125 0.17840850390625 0.247146193359375 0.15344911328125 0.24592636328125 0.196587443359375
0 0.26570803515625 0.05791826171875 0.25733112109375 0.08165958203125 0.257429462890625 0.08189126171875 0.2915109296875 0.155289845703125 0.29182041796875 0.155158474609375 0.31585333203125 0.040912052734375 0.309487099609375 0.037325939453125 0.27885083203125 0.05033026171875 0.26570803515625 0.05791826171875
0 0.22641376171875 0.0806048203125 0.21262981640625 0.088887048828125 0.20690791796875 0.11663541015625 0.249561912109375 0.184514501953125 0.250473326171875 0.183988296875 0.260201970703125 0.070955630859375 0.25838455078125 0.0679309375 0.25266075 0.06545111328125 0.22641376171875 0.0806048203125
0 0.179077017578125 0.107934701171875 0.167281392578125 0.11589094921875 0.164033818359375 0.14751228515625 0.206339685546875 0.2130773046875 0.20742947265625 0.2124481171875 0.2094495078125 0.09331413671875 0.208734701171875 0.092254396484375 0.207090240234375 0.091761259765625 0.179077017578125 0.107934701171875
0 0.076542130859375 0.19050884765625 0.075034185546875 0.19191503125 0.193201265625 0.175726208984375 0.193270845703125 0.17566132421875 0.20661322265625 0.135820390625 0.20503408203125 0.134126970703125 0.1330049375 0.1393021953125 0.076542130859375 0.19050884765625
0 0.13384212109375 0.193920951171875 0.128670103515625 0.184962751953125 0.107556916015625 0.14986430859375 0.092951134765625 0.15796042578125 0.08498326171875 0.24113964453125 0.08513544921875 0.24141419921875 0.12016695703125 0.26078283984375 0.121495595703125 0.260046359375 0.13509715625 0.196185095703125 0.13384212109375 0.193920951171875
0 0 0.27030219140625 0.041178853515625 0.2704375078125 0.041687283203125 0.27004027734375 0.05830115625 0.2273659609375 0 0.2247490078125 0 0.27030219140625
0 0.26116199609375 0.607810365234375 0.332587208984375 0.49753254296875 0.3325756484375 0.497512517578125 0.25444308984375 0.529641515625 0.21999767578125 0.59759196484375 0.26116199609375 0.607810365234375
0 0.39585821875 0.49926087890625 0.4691935390625 0.52380049609375 0.46923666015625 0.52377030078125 0.464645998046875 0.48064133203125 0.46428916015625 0.48013171484375 0.35734064453125 0.4388342734375 0.39585821875 0.49926087890625
0 0.76486001953125 0.31941857421875 0.6576797265625 0.25460984375 0.69189666015625 0.32503849609375 0.75753871875 0.36033105078125 0.760494181640625 0.358624712890625 0.76557159765625 0.3208775234375 0.76486001953125 0.31941857421875
0 0.829565724609375 0.2431511328125 0.828353943359375 0.23999433203125 0.78815918359375 0.2270544453125 0.714049068359375 0.32766372265625 0.791526962890625 0.302562013671875 0.829565724609375 0.2431511328125
0 0.7209040859375 0.354951763671875 0.80139759375 0.384494716796875 0.80314324609375 0.3832723984375 0.806246091796875 0.33481489453125 0.80482662109375 0.332787677734375 0.687827208984375 0.294452345703125 0.7209040859375 0.354951763671875
0 0.76580201171875 0.29438622265625 0.809591294921875 0.295183228515625 0.8126568203125 0.29295599609375 0.85774635546875 0.175093927734375 0.85716456640625 0.1742931640625 0.788871080078125 0.2244253046875 0.76580201171875 0.29438622265625
0 0.768006591796875 0.33171089453125 0.84823215625 0.3719707578125 0.849819556640625 0.37119653125 0.85366948046875 0.3387208984375 0.85171614453125 0.33471597265625 0.741878115234375 0.254592162109375 0.768006591796875 0.33171089453125
0 0.88783682421875 0.177990830078125 0.88694939453125 0.17672344921875 0.8425616171875 0.18592752734375 0.814495115234375 0.268129341796875 0.860079794921875 0.26784078515625 0.88783682421875 0.177990830078125
0 0.785429947265625 0.16631634375 0.81880359375 0.183038025390625 0.8193381640625 0.182635197265625 0.82289400390625 0.098047041015625 0.821258712890625 0.0958769375 0.7800291484375 0.081512322265625 0.785429947265625 0.16631634375
0 0.678627134765625 0.14203261328125 0.701254138671875 0.210284322265625 0.702401041015625 0.209866884765625 0.744848318359375 0.09149790234375 0.74448162109375 0.09049041015625 0.70270263671875 0.06031051171875 0.678627134765625 0.14203261328125
0 0.711550763671875 0.16901828515625 0.7144411328125 0.16641578515625 0.733322158203125 0.11521492578125 0.6470628046875 0.12520863671875 0.590381103515625 0.17958536328125 0.711550763671875 0.16901828515625
0 0.654978748046875 0.212034998046875 0.729362611328125 0.2172074609375 0.78176709375 0.180701966796875 0.79767551171875 0.168714111328125 0.79686205859375 0.16730516796875 0.6750190703125 0.16816510546875 0.654978748046875 0.212034998046875
0 0.631280630859375 0.144136431640625 0.58283251171875 0.126643064453125 0.59374758203125 0.210409498046875 0.6441867578125 0.257982412109375 0.645204994140625 0.257394533203125 0.634760599609375 0.147616400390625 0.631280630859375 0.144136431640625
0 0.605519365234375 0.18266598046875 0.604344841796875 0.17905116796875 0.566775912109375 0.14219491015625 0.539333078125 0.23003119140625 0.56727716796875 0.2861459921875 0.605519365234375 0.18266598046875
0 0.6095849296875 0.24437939453125 0.6787895078125 0.244957962890625 0.7014093984375 0.224590921875 0.74333298046875 0.183965087890625 0.74292477734375 0.18325805859375 0.619875640625 0.202526255859375 0.6095849296875 0.24437939453125
0 0.58494846875 0.22626786328125 0.60839880859375 0.314006578125 0.60867357421875 0.314852216796875 0.609050498046875 0.31472974609375 0.650479048828125 0.200811142578125 0.649334951171875 0.197289970703125 0.616804373046875 0.16959490625 0.58494846875 0.22626786328125
0 0.684004357421875 0 0.66930980078125 0.053923380859375 0.703181142578125 0.0614901953125 0.730024470703125 0 0.684004357421875 0
0 0.61437462109375 0 0.633880904296875 0.047924255859375 0.710289775390625 0.0962076171875 0.71300719921875 0.0948822421875 0.720536162109375 0.05266578515625 0.719581568359375 0.05070858203125 0.637845416015625 0 0.61437462109375 0
0 0.60184562109375 0.062237255859375 0.512926361328125 0.03610563671875 0.519191953125 0.08356122265625 0.65329191796875 0.118634388671875 0.65244214453125 0.117162537109375 0.63110758203125 0.093616869140625 0.60184562109375 0.062237255859375
0 0.558036814453125 0.10742806640625 0.49230638671875 0.05563023046875 0.479336041015625 0.098061498046875 0.57905640625 0.174702724609375 0.57925283984375 0.17458931640625 0.568602876953125 0.138114140625 0.558036814453125 0.10742806640625
0 0.387217515625 0.06462985546875 0.45091260546875 0.037592892578125 0.459840640625 0.0324382890625 0.3521584609375 0.00800608203125 0.342602412109375 0.01352326953125 0.32465166015625 0.03653360546875 0.387217515625 0.06462985546875
0 0.330585896484375 0.2096829765625 0.45131488671875 0.23431110546875 0.451870107421875 0.23379335546875 0.42365190625 0.19924004296875 0.408236544921875 0.18270909375 0.32436511328125 0.16327430078125 0.330585896484375 0.2096829765625
0 0 0.23444916015625 0.10458393359375 0.231865 0.10518012109375 0.23144754296875 0.1169038203125 0.197366736328125 0.049338625 0.18763806640625 0 0.22124308984375 0 0.23444916015625