0 0.333984375 0.8251953125 0.40625 0.2919921875
0 0.337890625 0.5576171875 0.369140625 0.369140625
0 0.3310546875 0.310546875 0.3388671875 0.3388671875
0 0.408203125 0.1103515625 0.529296875 0.220703125
0 0.716796875 0.6484375 0.1953125 0.197265625
0 0.7119140625 0.359375 0.216796875 0.21875
0 0.828125 0.8193359375 0.140625 0.1435546875
0 0.8037109375 0.7060546875 0.0751953125 0.1142578125
0 0.8056640625 0.603515625 0.080078125 0.1171875
0 0.8056640625 0.501953125 0.0908203125 0.091796875
0 0.8076171875 0.400390625 0.0732421875 0.1142578125
0 0.806640625 0.2978515625 0.0830078125 0.0830078125
0 0.8134765625 0.189453125 0.0654296875 0.1123046875
0 0.83203125 0.9287109375 0.1328125 0.1142578125
0 0.9111328125 0.6923828125 0.068359375 0.0703125
0 0.9189453125 0.6201171875 0.0810546875 0.0810546875
0 0.91015625 0.556640625 0.068359375 0.068359375