0 0.1240234375 0.1201171875 0.1357421875 0.123046875
0 0.2421875 0.1376953125 0.1123046875 0.078125
0 0.3515625 0.140625 0.1044921875 0.078125
0 0.455078125 0.1416015625 0.107421875 0.068359375
0 0.5546875 0.138671875 0.107421875 0.068359375
0 0.662109375 0.1298828125 0.1142578125 0.0732421875
0 0.7666015625 0.1220703125 0.1064453125 0.060546875
0 0.3095703125 0.2314453125 0.3017578125 0.076171875
0 0.6044921875 0.2236328125 0.298828125 0.091796875
0 0.154296875 0.62890625 0.2578125 0.412109375
0 0.4248046875 0.62109375 0.2763671875 0.40625
0 0.671875 0.609375 0.2392578125 0.396484375
0 0.89453125 0.5341796875 0.2109375 0.515625