0 0.1845703125 0.6826171875 0.2685546875 0.392578125
0 0.451171875 0.6650390625 0.2685546875 0.392578125
0 0.6982421875 0.658203125 0.234375 0.3955078125
0 0.90625 0.5703125 0.1875 0.5107421875
0 0.3408203125 0.291015625 0.2998046875 0.0673828125
0 0.6298828125 0.28125 0.2919921875 0.0859375
0 0.1640625 0.189453125 0.1279296875 0.125
0 0.2783203125 0.20703125 0.1064453125 0.0595703125
0 0.380859375 0.2001953125 0.109375 0.060546875
0 0.482421875 0.1953125 0.1044921875 0.056640625
0 0.583984375 0.1875 0.1064453125 0.0576171875
0 0.685546875 0.1826171875 0.1015625 0.056640625
0 0.7939453125 0.1708984375 0.109375 0.0576171875
0 0.0517578125 0.19140625 0.1015625 0.119140625
0 0.287109375 0.099609375 0.076171875 0.048828125
0 0.357421875 0.087890625 0.064453125 0.0751953125
0 0.421875 0.09375 0.0673828125 0.0595703125