0 0.9580078125 0.3447265625 0.083984375 0.193359375
0 0.9375 0.4423828125 0.125 0.1435546875
0 0.88671875 0.537109375 0.126953125 0.1376953125
0 0.837890625 0.62890625 0.1279296875 0.1279296875
0 0.79296875 0.7177734375 0.1220703125 0.1357421875
0 0.7509765625 0.81640625 0.134765625 0.134765625
0 0.708984375 0.912109375 0.1044921875 0.123046875
0 0.826171875 0.4580078125 0.2138671875 0.3046875
0 0.6953125 0.72265625 0.2685546875 0.2685546875
0 0.5478515625 0.177734375 0.505859375 0.35546875
0 0.427734375 0.376953125 0.5029296875 0.5029296875
0 0.322265625 0.6005859375 0.4736328125 0.4111328125
0 0.30859375 0.7802734375 0.4921875 0.439453125